7 0.03125 0.16510903426791276 0.0625 0.16510903426791276
24 0.830078125 0.1690031152647975 0.0546875 0.024922118380062305
24 0.8837890625 0.16666666666666666 0.052734375 0.024922118380062305
5 0.21875 0.21806853582554517 0.052734375 0.0264797507788162
24 0.095703125 0.22585669781931464 0.03515625 0.03894080996884735
24 0.8310546875 0.1939252336448598 0.056640625 0.024922118380062305
24 0.884765625 0.19314641744548286 0.0546875 0.024922118380062305
10 0.546875 0.2546728971962617 0.048828125 0.06697819314641744
20 0.2548828125 0.27102803738317754 0.060546875 0.029595015576323987
5 0.5048828125 0.26635514018691586 0.03515625 0.040498442367601244
5 0.8388671875 0.2484423676012461 0.05078125 0.024922118380062305
5 0.6875 0.28894080996884736 0.052734375 0.0264797507788162
5 0.26953125 0.31386292834890966 0.029296875 0.040498442367601244
5 0.451171875 0.3076323987538941 0.033203125 0.04205607476635514
24 0.1044921875 0.3411214953271028 0.02734375 0.03894080996884735
24 0.0703125 0.34345794392523366 0.029296875 0.04361370716510903
5 0.5146484375 0.32165109034267914 0.025390625 0.040498442367601244
5 0.54296875 0.32009345794392524 0.03125 0.040498442367601244
5 0.33203125 0.3855140186915888 0.05078125 0.02336448598130841
5 0.486328125 0.3847352024922118 0.03125 0.04361370716510903
5 0.69921875 0.397196261682243 0.046875 0.0264797507788162
5 0.9697265625 0.3855140186915888 0.041015625 0.024922118380062305
5 0.654296875 0.4088785046728972 0.03125 0.04205607476635514
5 0.5830078125 0.4174454828660436 0.052734375 0.024922118380062305
5 0.4833984375 0.42834890965732086 0.05078125 0.0264797507788162
5 0.5302734375 0.42912772585669784 0.033203125 0.040498442367601244
23 0.0751953125 0.45794392523364486 0.115234375 0.06853582554517133
5 0.6318359375 0.42757009345794394 0.029296875 0.04361370716510903
5 0.3740234375 0.4447040498442368 0.052734375 0.021806853582554516
20 0.2236328125 0.45482866043613707 0.03515625 0.045171339563862926
20 0.2880859375 0.4517133956386293 0.03515625 0.04361370716510903
5 0.7265625 0.42912772585669784 0.052734375 0.0264797507788162
5 0.6806640625 0.4447040498442368 0.048828125 0.024922118380062305
5 0.609375 0.44937694704049846 0.02734375 0.040498442367601244
5 0.4638671875 0.45872274143302183 0.05078125 0.0264797507788162
5 0.35546875 0.4657320872274143 0.0546875 0.024922118380062305
5 0.408203125 0.46261682242990654 0.044921875 0.024922118380062305
5 0.5654296875 0.45638629283489096 0.046875 0.02336448598130841
5 0.513671875 0.4602803738317757 0.048828125 0.024922118380062305
5 0.669921875 0.4672897196261682 0.052734375 0.024922118380062305
5 0.537109375 0.49065420560747663 0.029296875 0.03894080996884735
5 0.49609375 0.4953271028037383 0.03125 0.04205607476635514
5 0.6171875 0.49221183800623053 0.03125 0.03894080996884735
5 0.5771484375 0.4937694704049844 0.029296875 0.04205607476635514
5 0.384765625 0.5093457943925234 0.05078125 0.021806853582554516
10 0.294921875 0.5202492211838006 0.087890625 0.04672897196261682
5 0.3876953125 0.5334890965732088 0.048828125 0.02336448598130841
5 0.556640625 0.5257009345794392 0.03125 0.040498442367601244
5 0.076171875 0.5560747663551402 0.02734375 0.03894080996884735
5 0.181640625 0.5537383177570093 0.03125 0.04205607476635514
5 0.71875 0.5350467289719626 0.03125 0.03894080996884735
5 0.8046875 0.5420560747663551 0.029296875 0.03894080996884735
5 0.501953125 0.5638629283489096 0.03125 0.03894080996884735
5 0.416015625 0.5755451713395638 0.05078125 0.0264797507788162
5 0.54296875 0.5926791277258567 0.033203125 0.04205607476635514
5 0.6083984375 0.5981308411214953 0.02734375 0.040498442367601244
5 0.4658203125 0.6090342679127726 0.033203125 0.04361370716510903
5 0.642578125 0.6035825545171339 0.03125 0.040498442367601244
5 0.2919921875 0.7390965732087228 0.05078125 0.0264797507788162
21 0.099609375 0.764018691588785 0.158203125 0.2834890965732087
7 0.5146484375 0.05451713395638629 0.822265625 0.10903426791277258
7 0.583984375 0.8987538940809969 0.82421875 0.19937694704049844