24 0.9396551724137931 0.2085889570552147 0.05172413793103448 0.023006134969325152
24 0.20019157088122605 0.16717791411042945 0.05172413793103448 0.023006134969325152
28 0.13122605363984674 0.16717791411042945 0.05363984674329502 0.019938650306748466
24 0.9367816091954023 0.23696319018404907 0.04789272030651341 0.023006134969325152
18 0.27490421455938696 0.19631901840490798 0.07662835249042145 0.032208588957055216
5 0.13218390804597702 0.19095092024539878 0.04789272030651341 0.024539877300613498
7 0.9827586206896551 0.2561349693251534 0.03065134099616858 0.15950920245398773
15 0.7969348659003831 0.254601226993865 0.14559386973180077 0.13803680981595093
6 0.43199233716475094 0.24846625766871167 0.09961685823754789 0.06595092024539877
5 0.36302681992337166 0.24386503067484663 0.03065134099616858 0.03834355828220859
24 0.5814176245210728 0.2691717791411043 0.04789272030651341 0.023006134969325152
24 0.5047892720306514 0.2668711656441718 0.028735632183908046 0.03987730061349693
5 0.05938697318007663 0.24846625766871167 0.07854406130268199 0.1165644171779141
18 0.9329501915708812 0.3128834355828221 0.034482758620689655 0.05674846625766871
18 0.6647509578544061 0.29524539877300615 0.07471264367816093 0.03067484662576687
15 0.16475095785440613 0.2799079754601227 0.14559386973180077 0.15184049079754602
24 0.578544061302682 0.32131901840490795 0.04789272030651341 0.023006134969325152
24 0.7452107279693486 0.33819018404907975 0.04980842911877394 0.023006134969325152
5 0.4444444444444444 0.3243865030674847 0.13984674329501914 0.07208588957055215
15 0.6580459770114943 0.3397239263803681 0.10153256704980843 0.05674846625766871
5 0.2739463601532567 0.31441717791411045 0.08812260536398467 0.11042944785276074
27 0.935823754789272 0.4256134969325153 0.12452107279693486 0.16411042944785276
20 0.789272030651341 0.44401840490797545 0.1781609195402299 0.14570552147239263
10 0.1724137931034483 0.4041411042944785 0.05747126436781609 0.06901840490797546
5 0.013409961685823755 0.41641104294478526 0.01532567049808429 0.03680981595092025
15 0.06130268199233716 0.42714723926380366 0.0842911877394636 0.08895705521472393
5 0.26053639846743293 0.44401840490797545 0.09386973180076628 0.11042944785276074
23 0.8467432950191571 0.5513803680981595 0.06896551724137931 0.046012269938650305
15 0.4952107279693487 0.5329754601226994 0.4042145593869732 0.3266871165644172
10 0.171455938697318 0.5199386503067485 0.08620689655172414 0.05214723926380368
5 0.06513409961685823 0.5138036809815951 0.13026819923371646 0.07668711656441718
28 0.07950191570881227 0.032975460122699383 0.06704980842911877 0.06595092024539877
5 0.7394636015325671 0.5881901840490797 0.1053639846743295 0.12116564417177914
5 0.25766283524904215 0.558282208588957 0.028735632183908046 0.04141104294478527
5 0.20402298850574713 0.036042944785276074 0.1360153256704981 0.07208588957055215
5 0.28544061302681994 0.5805214723926381 0.022988505747126436 0.04141104294478527
15 0.9434865900383141 0.6334355828220859 0.07088122605363985 0.08895705521472393
15 0.8390804597701149 0.6273006134969326 0.07088122605363985 0.08588957055214724
15 0.2136015325670498 0.6058282208588958 0.05938697318007663 0.049079754601226995
24 0.7959770114942529 0.6986196319018405 0.04789272030651341 0.023006134969325152
15 0.03639846743295019 0.6641104294478528 0.07279693486590039 0.09815950920245399
5 0.40325670498084293 0.6924846625766872 0.04597701149425287 0.023006134969325152
24 0.7931034482758621 0.7239263803680982 0.05172413793103448 0.02147239263803681
5 0.4434865900383142 0.713957055214724 0.02681992337164751 0.03987730061349693
24 0.6484674329501916 0.7308282208588958 0.03639846743295019 0.03834355828220859
24 0.789272030651341 0.75 0.04980842911877394 0.02147239263803681
5 0.25766283524904215 0.718558282208589 0.1360153256704981 0.07668711656441718
24 0.5220306513409961 0.7392638036809815 0.02681992337164751 0.03987730061349693
24 0.5842911877394636 0.745398773006135 0.03065134099616858 0.03987730061349693
24 0.5517241379310345 0.7438650306748467 0.03065134099616858 0.03834355828220859
10 0.3946360153256705 0.7461656441717791 0.05747126436781609 0.0705521472392638
24 0.7863984674329502 0.7753067484662577 0.04980842911877394 0.023006134969325152
20 0.08620689655172414 0.7492331288343558 0.04789272030651341 0.02607361963190184
24 0.7835249042145593 0.7983128834355828 0.04980842911877394 0.02147239263803681
20 0.7289272030651341 0.8159509202453987 0.05172413793103448 0.024539877300613498
15 0.5996168582375478 0.8105828220858896 0.08620689655172414 0.07208588957055215
7 0.011494252873563218 0.7707055214723927 0.022988505747126436 0.1058282208588957
24 0.08237547892720307 0.7760736196319018 0.04980842911877394 0.023006134969325152
7 0.8994252873563219 0.8381901840490797 0.15517241379310345 0.2791411042944785
20 0.08333333333333333 0.8013803680981595 0.05747126436781609 0.02607361963190184
5 0.5977011494252874 0.8627300613496932 0.05363984674329502 0.03067484662576687
20 0.7480842911877394 0.8987730061349694 0.18199233716475097 0.14570552147239263
5 0.11398467432950192 0.8949386503067485 0.14367816091954022 0.07668711656441718
20 0.7021072796934866 0.9800613496932515 0.03639846743295019 0.03680981595092025
20 0.8045977011494253 0.9877300613496932 0.038314176245210725 0.02147239263803681
24 0.8448275862068966 0.174079754601227 0.02681992337164751 0.04294478527607362