24 0.8570143884892086 0.14942528735632185 0.048561151079136694 0.020114942528735632
24 0.16276978417266186 0.1882183908045977 0.048561151079136694 0.020114942528735632
28 0.09892086330935251 0.19540229885057472 0.050359712230215826 0.017241379310344827
24 0.8588129496402878 0.17672413793103448 0.044964028776978415 0.020114942528735632
18 0.23651079136690648 0.20761494252873564 0.07194244604316546 0.028735632183908046
5 0.10341726618705036 0.21767241379310345 0.044964028776978415 0.021551724137931036
7 0.9289568345323741 0.1853448275862069 0.0683453237410072 0.14655172413793102
15 0.7320143884892086 0.20689655172413793 0.13129496402877697 0.125
6 0.3920863309352518 0.23922413793103448 0.09172661870503597 0.0603448275862069
5 0.32643884892086333 0.24281609195402298 0.02697841726618705 0.035919540229885055
24 0.533273381294964 0.2435344827586207 0.044964028776978415 0.020114942528735632
24 0.4631294964028777 0.2492816091954023 0.025179856115107913 0.03735632183908046
5 0.039568345323741004 0.27801724137931033 0.07913669064748201 0.10775862068965517
18 0.8678057553956835 0.2471264367816092 0.030575539568345324 0.05316091954022988
18 0.6160071942446043 0.25862068965517243 0.07014388489208633 0.027298850574712645
15 0.14838129496402877 0.29669540229885055 0.13129496402877697 0.13793103448275862
24 0.539568345323741 0.2916666666666667 0.044964028776978415 0.020114942528735632
24 0.697841726618705 0.28951149425287354 0.046762589928057555 0.020114942528735632
5 0.4154676258992806 0.3089080459770115 0.12949640287769784 0.06465517241379311
15 0.6169064748201439 0.30028735632183906 0.09352517985611511 0.05172413793103448
5 0.25539568345323743 0.3168103448275862 0.07913669064748201 0.10201149425287356
27 0.8902877697841727 0.35129310344827586 0.11151079136690648 0.14942528735632185
20 0.7553956834532374 0.38362068965517243 0.1618705035971223 0.13218390804597702
10 0.17535971223021582 0.4109195402298851 0.050359712230215826 0.06321839080459771
5 0.02068345323741007 0.4389367816091954 0.02697841726618705 0.034482758620689655
15 0.07553956834532374 0.44396551724137934 0.07553956834532374 0.08189655172413793
5 0.2643884892086331 0.4389367816091954 0.08453237410071943 0.10201149425287356
23 0.8264388489208633 0.47701149425287354 0.06294964028776978 0.041666666666666664
15 0.4973021582733813 0.4964080459770115 0.368705035971223 0.2974137931034483
10 0.19424460431654678 0.5186781609195402 0.08093525179856115 0.04597701149425287
5 0.08543165467625899 0.5237068965517241 0.12949640287769784 0.06609195402298851
28 0.02697841726618705 0.0668103448275862 0.0539568345323741 0.07902298850574713
5 0.7329136690647482 0.5222701149425287 0.09532374100719425 0.11063218390804598
5 0.2805755395683453 0.5452586206896551 0.025179856115107913 0.03879310344827586
5 0.1447841726618705 0.0653735632183908 0.12410071942446044 0.06321839080459771
5 0.30935251798561153 0.5625 0.019784172661870502 0.03735632183908046
15 0.9298561151079137 0.5431034482758621 0.06294964028776978 0.08189655172413793
15 0.8318345323741008 0.5488505747126436 0.06474820143884892 0.07902298850574713
15 0.24640287769784172 0.5941091954022989 0.0539568345323741 0.04454022988505747
24 0.8030575539568345 0.6192528735632183 0.044964028776978415 0.020114942528735632
15 0.07464028776978417 0.6673850574712644 0.09352517985611511 0.08620689655172414
5 0.4370503597122302 0.6544540229885057 0.04316546762589928 0.020114942528735632
24 0.8048561151079137 0.6429597701149425 0.048561151079136694 0.01867816091954023
5 0.4784172661870504 0.6702586206896551 0.023381294964028777 0.03735632183908046
24 0.6717625899280576 0.6637931034482759 0.03237410071942446 0.035919540229885055
24 0.8057553956834532 0.6673850574712644 0.046762589928057555 0.01867816091954023
5 0.3066546762589928 0.6939655172413793 0.12410071942446044 0.06752873563218391
24 0.5557553956834532 0.6853448275862069 0.023381294964028777 0.03735632183908046
24 0.6151079136690647 0.6846264367816092 0.02697841726618705 0.03735632183908046
24 0.5845323741007195 0.6860632183908046 0.02697841726618705 0.035919540229885055
10 0.4379496402877698 0.7047413793103449 0.050359712230215826 0.06465517241379311
24 0.8066546762589928 0.6910919540229885 0.046762589928057555 0.020114942528735632
20 0.15197841726618705 0.7399425287356322 0.044964028776978415 0.022988505747126436
24 0.8084532374100719 0.7126436781609196 0.046762589928057555 0.01867816091954023
20 0.7607913669064749 0.7349137931034483 0.048561151079136694 0.021551724137931036
15 0.6393884892086331 0.742816091954023 0.07733812949640288 0.06609195402298851
7 0.06025179856115108 0.7693965517241379 0.06294964028776978 0.09626436781609195
24 0.1528776978417266 0.7658045977011494 0.046762589928057555 0.020114942528735632
7 0.927158273381295 0.7370689655172413 0.14388489208633093 0.257183908045977
20 0.15737410071942445 0.7880747126436781 0.0539568345323741 0.022988505747126436
5 0.64568345323741 0.7916666666666666 0.050359712230215826 0.027298850574712645
20 0.7913669064748201 0.8096264367816092 0.16546762589928057 0.13218390804597702
5 0.2014388489208633 0.8721264367816092 0.13129496402877697 0.06896551724137931
20 0.7616906474820144 0.8936781609195402 0.030575539568345324 0.041666666666666664
20 0.8606115107913669 0.8979885057471264 0.03237410071942446 0.041666666666666664
24 0.7634892086330936 0.1271551724137931 0.023381294964028777 0.040229885057471264