7 0.7019125683060109 0.3146487294469357 0.0366120218579235 0.023168908819133034
21 0.8065573770491803 0.3217488789237668 0.02841530054644809 0.14573991031390135
7 0.8502732240437159 0.3217488789237668 0.046994535519125684 0.10538116591928251
21 0.7816939890710383 0.328101644245142 0.033879781420765025 0.05007473841554559
20 0.7609289617486339 0.37070254110612855 0.022950819672131147 0.020179372197309416
21 0.2062841530054645 0.43609865470852016 0.04371584699453552 0.414050822122571
21 0.40710382513661203 0.437219730941704 0.03551912568306011 0.0687593423019432
21 0.7122950819672131 0.4383408071748879 0.05191256830601093 0.02391629297458894
21 0.7827868852459017 0.6158445440956651 0.08087431693989071 0.09940209267563528
21 0.5991803278688524 0.6547085201793722 0.13387978142076504 0.033632286995515695
21 0.44781420765027324 0.6647982062780269 0.13333333333333333 0.03139013452914798
21 0.2972677595628415 0.672645739910314 0.13005464480874318 0.035127055306427506
21 0.6284153005464481 0.2171150971599402 0.1644808743169399 0.032137518684603884
21 0.4685792349726776 0.22795216741405083 0.13497267759562842 0.033632286995515695
21 0.31830601092896177 0.23579970104633782 0.13169398907103824 0.032137518684603884
21 0.7087431693989071 0.25672645739910316 0.048087431693989074 0.043348281016442454
21 0.7019125683060109 0.28998505231689087 0.03989071038251366 0.023168908819133034