5 0.28013029315960913 0.4039317507418398 0.02008686210640608 0.017804154302670624
18 0.38137893593919653 0.37537091988130566 0.023887079261672096 0.020771513353115726
7 0.3295331161780673 0.3994807121661721 0.03420195439739414 0.04673590504451038
24 0.28338762214983715 0.4247032640949555 0.021172638436482084 0.016320474777448073
5 0.5833333333333334 0.33939169139465875 0.02062975027144408 0.021513353115727003
23 0.38490770901194354 0.3991097922848665 0.016829533116178068 0.034866468842729974
7 0.21688382193268188 0.45623145400593473 0.12269272529858849 0.14020771513353117
24 0.4742128121606949 0.38686943620178044 0.010857763300760043 0.03115727002967359
23 0.7223127035830619 0.32010385756676557 0.016829533116178068 0.034866468842729974
18 0.6943539630836048 0.3290059347181009 0.023887079261672096 0.020771513353115726
5 0.48778501628664495 0.38983679525222553 0.011400651465798045 0.025222551928783383
23 0.28664495114006516 0.44881305637982194 0.016286644951140065 0.03338278931750742
18 0.38870792616720956 0.42247774480712164 0.02280130293159609 0.020771513353115726
15 0.34093376764386535 0.4543768545994065 0.04451682953311618 0.06379821958456973
18 0.3919652551574376 0.443620178041543 0.023887079261672096 0.019287833827893175
24 0.2909880564603692 0.4732937685459941 0.02062975027144408 0.016320474777448073
23 0.3965798045602606 0.4706973293768546 0.01520086862106406 0.034866468842729974
5 0.2964169381107492 0.5014836795252225 0.019543973941368076 0.017062314540059347
5 0.4742128121606949 0.4521513353115727 0.019543973941368076 0.017062314540059347
7 0.8268186753528773 0.3564540059347181 0.10260586319218241 0.4132047477744807
20 0.33849077090119434 0.5029673590504451 0.02225841476655809 0.017804154302670624
5 0.3585776330076004 0.4977744807121662 0.02008686210640608 0.017062314540059347
5 0.2983170466883822 0.5159495548961425 0.019001085776330078 0.017804154302670624
5 0.3789359391965255 0.49258160237388726 0.019001085776330078 0.017062314540059347
5 0.31786102062975025 0.5103857566765578 0.019001085776330078 0.017062314540059347
15 0.5450597176981542 0.45066765578635015 0.13952225841476656 0.1884272997032641
2 0.6946254071661238 0.4094955489614243 0.05537459283387622 0.10311572700296735
7 0.6351791530944625 0.42655786350148367 0.04451682953311618 0.07937685459940653
13 0.253257328990228 0.5541543026706232 0.03311617806731813 0.064540059347181
6 0.34364820846905536 0.5333827893175074 0.07709011943539631 0.06231454005934718
15 0.28474484256243215 0.5511869436201781 0.024429967426710098 0.034866468842729974
15 0.40390879478827363 0.5211424332344213 0.026058631921824105 0.04599406528189911
5 0.40933767643865365 0.5526706231454006 0.02062975027144408 0.017062314540059347
15 0.3498914223669924 0.5730712166172107 0.041802388707926165 0.04154302670623145
5 0.4144951140065147 0.5808605341246291 0.019543973941368076 0.017062314540059347
15 0.2926167209554832 0.6224035608308606 0.06460369163952226 0.0771513353115727
5 0.3287187839305103 0.612759643916914 0.011943539630836048 0.028189910979228485
5 0.3756786102062975 0.6027448071216617 0.02008686210640608 0.017062314540059347
23 0.3564060803474484 0.6160979228486647 0.016829533116178068 0.03338278931750742
20 0.4182953311617807 0.603486646884273 0.026601520086862108 0.030415430267062313
20 0.499185667752443 0.5882789317507419 0.013572204125950055 0.03338278931750742
6 0.48615635179153094 0.5927299703264095 0.014657980456026058 0.03560830860534125
5 0.4546688382193268 0.6020029673590505 0.010857763300760043 0.02744807121661721
8 0.46824104234527686 0.5986646884272997 0.018458197611292075 0.04896142433234421
11 0.36617806731813246 0.6776706231454006 0.05537459283387622 0.08456973293768547
11 0.41069489685124866 0.6646884272997032 0.054831704668838216 0.08531157270029674
5 0.498099891422367 0.6583827893175074 0.02062975027144408 0.018545994065281898
7 0.2893593919652552 0.723293768545994 0.12323561346362649 0.1394658753709199
7 0.7858306188925082 0.6105341246290801 0.14169381107491857 0.064540059347181
7 0.6387079261672095 0.6561572700296736 0.13897937024972856 0.06231454005934718
15 0.3963083604777416 0.7288575667655787 0.051031487513572206 0.04673590504451038
7 0.49185667752442996 0.7010385756676558 0.14060803474484257 0.06528189910979229
7 0.5380021715526602 0.24480712166172106 0.13897937024972856 0.06973293768545995
7 0.6821389793702497 0.20437685459940652 0.14006514657980457 0.06899109792284866
7 0.38327904451682954 0.2926557863501484 0.17263843648208468 0.0771513353115727
7 0.31433224755700323 0.3560830860534125 0.054831704668838216 0.05712166172106825
8 0.28148751357220414 0.36869436201780414 0.019001085776330078 0.04821958456973294
5 0.252442996742671 0.38612759643916916 0.024429967426710098 0.017804154302670624
5 0.3781216069489685 0.3557121661721068 0.019001085776330078 0.016320474777448073