7 0.67041015625 0.31675567423230977 0.03369140625 0.024699599465954607
21 0.764404296875 0.31174899866488653 0.033203125 0.1321762349799733
7 0.803466796875 0.30707610146862485 0.04736328125 0.09813084112149532
21 0.742431640625 0.31942590120160214 0.03271484375 0.04806408544726302
20 0.7265625 0.3604806408544726 0.021484375 0.02069425901201602
21 0.23681640625 0.47763684913217624 0.0625 0.3704939919893191
21 0.41552734375 0.4569425901201602 0.03564453125 0.06475300400534045
21 0.68701171875 0.4248998664886515 0.04736328125 0.0267022696929239
21 0.76025390625 0.5761014686248331 0.07763671875 0.09679572763684913
21 0.598388671875 0.6315086782376502 0.12060546875 0.044058744993324434
21 0.464599609375 0.654539385847797 0.11962890625 0.04205607476635514
21 0.3310546875 0.678237650200267 0.1171875 0.04539385847797063
21 0.599853515625 0.2376502002670227 0.1474609375 0.04606141522029372
21 0.458740234375 0.26401869158878505 0.12158203125 0.044058744993324434
21 0.324462890625 0.28738317757009346 0.1181640625 0.042723631508678236
21 0.673583984375 0.2643524699599466 0.044921875 0.043391188251001335
7 0.66943359375 0.2947263017356475 0.03662109375 0.025367156208277702