7 0.707193515704154 0.3981994459833795 0.03546099290780142 0.027008310249307478
21 0.8014184397163121 0.43005540166204986 0.037993920972644375 0.13781163434903046
7 0.8411854103343465 0.4407894736842105 0.05167173252279635 0.10318559556786704
21 0.7778622087132725 0.4297091412742382 0.034954407294832825 0.05124653739612189
20 0.7535460992907801 0.4636426592797784 0.022796352583586626 0.0221606648199446
21 0.24037487335359675 0.389196675900277 0.07446808510638298 0.3843490304709141
21 0.42299898682877407 0.43836565096952906 0.037993920972644375 0.0685595567867036
21 0.7006079027355623 0.5131578947368421 0.04913880445795339 0.029778393351800554
21 0.7418946301925026 0.6918282548476454 0.08206686930091185 0.10318559556786704
21 0.5696555217831814 0.6824792243767313 0.12512664640324214 0.05193905817174515
21 0.43059777102330293 0.6554709141274239 0.12411347517730496 0.04986149584487535
21 0.2925531914893617 0.6260387811634349 0.12158054711246201 0.05263157894736842
21 0.6527355623100304 0.2918975069252078 0.1524822695035461 0.055401662049861494
21 0.5058257345491388 0.2628116343490305 0.12613981762917933 0.05124653739612189
21 0.36828774062816616 0.23372576177285317 0.12310030395136778 0.04986149584487535
21 0.720871327254306 0.34729916897506924 0.047619047619047616 0.04709141274238227
21 0.7102330293819655 0.37569252077562326 0.03850050658561297 0.027700831024930747