7 0.76775956284153 0.4189088191330344 0.03825136612021858 0.02914798206278027
21 0.8693989071038252 0.452914798206278 0.040983606557377046 0.14872944693572496
7 0.9122950819672131 0.46449925261584457 0.05573770491803279 0.11136023916292975
21 0.8439890710382514 0.4525411061285501 0.03770491803278689 0.05530642750373692
20 0.8177595628415301 0.48953662182361735 0.02459016393442623 0.02391629297458894
21 0.2644808743169399 0.40881913303437967 0.08032786885245902 0.4147982062780269
21 0.46120218579234973 0.46225710014947685 0.040983606557377046 0.07399103139013453
21 0.760655737704918 0.5429745889387145 0.053005464480874315 0.032137518684603884
21 0.8051912568306011 0.7357997010463379 0.08852459016393442 0.11136023916292975
21 0.6193989071038252 0.7257100149476831 0.13497267759562842 0.05605381165919283
21 0.46939890710382515 0.6961883408071748 0.13387978142076504 0.053811659192825115
21 0.32049180327868854 0.6647982062780269 0.13114754098360656 0.05680119581464873
21 0.7092896174863388 0.3038116591928251 0.1644808743169399 0.059790732436472344
21 0.5505464480874317 0.27279521674140506 0.1360655737704918 0.05530642750373692
21 0.4021857923497268 0.24103139013452915 0.13278688524590163 0.053811659192825115
21 0.7825136612021858 0.3636023916292975 0.05136612021857923 0.05082212257100149
21 0.7710382513661203 0.39461883408071746 0.041530054644808745 0.029895366218236172