5 0.28035538005923 0.41126855600539813 0.01826258637709773 0.016869095816464237
18 0.37142152023692004 0.38124156545209176 0.022211253701875617 0.019568151147098516
7 0.3250246791707799 0.405195681511471 0.0315893385982231 0.043184885290148446
24 0.28381046396841064 0.43049932523616735 0.019743336623889437 0.016194331983805668
5 0.554294175715696 0.33974358974358976 0.018756169792694965 0.020242914979757085
23 0.37537018756169793 0.402834008097166 0.016288252714708785 0.03171390013495277
7 0.22384007897334648 0.4618758434547908 0.11352418558736427 0.13157894736842105
24 0.456071076011846 0.3876518218623482 0.010365251727541954 0.02834008097165992
23 0.6801579466929911 0.3161268556005398 0.016288252714708785 0.03171390013495277
18 0.6549851924975321 0.3255735492577598 0.022211253701875617 0.019568151147098516
5 0.4686574531095755 0.3896761133603239 0.01085883514313919 0.023616734143049933
23 0.2872655478775913 0.45209176788124156 0.015301085883514315 0.030364372469635626
18 0.3793188548864758 0.42375168690958165 0.021224086870681145 0.019568151147098516
15 0.3366238894373149 0.45479082321187586 0.04146100691016782 0.058704453441295545
18 0.38277393879565647 0.4426450742240216 0.02171767028627838 0.018218623481781375
24 0.29195459032576504 0.47435897435897434 0.0192497532082922 0.0155195681511471
23 0.38770977295162884 0.4672739541160594 0.014313919052319843 0.03171390013495277
5 0.29738400789733466 0.49966261808367074 0.017769002961500493 0.016194331983805668
5 0.45779861796643634 0.4470310391363023 0.017769002961500493 0.016194331983805668
7 0.7759131293188549 0.344804318488529 0.10266535044422508 0.37449392712550605
20 0.33563672260612043 0.49898785425101216 0.02073050345508391 0.016869095816464237
5 0.35389930898321814 0.4935897435897436 0.01826258637709773 0.016194331983805668
5 0.2993583415597236 0.5128205128205128 0.017275419545903257 0.016869095816464237
5 0.3721618953603159 0.48785425101214575 0.017275419545903257 0.016194331983805668
5 0.3171273445212241 0.5067476383265856 0.017275419545903257 0.016194331983805668
15 0.521964461994077 0.4423076923076923 0.12931885488647582 0.17543859649122806
2 0.656959526159921 0.3984480431848853 0.05231984205330701 0.0951417004048583
7 0.603405725567621 0.4166666666666667 0.04146100691016782 0.0728744939271255
13 0.2591312931885489 0.5492577597840755 0.0315893385982231 0.059379217273954114
6 0.34106614017769005 0.5263157894736842 0.07058242843040474 0.059379217273954114
15 0.28800592300098715 0.5452091767881242 0.02319842053307009 0.032388663967611336
15 0.3956071076011846 0.5128205128205128 0.02418558736426456 0.04251012145748988
5 0.4012833168805528 0.5411605937921727 0.018756169792694965 0.016194331983805668
15 0.3474827245804541 0.5624156545209177 0.0384995064165844 0.03913630229419703
5 0.4064659427443238 0.5668016194331984 0.017769002961500493 0.016194331983805668
15 0.2966436327739388 0.6096491228070176 0.05972359328726555 0.07219973009446694
5 0.329466929911155 0.5991902834008097 0.011352418558736426 0.02631578947368421
5 0.37166831194471867 0.5883940620782726 0.01826258637709773 0.016194331983805668
23 0.354639684106614 0.6008771929824561 0.01579466929911155 0.030364372469635626
20 0.4104146100691017 0.5867071524966262 0.024679170779861797 0.02834008097165992
20 0.4837117472852912 0.5695006747638327 0.01332675222112537 0.030364372469635626
6 0.47186574531095754 0.5742240215924427 0.013820335636722606 0.032388663967611336
5 0.44348469891411646 0.5840080971659919 0.010365251727541954 0.02496626180836707
8 0.45557749259624875 0.5806342780026991 0.017769002961500493 0.044534412955465584
11 0.3647581441263574 0.6565452091767882 0.05133267522211254 0.07827260458839407
11 0.40498519249753206 0.6430499325236168 0.05133267522211254 0.07894736842105263
5 0.48420533070088845 0.6332658569500674 0.018756169792694965 0.017543859649122806
7 0.29615004935834155 0.7017543859649122 0.11352418558736427 0.13090418353576247
7 0.7445705824284304 0.5772604588394062 0.12882527147087858 0.06477732793522267
7 0.611796643632774 0.6251686909581646 0.12586377097729518 0.06275303643724696
15 0.393385982230997 0.7017543859649122 0.046890424481737414 0.043859649122807015
7 0.4795162882527147 0.6724021592442645 0.12734452122408688 0.06477732793522267
7 0.5108588351431392 0.25573549257759787 0.1263573543928924 0.06882591093117409
7 0.6409180651530109 0.2128879892037787 0.12685093780848963 0.06815114709851552
7 0.37142152023692004 0.30600539811066124 0.1564659427443238 0.07759784075573549
7 0.3102171767028628 0.36639676113360325 0.050345508390918066 0.05398110661268556
8 0.2806021717670286 0.3792172739541161 0.01826258637709773 0.044534412955465584
5 0.25468904244817375 0.3964237516869096 0.022211253701875617 0.016869095816464237
5 0.368213228035538 0.3633603238866397 0.017275419545903257 0.0155195681511471