5 0.25 0.4647192716236722 0.01332675222112537 0.03414264036418816
5 0.2512339585389931 0.4965857359635812 0.010365251727541954 0.030349013657056147
7 0.9296643632773939 0.3884673748103187 0.1377097729516288 0.15477996965098634
5 0.27097729516288255 0.5041729893778453 0.012339585389930898 0.032625189681335355
8 0.3020730503455084 0.5022761760242792 0.02319842053307009 0.04400606980273141
20 0.8052813425468904 0.4286798179059181 0.007403751233958539 0.01896813353566009
24 0.793928923988154 0.4366464339908953 0.01085883514313919 0.011380880121396054
5 0.2541954590325765 0.5405918057663126 0.011846001974333662 0.03414264036418816
20 0.3568608094768016 0.5254172989377845 0.02073050345508391 0.024279210925644917
7 0.13400789733464955 0.5622154779969651 0.2472852912142152 0.34294385432473445
8 0.27369200394866733 0.5424886191198786 0.0192497532082922 0.038694992412746584
15 0.6384501480750246 0.48672230652503795 0.3341559723593287 0.46889226100151743
20 0.35784797630799603 0.5466616084977238 0.022211253701875617 0.01896813353566009
20 0.917324777887463 0.4639605462822458 0.010365251727541954 0.010622154779969651
24 0.7986179664363278 0.498103186646434 0.011352418558736426 0.012139605462822459
24 0.9020236920039487 0.48558421851289835 0.011846001974333662 0.012898330804248861
20 0.8094768015794669 0.5026555386949925 0.007897334649555774 0.0204855842185129
5 0.2857847976307996 0.5887708649468892 0.011352418558736426 0.030349013657056147
5 0.27295162882527146 0.5906676783004552 0.011846001974333662 0.032625189681335355
5 0.25888450148075026 0.5940819423368741 0.011352418558736426 0.03186646433990895
7 0.3311944718657453 0.6081183611532626 0.06515301085883514 0.05918057663125948
17 0.3282329713721619 0.6718512898330804 0.07897334649555775 0.07283763277693475
7 0.4158440276406713 0.6775417298937785 0.09279368213228036 0.3937784522003035
24 0.2793682132280355 0.7135811836115327 0.0315893385982231 0.024279210925644917
5 0.321076011846002 0.7150986342943855 0.022211253701875617 0.015933232169954476
24 0.36648568608094767 0.7109256449165402 0.021224086870681145 0.01669195751138088
20 0.21199407699901282 0.7435508345978755 0.08983218163869694 0.06904400606980274
5 0.2806021717670286 0.7450682852807283 0.03899308983218164 0.03414264036418816
24 0.3669792694965449 0.7336874051593323 0.02171767028627838 0.024279210925644917
24 0.8181145113524185 0.6669195751138088 0.01085883514313919 0.032625189681335355
24 0.8299605133267522 0.6657814871016692 0.011352418558736426 0.032625189681335355
24 0.8418065153010859 0.6638846737481032 0.011352418558736426 0.03338391502276176
24 0.65893385982231 0.7063732928679818 0.020236920039486673 0.01896813353566009
24 0.6885488647581441 0.7014415781487102 0.02171767028627838 0.015933232169954476
24 0.6354886475814413 0.7101669195751138 0.022704837117472853 0.019726858877086494
24 0.37265547877591315 0.7572078907435509 0.02171767028627838 0.0204855842185129
24 0.7462981243830207 0.6984066767830045 0.02073050345508391 0.021244309559939303
15 0.33267522211253703 0.7689681335356601 0.04886475814412636 0.06752655538694992
5 0.15819348469891412 0.7993171471927162 0.04096742349457058 0.032625189681335355
7 0.9222606120434353 0.6760242792109257 0.15449160908193485 0.3216995447647951
5 0.6391905231984205 0.7283763277693475 0.022704837117472853 0.01896813353566009
20 0.5518262586377097 0.7488619119878603 0.021224086870681145 0.01669195751138088
24 0.3711747285291214 0.7788315629742033 0.022704837117472853 0.018209408194233688
15 0.8321816386969397 0.7040971168437026 0.03504442250740375 0.04779969650986343
7 0.3696939782823297 0.09787556904400607 0.3336623889437315 0.19575113808801214
20 0.6614017769002961 0.7325493171471927 0.014313919052319843 0.03186646433990895
15 0.5974827245804541 0.7556904400606981 0.06614017769002961 0.08573596358118361
7 0.061697926949654494 0.8471168437025797 0.09328726554787758 0.19878603945371776
24 0.5525666337611056 0.7678300455235205 0.0192497532082922 0.01669195751138088
24 0.3694471865745311 0.8050075872534143 0.020236920039486673 0.01669195751138088
24 0.6428923988153998 0.7621396054628224 0.020236920039486673 0.01896813353566009
8 0.21421520236920039 0.8353566009104704 0.08933859822309971 0.09787556904400607
16 0.28208292201382035 0.8273899848254932 0.05577492596248766 0.1039453717754173
5 0.33292201382033565 0.8220789074355084 0.041954590325765054 0.036418816388467376
5 0.8232971372161896 0.7484825493171472 0.012833168805528134 0.03110773899848255
24 0.8356367226061204 0.7477238239757208 0.012339585389930898 0.032625189681335355
24 0.8477295162882527 0.7458270106221547 0.011352418558736426 0.03414264036418816
7 0.7465449160908193 0.7674506828528073 0.12981243830207306 0.1251896813353566
20 0.3654985192497532 0.8323216995447648 0.010365251727541954 0.03338391502276176
24 0.3763573543928924 0.8311836115326252 0.011846001974333662 0.03490136570561457
5 0.6384501480750246 0.7890743550834598 0.01826258637709773 0.018209408194233688
8 0.13672260612043435 0.8858118361153262 0.06219151036525173 0.10925644916540213
20 0.3344027640671273 0.8562215477996965 0.04244817374136229 0.03717754172989378
32 0.18213228035538007 0.9036418816388467 0.033070088845014806 0.02503793626707132
24 0.30133267522211254 0.8884673748103187 0.021224086870681145 0.021244309559939303
7 0.6532576505429417 0.07928679817905918 0.28479763079960513 0.15857359635811835
18 0.31762092793682134 0.9085735963581184 0.03060217176702863 0.024279210925644917
32 0.12290227048371175 0.9730652503793626 0.03356367226061204 0.02959028831562974
7 0.49333662388943733 0.9233687405159332 0.27295162882527146 0.15174506828528073
7 0.7408687068114511 0.8971927162367223 0.23346495557749258 0.1669195751138088
7 0.8884501480750246 0.10015174506828528 0.10118460019743336 0.11456752655538695
24 0.3121915103652517 0.19385432473444614 0.01826258637709773 0.01669195751138088
24 0.425715695952616 0.17716236722306525 0.01826258637709773 0.01669195751138088
8 0.3640177690029615 0.20220030349013657 0.042941757156959526 0.0637329286798179
5 0.39067127344521224 0.20030349013657056 0.01085883514313919 0.03110773899848255
24 0.4481737413622902 0.19309559939301973 0.016288252714708785 0.015933232169954476
2 0.22161895360315895 0.23975720789074356 0.140177690029615 0.1433990895295903
8 0.10809476801579466 0.26441578148710165 0.024679170779861797 0.06525037936267071
5 0.29615004935834155 0.23937784522003036 0.022704837117472853 0.05993930197268589
24 0.33464955577492594 0.24430955993930198 0.02171767028627838 0.01669195751138088
16 0.13894373149062192 0.27769347496206376 0.03060217176702863 0.06752655538694992
31 0.6900296150049359 0.18854324734446132 0.022211253701875617 0.05918057663125948
5 0.6710266535044422 0.19385432473444614 0.014807502467917079 0.04779969650986343
7 0.04022704837117473 0.29742033383915023 0.08045409674234946 0.19423368740515934
5 0.7090325765054294 0.18930197268588772 0.015301085883514315 0.04931714719271624
31 0.7297630799605134 0.18588770864946888 0.02418558736426456 0.05993930197268589
31 0.7596248766041461 0.18171471927162366 0.02319842053307009 0.05614567526555387
7 0.5370187561697927 0.21927162367223066 0.15844027640671274 0.12291350531107739
5 0.7773938795656465 0.18133535660091046 0.01678183613030602 0.04779969650986343
15 0.42917077986179664 0.2496206373292868 0.06564659427443238 0.08649468892261002
5 0.6799111549851925 0.2268588770864947 0.019743336623889437 0.01669195751138088
5 0.7122408687068115 0.22306525037936267 0.019743336623889437 0.015174506828528073
5 0.7492596248766041 0.21775417298937785 0.0192497532082922 0.015933232169954476
5 0.6821322803553801 0.2469650986342944 0.02073050345508391 0.015174506828528073
5 0.7142152023692004 0.24279210925644917 0.01826258637709773 0.015174506828528073
5 0.75 0.23748103186646433 0.018756169792694965 0.01669195751138088
7 0.9175715695952616 0.21547799696509864 0.13968410661401776 0.17223065250379363
20 0.4805034550839092 0.2871775417298938 0.020236920039486673 0.01669195751138088
20 0.8492102665350444 0.2291350531107739 0.00839091806515301 0.019726858877086494
24 0.8413129318854886 0.23520485584218512 0.009871668311944718 0.010622154779969651
5 0.40868706811451133 0.3103186646433991 0.011846001974333662 0.030349013657056147
5 0.6821322803553801 0.26783004552352047 0.018756169792694965 0.014415781487101669
5 0.7156959526159921 0.26365705614567525 0.018756169792694965 0.01669195751138088
5 0.7514807502467917 0.25948406676783003 0.018756169792694965 0.017450682852807285
24 0.45138203356367224 0.3133535660091047 0.010365251727541954 0.026555386949924126
7 0.31638696939782823 0.34673748103186647 0.038005923000987166 0.09863429438543247
24 0.4585389930898322 0.34332321699544766 0.017769002961500493 0.017450682852807285
7 0.3729022704837118 0.3626707132018209 0.0824284304047384 0.24430955993930198