5 0.27680360721442887 0.3258859784283513 0.01603206412825651 0.0362095531587057
5 0.2710420841683367 0.3570878274268105 0.012525050100200401 0.031587057010785825
7 0.935370741482966 0.5959167950693375 0.1282565130260521 0.174884437596302
5 0.28857715430861725 0.37442218798151 0.01503006012024048 0.03466872110939907
8 0.3188877755511022 0.3882896764252696 0.02655310621242485 0.04776579352850539
20 0.8176352705410822 0.5731895223420647 0.009018036072144289 0.020030816640986132
24 0.8048597194388778 0.575115562403698 0.011523046092184368 0.013097072419106317
5 0.26452905811623245 0.40061633281972264 0.014529058116232466 0.03543913713405239
20 0.3662324649298597 0.43836671802773497 0.022044088176352707 0.02773497688751926
7 0.14453907815631262 0.3605546995377504 0.2710420841683367 0.3844375963020031
8 0.28281563126252507 0.412557781201849 0.022044088176352707 0.04160246533127889
15 0.6450400801603207 0.5442989214175655 0.3662324649298597 0.5254237288135594
20 0.3627254509018036 0.4591679506933744 0.023547094188376753 0.023112480739599383
20 0.9175851703406813 0.6640986132511556 0.011022044088176353 0.012326656394453005
24 0.7960921843687375 0.636748844375963 0.012525050100200401 0.014637904468412942
24 0.8980460921843687 0.6768104776579353 0.013026052104208416 0.015408320493066256
20 0.8056112224448898 0.6463790446841294 0.009519038076152305 0.02157164869029276
5 0.2845691382765531 0.463020030816641 0.013527054108216433 0.031587057010785825
5 0.2717935871743487 0.45839753466872113 0.014529058116232466 0.03389830508474576
5 0.2575150300601202 0.45416024653312786 0.014028056112224449 0.03312788906009245
7 0.32389779559118237 0.5046224961479199 0.0686372745490982 0.07087827426810478
17 0.30736472945891785 0.5643297380585516 0.08316633266533066 0.08705701078582434
7 0.39028056112224446 0.614406779661017 0.12374749498997996 0.4052388289676425
24 0.251503006012024 0.5793528505392912 0.033066132264529056 0.030046224961479198
5 0.2913326653306613 0.6020801232665639 0.023046092184368736 0.020030816640986132
24 0.33567134268537074 0.6213405238828967 0.022044088176352707 0.020801232665639446
20 0.18036072144288579 0.573959938366718 0.093687374749499 0.0847457627118644
5 0.24574148296593187 0.6105546995377504 0.041082164328657314 0.040832049306625574
24 0.3314128256513026 0.6432973805855162 0.023046092184368736 0.028505392912172575
24 0.7785571142284569 0.8085516178736518 0.013527054108216433 0.03389830508474576
24 0.7903306613226453 0.8135593220338984 0.014028056112224449 0.03389830508474576
24 0.8018537074148296 0.8174114021571649 0.014028056112224449 0.03466872110939907
24 0.6174849699398798 0.7654083204930663 0.02154308617234469 0.02234206471494607
24 0.6467935871743486 0.775808936825886 0.022545090180360723 0.020030816640986132
24 0.593937875751503 0.7573189522342064 0.02404809619238477 0.023882896764252697
24 0.3316633266533066 0.6687211093990755 0.023046092184368736 0.02465331278890601
24 0.7029058116232465 0.8020030816640986 0.022044088176352707 0.02465331278890601
15 0.29083166332665333 0.6598613251155624 0.053607214428857713 0.07550077041602465
5 0.11673346693386774 0.6005392912172574 0.04308617234468938 0.040061633281972264
7 0.8810120240480962 0.8489984591679507 0.18687374749498997 0.300462249614792
5 0.593687374749499 0.7769645608628659 0.02404809619238477 0.023112480739599383
20 0.5055110220440882 0.7519260400616333 0.022044088176352707 0.020801232665639446
24 0.3256513026052104 0.6887519260400616 0.023547094188376753 0.02234206471494607
15 0.7840681362725451 0.8513097072419107 0.03807615230460922 0.053929121725731895
7 0.469438877755511 0.08166409861325115 0.3406813627254509 0.1633281972265023
20 0.6139779559118237 0.7919876733436055 0.016533066132264528 0.03466872110939907
15 0.5475951903807615 0.7819722650231125 0.07214428857715431 0.0970724191063174
7 0.03406813627254509 0.597457627118644 0.06813627254509018 0.21340523882896764
24 0.5020040080160321 0.7704160246533128 0.02004008016032064 0.020030816640986132
24 0.3183867735470942 0.713020030816641 0.021042084168336674 0.020030816640986132
24 0.5901803607214429 0.8112480739599384 0.02154308617234469 0.02234206471494607
8 0.1628256513026052 0.6633281972265023 0.09569138276553106 0.11325115562403698
16 0.22970941883767534 0.6902927580893683 0.06312625250501001 0.11248073959938366
5 0.27955911823647295 0.7110939907550077 0.04408817635270541 0.04391371340523883
5 0.7660320641282565 0.8894453004622496 0.01503006012024048 0.03312788906009245
24 0.7780561122244489 0.8952234206471494 0.01503006012024048 0.03466872110939907
24 0.7900801603206413 0.8994607087827426 0.014028056112224449 0.03543913713405239
7 0.688376753507014 0.8690292758089369 0.1377755511022044 0.14869029275808937
20 0.30861723446893785 0.7372881355932204 0.013026052104208416 0.03466872110939907
24 0.3191382765531062 0.7419106317411402 0.014529058116232466 0.0362095531587057
5 0.5799098196392786 0.8343605546995377 0.019539078156312624 0.020801232665639446
8 0.07765531062124248 0.672573189522342 0.07014028056112225 0.11941448382126348
20 0.27354709418837675 0.7446070878274268 0.04458917835671343 0.04468412942989214
32 0.11748496993987977 0.713020030816641 0.034569138276553106 0.030816640986132512
24 0.23496993987975953 0.7584745762711864 0.022545090180360723 0.025423728813559324
7 0.749749498997996 0.14869029275808937 0.29308617234468937 0.2357473035439137
18 0.2462424849699399 0.7862095531587057 0.03206412825651302 0.030046224961479198
32 0.045591182364729456 0.7492295839753467 0.03557114228456914 0.03543913713405239
7 0.40831663326653306 0.8940677966101694 0.28256513026052105 0.2103235747303544
7 0.654559118236473 0.9426040061633282 0.24298597194388777 0.11325115562403698
7 0.9566633266533067 0.30007704160246534 0.08567134268537074 0.1332819722650231
24 0.39478957915831664 0.09745762711864407 0.01903807615230461 0.01926040061633282
24 0.5075150300601202 0.13906009244992296 0.01903807615230461 0.01926040061633282
8 0.44263527054108215 0.13174114021571648 0.047094188376753505 0.07087827426810478
5 0.468687374749499 0.14329738058551617 0.013026052104208416 0.032357473035439135
24 0.5255511022044088 0.1660246533127889 0.017034068136272545 0.01926040061633282
2 0.29809619238476953 0.09553158705701079 0.1497995991983968 0.1679506933744222
8 0.18386773547094187 0.061248073959938365 0.029559118236472944 0.06856702619414484
5 0.36948897795591185 0.1325115562403698 0.027054108216432865 0.06317411402157165
24 0.40531062124248496 0.15716486902927582 0.022545090180360723 0.020801232665639446
16 0.21042084168336672 0.08975346687211094 0.036072144288577156 0.0724191063174114
31 0.7585170340681363 0.2842835130970724 0.02655310621242485 0.062403697996918334
5 0.7392284569138277 0.2796610169491525 0.018537074148296594 0.05007704160246533
7 0.10571142284569138 0.08012326656394453 0.10721442885771543 0.16024653312788906
5 0.7765531062124249 0.29468412942989214 0.019539078156312624 0.05161787365177196
31 0.7970941883767535 0.3020030816640986 0.028557114228456915 0.06317411402157165
31 0.8269038076152304 0.31317411402157164 0.02755511022044088 0.059322033898305086
7 0.6049599198396793 0.23613251155624038 0.1653306613226453 0.1510015408320493
5 0.843937875751503 0.3216486902927581 0.020541082164328657 0.05007704160246533
15 0.49524048096192386 0.2103235747303544 0.0716432865731463 0.09784283513097072
5 0.7404809619238477 0.31587057010785824 0.020541082164328657 0.020030816640986132
5 0.7725450901803608 0.3285824345146379 0.021042084168336674 0.01848998459167951
5 0.8091182364729459 0.34244992295839755 0.02004008016032064 0.01926040061633282
5 0.7384769539078156 0.336286594761171 0.022044088176352707 0.01926040061633282
5 0.7700400801603207 0.34822804314329736 0.019539078156312624 0.01848998459167951
5 0.8056112224448898 0.3617103235747304 0.019539078156312624 0.020030816640986132
7 0.9473947895791583 0.4233436055469954 0.10420841683366733 0.19183359013867488
20 0.5363226452905812 0.2723420647149461 0.021042084168336674 0.020030816640986132
20 0.9025551102204409 0.4040832049306626 0.009519038076152305 0.02157164869029276
24 0.8935370741482966 0.4056240369799692 0.010521042084168337 0.012326656394453005
5 0.46217434869739477 0.2580893682588598 0.014028056112224449 0.032357473035439135
5 0.7339679358717435 0.35631741140215717 0.019539078156312624 0.017719568567026195
5 0.7670340681362725 0.36941448382126346 0.019539078156312624 0.020030816640986132
5 0.8023547094188377 0.38366718027734975 0.019539078156312624 0.020801232665639446
24 0.5027555110220441 0.2827426810477658 0.012525050100200401 0.02773497688751926
7 0.3659819639278557 0.24614791987673343 0.045090180360721446 0.10400616332819723
24 0.503006012024048 0.3151001540832049 0.01903807615230461 0.020801232665639446
7 0.4168336673346693 0.29006163328197226 0.10070140280561123 0.25577812018489987