5 0.34284682080924855 0.705710102489019 0.03106936416184971 0.016105417276720352
24 0.03251445086705202 0.7518301610541728 0.008670520231213872 0.029282576866764276
5 0.09176300578034682 0.7448755490483162 0.023121387283236993 0.03513909224011713
15 0.06286127167630058 0.777086383601757 0.04696531791907514 0.04758418740849195
24 0.03684971098265896 0.7851390922401171 0.007947976878612716 0.027086383601756955
5 0.11777456647398844 0.7814787701317716 0.020953757225433526 0.034407027818448024
5 0.14017341040462428 0.7789165446559297 0.023121387283236993 0.034407027818448024
5 0.09501445086705203 0.7862371888726208 0.02384393063583815 0.034407027818448024
24 0.20628612716763006 0.05929721815519766 0.028179190751445087 0.01903367496339678
5 0.8721098265895953 0.6822840409956076 0.030346820809248554 0.013909224011713031
24 0.75 0.7148609077598829 0.02601156069364162 0.018301610541727673
24 0.7745664739884393 0.7115666178623719 0.02601156069364162 0.018301610541727673
24 0.7008670520231214 0.7225475841874085 0.02601156069364162 0.017569546120058566
24 0.7257947976878613 0.718887262079063 0.02601156069364162 0.017569546120058566
24 0.6763005780346821 0.726207906295754 0.026734104046242775 0.018301610541727673
24 0.5765895953757225 0.7404831625183016 0.026734104046242775 0.018301610541727673
24 0.601878612716763 0.736822840409956 0.026734104046242775 0.018301610541727673
24 0.6271676300578035 0.7331625183016105 0.02601156069364162 0.018301610541727673
24 0.6513728323699421 0.7298682284040996 0.02601156069364162 0.018301610541727673
24 0.9082369942196532 0.6936310395314788 0.025289017341040464 0.01683748169838946
24 0.4772398843930636 0.7551244509516838 0.026734104046242775 0.017569546120058566
24 0.5274566473988439 0.7478038067349927 0.026734104046242775 0.017569546120058566
24 0.5516618497109826 0.7445095168374817 0.026734104046242775 0.017569546120058566
24 0.502528901734104 0.7518301610541728 0.026734104046242775 0.018301610541727673
24 0.35332369942196534 0.7734260614934114 0.02601156069364162 0.017569546120058566
24 0.3782514450867052 0.7697657393850659 0.026734104046242775 0.01903367496339678
24 0.4031791907514451 0.7661054172767203 0.02745664739884393 0.01903367496339678
24 0.42738439306358383 0.7628111273792094 0.026734104046242775 0.017569546120058566
24 0.4523121387283237 0.7591508052708639 0.026734104046242775 0.017569546120058566
24 0.22904624277456648 0.791727672035139 0.02601156069364162 0.017569546120058566
24 0.2536127167630058 0.7884333821376281 0.026734104046242775 0.017569546120058566
24 0.2781791907514451 0.7847730600292826 0.02601156069364162 0.017569546120058566
24 0.30346820809248554 0.781112737920937 0.02601156069364162 0.017569546120058566
24 0.3283959537572254 0.7774524158125915 0.02601156069364162 0.017569546120058566
24 0.2041184971098266 0.7957540263543191 0.026734104046242775 0.01683748169838946
5 0.8258670520231214 0.7133967789165446 0.016618497109826588 0.030014641288433383
5 0.840679190751445 0.7112005856515373 0.015173410404624277 0.02562225475841874
5 0.7279624277456648 0.7331625183016105 0.02601156069364162 0.017569546120058566
5 0.752528901734104 0.7298682284040996 0.026734104046242775 0.017569546120058566
5 0.7030346820809249 0.7371888726207906 0.02601156069364162 0.018301610541727673
5 0.7770953757225434 0.7265739385065886 0.026734104046242775 0.01683748169838946
5 0.678106936416185 0.7412152269399708 0.026734104046242775 0.017569546120058566
5 0.5541907514450867 0.7591508052708639 0.02601156069364162 0.018301610541727673
5 0.578757225433526 0.7554904831625183 0.026734104046242775 0.018301610541727673
5 0.6040462427745664 0.7521961932650073 0.026734104046242775 0.018301610541727673
5 0.6286127167630058 0.7485358711566618 0.02601156069364162 0.018301610541727673
5 0.4797687861271676 0.7701317715959004 0.026734104046242775 0.01903367496339678
5 0.5043352601156069 0.7664714494875549 0.02745664739884393 0.01903367496339678
5 0.5296242774566474 0.763177159590044 0.02745664739884393 0.01903367496339678
5 0.653179190751445 0.7452415812591509 0.026734104046242775 0.017569546120058566
5 0.404985549132948 0.781112737920937 0.026734104046242775 0.018301610541727673
5 0.42991329479768786 0.7774524158125915 0.02745664739884393 0.018301610541727673
5 0.45484104046242774 0.7741581259150805 0.02601156069364162 0.018301610541727673
5 0.305635838150289 0.7957540263543191 0.026734104046242775 0.017569546120058566
5 0.35513005780346824 0.7887994143484627 0.026734104046242775 0.017569546120058566
5 0.3800578034682081 0.7851390922401171 0.026734104046242775 0.017569546120058566
15 0.8735549132947977 0.7152269399707174 0.04985549132947977 0.04538799414348463
5 0.23049132947976878 0.8067349926793558 0.026734104046242775 0.018301610541727673
5 0.25578034682080925 0.8030746705710102 0.026734104046242775 0.018301610541727673
5 0.28034682080924855 0.7997803806734992 0.02601156069364162 0.01683748169838946
5 0.3305635838150289 0.7924597364568082 0.02601156069364162 0.018301610541727673
5 0.20592485549132947 0.8111273792093704 0.02601156069364162 0.018301610541727673
24 0.9067919075144508 0.7170571010248902 0.016618497109826588 0.024890190336749635
24 0.7789017341040463 0.7408491947291361 0.02601156069364162 0.018301610541727673
24 0.7297687861271677 0.7481698389458272 0.026734104046242775 0.018301610541727673
24 0.6802745664739884 0.7554904831625183 0.02745664739884393 0.01903367496339678
24 0.7055635838150289 0.7525622254758418 0.026734104046242775 0.018301610541727673
24 0.7546965317919075 0.7452415812591509 0.026734104046242775 0.018301610541727673
24 0.5809248554913294 0.7701317715959004 0.026734104046242775 0.018301610541727673
24 0.6553468208092486 0.7595168374816984 0.026734104046242775 0.018301610541727673
24 0.5310693641618497 0.7774524158125915 0.02745664739884393 0.017569546120058566
24 0.6058526011560693 0.7668374816983895 0.026734104046242775 0.017569546120058566
24 0.6307803468208093 0.7635431918008785 0.02601156069364162 0.017569546120058566
24 0.43171965317919075 0.7920937042459737 0.02745664739884393 0.018301610541727673
24 0.4570086705202312 0.7884333821376281 0.02601156069364162 0.018301610541727673
24 0.5061416184971098 0.7814787701317716 0.02601156069364162 0.01683748169838946
24 0.5559971098265896 0.7745241581259151 0.026734104046242775 0.018301610541727673
24 0.4815751445086705 0.7855051244509517 0.026734104046242775 0.017569546120058566
24 0.38258670520231214 0.7997803806734992 0.02601156069364162 0.018301610541727673
24 0.4067919075144509 0.7964860907759883 0.02601156069364162 0.018301610541727673
24 0.282514450867052 0.8144216691068814 0.02745664739884393 0.017569546120058566
24 0.33236994219653176 0.8074670571010248 0.02601156069364162 0.017569546120058566
24 0.35765895953757226 0.8038067349926794 0.02601156069364162 0.017569546120058566
24 0.23302023121387283 0.8217423133235725 0.02601156069364162 0.018301610541727673
24 0.2583092485549133 0.8184480234260615 0.02745664739884393 0.018301610541727673
24 0.3074421965317919 0.8111273792093704 0.02601156069364162 0.018301610541727673
24 0.20845375722543352 0.8257686676427526 0.026734104046242775 0.017569546120058566
24 0.8446531791907514 0.7390190336749634 0.015895953757225433 0.02562225475841874
16 0.08959537572254335 0.8517569546120058 0.09248554913294797 0.09809663250366032
18 0.2713150289017341 0.056734992679355785 0.039739884393063585 0.036603221083455345
5 0.8854768786127167 0.7434114202049781 0.024566473988439308 0.015373352855051245
18 0.5075867052023122 0.024158125915080528 0.03829479768786127 0.03513909224011713
30 0.23880057803468208 0.06954612005856516 0.028901734104046242 0.024890190336749635
7 0.5097543352601156 0.8803074670571011 0.5339595375722543 0.23792093704245973
7 0.3908959537572254 0.05307467057101025 0.11849710982658959 0.09882869692532943
15 0.6184971098265896 0.02855051244509517 0.04985549132947977 0.04538799414348463
5 0.7210982658959537 0.017203513909224012 0.015895953757225433 0.024158125915080528
24 0.5852601156069365 0.03916544655929722 0.016618497109826588 0.024890190336749635
15 0.6950867052023122 0.027086383601756955 0.03757225433526012 0.032210834553440704
24 0.6607658959537572 0.033308931185944364 0.03395953757225433 0.06076134699853587
30 0.5187861271676301 0.05527086383601757 0.013728323699421965 0.02342606149341142
5 0.21929190751445088 0.11676427525622254 0.024566473988439308 0.015373352855051245
5 0.6080202312138728 0.06405563689604685 0.02601156069364162 0.01683748169838946
24 0.6325867052023122 0.06039531478770132 0.026734104046242775 0.018301610541727673
24 0.4761560693641618 0.08455344070278184 0.018063583815028903 0.02635431918008785
24 0.49060693641618497 0.08308931185944363 0.017341040462427744 0.02635431918008785
24 0.5054190751445087 0.0808931185944363 0.019508670520231215 0.027086383601756955
24 0.5350433526011561 0.07650073206442166 0.016618497109826588 0.024890190336749635
24 0.520592485549133 0.07906295754026355 0.018063583815028903 0.02635431918008785
5 0.18822254335260116 0.13177159590043924 0.015173410404624277 0.024890190336749635
20 0.3703034682080925 0.11054172767203514 0.026734104046242775 0.018301610541727673
5 0.3229768786127168 0.13177159590043924 0.015173410404624277 0.024890190336749635
16 0.3735549132947977 0.12774524158125916 0.028901734104046242 0.0212298682284041
20 0.37536127167630057 0.14604685212298682 0.025289017341040464 0.016105417276720352
15 0.2648121387283237 0.174597364568082 0.125 0.12518301610541727
20 0.7250722543352601 0.11456808199121522 0.036127167630057806 0.02342606149341142
20 0.6842485549132948 0.12115666178623719 0.03468208092485549 0.02342606149341142
24 0.3374277456647399 0.17642752562225475 0.025289017341040464 0.016105417276720352
5 0.6878612716763006 0.14531478770131773 0.03540462427745665 0.024158125915080528
16 0.6123554913294798 0.15666178623718888 0.12210982658959538 0.11566617862371889
5 0.7290462427745664 0.1398243045387994 0.036127167630057806 0.02342606149341142
16 0.8117774566473989 0.1281112737920937 0.12283236994219653 0.11566617862371889
24 0.1936416184971098 0.22071742313323572 0.017341040462427744 0.02635431918008785
5 0.20809248554913296 0.21888726207906295 0.013728323699421965 0.024158125915080528
15 0.36741329479768786 0.20571010248901903 0.049132947976878616 0.04172767203513909
5 0.3995664739884393 0.20644216691068815 0.015895953757225433 0.024158125915080528
5 0.6921965317919075 0.17240117130307467 0.036127167630057806 0.02342606149341142
5 0.7333815028901735 0.1665446559297218 0.03540462427745665 0.024890190336749635
5 0.2695086705202312 0.24048316251830162 0.026734104046242775 0.017569546120058566
5 0.30166184971098264 0.23572474377745242 0.025289017341040464 0.01683748169838946
5 0.22507225433526012 0.24890190336749635 0.014450867052023121 0.024158125915080528
5 0.25 0.2452415812591508 0.015895953757225433 0.024158125915080528
5 0.23771676300578035 0.24743777452415813 0.015895953757225433 0.02635431918008785
5 0.7611994219653179 0.18997071742313323 0.016618497109826588 0.02635431918008785
24 0.7427745664739884 0.19765739385065886 0.02601156069364162 0.01683748169838946
5 0.6636560693641619 0.21046852122986823 0.025289017341040464 0.016105417276720352
24 0.6878612716763006 0.2075402635431918 0.02601156069364162 0.017569546120058566
24 0.4338872832369942 0.26756954612005857 0.017341040462427744 0.02635431918008785
5 0.6867774566473989 0.23645680819912152 0.015895953757225433 0.0314787701317716
24 0.7503612716763006 0.24707174231332357 0.02601156069364162 0.01683748169838946
5 0.7561416184971098 0.25988286969253294 0.026734104046242775 0.017569546120058566
16 0.8103323699421965 0.27781844802342603 0.08453757225433527 0.08857979502196194
5 0.7091763005780347 0.29758418740849196 0.024566473988439308 0.03513909224011713
5 0.7301300578034682 0.29465592972181553 0.025289017341040464 0.03733528550512445
5 0.7528901734104047 0.2913616398243045 0.02384393063583815 0.036603221083455345
5 0.6864161849710982 0.30124450951683746 0.02384393063583815 0.03587115666178624
5 0.315028901734104 0.36200585651537337 0.013728323699421965 0.030014641288433383
15 0.4324421965317919 0.34516837481698387 0.1972543352601156 0.14494875549048317
5 0.3327312138728324 0.3601756954612006 0.016618497109826588 0.02562225475841874
5 0.28901734104046245 0.4150805270863836 0.015895953757225433 0.0314787701317716
24 0.16329479768786126 0.4527818448023426 0.03106936416184971 0.015373352855051245
5 0.5437138728323699 0.4011713030746706 0.01300578034682081 0.027818448023426062
24 0.16437861271676302 0.46815519765739383 0.03106936416184971 0.013909224011713031
5 0.6307803468208093 0.4033674963396779 0.030346820809248554 0.013909224011713031
24 0.7247109826589595 0.3986090775988287 0.029624277456647398 0.013909224011713031
5 0.5892341040462428 0.4198389458272328 0.030346820809248554 0.013909224011713031
24 0.16690751445086704 0.4835285505124451 0.029624277456647398 0.014641288433382138
24 0.726878612716763 0.41398243045387995 0.028901734104046242 0.013177159590043924
5 0.5596098265895953 0.4396046852122987 0.024566473988439308 0.017569546120058566
5 0.3352601156069364 0.4732796486090776 0.025289017341040464 0.017569546120058566
24 0.16871387283236994 0.49890190336749635 0.031791907514450865 0.015373352855051245
24 0.7290462427745664 0.4289897510980966 0.03106936416184971 0.014641288433382138
5 0.5617774566473989 0.4546120058565154 0.025289017341040464 0.01683748169838946
24 0.17160404624277456 0.5142752562225475 0.030346820809248554 0.013909224011713031
24 0.7312138728323699 0.4443631039531479 0.030346820809248554 0.013909224011713031
7 0.08526011560693642 0.5424597364568082 0.17052023121387283 0.21961932650073207
7 0.840679190751445 0.4337481698389458 0.20592485549132947 0.21669106881405564
24 0.17232658959537572 0.5292825768667643 0.03106936416184971 0.015373352855051245
24 0.7333815028901735 0.45937042459736455 0.03106936416184971 0.014641288433382138
24 0.17521676300578035 0.5450219619326501 0.030346820809248554 0.013909224011713031
24 0.7355491329479769 0.4743777452415813 0.028901734104046242 0.013177159590043924
15 0.6632947976878613 0.48718887262079064 0.09898843930635838 0.11346998535871157
24 0.17702312138728324 0.5592972181551976 0.028901734104046242 0.013909224011713031
24 0.7373554913294798 0.48938506588579794 0.03106936416184971 0.015373352855051245
15 0.45989884393063585 0.5435578330893118 0.2153179190751445 0.21669106881405564
24 0.7402456647398844 0.5043923865300146 0.03106936416184971 0.014641288433382138
5 0.6351156069364162 0.551610541727672 0.025289017341040464 0.017569546120058566
5 0.7066473988439307 0.5457540263543191 0.030346820809248554 0.013909224011713031
15 0.2333815028901734 0.6281112737920937 0.11343930635838151 0.10175695461200586
5 0.8367052023121387 0.551610541727672 0.03251445086705202 0.015373352855051245
5 0.2966040462427746 0.6295754026354319 0.014450867052023121 0.027818448023426062
8 0.7615606936416185 0.58199121522694 0.04263005780346821 0.024158125915080528
5 0.5845375722543352 0.613103953147877 0.025289017341040464 0.01683748169838946
5 0.3598265895953757 0.6456808199121523 0.02601156069364162 0.01683748169838946
8 0.12897398843930635 0.6837481698389458 0.02601156069364162 0.0424597364568082
30 0.15859826589595374 0.6822840409956076 0.033236994219653176 0.03294289897510981
5 0.585621387283237 0.6281112737920937 0.031791907514450865 0.014641288433382138
5 0.3616329479768786 0.6617862371888726 0.03106936416184971 0.014641288433382138
24 0.7926300578034682 0.6032210834553441 0.016618497109826588 0.024890190336749635
5 0.2832369942196532 0.6756954612005857 0.025289017341040464 0.017569546120058566
30 0.7655346820809249 0.6101756954612005 0.03829479768786127 0.03367496339677892
24 0.7388005780346821 0.6178623718887262 0.015895953757225433 0.02562225475841874
30 0.8601878612716763 0.6017569546120058 0.11271676300578035 0.09956076134699854
24 0.16184971098265896 0.7115666178623719 0.026734104046242775 0.01683748169838946
20 0.05635838150289017 0.7331625183016105 0.017341040462427744 0.02635431918008785
24 0.04190751445086705 0.7357247437774525 0.014450867052023121 0.027086383601756955
24 0.7984104046242775 0.6332357247437774 0.025289017341040464 0.01683748169838946
5 0.7720375722543352 0.637628111273792 0.025289017341040464 0.01683748169838946