5 0.2765261627906977 0.6741531664212077 0.03125 0.017673048600883652
5 0.02616279069767442 0.6233431516936672 0.025436046511627907 0.03608247422680412
15 0.006540697674418605 0.6439617083946981 0.01308139534883721 0.0508100147275405
5 0.03815406976744186 0.6671575846833578 0.023255813953488372 0.035346097201767304
5 0.06031976744186047 0.6726804123711341 0.025436046511627907 0.035346097201767304
5 0.014898255813953489 0.6634756995581738 0.02616279069767442 0.03608247422680412
24 0.36700581395348836 0.015463917525773196 0.029069767441860465 0.020618556701030927
5 0.7848837209302325 0.8365243004418262 0.03125 0.015463917525773196
24 0.6584302325581395 0.8247422680412371 0.02688953488372093 0.019882179675994108
24 0.6827761627906976 0.8298969072164949 0.02688953488372093 0.019882179675994108
24 0.609375 0.8144329896907216 0.02688953488372093 0.01914580265095729
24 0.6340843023255814 0.8199558173784978 0.02688953488372093 0.01914580265095729
24 0.5846656976744186 0.8096465390279823 0.027616279069767442 0.019882179675994108
24 0.485828488372093 0.7882916053019146 0.027616279069767442 0.019882179675994108
24 0.5109011627906976 0.7938144329896907 0.027616279069767442 0.019882179675994108
24 0.5359738372093024 0.7989690721649485 0.02688953488372093 0.019882179675994108
24 0.5603197674418605 0.8044918998527246 0.02688953488372093 0.019882179675994108
24 0.8150436046511628 0.8597201767304861 0.02616279069767442 0.018409425625920472
24 0.38699127906976744 0.7673048600883653 0.027616279069767442 0.01914580265095729
24 0.4367732558139535 0.7779823269513991 0.027616279069767442 0.01914580265095729
24 0.46111918604651164 0.7831369661266568 0.027616279069767442 0.01914580265095729
24 0.4117005813953488 0.7731958762886598 0.027616279069767442 0.019882179675994108
24 0.26344476744186046 0.7415316642120766 0.02688953488372093 0.01914580265095729
24 0.28851744186046513 0.7470544918998527 0.027616279069767442 0.020618556701030927
24 0.31286337209302323 0.7522091310751104 0.028343023255813952 0.020618556701030927
24 0.3372093023255814 0.7573637702503682 0.027616279069767442 0.01914580265095729
24 0.36191860465116277 0.7628865979381443 0.027616279069767442 0.01914580265095729
24 0.1398982558139535 0.7157584683357879 0.02688953488372093 0.01914580265095729
24 0.16424418604651161 0.7209131075110456 0.027616279069767442 0.01914580265095729
24 0.18895348837209303 0.7260677466863034 0.02688953488372093 0.01914580265095729
24 0.2136627906976744 0.7315905743740795 0.02688953488372093 0.01914580265095729
24 0.23837209302325582 0.7367452135493373 0.02688953488372093 0.01914580265095729
24 0.11518895348837209 0.7106038291605302 0.027616279069767442 0.018409425625920472
5 0.7303779069767442 0.8497790868924889 0.0188953488372093 0.030927835051546393
5 0.7452761627906976 0.8527245949926362 0.016715116279069766 0.026509572901325478
5 0.6311773255813954 0.8343151693667158 0.02688953488372093 0.01914580265095729
5 0.6558866279069767 0.8394698085419735 0.027616279069767442 0.01914580265095729
5 0.6061046511627907 0.8291605301914581 0.02688953488372093 0.019882179675994108
5 0.6798691860465116 0.8449926362297496 0.027616279069767442 0.018409425625920472
5 0.5817587209302325 0.8243740795287187 0.027616279069767442 0.01914580265095729
5 0.4582122093023256 0.7982326951399117 0.02688953488372093 0.019882179675994108
5 0.482921511627907 0.8033873343151694 0.027616279069767442 0.019882179675994108
5 0.5076308139534884 0.8089101620029455 0.027616279069767442 0.019882179675994108
5 0.5323401162790697 0.8140648011782032 0.02688953488372093 0.019882179675994108
5 0.3840843023255814 0.7827687776141384 0.027616279069767442 0.020618556701030927
5 0.40879360465116277 0.7879234167893961 0.028343023255813952 0.020618556701030927
5 0.4335029069767442 0.7930780559646539 0.028343023255813952 0.020618556701030927
5 0.5566860465116279 0.8195876288659794 0.027616279069767442 0.01914580265095729
5 0.30995639534883723 0.7669366715758469 0.027616279069767442 0.019882179675994108
5 0.33430232558139533 0.7720913107511046 0.028343023255813952 0.019882179675994108
5 0.359375 0.7776141384388807 0.02688953488372093 0.019882179675994108
5 0.21111918604651161 0.7459499263622975 0.027616279069767442 0.01914580265095729
5 0.2601744186046512 0.7566273932253313 0.027616279069767442 0.01914580265095729
5 0.28488372093023256 0.7617820324005891 0.027616279069767442 0.01914580265095729
15 0.7750726744186046 0.867820324005891 0.05232558139534884 0.048600883652430045
5 0.13626453488372092 0.7304860088365243 0.027616279069767442 0.019882179675994108
5 0.1613372093023256 0.7356406480117821 0.027616279069767442 0.019882179675994108
5 0.18568313953488372 0.7407952871870398 0.02688953488372093 0.018409425625920472
5 0.23546511627906977 0.751840942562592 0.02688953488372093 0.019882179675994108
5 0.11155523255813954 0.725699558173785 0.02688953488372093 0.019882179675994108
24 0.8059593023255814 0.8814432989690721 0.018168604651162792 0.02577319587628866
24 0.6769622093023255 0.8593519882179675 0.02688953488372093 0.019882179675994108
24 0.627906976744186 0.8490427098674521 0.027616279069767442 0.019882179675994108
24 0.5784883720930233 0.8387334315169367 0.028343023255813952 0.020618556701030927
24 0.6035610465116279 0.8446244477172312 0.027616279069767442 0.019882179675994108
24 0.6526162790697675 0.8549337260677466 0.027616279069767442 0.019882179675994108
24 0.4796511627906977 0.8177466863033873 0.027616279069767442 0.019882179675994108
24 0.5537790697674418 0.8339469808541974 0.027616279069767442 0.019882179675994108
24 0.43023255813953487 0.8074374079528719 0.028343023255813952 0.01914580265095729
24 0.5047238372093024 0.8236377025036818 0.027616279069767442 0.01914580265095729
24 0.5290697674418605 0.8287923416789397 0.02688953488372093 0.01914580265095729
24 0.3313953488372093 0.7868188512518409 0.028343023255813952 0.019882179675994108
24 0.3561046511627907 0.7919734904270986 0.02688953488372093 0.019882179675994108
24 0.40515988372093026 0.8026509572901326 0.02688953488372093 0.018409425625920472
24 0.454578488372093 0.8133284241531664 0.027616279069767442 0.019882179675994108
24 0.3808139534883721 0.7974963181148749 0.027616279069767442 0.01914580265095729
24 0.28234011627906974 0.7768777614138439 0.02688953488372093 0.019882179675994108
24 0.30632267441860467 0.7820324005891016 0.02688953488372093 0.019882179675994108
24 0.18277616279069767 0.7558910162002945 0.028343023255813952 0.01914580265095729
24 0.23219476744186046 0.7665684830633285 0.02688953488372093 0.01914580265095729
24 0.25726744186046513 0.7717231222385862 0.02688953488372093 0.01914580265095729
24 0.13335755813953487 0.7455817378497791 0.02688953488372093 0.019882179675994108
24 0.15843023255813954 0.7507363770250368 0.028343023255813952 0.019882179675994108
24 0.20748546511627908 0.7614138438880707 0.02688953488372093 0.019882179675994108
24 0.10901162790697674 0.7404270986745214 0.027616279069767442 0.01914580265095729
24 0.7398255813953488 0.8803387334315169 0.01744186046511628 0.026509572901325478
16 0.018531976744186048 0.7234904270986745 0.037063953488372096 0.10382916053019146
18 0.42950581395348836 0.03571428571428571 0.04215116279069767 0.03829160530191458
5 0.7765261627906976 0.8987481590574374 0.025436046511627907 0.016936671575846832
18 0.6638808139534884 0.08726067746686303 0.040697674418604654 0.03755522827687776
30 0.39425872093023256 0.036450662739322535 0.029796511627906978 0.026509572901325478
7 0.37463662790697677 0.8796023564064801 0.5414244186046512 0.23932253313696614
7 0.5436046511627907 0.07253313696612666 0.12281976744186046 0.10677466863033873
15 0.767078488372093 0.12997054491899854 0.05232558139534884 0.048600883652430045
5 0.8680959302325582 0.15500736377025037 0.01744186046511628 0.025036818851251842
24 0.7321947674418605 0.12849779086892488 0.018168604651162792 0.02577319587628866
15 0.8401162790697675 0.15537555228276878 0.03924418604651163 0.03460972017673049
24 0.8055959302325582 0.14911634756995581 0.0377906976744186 0.0625920471281296
30 0.6638808139534884 0.12039764359351988 0.015261627906976744 0.023564064801178203
5 0.35973837209302323 0.0740058910162003 0.025436046511627907 0.016936671575846832
5 0.7452761627906976 0.15979381443298968 0.02688953488372093 0.018409425625920472
24 0.7696220930232558 0.16494845360824742 0.027616279069767442 0.019882179675994108
24 0.6137354651162791 0.1332842415316642 0.019622093023255814 0.027245949926362298
24 0.627906976744186 0.13696612665684832 0.0188953488372093 0.027245949926362298
24 0.6424418604651163 0.13991163475699558 0.021075581395348836 0.027982326951399118
24 0.671875 0.14617083946980855 0.018168604651162792 0.02577319587628866
24 0.657703488372093 0.14359351988217967 0.019622093023255814 0.027245949926362298
5 0.32521802325581395 0.07768777614138439 0.016715116279069766 0.02577319587628866
20 0.5047238372093024 0.12076583210603829 0.027616279069767442 0.019882179675994108
5 0.45276162790697677 0.1248159057437408 0.016715116279069766 0.02577319587628866
16 0.5018168604651163 0.13843888070692195 0.029796511627906978 0.022827687776141383
20 0.49745639534883723 0.1561119293078056 0.02616279069767442 0.017673048600883652
15 0.38335755813953487 0.14469808541973492 0.13154069767441862 0.1325478645066274
20 0.8382994186046512 0.24852724594992637 0.037063953488372096 0.02577319587628866
20 0.7976017441860465 0.24042709867452136 0.03561046511627907 0.02577319587628866
24 0.45094476744186046 0.1719440353460972 0.02616279069767442 0.017673048600883652
5 0.7932412790697675 0.2647275405007364 0.037063953488372096 0.026509572901325478
16 0.7180232558139535 0.24889543446244478 0.12790697674418605 0.12223858615611193
5 0.8339389534883721 0.27393225331369664 0.037063953488372096 0.02577319587628866
16 0.9160610465116279 0.2916053019145803 0.12863372093023256 0.12297496318114874
24 0.30050872093023256 0.1634756995581738 0.0188953488372093 0.027245949926362298
5 0.31468023255813954 0.16678939617083946 0.015261627906976744 0.024300441826215022
15 0.4694767441860465 0.20986745213549338 0.05159883720930233 0.04491899852724595
5 0.49963662790697677 0.22164948453608246 0.01744186046511628 0.025036818851251842
5 0.7877906976744186 0.2916053019145803 0.037063953488372096 0.02577319587628866
5 0.8284883720930233 0.3004418262150221 0.037063953488372096 0.027245949926362298
5 0.3651889534883721 0.20876288659793815 0.027616279069767442 0.01914580265095729
5 0.3971656976744186 0.21539027982326953 0.02616279069767442 0.018409425625920472
5 0.32049418604651164 0.20139911634756996 0.015988372093023256 0.025036818851251842
5 0.345203488372093 0.20655375552282768 0.01744186046511628 0.025036818851251842
5 0.3328488372093023 0.20434462444771723 0.01744186046511628 0.027245949926362298
5 0.8473837209302325 0.3324742268041237 0.018168604651162792 0.027245949926362298
24 0.8270348837209303 0.3332106038291605 0.02688953488372093 0.018409425625920472
5 0.7481831395348837 0.3177466863033873 0.02616279069767442 0.017673048600883652
24 0.7718023255813954 0.3232695139911635 0.02688953488372093 0.01914580265095729
24 0.5112645348837209 0.2916053019145803 0.0188953488372093 0.027245949926362298
5 0.7609011627906976 0.35014727540500734 0.01744186046511628 0.03166421207658321
24 0.8172238372093024 0.38254786450662737 0.02688953488372093 0.018409425625920472
5 0.8186773255813954 0.39653902798232693 0.027616279069767442 0.01914580265095729
16 0.8637354651162791 0.4322533136966127 0.08938953488372094 0.093519882179676
5 0.7612645348837209 0.41605301914580267 0.02688953488372093 0.036818851251840944
5 0.7823401162790697 0.42047128129602357 0.027616279069767442 0.03829160530191458
5 0.8052325581395349 0.4252577319587629 0.02616279069767442 0.03829160530191458
5 0.7387354651162791 0.4112665684830633 0.02616279069767442 0.03755522827687776
5 0.36736918604651164 0.3394698085419735 0.015988372093023256 0.030191458026509573
15 0.48401162790697677 0.3645066273932253 0.20421511627906977 0.15758468335787923
5 0.38444767441860467 0.3438880706921944 0.018168604651162792 0.026509572901325478
5 0.32449127906976744 0.3803387334315169 0.01744186046511628 0.03166421207658321
24 0.19295058139534885 0.37260677466863035 0.03125 0.016936671575846832
5 0.5697674418604651 0.45581737849779086 0.014534883720930232 0.028718703976435934
24 0.18859011627906977 0.3873343151693667 0.03197674418604651 0.015463917525773196
5 0.6515261627906976 0.4885861561119293 0.03125 0.015463917525773196
24 0.7420058139534884 0.5165684830633285 0.029796511627906978 0.016200294550810016
5 0.606468023255814 0.4893225331369661 0.03125 0.015463917525773196
24 0.18568313953488372 0.4024300441826215 0.029796511627906978 0.016936671575846832
24 0.7387354651162791 0.53240058910162 0.029796511627906978 0.015463917525773196
5 0.5715843023255814 0.49815905743740796 0.025436046511627907 0.01914580265095729
5 0.3484738372093023 0.45139911634756996 0.02616279069767442 0.01914580265095729
24 0.18204941860465115 0.4175257731958763 0.03197674418604651 0.016936671575846832
24 0.735828488372093 0.5471281296023565 0.03125 0.016200294550810016
5 0.5690406976744186 0.5128865979381443 0.02616279069767442 0.018409425625920472
24 0.17950581395348839 0.4333578792341679 0.030523255813953487 0.016200294550810016
24 0.7325581395348837 0.5625920471281296 0.03125 0.015463917525773196
7 0.09047965116279069 0.42783505154639173 0.18095930232558138 0.22974963181148747
7 0.8393895348837209 0.5905743740795287 0.2180232558139535 0.22827687776141384
24 0.17550872093023256 0.4477172312223859 0.03125 0.016936671575846832
24 0.7292877906976745 0.5773195876288659 0.03125 0.016200294550810016
24 0.17296511627906977 0.4639175257731959 0.03125 0.015463917525773196
24 0.7263808139534884 0.5920471281296024 0.029796511627906978 0.015463917525773196
15 0.6540697674418605 0.5791605301914581 0.10610465116279069 0.11929307805596466
24 0.16969476744186046 0.47790868924889546 0.029069767441860465 0.016200294550810016
24 0.7231104651162791 0.6071428571428571 0.03125 0.016936671575846832
15 0.4425872093023256 0.5614874815905744 0.22747093023255813 0.22901325478645065
24 0.7205668604651163 0.6222385861561119 0.03125 0.016200294550810016
5 0.6053779069767442 0.6303387334315169 0.02616279069767442 0.01914580265095729
5 0.674781976744186 0.6494845360824743 0.03125 0.015463917525773196
15 0.19949127906976744 0.5625920471281296 0.11918604651162791 0.10824742268041238
5 0.7957848837209303 0.7002945508100147 0.032703488372093026 0.017673048600883652
5 0.25872093023255816 0.5857879234167894 0.015988372093023256 0.027982326951399118
8 0.7143895348837209 0.7032400589101621 0.0436046511627907 0.026509572901325478
5 0.5367005813953488 0.6708394698085419 0.02616279069767442 0.018409425625920472
5 0.31286337209302323 0.6229749631811488 0.02688953488372093 0.018409425625920472
8 0.08175872093023256 0.5784241531664213 0.029069767441860465 0.04344624447717231
30 0.11046511627906977 0.5876288659793815 0.03488372093023256 0.035346097201767304
5 0.5323401162790697 0.6855670103092784 0.03197674418604651 0.016200294550810016
5 0.3092296511627907 0.6388070692194403 0.03125 0.016200294550810016
24 0.7365552325581395 0.7337997054491899 0.018168604651162792 0.02577319587628866
5 0.23037790697674418 0.6248159057437408 0.02616279069767442 0.01914580265095729
30 0.7085755813953488 0.7308541973490427 0.03997093023255814 0.03608247422680412
24 0.6809593023255814 0.7290132547864506 0.01744186046511628 0.026509572901325478
30 0.8012354651162791 0.7558910162002945 0.11773255813953488 0.10677466863033873
24 0.10356104651162791 0.6163475699558174 0.027616279069767442 0.018409425625920472
20 0.0032703488372093025 0.6001472754050073 0.006540697674418605 0.027982326951399118
24 0.7318313953488372 0.7639911634756995 0.02616279069767442 0.018409425625920472
5 0.7053052325581395 0.7592047128129602 0.02616279069767442 0.018409425625920472