7 0.37255406797116375 0.34401408450704224 0.02832131822863028 0.0880281690140845
21 0.7062306900102987 0.30915492957746477 0.047888774459320285 0.05070422535211268
7 0.15731204943357363 0.4971830985915493 0.03913491246138002 0.06619718309859154
7 0.3895468589083419 0.4334507042253521 0.06488156539649846 0.04154929577464789
21 0.20623069001029867 0.527112676056338 0.06848609680741503 0.17253521126760563
21 0.49485066941297634 0.4461267605633803 0.055612770339855816 0.07746478873239436
21 0.3632852729145211 0.4950704225352113 0.026776519052523172 0.08732394366197183
7 0.44438722966014416 0.49753521126760564 0.02729145211122554 0.0880281690140845
7 0.17173017507723995 0.592605633802817 0.0345005149330587 0.06267605633802817
7 0.3344490216271885 0.5524647887323944 0.030895983522142123 0.0676056338028169
21 0.8498970133882595 0.42852112676056336 0.021112255406797117 0.048591549295774646
20 0.4673017507723996 0.5672535211267605 0.021627188465499485 0.02323943661971831
21 0.7826982492276005 0.4964788732394366 0.0427394438722966 0.10704225352112676
21 0.6918125643666323 0.525 0.07826982492276004 0.04366197183098591
21 0.8643151390319258 0.5144366197183099 0.021112255406797117 0.048591549295774646
21 0.4742533470648816 0.6299295774647887 0.06591143151390319 0.05704225352112676
21 0.487384140061792 0.6598591549295775 0.07929969104016478 0.04507042253521127
21 0.8473223480947477 0.5602112676056338 0.028836251287332648 0.04014084507042254
21 0.1547373841400618 0.7926056338028169 0.036560247167868175 0.06056338028169014
7 0.1794541709577755 0.7876760563380282 0.02729145211122554 0.04507042253521127
21 0.63259526261586 0.6559859154929577 0.04840370751802266 0.03732394366197183
21 0.8329042224510813 0.6154929577464788 0.03141091658084449 0.048591549295774646
7 0.7371266735324408 0.6637323943661971 0.04737384140061792 0.03380281690140845
21 0.8619979402677652 0.6580985915492957 0.028836251287332648 0.04014084507042254
21 0.6374871266735325 0.7345070422535211 0.04943357363542739 0.04295774647887324
21 0.48455200823892897 0.7795774647887324 0.04943357363542739 0.04507042253521127
21 0.20262615859938207 0.8623239436619718 0.049948506694129764 0.045774647887323945
7 0.5803295571575695 0.7531690140845071 0.03347064881565397 0.05985915492957746
21 0.3025231719876416 0.8387323943661972 0.03810504634397528 0.04366197183098591
7 0.7433058702368692 0.7144366197183099 0.03398558187435633 0.04788732394366197
28 0.7852729145211123 0.7028169014084507 0.010298661174047374 0.015492957746478873
7 0.6828012358393409 0.7376760563380281 0.02368692070030896 0.06619718309859154
21 0.8385684860968075 0.7003521126760563 0.09165808444902163 0.045774647887323945
21 0.903707518022657 0.6992957746478873 0.024716786817713696 0.06690140845070422
20 0.8334191555097837 0.7306338028169014 0.021627188465499485 0.02323943661971831
20 0.8043254376930999 0.7404929577464788 0.022142121524201853 0.023943661971830985
7 0.752832131822863 0.7654929577464789 0.04737384140061792 0.03380281690140845
7 0.3666323377960865 0.8820422535211268 0.03141091658084449 0.03591549295774648
7 0.41992790937178165 0.8683098591549295 0.03244078269824923 0.03732394366197183
21 0.6269309989701339 0.826056338028169 0.05612770339855819 0.08098591549295775
21 0.48558187435633365 0.8672535211267606 0.057672502574665295 0.0795774647887324
21 0.2139546858908342 0.946830985915493 0.057672502574665295 0.0795774647887324
21 0.557157569515963 0.8535211267605634 0.054067971163748715 0.0676056338028169
21 0.8125643666323378 0.7841549295774648 0.23480947476828012 0.09014084507042254
21 0.2842430484037075 0.9415492957746479 0.04531410916580844 0.05140845070422535
21 0.42687950566426364 0.9 0.042224510813594233 0.048591549295774646
21 0.3735839340885685 0.9154929577464789 0.04170957775489186 0.05211267605633803
7 0.26544799176107103 0.11549295774647887 0.08959835221421215 0.06830985915492958
7 0.12461380020597322 0.15704225352112677 0.08908341915550978 0.0647887323943662
7 0.414778578784758 0.07394366197183098 0.08702368692070031 0.06619718309859154
7 0.5679711637487127 0.03204225352112676 0.08856848609680741 0.06408450704225352
7 0.719361483007209 0.009859154929577466 0.0854788877445932 0.01971830985915493
21 0.2708547888774459 0.14753521126760563 0.06436663233779609 0.048591549295774646
21 0.42018537590113286 0.1056338028169014 0.06436663233779609 0.04788732394366197
21 0.13079299691040164 0.19049295774647887 0.06591143151390319 0.04788732394366197
21 0.5715756951596292 0.06373239436619718 0.06539649845520082 0.04788732394366197
21 0.7252832131822863 0.024295774647887323 0.06436663233779609 0.048591549295774646
21 0.7958290422245108 0.08345070422535211 0.03347064881565397 0.03028169014084507
21 0.825437693099897 0.17570422535211266 0.044284243048403706 0.1676056338028169
21 0.5100411946446962 0.27605633802816903 0.026261585993820804 0.06971830985915493
7 0.551750772399588 0.2676056338028169 0.029866117404737384 0.09014084507042254
7 0.7008238928939238 0.2278169014084507 0.028836251287332648 0.08943661971830986
7 0.39701338825952626 0.321830985915493 0.028836251287332648 0.09084507042253522
7 0.2106076210092688 0.3823943661971831 0.029351184346035016 0.09014084507042254