7 0.18005464480874317 0.3430493273542601 0.014754098360655738 0.08669656203288491
24 0.6319672131147541 0.3542600896860987 0.017486338797814208 0.01195814648729447
24 0.783879781420765 0.3579970104633782 0.017486338797814208 0.01195814648729447
7 0.7057377049180328 0.3598654708520179 0.015846994535519125 0.08669656203288491
5 0.7314207650273225 0.36136023916292975 0.01912568306010929 0.01195814648729447
20 0.14562841530054646 0.34715994020926755 0.01912568306010929 0.013452914798206279
5 0.257103825136612 0.3505231689088191 0.018579234972677595 0.013452914798206279
20 0.46939890710382515 0.3617339312406577 0.01912568306010929 0.012705530642750373
20 0.7841530054644809 0.3692077727952167 0.018032786885245903 0.012705530642750373
5 0.41147540983606556 0.3609865470852018 0.018579234972677595 0.013452914798206279
5 0.10027322404371584 0.35351270553064273 0.018579234972677595 0.012705530642750373
24 0.3076502732240437 0.35949177877429 0.017486338797814208 0.012705530642750373
20 0.6306010928961748 0.3684603886397608 0.01912568306010929 0.014200298953662182
7 0.5360655737704918 0.36696562032884905 0.016939890710382512 0.08893871449925261
5 0.07049180327868852 0.3568759342301943 0.018579234972677595 0.04633781763826607
24 0.1453551912568306 0.36061285500747386 0.017486338797814208 0.01195814648729447
24 0.7836065573770492 0.38266068759342303 0.017486338797814208 0.011210762331838564
24 0.46939890710382515 0.3774289985052317 0.018032786885245903 0.012705530642750373
20 0.3081967213114754 0.3759342301943199 0.018579234972677595 0.014947683109118086
24 0.41147540983606556 0.3781763826606876 0.01639344262295082 0.01195814648729447
24 0.6303278688524591 0.38490284005979075 0.018032786885245903 0.012705530642750373
5 0.14590163934426228 0.3740657698056801 0.018579234972677595 0.012705530642750373
20 0.28005464480874315 0.3841554559043348 0.01366120218579235 0.02242152466367713
5 0.5745901639344262 0.39125560538116594 0.01912568306010929 0.012705530642750373
24 0.5953551912568306 0.3923766816143498 0.01639344262295082 0.01195814648729447
20 0.23306010928961748 0.3837817638266069 0.01366120218579235 0.02242152466367713
20 0.25601092896174865 0.3841554559043348 0.014207650273224045 0.021674140508221227
24 0.4680327868852459 0.3923766816143498 0.016939890710382512 0.011210762331838564
24 0.3079234972677596 0.39162929745889385 0.016939890710382512 0.011210762331838564
24 0.14562841530054646 0.3882660687593423 0.018032786885245903 0.01195814648729447
24 0.46830601092896174 0.40732436472346784 0.017486338797814208 0.01046337817638266
23 0.11147540983606558 0.40022421524663676 0.02185792349726776 0.01943198804185351
5 0.07814207650273224 0.4039611360239163 0.03442622950819672 0.02466367713004484
24 0.46830601092896174 0.42152466367713004 0.016939890710382512 0.012705530642750373
7 0.18743169398907103 0.4155455904334828 0.05027322404371585 0.02391629297458894
20 0.13907103825136613 0.42115097159940207 0.01639344262295082 0.02092675635276532
15 0.41939890710382516 0.4286248131539611 0.04262295081967213 0.06278026905829596
15 0.598087431693989 0.43871449925261585 0.04371584699453552 0.06576980568011959
8 0.6822404371584699 0.44245142002989535 0.05027322404371585 0.030642750373692077
5 0.21994535519125682 0.4327354260089686 0.007103825136612022 0.026158445440956652
7 0.1871584699453552 0.43796711509715996 0.05081967213114754 0.021674140508221227
15 0.23497267759562843 0.4435724962630792 0.01912568306010929 0.03811659192825112
5 0.45136612021857925 0.4517937219730942 0.00819672131147541 0.028400597907324365
24 0.573224043715847 0.4555306427503737 0.00819672131147541 0.028400597907324365
24 0.2617486338797814 0.4495515695067265 0.017486338797814208 0.01195814648729447
7 0.7830601092896174 0.4633781763826607 0.03551912568306011 0.07473841554559044
7 0.5327868852459017 0.4633781763826607 0.06174863387978142 0.021674140508221227
24 0.26202185792349725 0.46674140508221224 0.017486338797814208 0.011210762331838564
24 0.16038251366120218 0.4671150971599402 0.007650273224043716 0.026158445440956652
8 0.683879781420765 0.484304932735426 0.054098360655737705 0.032137518684603884
24 0.4461748633879781 0.48094170403587444 0.018032786885245903 0.01195814648729447
18 0.523224043715847 0.48692077727952165 0.022950819672131147 0.014947683109118086
24 0.26256830601092895 0.48094170403587444 0.018032786885245903 0.011210762331838564
24 0.5013661202185792 0.4872944693572496 0.017486338797814208 0.01195814648729447
5 0.3975409836065574 0.4854260089686099 0.018579234972677595 0.025411061285500747
5 0.6415300546448087 0.4943946188340807 0.007103825136612022 0.026158445440956652
5 0.15 0.4850523168908819 0.01092896174863388 0.028400597907324365
5 0.32349726775956283 0.4891629297458894 0.018032786885245903 0.025411061285500747
5 0.1814207650273224 0.4880418535127055 0.007650273224043716 0.026905829596412557
12 0.17049180327868851 0.4884155455904335 0.01092896174863388 0.029895366218236172
7 0.07923497267759563 0.4876681614349776 0.10546448087431694 0.13901345291479822
24 0.26229508196721313 0.4943946188340807 0.017486338797814208 0.012705530642750373
7 0.7371584699453552 0.5071001494768311 0.060109289617486336 0.19730941704035873
18 0.5234972677595628 0.5048579970104634 0.022404371584699455 0.014200298953662182
24 0.5027322404371585 0.5052316890881914 0.016939890710382512 0.014200298953662182
7 0.4278688524590164 0.5056053811659192 0.05245901639344262 0.07249626307922272
15 0.2185792349726776 0.5052316890881914 0.03224043715846994 0.04484304932735426
5 0.26202185792349725 0.5085949177877429 0.018579234972677595 0.012705530642750373
7 0.5691256830601092 0.5186846038863976 0.018579234972677595 0.09043348281016443
18 0.5226775956284153 0.5213004484304933 0.02185792349726776 0.01569506726457399
24 0.5019125683060109 0.5209267563527653 0.018032786885245903 0.014947683109118086
8 0.6811475409836065 0.5254110612855007 0.05573770491803279 0.030642750373692077
5 0.16147540983606556 0.515695067264574 0.007650273224043716 0.026158445440956652
24 0.15109289617486338 0.5164424514200299 0.007650273224043716 0.02466367713004484
24 0.14016393442622951 0.5168161434977578 0.007650273224043716 0.025411061285500747
5 0.26584699453551913 0.5257847533632287 0.03442622950819672 0.02466367713004484
18 0.5224043715846994 0.5384902840059791 0.020765027322404372 0.014947683109118086
24 0.5021857923497268 0.5388639760837071 0.017486338797814208 0.014200298953662182
7 0.48633879781420764 0.5437219730941704 0.014207650273224045 0.08669656203288491
24 0.2617486338797814 0.5429745889387145 0.016939890710382512 0.011210762331838564
5 0.2907103825136612 0.5444693572496263 0.018032786885245903 0.026905829596412557
20 0.8008196721311476 0.5609118086696562 0.06229508196721312 0.12705530642750373
18 0.5226775956284153 0.554932735426009 0.021311475409836064 0.014200298953662182
24 0.5019125683060109 0.554559043348281 0.016939890710382512 0.014200298953662182
7 0.7811475409836065 0.5620328849028401 0.03879781420765027 0.07623318385650224
5 0.4456284153005464 0.554932735426009 0.018579234972677595 0.026158445440956652
24 0.2603825136612022 0.5564275037369207 0.017486338797814208 0.01046337817638266
5 0.20136612021857925 0.5579222720478326 0.007650273224043716 0.026158445440956652
24 0.14016393442622951 0.5564275037369207 0.017486338797814208 0.01195814648729447
7 0.6073770491803279 0.5683856502242153 0.023497267759562842 0.06651718983557549
24 0.19153005464480874 0.5582959641255605 0.008743169398907104 0.02242152466367713
24 0.2133879781420765 0.5590433482810164 0.009289617486338797 0.026158445440956652
18 0.5215846994535519 0.5691330343796711 0.021311475409836064 0.013452914798206279
24 0.5024590163934426 0.570254110612855 0.017486338797814208 0.012705530642750373
24 0.23469945355191257 0.5646487294469357 0.018032786885245903 0.01195814648729447
24 0.17240437158469946 0.5639013452914798 0.017486338797814208 0.01195814648729447
5 0.5467213114754098 0.5751121076233184 0.018032786885245903 0.012705530642750373
5 0.1721311475409836 0.5795964125560538 0.018032786885245903 0.011210762331838564
15 0.36065573770491804 0.5863228699551569 0.13497267759562842 0.18684603886397608
20 0.28852459016393445 0.5885650224215246 0.008743169398907104 0.013452914798206279
30 0.6775956284153005 0.5982810164424515 0.05737704918032787 0.10164424514200299
5 0.22076502732240438 0.5881913303437967 0.006010928961748634 0.026905829596412557
6 0.23497267759562843 0.5893124065769806 0.02185792349726776 0.03662182361733931
5 0.27404371584699455 0.5964125560538116 0.007650273224043716 0.026158445440956652
20 0.28825136612021857 0.5990284005979073 0.009289617486338797 0.013452914798206279
5 0.2062841530054645 0.5982810164424515 0.018579234972677595 0.04783258594917788
5 0.17404371584699455 0.5990284005979073 0.017486338797814208 0.01046337817638266
5 0.26202185792349725 0.602017937219731 0.018032786885245903 0.04783258594917788
5 0.24890710382513662 0.6076233183856502 0.007103825136612022 0.025411061285500747
5 0.19207650273224045 0.6068759342301944 0.007650273224043716 0.026905829596412557
15 0.5407103825136612 0.6154708520179372 0.05628415300546448 0.06203288490284006
20 0.28825136612021857 0.6102391629297459 0.009289617486338797 0.013452914798206279
5 0.5040983606557377 0.6165919282511211 0.018032786885245903 0.045590433482810166
5 0.4852459016393443 0.6177130044843049 0.017486338797814208 0.04783258594917788
20 0.2923497267759563 0.6162182361733931 0.008743169398907104 0.014947683109118086
24 0.1737704918032787 0.6147234678624813 0.016939890710382512 0.013452914798206279
20 0.2967213114754098 0.6214499252615845 0.009289617486338797 0.013452914798206279
24 0.7169398907103826 0.633034379671151 0.017486338797814208 0.012705530642750373
20 0.3005464480874317 0.6259342301943199 0.009289617486338797 0.014200298953662182
5 0.6325136612021858 0.6431240657698056 0.007650273224043716 0.026905829596412557
5 0.42868852459016393 0.6434977578475336 0.017486338797814208 0.02391629297458894
8 0.6521857923497267 0.6502242152466368 0.022404371584699455 0.052316890881913304
7 0.08825136612021858 0.6382660687593423 0.14863387978142076 0.16591928251121077
5 0.7390710382513661 0.6543348281016442 0.018579234972677595 0.01046337817638266
24 0.17404371584699455 0.6431240657698056 0.018032786885245903 0.014200298953662182
16 0.2953551912568306 0.6461136023916293 0.018032786885245903 0.02466367713004484
7 0.23743169398907105 0.6461136023916293 0.0825136612021858 0.026905829596412557
24 0.4603825136612022 0.6524663677130045 0.018032786885245903 0.025411061285500747
24 0.4773224043715847 0.6550822122571002 0.007103825136612022 0.02466367713004484
11 0.596448087431694 0.6576980568011959 0.04918032786885246 0.06278026905829596
5 0.1737704918032787 0.6588191330343797 0.018032786885245903 0.01195814648729447
24 0.7699453551912568 0.6767563527653214 0.00819672131147541 0.025411061285500747
15 0.739344262295082 0.6827354260089686 0.048087431693989074 0.04484304932735426
7 0.47540983606557374 0.6786248131539612 0.06775956284153005 0.023168908819133034
20 0.6745901639344263 0.6894618834080718 0.0726775956284153 0.07997010463378176
24 0.2653005464480874 0.6804932735426009 0.007650273224043716 0.02466367713004484
5 0.2855191256830601 0.6816143497757847 0.006557377049180328 0.02466367713004484
5 0.2210382513661202 0.6808669656203289 0.007103825136612022 0.026158445440956652
24 0.2756830601092896 0.6823617339312407 0.007650273224043716 0.02391629297458894
24 0.24344262295081967 0.6816143497757847 0.007103825136612022 0.02466367713004484
5 0.2538251366120219 0.6816143497757847 0.007103825136612022 0.023168908819133034
8 0.5215846994535519 0.6879671150971599 0.022950819672131147 0.0687593423019432
24 0.20081967213114754 0.6804932735426009 0.00819672131147541 0.026158445440956652
24 0.2336065573770492 0.6819880418535127 0.00819672131147541 0.02466367713004484
24 0.21120218579234973 0.6823617339312407 0.007650273224043716 0.026158445440956652
24 0.17404371584699455 0.6812406576980568 0.018032786885245903 0.012705530642750373
5 0.39207650273224043 0.6887144992526159 0.018032786885245903 0.02466367713004484
6 0.32814207650273225 0.6894618834080718 0.022404371584699455 0.03736920777279522
5 0.30245901639344264 0.6887144992526159 0.007650273224043716 0.026905829596412557
5 0.31338797814207653 0.6890881913303438 0.007650273224043716 0.026905829596412557
5 0.18989071038251365 0.6883408071748879 0.007650273224043716 0.026905829596412557
7 0.47622950819672133 0.7014200298953662 0.06666666666666667 0.023168908819133034
5 0.17404371584699455 0.695440956651719 0.018032786885245903 0.01195814648729447
24 0.6284153005464481 0.7159940209267563 0.00819672131147541 0.026905829596412557
24 0.6 0.7174887892376681 0.008743169398907104 0.025411061285500747
5 0.3284153005464481 0.7141255605381166 0.018579234972677595 0.011210762331838564
24 0.5622950819672131 0.7212257100149477 0.017486338797814208 0.013452914798206279
7 0.46830601092896174 0.7227204783258595 0.08360655737704918 0.02391629297458894
24 0.4087431693989071 0.7227204783258595 0.018032786885245903 0.013452914798206279
24 0.24316939890710382 0.71898355754858 0.007650273224043716 0.025411061285500747
5 0.23333333333333334 0.7193572496263079 0.00819672131147541 0.026905829596412557
24 0.285792349726776 0.7204783258594918 0.007650273224043716 0.025411061285500747
24 0.2754098360655738 0.7204783258594918 0.00819672131147541 0.026158445440956652
5 0.26557377049180325 0.7208520179372198 0.007650273224043716 0.026905829596412557
5 0.20163934426229507 0.7193572496263079 0.007650273224043716 0.026158445440956652
24 0.253551912568306 0.7204783258594918 0.007650273224043716 0.025411061285500747
24 0.22131147540983606 0.7197309417040358 0.00819672131147541 0.025411061285500747
24 0.21147540983606558 0.7204783258594918 0.00819672131147541 0.026158445440956652
24 0.173224043715847 0.7193572496263079 0.016939890710382512 0.011210762331838564
24 0.7527322404371585 0.7346786248131539 0.016939890710382512 0.01046337817638266
24 0.7325136612021858 0.7350523168908819 0.016939890710382512 0.011210762331838564
24 0.7806010928961749 0.7399103139013453 0.00819672131147541 0.026158445440956652
24 0.5169398907103825 0.7470104633781763 0.018579234972677595 0.01195814648729447
7 0.7989071038251366 0.7619581464872944 0.021311475409836064 0.04035874439461883
7 0.8459016393442623 0.7660687593423019 0.07377049180327869 0.07997010463378176
5 0.14426229508196722 0.75 0.018579234972677595 0.013452914798206279
30 0.6131147540983607 0.7649476831091181 0.04480874316939891 0.07025411061285501
18 0.7806010928961749 0.7713004484304933 0.010382513661202186 0.030642750373692077
30 0.553551912568306 0.7660687593423019 0.04262295081967213 0.07399103139013453
30 0.7483606557377049 0.7713004484304933 0.053005464480874315 0.06053811659192825
15 0.4633879781420765 0.7653213751868461 0.04972677595628415 0.044095665171898356
7 0.3174863387978142 0.7623318385650224 0.05081967213114754 0.026158445440956652
24 0.22377049180327868 0.7645739910313901 0.016939890710382512 0.01195814648729447
24 0.14453551912568305 0.7634529147982063 0.017486338797814208 0.013452914798206279
11 0.38989071038251366 0.7724215246636771 0.055191256830601096 0.09118086696562033
24 0.4937158469945355 0.7765321375186846 0.007650273224043716 0.026158445440956652
11 0.6778688524590164 0.7888639760837071 0.06557377049180328 0.07698056801195814
24 0.2243169398907104 0.7791479820627802 0.017486338797814208 0.01195814648729447
24 0.14453551912568305 0.7776532137518685 0.017486338797814208 0.012705530642750373
7 0.0685792349726776 0.7806427503736921 0.11256830601092896 0.1375186846038864
5 0.4644808743169399 0.7952167414050823 0.017486338797814208 0.01195814648729447
24 0.3524590163934426 0.7933482810164425 0.018032786885245903 0.011210762331838564
5 0.14426229508196722 0.7911061285500748 0.017486338797814208 0.01195814648729447
2 0.2792349726775956 0.796711509715994 0.03333333333333333 0.061285500747384154
7 0.22896174863387977 0.8008221225710015 0.01639344262295082 0.023168908819133034
7 0.19672131147540983 0.8000747384155455 0.01639344262295082 0.02391629297458894
24 0.8095628415300546 0.8176382660687593 0.017486338797814208 0.01046337817638266
24 0.3519125683060109 0.8068011958146487 0.018032786885245903 0.012705530642750373
24 0.7898907103825137 0.8172645739910314 0.017486338797814208 0.01046337817638266
24 0.14426229508196722 0.8053064275037369 0.018032786885245903 0.013452914798206279
8 0.6095628415300547 0.8165171898355755 0.05081967213114754 0.030642750373692077
8 0.5527322404371585 0.8161434977578476 0.05081967213114754 0.03139013452914798
24 0.48278688524590163 0.8187593423019432 0.017486338797814208 0.01046337817638266
8 0.730327868852459 0.82847533632287 0.05081967213114754 0.03139013452914798
5 0.45109289617486337 0.8217488789237668 0.007103825136612022 0.026905829596412557
15 0.4314207650273224 0.8221225710014948 0.030054644808743168 0.05455904334828102
24 0.3516393442622951 0.8210014947683109 0.016939890710382512 0.012705530642750373
7 0.38633879781420766 0.8314648729446936 0.034972677595628415 0.026905829596412557
30 0.1546448087431694 0.828101644245142 0.02185792349726776 0.02765321375186846
7 0.6754098360655738 0.8501494768310912 0.01912568306010929 0.04857997010463378
7 0.21420765027322405 0.8415545590433483 0.034972677595628415 0.02391629297458894
30 0.7934426229508197 0.8553811659192825 0.07759562841530054 0.05680119581464873
24 0.26885245901639343 0.8449177877428998 0.00819672131147541 0.025411061285500747
30 0.4931693989071038 0.8587443946188341 0.07650273224043716 0.061285500747384154
28 0.25546448087431695 0.8546337817638266 0.009289617486338797 0.013452914798206279
7 0.3866120218579235 0.8583707025411061 0.034972677595628415 0.026158445440956652
28 0.17076502732240437 0.8538863976083707 0.010382513661202186 0.017937219730941704
7 0.28005464480874315 0.8587443946188341 0.018032786885245903 0.07100149476831091
30 0.3259562841530055 0.8606128550074739 0.07049180327868852 0.06950672645739911
24 0.3653005464480874 0.8639760837070254 0.007650273224043716 0.02466367713004484
7 0.2139344262295082 0.8654708520179372 0.034972677595628415 0.02466367713004484
7 0.11502732240437158 0.8677130044843049 0.09672131147540984 0.023168908819133034
24 0.7994535519125683 0.8845291479820628 0.018032786885245903 0.007473841554559043
18 0.7781420765027323 0.8849028400597907 0.021311475409836064 0.008968609865470852
24 0.4601092896174863 0.8796711509715994 0.011475409836065573 0.011210762331838564
18 0.6229508196721312 0.8878923766816144 0.022404371584699455 0.014200298953662182
18 0.5672131147540984 0.8878923766816144 0.022404371584699455 0.014200298953662182
5 0.7158469945355191 0.8946188340807175 0.03442622950819672 0.02466367713004484
8 0.644808743169399 0.8949925261584455 0.008743169398907104 0.025411061285500747
24 0.5896174863387978 0.8953662182361734 0.00819672131147541 0.026158445440956652
7 0.04316939890710383 0.8852765321375187 0.040983606557377046 0.0687593423019432
24 0.27295081967213114 0.8976083707025411 0.016939890710382512 0.01195814648729447
7 0.6232240437158469 0.9118086696562033 0.030601092896174863 0.030642750373692077
7 0.5663934426229508 0.9125560538116592 0.030601092896174863 0.030642750373692077
7 0.19644808743169398 0.9084454409566517 0.020765027322404372 0.02391629297458894
7 0.22868852459016392 0.9099402092675636 0.01912568306010929 0.02391629297458894
2 0.296448087431694 0.9368460388639761 0.03169398907103825 0.06053811659192825
7 0.7915300546448087 0.9435724962630793 0.0814207650273224 0.11136023916292975
7 0.2538251366120219 0.9491778774289985 0.05081967213114754 0.05455904334828102
7 0.2040983606557377 0.9495515695067265 0.05136612021857923 0.05455904334828102
7 0.15382513661202185 0.9499252615844545 0.05136612021857923 0.05530642750373692
7 0.10355191256830601 0.9488041853512705 0.04972677595628415 0.05455904334828102
7 0.05382513661202186 0.9476831091180867 0.05081967213114754 0.05530642750373692
7 0.5065573770491804 0.9484304932735426 0.07868852459016394 0.10164424514200299
7 0.7177595628415301 0.9600149476831091 0.060655737704918035 0.07847533632286996
7 0.42950819672131146 0.9484304932735426 0.07814207650273224 0.10014947683109118
7 0.3519125683060109 0.9469357249626308 0.07704918032786885 0.09940209267563528
7 0.6273224043715847 0.9633781763826607 0.05683060109289618 0.07174887892376682
7 0.5710382513661202 0.9633781763826607 0.05683060109289618 0.07174887892376682
7 0.7592896174863388 0.1038863976083707 0.08469945355191257 0.044095665171898356
7 0.6101092896174863 0.10276532137518685 0.08688524590163935 0.045590433482810166
7 0.45027322404371584 0.10351270553064275 0.08743169398907104 0.044095665171898356
7 0.28797814207650274 0.10164424514200299 0.08743169398907104 0.04633781763826607
7 0.12486338797814207 0.09940209267563528 0.08469945355191257 0.04484304932735426
11 0.36830601092896176 0.11771300448430494 0.053551912568306013 0.09118086696562033
11 0.5295081967213114 0.12257100149476831 0.060109289617486336 0.08669656203288491
11 0.20655737704918034 0.11995515695067265 0.05901639344262295 0.09118086696562033
7 0.7603825136612021 0.13378176382660686 0.06939890710382514 0.052316890881913304
7 0.610655737704918 0.1311659192825112 0.06666666666666667 0.0515695067264574
7 0.45 0.1296711509715994 0.06721311475409836 0.05530642750373692
7 0.28770491803278686 0.13004484304932734 0.06721311475409836 0.053811659192825115
7 0.12431693989071038 0.13079222720478326 0.06830601092896176 0.053811659192825115
24 0.7948087431693989 0.179745889387145 0.048087431693989074 0.030642750373692077
24 0.7248633879781421 0.17862481315396114 0.048633879781420766 0.032137518684603884
24 0.6489071038251366 0.17750373692077728 0.04918032786885246 0.033632286995515695
24 0.489344262295082 0.17600896860986548 0.04918032786885246 0.029895366218236172
24 0.5647540983606557 0.17787742899850523 0.048633879781420766 0.032137518684603884
24 0.41010928961748633 0.1756352765321375 0.04918032786885246 0.032137518684603884
24 0.32759562841530054 0.17451420029895368 0.04918032786885246 0.03288490284005979
24 0.24726775956284153 0.17339312406576982 0.04918032786885246 0.03139013452914798
24 0.1680327868852459 0.17376681614349776 0.04918032786885246 0.030642750373692077
24 0.07513661202185792 0.17376681614349776 0.048087431693989074 0.03139013452914798
5 0.4207650273224044 0.20590433482810164 0.018579234972677595 0.026158445440956652
5 0.5808743169398907 0.20964125560538116 0.018579234972677595 0.026905829596412557
5 0.7368852459016394 0.2163677130044843 0.017486338797814208 0.025411061285500747
5 0.2612021857923497 0.20739910313901344 0.01912568306010929 0.026905829596412557
5 0.09672131147540984 0.2055306427503737 0.018032786885245903 0.025411061285500747
7 0.06038251366120219 0.2219730941704036 0.033879781420765025 0.025411061285500747
11 0.6885245901639344 0.2406576980568012 0.06284153005464481 0.09118086696562033
5 0.07185792349726776 0.25971599402092677 0.016939890710382512 0.04708520179372197
15 0.6084699453551913 0.2739162929745889 0.05081967213114754 0.07174887892376682
15 0.7598360655737705 0.27802690582959644 0.05136612021857923 0.07324364723467862
15 0.4494535519125683 0.27242152466367714 0.05136612021857923 0.07100149476831091
15 0.2860655737704918 0.2705530642750374 0.05136612021857923 0.07249626307922272
15 0.123224043715847 0.26831091180866967 0.05245901639344262 0.07548579970104634
5 0.07021857923497268 0.30792227204783257 0.017486338797814208 0.04783258594917788
5 0.5726775956284152 0.32249626307922274 0.018579234972677595 0.013452914798206279
5 0.7300546448087432 0.32623318385650224 0.018032786885245903 0.011210762331838564
5 0.6306010928961748 0.3243647234678625 0.01912568306010929 0.012705530642750373
5 0.7841530054644809 0.33183856502242154 0.018032786885245903 0.009715994020926755
5 0.2568306010928962 0.3236173393124066 0.018579234972677595 0.012705530642750373
5 0.3081967213114754 0.32585949177877427 0.018579234972677595 0.012705530642750373
5 0.46994535519125685 0.33183856502242154 0.019672131147540985 0.01195814648729447
5 0.41202185792349727 0.3325859491778774 0.018579234972677595 0.012705530642750373
24 0.6311475409836066 0.33781763826606875 0.018032786885245903 0.011210762331838564
5 0.5726775956284152 0.3366965620328849 0.018579234972677595 0.013452914798206279
5 0.09726775956284153 0.32585949177877427 0.018579234972677595 0.012705530642750373
7 0.04262295081967213 0.32548579970104635 0.030601092896174863 0.17638266068759342
24 0.7844262295081967 0.3452914798206278 0.017486338797814208 0.009715994020926755
5 0.730327868852459 0.34417040358744394 0.018579234972677595 0.012705530642750373
7 0.38524590163934425 0.3366965620328849 0.020218579234972677 0.07100149476831091
11 0.6702185792349726 0.34491778774289983 0.060109289617486336 0.08893871449925261
24 0.14590163934426228 0.3329596412556054 0.018579234972677595 0.012705530642750373
5 0.2565573770491803 0.33781763826606875 0.018032786885245903 0.012705530642750373
7 0.3401639344262295 0.34080717488789236 0.015846994535519125 0.08819133034379671
24 0.3079234972677596 0.34379671150971597 0.017486338797814208 0.01195814648729447
24 0.46912568306010927 0.3475336322869955 0.017486338797814208 0.011210762331838564
5 0.41120218579234974 0.34678624813153963 0.018032786885245903 0.012705530642750373
5 0.5724043715846995 0.3508968609865471 0.018579234972677595 0.012705530642750373
5 0.09699453551912568 0.3400597907324365 0.018032786885245903 0.013452914798206279
7 0.5062841530054645 0.34977578475336324 0.015846994535519125 0.08819133034379671