7 0.23840885142255006 0.3188040345821326 0.01422550052687039 0.08357348703170028
24 0.6741306638566913 0.3090778097982709 0.01685985247629083 0.011527377521613832
24 0.8206006322444679 0.305835734870317 0.01685985247629083 0.011527377521613832
7 0.7452581664910432 0.3112391930835735 0.015279241306638568 0.08357348703170028
5 0.7700210748155953 0.3112391930835735 0.0184404636459431 0.011527377521613832
20 0.20521601685985247 0.3245677233429395 0.0184404636459431 0.012968299711815562
5 0.31269757639620654 0.3227665706051873 0.01791359325605901 0.012968299711815562
20 0.5176501580611169 0.3238472622478386 0.0184404636459431 0.012247838616714697
20 0.821127502634352 0.31664265129682995 0.01738672286617492 0.012247838616714697
5 0.46206533192834565 0.3256484149855908 0.01791359325605901 0.012968299711815562
5 0.16174920969441517 0.33285302593659943 0.01791359325605901 0.012247838616714697
24 0.36195995785036883 0.3288904899135447 0.01685985247629083 0.012247838616714697
20 0.6733403582718651 0.3227665706051873 0.0184404636459431 0.013688760806916427
7 0.5821917808219178 0.3256484149855908 0.016332982086406742 0.08573487031700289
5 0.1332982086406744 0.3371757925072046 0.01791359325605901 0.0446685878962536
24 0.2054794520547945 0.33753602305475505 0.01685985247629083 0.011527377521613832
24 0.8208640674394099 0.3296109510086455 0.01685985247629083 0.010806916426512969
24 0.517913593256059 0.33897694524495675 0.01738672286617492 0.012247838616714697
20 0.3624868282402529 0.3447406340057637 0.01791359325605901 0.01440922190201729
24 0.46206533192834565 0.34221902017291067 0.015806111696522657 0.011527377521613832
24 0.6733403582718651 0.33861671469740634 0.01738672286617492 0.012247838616714697
5 0.20626975763962066 0.3505043227665706 0.01791359325605901 0.012247838616714697
20 0.33587987355110643 0.35410662824207495 0.013171759747102213 0.021613832853025938
5 0.6198630136986302 0.3472622478386167 0.0184404636459431 0.012247838616714697
24 0.6398840885142255 0.34762247838616717 0.015806111696522657 0.011527377521613832
20 0.2905690200210748 0.3559077809798271 0.013171759747102213 0.021613832853025938
20 0.31269757639620654 0.35518731988472624 0.0136986301369863 0.02089337175792507
24 0.5171232876712328 0.3533861671469741 0.016332982086406742 0.010806916426512969
24 0.36275026343519495 0.35987031700288186 0.016332982086406742 0.010806916426512969
24 0.20626975763962066 0.364193083573487 0.01738672286617492 0.011527377521613832
24 0.517913593256059 0.36779538904899134 0.01685985247629083 0.010086455331412104
23 0.17386722866174922 0.37752161383285304 0.02107481559536354 0.018731988472622477
5 0.1417281348788198 0.38256484149855907 0.033192834562697573 0.02377521613832853
24 0.517913593256059 0.3814841498559078 0.016332982086406742 0.012247838616714697
7 0.24710221285563752 0.38868876080691644 0.04847207586933614 0.023054755043227664
20 0.20100105374077976 0.3962536023054755 0.015806111696522657 0.020172910662824207
15 0.4712855637513172 0.3904899135446686 0.0410958904109589 0.06051873198847262
15 0.6435721812434141 0.3919308357348703 0.04214963119072708 0.06340057636887608
8 0.7247102212855637 0.3915706051873199 0.04847207586933614 0.029538904899135448
5 0.27897787144362485 0.4038184438040346 0.00684931506849315 0.02521613832853026
7 0.2476290832455216 0.41030259365994237 0.04899894625922023 0.02089337175792507
15 0.2939936775553214 0.41354466858789624 0.0184404636459431 0.03674351585014409
5 0.5026343519494204 0.41138328530259366 0.007903055848261328 0.027377521613832854
24 0.6201264488935722 0.4092219020172911 0.007903055848261328 0.027377521613832854
24 0.3198103266596417 0.41786743515850144 0.01685985247629083 0.011527377521613832
7 0.8224446786090621 0.4074207492795389 0.03424657534246575 0.07204610951008646
7 0.5811380400421496 0.41894812680115273 0.059536354056902004 0.02089337175792507
24 0.3206006322444679 0.43443804034582134 0.01685985247629083 0.010806916426512969
24 0.2226027397260274 0.43948126801152737 0.007376185458377239 0.02521613832853026
8 0.7273445732349842 0.4319164265129683 0.052160168598524764 0.030979827089337175
24 0.4981559536354057 0.43948126801152737 0.01738672286617492 0.011527377521613832
18 0.5724446786090621 0.4420028818443804 0.022128556375131718 0.01440922190201729
24 0.32112750263435197 0.44812680115273773 0.01738672286617492 0.010806916426512969
24 0.5513698630136986 0.4434438040345821 0.01685985247629083 0.011527377521613832
5 0.4512644889357218 0.44632564841498557 0.01791359325605901 0.024495677233429394
5 0.6867755532139094 0.4438040345821326 0.00684931506849315 0.02521613832853026
5 0.21285563751317177 0.45713256484149856 0.01053740779768177 0.027377521613832854
5 0.3804004214963119 0.4531700288184438 0.01738672286617492 0.024495677233429394
5 0.2434141201264489 0.4585734870317003 0.007376185458377239 0.025936599423631124
12 0.2328767123287671 0.4596541786743516 0.01053740779768177 0.02881844380403458
7 0.14488935721812435 0.46325648414985593 0.10168598524762908 0.1340057636887608
24 0.321390937829294 0.4610951008645533 0.01685985247629083 0.012247838616714697
7 0.7792413066385669 0.45136887608069165 0.05795574288724974 0.19020172910662825
18 0.5732349841938883 0.45929394812680113 0.02160168598524763 0.013688760806916427
24 0.553213909378293 0.4603746397694525 0.016332982086406742 0.013688760806916427
7 0.4810326659641728 0.4643371757925072 0.0505795574288725 0.06988472622478387
15 0.27950474183350893 0.47370317002881845 0.03108535300316122 0.043227665706051875
5 0.32165437302423605 0.47478386167146974 0.01791359325605901 0.012247838616714697
7 0.6177555321390937 0.47046109510086453 0.01791359325605901 0.08717579250720461
18 0.5729715489989463 0.47514409221902015 0.02107481559536354 0.015129682997118156
24 0.5529504741833509 0.4755043227665706 0.01738672286617492 0.01440922190201729
8 0.7257639620653319 0.4715417867435158 0.05374077976817703 0.029538904899135448
5 0.22471022128556375 0.48631123919308356 0.007376185458377239 0.02521613832853026
24 0.21469968387776606 0.48739193083573484 0.007376185458377239 0.02377521613832853
24 0.2041622760800843 0.4884726224783862 0.007376185458377239 0.024495677233429394
5 0.3253424657534247 0.49135446685878964 0.033192834562697573 0.02377521613832853
18 0.5732349841938883 0.49171469740634005 0.020021074815595362 0.01440922190201729
24 0.553740779768177 0.49279538904899134 0.01685985247629083 0.013688760806916427
7 0.5384615384615384 0.49819884726224783 0.0136986301369863 0.08357348703170028
24 0.3219178082191781 0.5079250720461095 0.016332982086406742 0.010806916426512969
5 0.3498419388830348 0.5079250720461095 0.01738672286617492 0.025936599423631124
20 0.8419388830347735 0.5003602305475504 0.06006322444678609 0.12247838616714697
18 0.5737618545837724 0.5075648414985591 0.02054794520547945 0.013688760806916427
24 0.553740779768177 0.5079250720461095 0.016332982086406742 0.013688760806916427
7 0.8229715489989463 0.502521613832853 0.037407797681770286 0.07348703170028818
5 0.49973656480505796 0.510806916426513 0.01791359325605901 0.02521613832853026
24 0.32112750263435197 0.520893371757925 0.01685985247629083 0.010086455331412104
5 0.2642255005268704 0.5252161383285303 0.007376185458377239 0.02521613832853026
24 0.20521601685985247 0.526657060518732 0.01685985247629083 0.011527377521613832
7 0.6556902002107482 0.5165706051873199 0.022655426765015807 0.06412103746397695
24 0.2547418335089568 0.5259365994236311 0.008429926238145416 0.021613832853025938
24 0.27581664910432035 0.5255763688760807 0.008956796628029505 0.02521613832853026
18 0.5729715489989463 0.5212536023054755 0.02054794520547945 0.012968299711815562
24 0.5545310853530031 0.5230547550432276 0.01685985247629083 0.012247838616714697
24 0.2963645943097998 0.5298991354466859 0.01738672286617492 0.011527377521613832
24 0.2363013698630137 0.5320605187319885 0.01685985247629083 0.011527377521613832
5 0.5972075869336143 0.5259365994236311 0.01738672286617492 0.012247838616714697
5 0.23656480505795574 0.5471902017291066 0.01738672286617492 0.010806916426512969
15 0.4183350895679663 0.545028818443804 0.13013698630136986 0.18011527377521613
20 0.3487881981032666 0.5504322766570605 0.008429926238145416 0.012968299711815562
30 0.7239199157007377 0.5421469740634006 0.05532139093782929 0.09798270893371758
5 0.2834562697576396 0.553314121037464 0.005795574288724974 0.025936599423631124
6 0.2971548998946259 0.5536743515850144 0.02107481559536354 0.035302593659942365
5 0.33535300316122235 0.5587175792507204 0.007376185458377239 0.02521613832853026
20 0.34905163329820865 0.5605187319884726 0.008956796628029505 0.012968299711815562
5 0.27002107481559534 0.5637608069164265 0.01791359325605901 0.04610951008645533
5 0.23893572181243414 0.5659221902017291 0.01685985247629083 0.010086455331412104
5 0.3237618545837724 0.5648414985590778 0.01738672286617492 0.04610951008645533
5 0.31111696522655424 0.5709654178674352 0.00684931506849315 0.024495677233429394
5 0.25632244467860904 0.5727665706051873 0.007376185458377239 0.025936599423631124
15 0.5924657534246576 0.5648414985590778 0.05426765015806112 0.05979827089337176
20 0.34905163329820865 0.5713256484149856 0.008956796628029505 0.012968299711815562
5 0.5571654373024236 0.5677233429394812 0.01738672286617492 0.04394812680115274
5 0.5392518440463646 0.5695244956772334 0.01685985247629083 0.04610951008645533
20 0.3535300316122234 0.5770893371757925 0.008429926238145416 0.01440922190201729
24 0.23919915700737618 0.5810518731988472 0.016332982086406742 0.012968299711815562
20 0.3577449947312961 0.5817723342939481 0.008956796628029505 0.012968299711815562
24 0.7629083245521602 0.5738472622478387 0.01685985247629083 0.012247838616714697
20 0.36143308746048475 0.5860951008645533 0.008956796628029505 0.013688760806916427
5 0.6817702845100105 0.5871757925072046 0.007376185458377239 0.025936599423631124
5 0.4855110642781876 0.5969020172910663 0.01685985247629083 0.023054755043227664
8 0.7010010537407798 0.593299711815562 0.02160168598524763 0.05043227665706052
7 0.15727081138040042 0.6077089337175793 0.14330874604847207 0.15994236311239193
5 0.7847734457323499 0.593299711815562 0.01791359325605901 0.010086455331412104
24 0.23998946259220233 0.6084293948126801 0.01738672286617492 0.013688760806916427
16 0.35695468914647 0.6059077809798271 0.01738672286617492 0.02377521613832853
7 0.3011064278187566 0.6084293948126801 0.07955742887249737 0.025936599423631124
24 0.5160695468914647 0.604106628242075 0.01738672286617492 0.024495677233429394
24 0.5324025289778714 0.6059077809798271 0.00684931506849315 0.02377521613832853
11 0.6472602739726028 0.6030259365994236 0.04741833508956796 0.06051873198847262
5 0.24025289778714437 0.6235590778097982 0.01738672286617492 0.011527377521613832
24 0.815068493150685 0.6134726224783862 0.007903055848261328 0.024495677233429394
15 0.7855637513171759 0.6206772334293948 0.04636459430979979 0.043227665706051875
7 0.5310853530031612 0.6289625360230547 0.06533192834562697 0.0223342939481268
20 0.7233930453108536 0.6300432276657061 0.07007376185458378 0.07708933717579251
24 0.32903055848261326 0.6401296829971181 0.007376185458377239 0.02377521613832853
5 0.34852476290832457 0.6404899135446686 0.006322444678609062 0.02377521613832853
5 0.2863540569020021 0.6426512968299711 0.00684931506849315 0.02521613832853026
24 0.339041095890411 0.6415706051873199 0.007376185458377239 0.023054755043227664
24 0.30795574288724975 0.6422910662824207 0.00684931506849315 0.02377521613832853
5 0.3179662802950474 0.6419308357348703 0.00684931506849315 0.0223342939481268
8 0.5761327713382508 0.635806916426513 0.022128556375131718 0.06628242074927954
24 0.26685985247629085 0.6433717579250721 0.007903055848261328 0.02521613832853026
24 0.29847207586933616 0.6430115273775217 0.007903055848261328 0.02377521613832853
24 0.2768703898840885 0.6444524495677233 0.007376185458377239 0.02521613832853026
24 0.2410432033719705 0.6451729106628242 0.01738672286617492 0.012247838616714697
5 0.4512644889357218 0.6422910662824207 0.01738672286617492 0.02377521613832853
6 0.38962065331928347 0.645893371757925 0.02160168598524763 0.03602305475504323
5 0.3648577449947313 0.646613832853026 0.007376185458377239 0.025936599423631124
5 0.3753951527924131 0.6462536023054755 0.007376185458377239 0.025936599423631124
5 0.25632244467860904 0.6512968299711815 0.007376185458377239 0.025936599423631124
7 0.5324025289778714 0.6505763688760807 0.0642781875658588 0.0223342939481268
5 0.24130663856691253 0.6588616714697406 0.01738672286617492 0.011527377521613832
24 0.6796628029504742 0.6577809798270894 0.007903055848261328 0.025936599423631124
24 0.6522655426765016 0.6606628242074928 0.008429926238145416 0.024495677233429394
5 0.3904109589041096 0.6696685878962536 0.01791359325605901 0.010806916426512969
24 0.6159114857744995 0.6657060518731989 0.01685985247629083 0.012968299711815562
7 0.5252897787144363 0.6714697406340058 0.08061116965226554 0.023054755043227664
24 0.4678609062170706 0.6743515850144092 0.01738672286617492 0.012968299711815562
24 0.30848261327713383 0.678314121037464 0.007376185458377239 0.024495677233429394
5 0.29899894625922024 0.6790345821325648 0.007903055848261328 0.025936599423631124
24 0.34957850368809273 0.6779538904899135 0.007376185458377239 0.024495677233429394
24 0.33956796628029506 0.678314121037464 0.007903055848261328 0.02521613832853026
5 0.3300842992623815 0.6790345821325648 0.007376185458377239 0.025936599423631124
5 0.2684404636459431 0.6804755043227666 0.007376185458377239 0.02521613832853026
24 0.3184931506849315 0.6793948126801153 0.007376185458377239 0.024495677233429394
24 0.28740779768177027 0.6801152737752162 0.007903055848261328 0.024495677233429394
24 0.2779241306638567 0.6811959654178674 0.007903055848261328 0.02521613832853026
24 0.2410432033719705 0.6819164265129684 0.016332982086406742 0.010806916426512969
24 0.7997892518440464 0.670028818443804 0.016332982086406742 0.010086455331412104
24 0.7802950474183351 0.6711095100864554 0.016332982086406742 0.010806916426512969
24 0.8269230769230769 0.6736311239193083 0.007903055848261328 0.02521613832853026
24 0.5729715489989463 0.6927233429394812 0.01791359325605901 0.011527377521613832
7 0.845100105374078 0.694164265129683 0.02054794520547945 0.03890489913544669
7 0.8904109589041096 0.6959654178674352 0.07112750263435196 0.07708933717579251
5 0.21390937829293993 0.7128962536023055 0.01791359325605901 0.012968299711815562
30 0.6659641728134879 0.7056916426512968 0.04320337197049526 0.06772334293948126
18 0.827713382507903 0.7038904899135446 0.010010537407797681 0.029538904899135448
30 0.6085353003161222 0.7092939481268011 0.0410958904109589 0.07132564841498559
30 0.7966280295047419 0.7053314121037464 0.051106427818756586 0.058357348703170026
15 0.5216016859852476 0.7128962536023055 0.04794520547945205 0.04250720461095101
7 0.380927291886196 0.7168587896253602 0.04899894625922023 0.02521613832853026
24 0.2910958904109589 0.723342939481268 0.016332982086406742 0.011527377521613832
24 0.21469968387776606 0.725864553314121 0.01685985247629083 0.012968299711815562
11 0.4512644889357218 0.7229827089337176 0.05321390937829294 0.08789625360230548
24 0.5513698630136986 0.7222622478386167 0.007376185458377239 0.02521613832853026
11 0.7289251844046365 0.725864553314121 0.06322444678609063 0.07420749279538905
24 0.291622760800843 0.7370317002881844 0.01685985247629083 0.011527377521613832
24 0.21469968387776606 0.7395533141210374 0.01685985247629083 0.012247838616714697
7 0.1417281348788198 0.7456772334293948 0.10853530031612224 0.13256484149855907
5 0.523709167544784 0.7417146974063401 0.01685985247629083 0.011527377521613832
24 0.4157007376185458 0.7449567723342939 0.01738672286617492 0.010806916426512969
5 0.21496311907270813 0.752521613832853 0.01685985247629083 0.011527377521613832
2 0.345100105374078 0.7514409221902018 0.0321390937829294 0.059077809798270896
7 0.2966280295047418 0.7579250720461095 0.015806111696522657 0.0223342939481268
7 0.2655426765015806 0.7586455331412104 0.015806111696522657 0.023054755043227664
24 0.8566912539515279 0.7471181556195965 0.01685985247629083 0.010086455331412104
24 0.41517386722866173 0.7579250720461095 0.01738672286617492 0.012247838616714697
24 0.8377239199157007 0.7478386167146974 0.01685985247629083 0.010086455331412104
24 0.21522655426765017 0.7662103746397695 0.01738672286617492 0.012968299711815562
8 0.6638566912539515 0.7554034582132565 0.04899894625922023 0.029538904899135448
8 0.6093256059009484 0.7575648414985591 0.04899894625922023 0.03025936599423631
24 0.541886195995785 0.763328530259366 0.01685985247629083 0.010086455331412104
8 0.7805584826132771 0.7615273775216138 0.04899894625922023 0.03025936599423631
5 0.5113277133825079 0.7676512968299711 0.00684931506849315 0.025936599423631124
15 0.4923603793466807 0.7690922190201729 0.02897787144362487 0.05259365994236311
24 0.41543730242360377 0.771613832853026 0.016332982086406742 0.012247838616714697
7 0.4494204425711275 0.7798991354466859 0.03371970495258166 0.025936599423631124
30 0.22602739726027396 0.787463976945245 0.02107481559536354 0.026657060518731988
7 0.7281348788198103 0.784942363112392 0.0184404636459431 0.0468299711815562
7 0.2834562697576396 0.797550432276657 0.03371970495258166 0.023054755043227664
30 0.8419388830347735 0.784221902017291 0.07481559536354057 0.05475504322766571
24 0.3361433087460485 0.7986311239193083 0.007903055848261328 0.024495677233429394
30 0.5529504741833509 0.8015129682997119 0.0737618545837724 0.059077809798270896
28 0.3237618545837724 0.80835734870317 0.008956796628029505 0.012968299711815562
7 0.45021074815595363 0.805835734870317 0.03371970495258166 0.02521613832853026
28 0.24209694415173869 0.8115994236311239 0.010010537407797681 0.01729106628242075
7 0.34747102212855635 0.8112391930835735 0.01738672286617492 0.06844380403458213
30 0.3917281348788198 0.8108789625360231 0.06796628029504742 0.0670028818443804
24 0.4296628029504742 0.8123198847262247 0.007376185458377239 0.02377521613832853
7 0.28371970495258164 0.8206051873198847 0.03371970495258166 0.02377521613832853
7 0.1886195995785037 0.827449567723343 0.09325605900948367 0.0223342939481268
24 0.8485247629083246 0.8123198847262247 0.01738672286617492 0.007204610951008645
18 0.8279768177028451 0.8134005763688761 0.02054794520547945 0.008645533141210375
24 0.5216016859852476 0.8231268011527377 0.011064278187565859 0.010806916426512969
18 0.678609062170706 0.8234870317002881 0.02160168598524763 0.013688760806916427
18 0.624868282402529 0.8263688760806917 0.02160168598524763 0.013688760806916427
5 0.768177028451001 0.8256484149855908 0.033192834562697573 0.02377521613832853
8 0.6996838777660696 0.8296109510086456 0.008429926238145416 0.024495677233429394
24 0.6464699683877766 0.8321325648414986 0.007903055848261328 0.02521613832853026
7 0.11986301369863013 0.8476224783861671 0.03951527924130664 0.06628242074927954
24 0.3416754478398314 0.8490634005763689 0.016332982086406742 0.011527377521613832
7 0.6793993677555321 0.8465417867435159 0.029504741833508957 0.029538904899135448
7 0.6246048472075869 0.8501440922190202 0.029504741833508957 0.029538904899135448
7 0.267913593256059 0.8631123919308358 0.020021074815595362 0.023054755043227664
7 0.29899894625922024 0.8627521613832853 0.0184404636459431 0.023054755043227664
2 0.36538461538461536 0.885806916426513 0.030558482613277135 0.058357348703170026
7 0.8422023182297155 0.8814841498559077 0.07744994731296101 0.13112391930835735
7 0.32428872497365646 0.8998559077809798 0.04899894625922023 0.05259365994236311
7 0.27634351949420444 0.9023775216138329 0.04952581664910432 0.05259365994236311
7 0.22787144362486828 0.9048991354466859 0.04952581664910432 0.053314121037463975
7 0.17939936775553214 0.9059798270893372 0.04794520547945205 0.05259365994236311
7 0.13171759747102213 0.9074207492795389 0.04899894625922023 0.053314121037463975
7 0.5679662802950474 0.9027377521613833 0.07534246575342465 0.1282420749279539
7 0.7718651211801897 0.9005763688760807 0.05742887249736565 0.0994236311239193
7 0.49367755532139096 0.9074207492795389 0.07534246575342465 0.12896253602305474
7 0.41886195995785036 0.9113832853025937 0.07428872497365648 0.13184438040345822
7 0.684404636459431 0.9085014409221902 0.05374077976817703 0.0936599423631124
7 0.6301369863013698 0.9135446685878963 0.05374077976817703 0.09798270893371758
7 0.7905690200210748 0.06231988472622478 0.08166491043203372 0.04250720461095101
7 0.6467334035827187 0.06772334293948126 0.08377239199157008 0.04394812680115274
7 0.4928872497365648 0.07564841498559077 0.08429926238145416 0.04250720461095101
7 0.33667017913593256 0.08177233429394813 0.08429926238145416 0.0446685878962536
7 0.1791359325605901 0.08681556195965417 0.08166491043203372 0.043227665706051875
11 0.41412012644889357 0.0936599423631124 0.051633298208640675 0.08789625360230548
11 0.5695468914646997 0.0904178674351585 0.05795574288724974 0.08357348703170028
11 0.2584299262381454 0.10302593659942363 0.05690200210748156 0.08789625360230548
7 0.7924130663856691 0.09077809798270893 0.06691253951527924 0.05043227665706052
7 0.6480505795574288 0.09510086455331412 0.0642781875658588 0.04971181556195965
7 0.4934141201264489 0.10086455331412104 0.06480505795574289 0.053314121037463975
7 0.3369336143308746 0.10914985590778098 0.06480505795574289 0.05187319884726225
7 0.17939936775553214 0.11707492795389049 0.06585879873551106 0.05187319884726225
24 0.8266596417281349 0.13328530259365995 0.04636459430979979 0.029538904899135448
24 0.7592202318229716 0.13580691642651296 0.04689146469968388 0.030979827089337175
24 0.6862486828240253 0.138328530259366 0.04741833508956796 0.032420749279538905
24 0.5324025289778714 0.1440922190201729 0.04741833508956796 0.02881844380403458
24 0.6051106427818757 0.14229106628242075 0.04689146469968388 0.030979827089337175
24 0.4560063224446786 0.1473342939481268 0.04741833508956796 0.030979827089337175
24 0.37644889357218125 0.14985590778097982 0.04741833508956796 0.03170028818443804
24 0.29899894625922024 0.15237752161383286 0.04741833508956796 0.03025936599423631
24 0.2226027397260274 0.1563400576368876 0.04741833508956796 0.029538904899135448
24 0.13303477344573236 0.16066282420749278 0.04636459430979979 0.03025936599423631
5 0.46680716543730244 0.17579250720461095 0.01791359325605901 0.02521613832853026
5 0.6211801896733403 0.17219020172910662 0.01791359325605901 0.025936599423631124
5 0.7718651211801897 0.17146974063400577 0.01685985247629083 0.024495677233429394
5 0.3132244467860906 0.1844380403458213 0.0184404636459431 0.025936599423631124
5 0.15463645943097998 0.1905619596541787 0.01738672286617492 0.024495677233429394
7 0.12012644889357219 0.20785302593659943 0.032665964172813484 0.024495677233429394
11 0.7257639620653319 0.19704610951008644 0.06059009483667018 0.08789625360230548
5 0.13198103266596417 0.24351585014409222 0.016332982086406742 0.045389048991354465
15 0.6493677555321391 0.23270893371757925 0.04899894625922023 0.069164265129683
15 0.7953108535300316 0.2298270893371758 0.04952581664910432 0.07060518731988473
15 0.49604847207586933 0.23847262247838616 0.04952581664910432 0.06844380403458213
15 0.33877766069546894 0.2445965417867435 0.04952581664910432 0.06988472622478387
15 0.18177028451001054 0.24963976945244956 0.0505795574288725 0.07276657060518732
5 0.13171759747102213 0.2903458213256484 0.01685985247629083 0.04610951008645533
5 0.6161749209694415 0.28097982708933716 0.01791359325605901 0.012968299711815562
5 0.767913593256059 0.27737752161383283 0.01738672286617492 0.010806916426512969
5 0.6720231822971549 0.28061959654178675 0.0184404636459431 0.012247838616714697
5 0.8203371970495258 0.28061959654178675 0.01738672286617492 0.009365994236311239
5 0.3119072708113804 0.2968299711815562 0.01791359325605901 0.012247838616714697
5 0.36143308746048475 0.2964697406340058 0.01791359325605901 0.012247838616714697
5 0.5173867228661749 0.295028818443804 0.018967334035827187 0.011527377521613832
5 0.46153846153846156 0.29827089337175794 0.01791359325605901 0.012247838616714697
24 0.672813487881981 0.29322766570605185 0.01738672286617492 0.010806916426512969
5 0.6164383561643836 0.2946685878962536 0.01791359325605901 0.012968299711815562
5 0.15806111696522657 0.3065561959654179 0.01791359325605901 0.012247838616714697
7 0.1053740779768177 0.30835734870317005 0.029504741833508957 0.17002881844380405
24 0.8208640674394099 0.2935878962536023 0.01685985247629083 0.009365994236311239
5 0.7687038988408852 0.2946685878962536 0.01791359325605901 0.012247838616714697
7 0.4357218124341412 0.30331412103746397 0.019494204425711276 0.06844380403458213
11 0.7107481559536354 0.29827089337175794 0.05795574288724974 0.08573487031700289
24 0.20521601685985247 0.31087896253602304 0.01791359325605901 0.012247838616714697
5 0.31217070600632246 0.31051873198847263 0.01738672286617492 0.012247838616714697
7 0.39278187565858796 0.30943804034582134 0.015279241306638568 0.08501440922190202
24 0.3616965226554268 0.3137608069164265 0.01685985247629083 0.011527377521613832
24 0.5171232876712328 0.31015850144092216 0.01685985247629083 0.010806916426512969
5 0.46127502634351947 0.31195965417867433 0.01738672286617492 0.012247838616714697
5 0.6167017913593256 0.30835734870317005 0.01791359325605901 0.012247838616714697
5 0.1583245521601686 0.3202449567723343 0.01738672286617492 0.012968299711815562
7 0.5529504741833509 0.31051873198847263 0.015279241306638568 0.08501440922190202