5 0.618293991416309 0.4739795918367347 0.014484978540772532 0.018367346938775512
31 0.2792381974248927 0.4020408163265306 0.01072961373390558 0.03163265306122449
24 0.4951716738197425 0.45663265306122447 0.012875536480686695 0.0163265306122449
31 0.2513412017167382 0.4 0.018240343347639486 0.02346938775510204
24 0.12607296137339055 0.373469387755102 0.018240343347639486 0.022448979591836733
28 0.2905042918454936 0.4122448979591837 0.01555793991416309 0.030612244897959183
28 0.8516630901287554 0.5448979591836735 0.01555793991416309 0.030612244897959183
5 0.5042918454935622 0.4658163265306122 0.009656652360515022 0.03163265306122449
5 0.48256437768240346 0.4607142857142857 0.009120171673819743 0.03163265306122449
31 0.21164163090128754 0.40408163265306124 0.017703862660944206 0.022448979591836733
28 0.3425429184549356 0.4357142857142857 0.011266094420600859 0.022448979591836733
24 0.49329399141630903 0.47091836734693876 0.013948497854077254 0.0163265306122449
31 0.23605150214592274 0.411734693877551 0.017167381974248927 0.02142857142857143
31 0.26528969957081544 0.41836734693877553 0.016630901287553648 0.018367346938775512
5 0.48497854077253216 0.48214285714285715 0.015021459227467811 0.015306122448979591
18 0.0971030042918455 0.3923469387755102 0.04291845493562232 0.07040816326530612
5 0.4061158798283262 0.4658163265306122 0.017167381974248927 0.019387755102040816
15 0.7328326180257511 0.5448979591836735 0.24892703862660945 0.47551020408163264
15 0.22398068669527896 0.42857142857142855 0.014484978540772532 0.026530612244897958
15 0.2757510729613734 0.4413265306122449 0.014484978540772532 0.026530612244897958
28 0.3253755364806867 0.45714285714285713 0.01555793991416309 0.030612244897959183
5 0.49007510729613735 0.49642857142857144 0.016094420600858368 0.017346938775510204
5 0.4055793991416309 0.48112244897959183 0.016094420600858368 0.017346938775510204
28 0.19527896995708155 0.4331632653061224 0.015021459227467811 0.02857142857142857
5 0.2988197424892704 0.46122448979591835 0.016094420600858368 0.017346938775510204
15 0.44420600858369097 0.5005102040816326 0.054184549356223174 0.10408163265306122
5 0.4831008583690987 0.5091836734693878 0.017703862660944206 0.018367346938775512
5 0.2626072961373391 0.45918367346938777 0.017167381974248927 0.02040816326530612
5 0.2344420600858369 0.45357142857142857 0.015021459227467811 0.018367346938775512
5 0.21003218884120173 0.45408163265306123 0.0101931330472103 0.03163265306122449
28 0.30793991416309013 0.47653061224489796 0.012339055793991416 0.02346938775510204
24 0.12204935622317596 0.43418367346938774 0.017167381974248927 0.02142857142857143
31 0.18669527896995708 0.45357142857142857 0.015021459227467811 0.0163265306122449
28 0.34227467811158796 0.49081632653061225 0.01555793991416309 0.030612244897959183
31 0.21995708154506438 0.4673469387755102 0.01072961373390558 0.0326530612244898
31 0.27360515021459225 0.48112244897959183 0.0101931330472103 0.0336734693877551
31 0.29747854077253216 0.48775510204081635 0.01555793991416309 0.02040816326530612
31 0.33047210300429186 0.4954081632653061 0.011802575107296138 0.0336734693877551
31 0.40396995708154504 0.5137755102040816 0.017703862660944206 0.02040816326530612
28 0.4876609442060086 0.5341836734693878 0.014484978540772532 0.027551020408163266
7 0.8996781115879828 0.6311224489795918 0.08583690987124463 0.4173469387755102
28 0.5214592274678111 0.5448979591836735 0.013948497854077254 0.02857142857142857
7 0.5464055793991416 0.5510204081632653 0.0638412017167382 0.4091836734693878
31 0.18562231759656653 0.4719387755102041 0.017167381974248927 0.018367346938775512
28 0.2084227467811159 0.47908163265306125 0.012339055793991416 0.02346938775510204
18 0.09281115879828326 0.4530612244897959 0.04184549356223176 0.0663265306122449
28 0.2824570815450644 0.5025510204081632 0.01555793991416309 0.0326530612244898
15 0.309549356223176 0.5102040816326531 0.015021459227467811 0.027551020408163266
5 0.8344957081545065 0.6346938775510204 0.016630901287553648 0.03469387755102041
31 0.47666309012875535 0.5520408163265306 0.01072961373390558 0.0336734693877551
7 0.9600321888412017 0.6678571428571428 0.07296137339055794 0.15510204081632653
31 0.1813304721030043 0.4872448979591837 0.017703862660944206 0.02040816326530612
28 0.4031652360515021 0.5413265306122449 0.013948497854077254 0.02857142857142857
5 0.6220493562231759 0.5933673469387755 0.014484978540772532 0.02959183673469388
28 0.19554721030042918 0.5020408163265306 0.013948497854077254 0.026530612244897958
15 0.22317596566523606 0.5102040816326531 0.02092274678111588 0.03163265306122449
5 0.8226931330472103 0.6525510204081633 0.019313304721030045 0.036734693877551024
28 0.16228540772532188 0.498469387755102 0.014484978540772532 0.02857142857142857
28 0.18025751072961374 0.5056122448979592 0.014484978540772532 0.02857142857142857
31 0.4533261802575107 0.5704081632653061 0.015021459227467811 0.0163265306122449
28 0.41067596566523606 0.560204081632653 0.014484978540772532 0.0326530612244898
31 0.43186695278969955 0.5663265306122449 0.015021459227467811 0.018367346938775512
24 0.11802575107296137 0.4969387755102041 0.016630901287553648 0.019387755102040816
31 0.44206008583690987 0.575 0.0075107296137339056 0.02959183673469388
31 0.24570815450643776 0.5290816326530612 0.0101931330472103 0.030612244897959183
31 0.4208690987124464 0.5709183673469388 0.009120171673819743 0.0336734693877551
28 0.3739270386266094 0.5622448979591836 0.011802575107296138 0.022448979591836733
28 0.23417381974248927 0.5306122448979592 0.011802575107296138 0.02142857142857143
24 0.1928648068669528 0.5260204081632653 0.016630901287553648 0.019387755102040816
31 0.17060085836909872 0.5219387755102041 0.016630901287553648 0.017346938775510204
28 0.33798283261802575 0.5627551020408164 0.01555793991416309 0.02959183673469388
28 0.35783261802575106 0.5673469387755102 0.015021459227467811 0.02857142857142857
5 0.4562768240343348 0.5913265306122449 0.0075107296137339056 0.024489795918367346
31 0.4270386266094421 0.5846938775510204 0.008047210300429184 0.02857142857142857
31 0.43374463519313305 0.5872448979591837 0.008047210300429184 0.02857142857142857
5 0.44930257510729615 0.5908163265306122 0.0075107296137339056 0.025510204081632654
5 0.8063304721030042 0.676530612244898 0.019313304721030045 0.036734693877551024
18 0.08986051502145923 0.513265306122449 0.04130901287553648 0.06938775510204082
5 0.27414163090128757 0.5591836734693878 0.011266094420600859 0.0336734693877551
28 0.24570815450643776 0.5556122448979591 0.017167381974248927 0.030612244897959183
31 0.21244635193133046 0.55 0.011266094420600859 0.0336734693877551
5 0.23310085836909872 0.5551020408163265 0.008583690987124463 0.030612244897959183
24 0.30391630901287553 0.573469387755102 0.016630901287553648 0.018367346938775512
31 0.33261802575107297 0.5821428571428572 0.017703862660944206 0.022448979591836733
20 0.4302575107296137 0.6071428571428571 0.016094420600858368 0.0163265306122449
20 0.45064377682403434 0.611734693877551 0.015021459227467811 0.0163265306122449
5 0.7950643776824035 0.6933673469387756 0.016630901287553648 0.0326530612244898
28 0.22210300429184548 0.5607142857142857 0.013948497854077254 0.026530612244897958
28 0.614538626609442 0.6530612244897959 0.01555793991416309 0.02857142857142857
24 0.8363733905579399 0.7061224489795919 0.018240343347639486 0.022448979591836733
30 0.1786480686695279 0.5566326530612244 0.027896995708154508 0.04795918367346939
31 0.3479077253218884 0.5969387755102041 0.0101931330472103 0.0336734693877551
20 0.5930793991416309 0.6576530612244897 0.017167381974248927 0.02346938775510204
31 0.31089055793991416 0.5913265306122449 0.015021459227467811 0.0163265306122449
31 0.2947961373390558 0.5887755102040816 0.016630901287553648 0.018367346938775512
28 0.3736587982832618 0.6081632653061224 0.015021459227467811 0.02857142857142857
31 0.3554184549356223 0.6051020408163266 0.009656652360515022 0.03163265306122449
5 0.38412017167381973 0.611734693877551 0.009656652360515022 0.03163265306122449
28 0.226931330472103 0.5790816326530612 0.012875536480686695 0.02346938775510204
28 0.4688841201716738 0.636734693877551 0.01555793991416309 0.02959183673469388
5 0.6590665236051502 0.6811224489795918 0.016094420600858368 0.02959183673469388
31 0.19796137339055794 0.5744897959183674 0.016094420600858368 0.019387755102040816
31 0.427843347639485 0.628061224489796 0.011802575107296138 0.02857142857142857
31 0.4498390557939914 0.6331632653061224 0.012875536480686695 0.02959183673469388
28 0.26180257510729615 0.5903061224489796 0.013948497854077254 0.027551020408163266
28 0.7840665236051502 0.713265306122449 0.01555793991416309 0.02959183673469388
28 0.24624463519313305 0.5887755102040816 0.01555793991416309 0.0326530612244898
31 0.1657725321888412 0.5719387755102041 0.01555793991416309 0.017346938775510204
5 0.8108905579399142 0.7229591836734693 0.015021459227467811 0.017346938775510204
31 0.3626609442060086 0.6178571428571429 0.0101931330472103 0.0336734693877551
31 0.3208154506437768 0.6122448979591837 0.0075107296137339056 0.026530612244897958
24 0.33583690987124465 0.6158163265306122 0.0101931330472103 0.0336734693877551
5 0.32778969957081544 0.6137755102040816 0.009120171673819743 0.0326530612244898
28 0.5740343347639485 0.6744897959183673 0.015021459227467811 0.02959183673469388
28 0.4112124463519313 0.6377551020408163 0.014484978540772532 0.02857142857142857
24 0.2969420600858369 0.6127551020408163 0.009120171673819743 0.02857142857142857
24 0.3135729613733906 0.6168367346938776 0.009656652360515022 0.0326530612244898
31 0.30552575107296137 0.6147959183673469 0.008583690987124463 0.030612244897959183
5 0.20091201716738197 0.5948979591836735 0.015021459227467811 0.0163265306122449
31 0.1826716738197425 0.5913265306122449 0.022532188841201718 0.025510204081632654
31 0.16523605150214593 0.588265306122449 0.017167381974248927 0.019387755102040816
28 0.372049356223176 0.6408163265306123 0.01555793991416309 0.030612244897959183
28 0.34844420600858367 0.6352040816326531 0.015021459227467811 0.027551020408163266
31 0.23417381974248927 0.6086734693877551 0.017703862660944206 0.022448979591836733
28 0.4624463519313305 0.6637755102040817 0.012339055793991416 0.02040816326530612
31 0.8280579399141631 0.7505102040816326 0.05793991416309013 0.04285714285714286
31 0.434549356223176 0.661734693877551 0.01072961373390558 0.03469387755102041
31 0.286480686695279 0.6270408163265306 0.0101931330472103 0.0326530612244898
15 0.21593347639484978 0.6127551020408163 0.015021459227467811 0.03877551020408163
20 0.5764484978540773 0.6979591836734694 0.016630901287553648 0.018367346938775512
28 0.3953862660944206 0.6566326530612245 0.012339055793991416 0.025510204081632654
28 0.681598712446352 0.7244897959183674 0.01555793991416309 0.02857142857142857
31 0.3581008583690987 0.6551020408163265 0.016094420600858368 0.017346938775510204
31 0.424087982832618 0.6704081632653062 0.011266094420600859 0.0336734693877551
28 0.24543991416309013 0.6316326530612245 0.016630901287553648 0.03163265306122449
24 0.6601394849785408 0.7316326530612245 0.015021459227467811 0.02040816326530612
5 0.8001609442060086 0.7642857142857142 0.017167381974248927 0.019387755102040816
15 0.17945278969957082 0.6193877551020408 0.023605150214592276 0.03775510204081633
31 0.4694206008583691 0.6892857142857143 0.011802575107296138 0.0336734693877551
31 0.3894849785407725 0.6724489795918367 0.017703862660944206 0.02040816326530612
20 0.5635729613733905 0.7142857142857143 0.0101931330472103 0.02959183673469388
28 0.6075643776824035 0.7255102040816327 0.015021459227467811 0.030612244897959183
5 0.7497317596566524 0.7586734693877552 0.019313304721030045 0.03775510204081633
28 0.2811158798283262 0.6505102040816326 0.014484978540772532 0.024489795918367346
5 0.22773605150214593 0.639795918367347 0.018240343347639486 0.02040816326530612
5 0.6872317596566524 0.7494897959183674 0.013412017167381975 0.027551020408163266
31 0.15638412017167383 0.6255102040816326 0.016630901287553648 0.018367346938775512
15 0.4393776824034335 0.6923469387755102 0.01555793991416309 0.027551020408163266
5 0.3771459227467811 0.6790816326530612 0.009120171673819743 0.02959183673469388
24 0.5718884120171673 0.7255102040816327 0.009656652360515022 0.02959183673469388
5 0.20332618025751073 0.6413265306122449 0.01072961373390558 0.0326530612244898
31 0.4562768240343348 0.7005102040816327 0.011266094420600859 0.03469387755102041
24 0.658530042918455 0.7479591836734694 0.016630901287553648 0.018367346938775512
31 0.3613197424892704 0.6826530612244898 0.011802575107296138 0.04081632653061224
28 0.5912017167381974 0.7362244897959184 0.015021459227467811 0.030612244897959183
5 0.39216738197424894 0.689795918367347 0.01555793991416309 0.018367346938775512
5 0.1684549356223176 0.6454081632653061 0.009120171673819743 0.02959183673469388
28 0.2800429184549356 0.6739795918367347 0.016094420600858368 0.02857142857142857
15 0.31813304721030045 0.686734693877551 0.0536480686695279 0.10408163265306122
24 0.5619635193133047 0.7438775510204082 0.01072961373390558 0.0336734693877551
28 0.19393776824034334 0.6596938775510204 0.011802575107296138 0.022448979591836733
15 0.22585836909871246 0.6693877551020408 0.02628755364806867 0.03979591836734694
28 0.841469957081545 0.813265306122449 0.016094420600858368 0.02857142857142857
15 0.4042381974248927 0.7112244897959183 0.013948497854077254 0.02857142857142857
24 0.6038090128755365 0.7586734693877552 0.016630901287553648 0.02142857142857143
31 0.15504291845493562 0.6535714285714286 0.016630901287553648 0.02040816326530612
31 0.35085836909871243 0.7005102040816327 0.008583690987124463 0.024489795918367346
28 0.7508047210300429 0.7948979591836735 0.016094420600858368 0.02959183673469388
5 0.5743025751072961 0.7540816326530613 0.009656652360515022 0.030612244897959183
31 0.3741952789699571 0.7091836734693877 0.01984978540772532 0.02346938775510204
7 0.677038626609442 0.7811224489795918 0.11266094420600858 0.0653061224489796
15 0.7974785407725322 0.8153061224489796 0.07457081545064377 0.09693877551020408
24 0.5284334763948498 0.7535714285714286 0.018240343347639486 0.0163265306122449
28 0.2811158798283262 0.6989795918367347 0.017167381974248927 0.02857142857142857
15 0.17677038626609443 0.6744897959183673 0.015021459227467811 0.04081632653061224
31 0.41630901287553645 0.7311224489795919 0.017167381974248927 0.02142857142857143
28 0.43508583690987124 0.7357142857142858 0.012339055793991416 0.02346938775510204
28 0.45252145922746784 0.7428571428571429 0.01555793991416309 0.02857142857142857
31 0.3894849785407725 0.7280612244897959 0.017703862660944206 0.019387755102040816
31 0.3591738197424893 0.7229591836734693 0.011802575107296138 0.03979591836734694
28 0.3465665236051502 0.7244897959183674 0.014484978540772532 0.026530612244897958
24 0.5351394849785408 0.7683673469387755 0.017167381974248927 0.019387755102040816
5 0.1936695278969957 0.6918367346938775 0.014484978540772532 0.017346938775510204
31 0.5139484978540773 0.7683673469387755 0.01555793991416309 0.017346938775510204
5 0.5890557939914163 0.7872448979591836 0.01072961373390558 0.0326530612244898
5 0.7443669527896996 0.8244897959183674 0.017703862660944206 0.022448979591836733
31 0.2057403433476395 0.7056122448979592 0.013412017167381975 0.04183673469387755
28 0.286480686695279 0.7255102040816327 0.015021459227467811 0.027551020408163266
5 0.16201716738197425 0.6964285714285714 0.016630901287553648 0.018367346938775512
7 0.0625 0.673469387755102 0.125 0.16122448979591836
24 0.6064914163090128 0.8025510204081633 0.017167381974248927 0.02142857142857143
31 0.5262875536480687 0.7857142857142857 0.016630901287553648 0.018367346938775512
28 0.2628755364806867 0.7244897959183674 0.012339055793991416 0.02142857142857143
28 0.4028969957081545 0.7571428571428571 0.015021459227467811 0.030612244897959183
28 0.463519313304721 0.7729591836734694 0.012875536480686695 0.024489795918367346
28 0.3425429184549356 0.7448979591836735 0.013948497854077254 0.02857142857142857
31 0.12580472103004292 0.6954081632653061 0.011802575107296138 0.03469387755102041
31 0.361587982832618 0.7525510204081632 0.016094420600858368 0.02142857142857143
31 0.19206008583690987 0.7137755102040816 0.01555793991416309 0.019387755102040816
28 0.3865343347639485 0.7591836734693878 0.015021459227467811 0.02959183673469388
31 0.14780042918454936 0.7045918367346938 0.013412017167381975 0.044897959183673466
28 0.2738733905579399 0.7362244897959184 0.014484978540772532 0.02857142857142857
31 0.33074034334763946 0.7525510204081632 0.016094420600858368 0.018367346938775512
24 0.592274678111588 0.813265306122449 0.017167381974248927 0.024489795918367346
31 0.17355150214592274 0.7158163265306122 0.0101931330472103 0.0326530612244898
5 0.5201180257510729 0.8005102040816326 0.015021459227467811 0.017346938775510204
15 0.558744635193133 0.8127551020408164 0.043991416309012876 0.08163265306122448
31 0.3167918454935622 0.7586734693877552 0.008583690987124463 0.030612244897959183
31 0.30150214592274677 0.7545918367346939 0.008583690987124463 0.030612244897959183
5 0.2939914163090129 0.7540816326530613 0.008583690987124463 0.030612244897959183
5 0.30874463519313305 0.7576530612244898 0.009120171673819743 0.03163265306122449
28 0.4332081545064378 0.7887755102040817 0.01555793991416309 0.03163265306122449
5 0.1990343347639485 0.7341836734693877 0.01555793991416309 0.019387755102040816
7 0.933744635193133 0.9091836734693878 0.09334763948497854 0.1520408163265306
5 0.3449570815450644 0.7744897959183673 0.013948497854077254 0.0163265306122449
31 0.5123390557939914 0.8183673469387756 0.009120171673819743 0.02959183673469388
31 0.4096030042918455 0.7943877551020408 0.01072961373390558 0.036734693877551024
31 0.3648068669527897 0.7852040816326531 0.011266094420600859 0.0336734693877551
31 0.3291309012875536 0.7775510204081633 0.017167381974248927 0.03469387755102041
30 0.15584763948497854 0.7403061224489796 0.02467811158798283 0.05
28 0.1813304721030043 0.7474489795918368 0.01555793991416309 0.02857142857142857
5 0.34334763948497854 0.7913265306122449 0.013948497854077254 0.015306122448979591
28 0.5979077253218884 0.8510204081632653 0.01555793991416309 0.02857142857142857
24 0.5866416309012875 0.8489795918367347 0.011266094420600859 0.0336734693877551
24 0.6089055793991416 0.8556122448979592 0.009656652360515022 0.02959183673469388
28 0.39324034334763946 0.8061224489795918 0.011802575107296138 0.02040816326530612
31 0.3798283261802575 0.8051020408163265 0.016094420600858368 0.018367346938775512
5 0.5254828326180258 0.8403061224489796 0.01072961373390558 0.0326530612244898
30 0.20010729613733905 0.7653061224489796 0.024141630901287552 0.044897959183673466
7 0.746244635193133 0.8959183673469387 0.26716738197424894 0.16020408163265307
5 0.5005364806866953 0.8413265306122449 0.011266094420600859 0.0326530612244898
28 0.3688304721030043 0.8137755102040817 0.011266094420600859 0.022448979591836733
31 0.510461373390558 0.8479591836734693 0.009656652360515022 0.02959183673469388
15 0.35488197424892703 0.8127551020408164 0.014484978540772532 0.02346938775510204
31 0.3331545064377682 0.8076530612244898 0.017167381974248927 0.02040816326530612
28 0.18159871244635192 0.775 0.01555793991416309 0.02959183673469388
20 0.6054184549356223 0.8770408163265306 0.017167381974248927 0.02142857142857143
24 0.1542381974248927 0.7719387755102041 0.017703862660944206 0.022448979591836733
5 0.16765021459227467 0.7770408163265307 0.0101931330472103 0.03163265306122449
28 0.3811695278969957 0.8270408163265306 0.016094420600858368 0.02857142857142857
15 0.4002145922746781 0.8316326530612245 0.015021459227467811 0.026530612244897958
24 0.5579399141630901 0.8816326530612245 0.017167381974248927 0.022448979591836733
20 0.5185085836909872 0.8744897959183674 0.0101931330472103 0.0326530612244898
5 0.20466738197424894 0.8051020408163265 0.009656652360515022 0.0326530612244898
31 0.4096030042918455 0.8551020408163266 0.016094420600858368 0.018367346938775512
15 0.5337982832618026 0.8872448979591837 0.021995708154506438 0.05510204081632653
31 0.3763412017167382 0.851530612244898 0.016630901287553648 0.02142857142857143
28 0.3894849785407725 0.8556122448979592 0.0101931330472103 0.02142857142857143
24 0.18642703862660945 0.810204081632653 0.016094420600858368 0.019387755102040816
28 0.5713519313304721 0.9020408163265307 0.013948497854077254 0.02959183673469388
24 0.5820815450643777 0.9045918367346939 0.01072961373390558 0.0336734693877551
20 0.5517703862660944 0.9056122448979592 0.016630901287553648 0.02040816326530612
28 0.4423283261802575 0.008673469387755102 0.01555793991416309 0.017346938775510204
5 0.6303648068669528 0.05357142857142857 0.011266094420600859 0.0336734693877551
28 0.40155579399141633 0.01173469387755102 0.017703862660944206 0.02346938775510204
5 0.42569742489270385 0.01479591836734694 0.009120171673819743 0.02959183673469388
7 0.3374463519313305 0.018877551020408164 0.06223175965665236 0.03775510204081633
5 0.903969957081545 0.12653061224489795 0.027896995708154508 0.0326530612244898
7 0.7569742489270386 0.0933673469387755 0.18669527896995708 0.11530612244897959
5 0.4176502145922747 0.01479591836734694 0.009120171673819743 0.02959183673469388
28 0.5490879828326181 0.05918367346938776 0.013948497854077254 0.026530612244897958
31 0.8733905579399142 0.13979591836734695 0.039163090128755365 0.07142857142857142
24 0.9297210300429185 0.15714285714285714 0.016630901287553648 0.018367346938775512
5 0.5316523605150214 0.0673469387755102 0.009120171673819743 0.030612244897959183
5 0.9031652360515021 0.15714285714285714 0.02575107296137339 0.0326530612244898
5 0.39243562231759654 0.03775510204081633 0.009656652360515022 0.02959183673469388
24 0.9546673819742489 0.1704081632653061 0.011266094420600859 0.03469387755102041
28 0.38063304721030045 0.037244897959183676 0.015021459227467811 0.02959183673469388
24 0.9281115879828327 0.17346938775510204 0.016630901287553648 0.019387755102040816
28 0.5061695278969958 0.0760204081632653 0.01555793991416309 0.0326530612244898
5 0.3876072961373391 0.06275510204081633 0.016630901287553648 0.018367346938775512
2 0.12070815450643776 0.0326530612244898 0.07939914163090128 0.0653061224489796
24 0.18186695278969958 0.017346938775510204 0.011266094420600859 0.0336734693877551
28 0.506706008583691 0.10357142857142858 0.014484978540772532 0.027551020408163266
5 0.6794527896995708 0.1469387755102041 0.017703862660944206 0.02142857142857143
24 0.8551502145922747 0.18928571428571428 0.017167381974248927 0.02040816326530612
15 0.8988733905579399 0.19948979591836735 0.03111587982832618 0.05714285714285714
5 0.9216738197424893 0.20561224489795918 0.011266094420600859 0.0336734693877551
24 0.18857296137339055 0.03469387755102041 0.0101931330472103 0.0336734693877551
5 0.4721030042918455 0.10204081632653061 0.016094420600858368 0.018367346938775512
5 0.9342811158798283 0.21071428571428572 0.018240343347639486 0.05408163265306123
5 0.38090128755364805 0.0826530612244898 0.016094420600858368 0.017346938775510204
15 0.43052575107296137 0.09591836734693877 0.0638412017167382 0.11938775510204082
7 0.8240343347639485 0.1933673469387755 0.0407725321888412 0.05
7 0.733637339055794 0.17295918367346938 0.0407725321888412 0.04897959183673469
5 0.47129828326180256 0.11683673469387755 0.017167381974248927 0.019387755102040816
5 0.38063304721030045 0.09795918367346938 0.018776824034334765 0.019387755102040816
28 0.4876609442060086 0.13826530612244897 0.016094420600858368 0.030612244897959183
28 0.7025214592274678 0.19183673469387755 0.015021459227467811 0.027551020408163266
24 0.6896459227467812 0.18979591836734694 0.014484978540772532 0.018367346938775512
5 0.8969957081545065 0.24540816326530612 0.02575107296137339 0.0336734693877551
5 0.3803648068669528 0.12551020408163266 0.017703862660944206 0.02346938775510204
28 0.7371244635193133 0.2096938775510204 0.015021459227467811 0.027551020408163266
20 0.950107296137339 0.26071428571428573 0.029506437768240343 0.0336734693877551
31 0.8669527896995708 0.2423469387755102 0.039163090128755365 0.06836734693877551
24 0.9232832618025751 0.2566326530612245 0.015021459227467811 0.0163265306122449
24 0.6883047210300429 0.20357142857142857 0.015021459227467811 0.014285714285714285
24 0.14350858369098712 0.08775510204081632 0.016094420600858368 0.017346938775510204
24 0.9224785407725322 0.27091836734693875 0.015021459227467811 0.0163265306122449
24 0.6875 0.21683673469387754 0.016094420600858368 0.0163265306122449
24 0.8036480686695279 0.24387755102040817 0.017703862660944206 0.02142857142857143
15 0.5920064377682404 0.19642857142857142 0.12875536480686695 0.24489795918367346
7 0.7714592274678111 0.2392857142857143 0.032188841201716736 0.09795918367346938
5 0.506706008583691 0.17857142857142858 0.017167381974248927 0.02142857142857143
5 0.8935085836909872 0.2739795918367347 0.027896995708154508 0.03163265306122449
31 0.9208690987124464 0.2836734693877551 0.018240343347639486 0.02142857142857143
18 0.11587982832618025 0.09591836734693877 0.039163090128755365 0.07346938775510205
24 0.6864270386266095 0.23112244897959183 0.016094420600858368 0.015306122448979591
20 0.9468884120171673 0.29285714285714287 0.029506437768240343 0.03469387755102041
5 0.6676502145922747 0.23061224489795917 0.011266094420600859 0.03469387755102041
5 0.3999463519313305 0.17346938775510204 0.008047210300429184 0.02857142857142857
31 0.3782188841201717 0.1683673469387755 0.008583690987124463 0.02959183673469388
31 0.39297210300429186 0.1719387755102041 0.009656652360515022 0.0326530612244898
31 0.38599785407725323 0.17091836734693877 0.009120171673819743 0.0326530612244898
5 0.40799356223175964 0.1760204081632653 0.008583690987124463 0.03163265306122449
5 0.44957081545064376 0.18571428571428572 0.0101931330472103 0.03469387755102041
5 0.4281115879828326 0.18112244897959184 0.009656652360515022 0.03163265306122449
5 0.42006437768240346 0.18010204081632653 0.009120171673819743 0.03163265306122449
5 0.4415236051502146 0.18520408163265306 0.01072961373390558 0.0326530612244898
24 0.6856223175965666 0.2443877551020408 0.016630901287553648 0.017346938775510204
7 0.7186158798283262 0.25510204081632654 0.02521459227467811 0.07755102040816327
24 0.8240343347639485 0.28469387755102044 0.016630901287553648 0.019387755102040816
30 0.29721030042918456 0.16479591836734694 0.02467811158798283 0.04795918367346939
28 0.4863197424892704 0.20918367346938777 0.016094420600858368 0.0326530612244898
24 0.6848175965665236 0.2571428571428571 0.016630901287553648 0.0163265306122449
24 0.7969420600858369 0.286734693877551 0.01072961373390558 0.0326530612244898
5 0.27360515021459225 0.16428571428571428 0.011266094420600859 0.0326530612244898
28 0.8116952789699571 0.2943877551020408 0.01555793991416309 0.030612244897959183
28 0.6982296137339056 0.275 0.01555793991416309 0.02857142857142857
24 0.6840128755364807 0.2714285714285714 0.016630901287553648 0.017346938775510204
24 0.7875536480686696 0.3 0.009120171673819743 0.030612244897959183
30 0.8688304721030042 0.3229591836734694 0.024141630901287552 0.04693877551020408
24 0.8226931330472103 0.3142857142857143 0.017167381974248927 0.02040816326530612
24 0.3438841201716738 0.20561224489795918 0.009120171673819743 0.02959183673469388
24 0.3741952789699571 0.21377551020408164 0.0101931330472103 0.03163265306122449
24 0.35246781115879827 0.2086734693877551 0.0101931330472103 0.0326530612244898
5 0.9002145922746781 0.33622448979591835 0.028969957081545063 0.03571428571428571
24 0.3645386266094421 0.21224489795918366 0.011266094420600859 0.0326530612244898
20 0.4012875536480687 0.22193877551020408 0.01072961373390558 0.0326530612244898
20 0.41067596566523606 0.2239795918367347 0.009120171673819743 0.02959183673469388
20 0.4321351931330472 0.22908163265306122 0.0101931330472103 0.0326530612244898
20 0.4230150214592275 0.22908163265306122 0.0101931330472103 0.0336734693877551
28 0.6783798283261803 0.28877551020408165 0.01555793991416309 0.02857142857142857
31 0.286480686695279 0.20051020408163264 0.030042918454935622 0.03571428571428571
24 0.8210836909871244 0.3311224489795918 0.017167381974248927 0.019387755102040816
28 0.694206008583691 0.30357142857142855 0.015021459227467811 0.02857142857142857
5 0.755901287553648 0.32040816326530613 0.01555793991416309 0.02959183673469388
28 0.7905042918454935 0.32908163265306123 0.015021459227467811 0.027551020408163266
24 0.7218347639484979 0.3142857142857143 0.016630901287553648 0.019387755102040816
20 0.34629828326180256 0.22755102040816327 0.018240343347639486 0.019387755102040816
20 0.36856223175965663 0.23265306122448978 0.017167381974248927 0.0163265306122449
28 0.47880901287553645 0.2596938775510204 0.014484978540772532 0.02857142857142857
24 0.6773068669527897 0.3081632653061224 0.016630901287553648 0.018367346938775512
20 0.40396995708154504 0.24540816326530612 0.016630901287553648 0.017346938775510204
20 0.4259656652360515 0.25051020408163266 0.017703862660944206 0.017346938775510204
7 0.9543991416309013 0.3760204081632653 0.06276824034334764 0.12551020408163266
24 0.17060085836909872 0.19285714285714287 0.011266094420600859 0.0326530612244898
2 0.108637339055794 0.18061224489795918 0.07671673819742489 0.11938775510204082
24 0.8605150214592274 0.35918367346938773 0.014484978540772532 0.0163265306122449
5 0.3082081545064378 0.23112244897959183 0.017703862660944206 0.05408163265306123
15 0.891362660944206 0.373469387755102 0.023605150214592276 0.03469387755102041
24 0.8248390557939914 0.35867346938775513 0.018776824034334765 0.02346938775510204
24 0.6762339055793991 0.325 0.016630901287553648 0.019387755102040816
24 0.3623927038626609 0.2530612244897959 0.0101931330472103 0.0326530612244898
24 0.1781115879828326 0.21020408163265306 0.0101931330472103 0.03469387755102041
24 0.34012875536480686 0.2479591836734694 0.01072961373390558 0.030612244897959183
24 0.3715128755364807 0.25510204081632654 0.0101931330472103 0.03469387755102041
24 0.34951716738197425 0.25204081632653064 0.009656652360515022 0.03163265306122449
28 0.7888948497854077 0.3556122448979592 0.01555793991416309 0.027551020408163266
24 0.39780042918454933 0.2642857142857143 0.009656652360515022 0.02959183673469388
24 0.4294527896995708 0.27193877551020407 0.0101931330472103 0.02959183673469388
5 0.7052038626609443 0.33622448979591835 0.017703862660944206 0.0336734693877551
24 0.40799356223175964 0.26683673469387753 0.009656652360515022 0.030612244897959183
24 0.8594420600858369 0.37295918367346936 0.013948497854077254 0.0163265306122449
24 0.42033261802575106 0.27040816326530615 0.0101931330472103 0.0326530612244898
24 0.674892703862661 0.3423469387755102 0.016630901287553648 0.018367346938775512
28 0.6327789699570815 0.3357142857142857 0.013948497854077254 0.025510204081632654
5 0.5254828326180258 0.3137755102040816 0.018240343347639486 0.022448979591836733
7 0.28487124463519314 0.2586734693877551 0.024141630901287552 0.07857142857142857
24 0.6740879828326181 0.35867346938775513 0.016630901287553648 0.019387755102040816
5 0.7985515021459227 0.38877551020408163 0.01555793991416309 0.027551020408163266
5 0.8948497854077253 0.413265306122449 0.028433476394849784 0.030612244897959183
5 0.5659871244635193 0.34183673469387754 0.01555793991416309 0.019387755102040816
28 0.6499463519313304 0.363265306122449 0.014484978540772532 0.02959183673469388
24 0.6351931330472103 0.36275510204081635 0.012339055793991416 0.03571428571428571
24 0.6177575107296137 0.35867346938775513 0.0075107296137339056 0.030612244897959183
24 0.6032725321888412 0.3556122448979592 0.009656652360515022 0.0336734693877551
24 0.8036480686695279 0.40255102040816326 0.012339055793991416 0.02040816326530612
28 0.6853540772532188 0.37551020408163266 0.01555793991416309 0.030612244897959183
24 0.5815450643776824 0.35153061224489796 0.009120171673819743 0.03163265306122449
24 0.5962982832618026 0.3551020408163265 0.008047210300429184 0.027551020408163266
24 0.6252682403433476 0.36173469387755103 0.009656652360515022 0.03163265306122449
24 0.5895922746781116 0.3535714285714286 0.009120171673819743 0.03163265306122449
24 0.6107832618025751 0.35918367346938773 0.008583690987124463 0.030612244897959183
28 0.8672210300429185 0.42346938775510207 0.01555793991416309 0.02857142857142857
28 0.42006437768240346 0.32193877551020406 0.23605150214592274 0.44693877551020406
7 0.37526824034334766 0.3127551020408163 0.16684549356223177 0.11428571428571428
28 0.8342274678111588 0.4219387755102041 0.015021459227467811 0.02959183673469388
24 0.13277896995708155 0.25918367346938775 0.017167381974248927 0.022448979591836733
28 0.49222103004291845 0.3438775510204082 0.023605150214592276 0.0653061224489796
28 0.15906652360515022 0.27040816326530615 0.015021459227467811 0.0326530612244898
24 0.6679184549356223 0.39540816326530615 0.011802575107296138 0.022448979591836733
5 0.8157188841201717 0.4316326530612245 0.014484978540772532 0.025510204081632654
18 0.10434549356223176 0.26683673469387753 0.043991416309012876 0.06938775510204082
24 0.6625536480686696 0.4030612244897959 0.011266094420600859 0.02346938775510204
24 0.8658798283261803 0.45153061224489793 0.0101931330472103 0.02857142857142857
5 0.6553111587982833 0.411734693877551 0.013948497854077254 0.027551020408163266
7 0.9460836909871244 0.4806122448979592 0.01984978540772532 0.07959183673469387
15 0.8374463519313304 0.4627551020408163 0.030042918454935622 0.05612244897959184
7 0.6089055793991416 0.41836734693877553 0.04130901287553648 0.05
24 0.13009656652360516 0.31173469387755104 0.016630901287553648 0.02040816326530612
28 0.6362660944206009 0.4301020408163265 0.016094420600858368 0.02857142857142857
18 0.10193133047210301 0.33010204081632655 0.04238197424892704 0.06938775510204082
28 0.6126609442060086 0.45357142857142857 0.015021459227467811 0.02959183673469388
31 0.45761802575107297 0.4275510204081633 0.01072961373390558 0.0326530612244898
5 0.4656652360515021 0.4290816326530612 0.008583690987124463 0.03163265306122449
5 0.47317596566523606 0.43112244897959184 0.009120171673819743 0.0326530612244898
5 0.8446888412017167 0.5209183673469387 0.01555793991416309 0.030612244897959183