5 0.5960732984293193 0.529441117764471 0.014659685863874346 0.020958083832335328
31 0.27356020942408377 0.3717564870259481 0.012565445026178011 0.031936127744510975
24 0.4782722513089005 0.4805389221556886 0.013612565445026177 0.018962075848303395
31 0.24659685863874345 0.36227544910179643 0.018848167539267015 0.02694610778443114
24 0.1274869109947644 0.30439121756487025 0.018848167539267015 0.02594810379241517
28 0.2837696335078534 0.3842315369261477 0.016753926701570682 0.03293413173652695
28 0.8164921465968586 0.6586826347305389 0.016753926701570682 0.03293413173652695
5 0.4863874345549738 0.49201596806387227 0.01099476439790576 0.03293413173652695
5 0.46570680628272254 0.4815369261477046 0.010471204188481676 0.031936127744510975
31 0.2081151832460733 0.35578842315369263 0.01832460732984293 0.0249500998003992
28 0.3321989528795812 0.42065868263473055 0.012565445026178011 0.023952095808383235
24 0.47539267015706804 0.4935129740518962 0.014659685863874346 0.018962075848303395
31 0.23089005235602095 0.36976047904191617 0.017277486910994764 0.023952095808383235
31 0.25890052356020943 0.3842315369261477 0.016753926701570682 0.021956087824351298
5 0.4664921465968586 0.5024950099800399 0.015183246073298429 0.018962075848303395
18 0.09816753926701571 0.3153692614770459 0.04502617801047121 0.07784431137724551
5 0.3913612565445026 0.4660678642714571 0.017277486910994764 0.021956087824351298
15 0.7015706806282722 0.627744510978044 0.2670157068062827 0.5099800399201597
15 0.21832460732984293 0.38323353293413176 0.015183246073298429 0.027944111776447105
15 0.2672774869109948 0.4091816367265469 0.015183246073298429 0.027944111776447105
28 0.31413612565445026 0.437125748502994 0.016753926701570682 0.03293413173652695
5 0.47041884816753926 0.5179640718562875 0.016753926701570682 0.020958083832335328
5 0.3900523560209424 0.4810379241516966 0.016753926701570682 0.020958083832335328
28 0.19005235602094242 0.37974051896207583 0.016230366492146597 0.03093812375249501
5 0.2882198952879581 0.4341317365269461 0.016753926701570682 0.020958083832335328
15 0.4259162303664921 0.5099800399201597 0.0581151832460733 0.11177644710578842
5 0.46282722513089003 0.5284431137724551 0.01832460732984293 0.021956087824351298
5 0.2534031413612565 0.4226546906187625 0.017277486910994764 0.022954091816367265
5 0.22643979057591623 0.4096806387225549 0.015183246073298429 0.020958083832335328
5 0.20287958115183247 0.4041916167664671 0.012041884816753926 0.031936127744510975
28 0.2960732984293194 0.45159680638722555 0.013612565445026177 0.02594810379241517
24 0.1193717277486911 0.36227544910179643 0.017277486910994764 0.023952095808383235
31 0.18036649214659686 0.3977045908183633 0.015183246073298429 0.01996007984031936
28 0.32801047120418847 0.4740518962075848 0.016753926701570682 0.03293413173652695
31 0.21151832460732983 0.41966067864271456 0.012041884816753926 0.03293413173652695
31 0.262565445026178 0.4471057884231537 0.012041884816753926 0.033932135728542916
31 0.2850785340314136 0.4595808383233533 0.015706806282722512 0.022954091816367265
31 0.31649214659685865 0.4755489021956088 0.013089005235602094 0.03493013972055888
31 0.38612565445026176 0.5119760479041916 0.01780104712041885 0.022954091816367265
28 0.4654450261780105 0.5533932135728543 0.015183246073298429 0.028942115768463075
7 0.856544502617801 0.7544910179640718 0.11047120418848168 0.4121756487025948
28 0.4973821989528796 0.5728542914171657 0.015183246073298429 0.029940119760479042
7 0.5212041884816754 0.5853293413173652 0.08952879581151832 0.3992015968063872
31 0.17801047120418848 0.4151696606786427 0.01780104712041885 0.021956087824351298
28 0.19947643979057592 0.4281437125748503 0.013612565445026177 0.02594810379241517
18 0.08952879581151832 0.37325349301397204 0.04397905759162304 0.07385229540918163
28 0.2696335078534031 0.47005988023952094 0.017277486910994764 0.03493013972055888
15 0.29528795811518327 0.48403193612774453 0.015706806282722512 0.029940119760479042
5 0.793455497382199 0.7410179640718563 0.01780104712041885 0.036926147704590816
31 0.4536649214659686 0.5683632734530938 0.012041884816753926 0.033932135728542916
7 0.9259162303664922 0.812874251497006 0.1068062827225131 0.17764471057884232
31 0.17277486910994763 0.4291417165668663 0.01780104712041885 0.022954091816367265
28 0.38350785340314136 0.5384231536926147 0.015183246073298429 0.029940119760479042
28 0.9138743455497382 0.2150698602794411 0.027225130890052355 0.05089820359281437
5 0.5910994764397905 0.6457085828343313 0.015706806282722512 0.03093812375249501
28 0.1856020942408377 0.4466067864271457 0.014659685863874346 0.027944111776447105
15 0.21151832460732983 0.4620758483033932 0.02198952879581152 0.03493013972055888
5 0.7806282722513089 0.7549900199600799 0.020418848167539267 0.038922155688622756
28 0.15366492146596858 0.4346307385229541 0.015706806282722512 0.029940119760479042
28 0.17041884816753927 0.44610778443113774 0.015706806282722512 0.029940119760479042
31 0.4295811518324607 0.5798403193612774 0.015183246073298429 0.01996007984031936
28 0.3892670157068063 0.5593812375249501 0.016230366492146597 0.033932135728542916
31 0.4094240837696335 0.5703592814371258 0.015183246073298429 0.020958083832335328
24 0.11099476439790576 0.4221556886227545 0.016753926701570682 0.022954091816367265
31 0.41858638743455495 0.5813373253493014 0.009424083769633508 0.029940119760479042
31 0.2319371727748691 0.48602794411177647 0.012041884816753926 0.03093812375249501
31 0.3981675392670157 0.5718562874251497 0.01099476439790576 0.033932135728542916
28 0.35340314136125656 0.5513972055888223 0.012565445026178011 0.023952095808383235
28 0.22094240837696336 0.4845309381237525 0.012565445026178011 0.023952095808383235
24 0.181151832460733 0.46956087824351295 0.016753926701570682 0.022954091816367265
31 0.15994764397905759 0.4595808383233533 0.016753926701570682 0.01996007984031936
28 0.31884816753926704 0.5429141716566867 0.016753926701570682 0.031936127744510975
28 0.337696335078534 0.5523952095808383 0.016230366492146597 0.03093812375249501
5 0.43115183246073296 0.6012974051896207 0.008900523560209424 0.0249500998003992
31 0.4031413612565445 0.5868263473053892 0.009947643979057591 0.028942115768463075
31 0.4096858638743455 0.5913173652694611 0.009947643979057591 0.028942115768463075
5 0.4243455497382199 0.5988023952095808 0.008900523560209424 0.02594810379241517
5 0.7633507853403141 0.7739520958083832 0.020418848167539267 0.038922155688622756
18 0.08272251308900523 0.4306387225548902 0.043455497382198956 0.07584830339321358
5 0.25732984293193717 0.5229540918163673 0.012565445026178011 0.033932135728542916
28 0.23010471204188482 0.5119760479041916 0.01832460732984293 0.033932135728542916
31 0.19842931937172775 0.49800399201596807 0.012565445026178011 0.033932135728542916
5 0.2180628272251309 0.5079840319361277 0.010471204188481676 0.03093812375249501
24 0.2850785340314136 0.5444111776447106 0.016753926701570682 0.021956087824351298
31 0.31204188481675393 0.5598802395209581 0.01832460732984293 0.0249500998003992
20 0.4049738219895288 0.6092814371257484 0.016230366492146597 0.01996007984031936
20 0.42408376963350786 0.6192614770459082 0.015183246073298429 0.01996007984031936
5 0.7513089005235603 0.7874251497005988 0.01832460732984293 0.03493013972055888
28 0.20680628272251309 0.5104790419161677 0.014659685863874346 0.027944111776447105
28 0.5795811518324607 0.7015968063872255 0.016753926701570682 0.03093812375249501
24 0.7903141361256545 0.810379241516966 0.018848167539267015 0.02594810379241517
30 0.16518324607329843 0.49550898203592814 0.02931937172774869 0.05289421157684631
31 0.32591623036649214 0.5783433133732535 0.012041884816753926 0.033932135728542916
20 0.5586387434554974 0.7005988023952096 0.01780104712041885 0.02594810379241517
31 0.2905759162303665 0.5633732534930139 0.015183246073298429 0.01996007984031936
31 0.275130890052356 0.5568862275449101 0.017277486910994764 0.020958083832335328
28 0.35 0.5958083832335329 0.016230366492146597 0.03093812375249501
31 0.33272251308900525 0.5883233532934131 0.01099476439790576 0.03293413173652695
5 0.3599476439790576 0.6017964071856288 0.011518324607329843 0.031936127744510975
28 0.21020942408376964 0.529441117764471 0.013612565445026177 0.0249500998003992
28 0.4400523560209424 0.6482035928143712 0.016753926701570682 0.031936127744510975
5 0.6206806282722513 0.7405189620758483 0.017277486910994764 0.031936127744510975
31 0.18272251308900522 0.5174650698602794 0.016230366492146597 0.022954091816367265
31 0.40104712041884816 0.6292415169660679 0.013089005235602094 0.029940119760479042
31 0.42172774869109947 0.6397205588822356 0.014136125654450262 0.031936127744510975
28 0.2431937172774869 0.5494011976047904 0.014659685863874346 0.028942115768463075
28 0.7390052356020942 0.8038922155688623 0.016753926701570682 0.031936127744510975
28 0.22827225130890053 0.5439121756487026 0.017277486910994764 0.03493013972055888
31 0.15157068062827225 0.5069860279441117 0.016230366492146597 0.020958083832335328
5 0.7643979057591623 0.8198602794411177 0.015183246073298429 0.01996007984031936
31 0.3387434554973822 0.6027944111776448 0.012041884816753926 0.033932135728542916
31 0.2986910994764398 0.5863273453093812 0.008900523560209424 0.02694610778443114
24 0.31282722513089006 0.593313373253493 0.012041884816753926 0.033932135728542916
5 0.30523560209424083 0.5898203592814372 0.01099476439790576 0.03293413173652695
28 0.5390052356020942 0.7120758483033932 0.016230366492146597 0.031936127744510975
28 0.38403141361256543 0.6342315369261478 0.015706806282722512 0.029940119760479042
24 0.2756544502617801 0.5808383233532934 0.010471204188481676 0.028942115768463075
24 0.2913612565445026 0.5888223552894212 0.011518324607329843 0.033932135728542916
31 0.2837696335078534 0.5848303393213573 0.010471204188481676 0.03093812375249501
5 0.18403141361256545 0.5379241516966068 0.015183246073298429 0.01996007984031936
31 0.1667539267015707 0.530439121756487 0.023036649214659685 0.029940119760479042
31 0.15 0.5224550898203593 0.017277486910994764 0.021956087824351298
28 0.3460732984293194 0.6272455089820359 0.016753926701570682 0.03293413173652695
28 0.3238219895287958 0.6157684630738522 0.015706806282722512 0.029940119760479042
31 0.21518324607329842 0.5598802395209581 0.01832460732984293 0.0249500998003992
28 0.4316753926701571 0.6726546906187625 0.013089005235602094 0.022954091816367265
31 0.7790575916230367 0.8512974051896207 0.05706806282722513 0.054890219560878244
31 0.4049738219895288 0.6631736526946108 0.012565445026178011 0.03493013972055888
31 0.2643979057591623 0.5913173652694611 0.011518324607329843 0.03293413173652695
15 0.1973821989528796 0.5593812375249501 0.016753926701570682 0.03992015968063872
20 0.5395287958115184 0.7350299401197605 0.016753926701570682 0.021956087824351298
28 0.3675392670157068 0.6482035928143712 0.013089005235602094 0.02694610778443114
28 0.6395287958115183 0.7884231536926147 0.016753926701570682 0.03093812375249501
31 0.33167539267015705 0.6372255489021956 0.016753926701570682 0.020958083832335328
31 0.39424083769633506 0.6691616766467066 0.012565445026178011 0.033932135728542916
28 0.22460732984293194 0.5858283433133733 0.01780104712041885 0.033932135728542916
24 0.6180628272251308 0.7899201596806387 0.015706806282722512 0.022954091816367265
5 0.7510471204188481 0.8577844311377245 0.017277486910994764 0.021956087824351298
15 0.16151832460732984 0.5563872255489022 0.024607329842931937 0.04091816367265469
31 0.43664921465968587 0.6991017964071856 0.013089005235602094 0.03493013972055888
31 0.3607329842931937 0.6621756487025948 0.01780104712041885 0.022954091816367265
20 0.5259162303664922 0.748003992015968 0.011518324607329843 0.029940119760479042
28 0.5678010471204189 0.7699600798403193 0.016230366492146597 0.03293413173652695
5 0.7026178010471205 0.8393213572854291 0.020418848167539267 0.03992015968063872
28 0.25759162303664923 0.6127744510978044 0.015706806282722512 0.02694610778443114
5 0.20680628272251309 0.5888223552894212 0.01832460732984293 0.023952095808383235
5 0.6429319371727749 0.813872255489022 0.014659685863874346 0.029940119760479042
31 0.1387434554973822 0.5563872255489022 0.016753926701570682 0.021956087824351298
15 0.4075916230366492 0.6946107784431138 0.016230366492146597 0.029940119760479042
5 0.3484293193717278 0.6651696606786427 0.01099476439790576 0.03093812375249501
24 0.5332460732984293 0.7609780439121756 0.01099476439790576 0.029940119760479042
5 0.18298429319371728 0.5838323353293413 0.012041884816753926 0.03293413173652695
31 0.4232984293193717 0.7065868263473054 0.013089005235602094 0.03493013972055888
24 0.6154450261780104 0.8048902195608783 0.016753926701570682 0.021956087824351298
31 0.33272251308900525 0.6646706586826348 0.014136125654450262 0.04091816367265469
28 0.5510471204188482 0.7759481037924152 0.016230366492146597 0.03293413173652695
5 0.3620418848167539 0.6796407185628742 0.015706806282722512 0.020958083832335328
5 0.14895287958115183 0.5788423153692615 0.01099476439790576 0.029940119760479042
28 0.2549738219895288 0.6352295409181636 0.017277486910994764 0.03093812375249501
15 0.29083769633507855 0.6576846307385229 0.05759162303664921 0.11177644710578842
24 0.5225130890052356 0.7759481037924152 0.012041884816753926 0.033932135728542916
28 0.17277486910994763 0.5993013972055888 0.012565445026178011 0.023952095808383235
15 0.20287958115183247 0.6167664670658682 0.027225130890052355 0.043912175648702596
28 0.787434554973822 0.9156686626746507 0.017277486910994764 0.03093812375249501
15 0.37225130890052355 0.7035928143712575 0.015183246073298429 0.029940119760479042
24 0.5617801047120419 0.8013972055888223 0.017277486910994764 0.0249500998003992
31 0.13534031413612566 0.5833333333333334 0.016753926701570682 0.023952095808383235
31 0.32146596858638743 0.6796407185628742 0.009947643979057591 0.02594810379241517
28 0.7010471204188482 0.874251497005988 0.017277486910994764 0.031936127744510975
5 0.5337696335078534 0.7889221556886228 0.011518324607329843 0.03093812375249501
31 0.34319371727748693 0.6936127744510978 0.020418848167539267 0.02694610778443114
7 0.6308900523560209 0.841816367265469 0.1099476439790576 0.09081836327345309
15 0.7447643979057592 0.906187624750499 0.07643979057591622 0.11077844311377245
24 0.4892670157068063 0.7764471057884231 0.01832460732984293 0.01996007984031936
28 0.25418848167539265 0.6596806387225549 0.01780104712041885 0.031936127744510975
15 0.15523560209424084 0.6087824351297405 0.017277486910994764 0.041916167664670656
31 0.3824607329842932 0.7260479041916168 0.017277486910994764 0.023952095808383235
28 0.40026178010471203 0.7350299401197605 0.013612565445026177 0.02594810379241517
28 0.4164921465968586 0.7465069860279441 0.016753926701570682 0.03093812375249501
31 0.3568062827225131 0.7160678642714571 0.01780104712041885 0.022954091816367265
31 0.32774869109947646 0.7035928143712575 0.014136125654450262 0.03992015968063872
28 0.3157068062827225 0.7010978043912176 0.015183246073298429 0.027944111776447105
24 0.4945026178010471 0.7929141716566867 0.017277486910994764 0.021956087824351298
5 0.17015706806282724 0.6302395209580839 0.014659685863874346 0.01996007984031936
31 0.4743455497382199 0.7874251497005988 0.015706806282722512 0.020958083832335328
5 0.5452879581151833 0.8248502994011976 0.012041884816753926 0.03293413173652695
5 0.6929319371727749 0.9011976047904192 0.01832460732984293 0.0249500998003992
31 0.1806282722513089 0.6467065868263473 0.015183246073298429 0.04291417165668663
28 0.25732984293193717 0.687125748502994 0.015706806282722512 0.029940119760479042
5 0.13900523560209424 0.626746506986028 0.016753926701570682 0.021956087824351298
7 0.05418848167539267 0.5763473053892215 0.10837696335078534 0.18662674650698602
24 0.5609947643979057 0.844311377245509 0.017277486910994764 0.023952095808383235
31 0.4850785340314136 0.8073852295409182 0.017277486910994764 0.020958083832335328
28 0.23455497382198953 0.6796407185628742 0.013089005235602094 0.023952095808383235
28 0.3675392670157068 0.7475049900199601 0.016230366492146597 0.03293413173652695
28 0.42513089005235605 0.7789421157684631 0.014136125654450262 0.02594810379241517
28 0.3102094240837696 0.7200598802395209 0.015183246073298429 0.029940119760479042
31 0.10418848167539267 0.6162674650698603 0.013612565445026177 0.03592814371257485
31 0.32801047120418847 0.7325349301397206 0.016753926701570682 0.0249500998003992
31 0.16701570680628272 0.6511976047904192 0.015706806282722512 0.021956087824351298
28 0.35157068062827224 0.7455089820359282 0.016230366492146597 0.031936127744510975
31 0.12486910994764398 0.6307385229540918 0.015706806282722512 0.04590818363273453
28 0.24450261780104712 0.6941117764471058 0.015706806282722512 0.029940119760479042
31 0.2981675392670157 0.7245508982035929 0.016230366492146597 0.021956087824351298
24 0.5465968586387434 0.8512974051896207 0.01780104712041885 0.02694610778443114
31 0.14895287958115183 0.6482035928143712 0.011518324607329843 0.03293413173652695
5 0.47774869109947643 0.8203592814371258 0.015183246073298429 0.01996007984031936
15 0.5141361256544502 0.841816367265469 0.04712041884816754 0.08882235528942116
31 0.28429319371727746 0.7265469061876247 0.010471204188481676 0.03093812375249501
31 0.2696335078534031 0.719061876247505 0.010471204188481676 0.03093812375249501
5 0.262565445026178 0.716566866267465 0.010471204188481676 0.03093812375249501
5 0.2767015706806283 0.7235528942115769 0.010471204188481676 0.031936127744510975
28 0.3947643979057592 0.7859281437125748 0.016753926701570682 0.033932135728542916
5 0.17225130890052356 0.6726546906187625 0.015706806282722512 0.021956087824351298
7 0.8835078534031413 0.9735528942115769 0.1261780104712042 0.05089820359281437
5 0.3104712041884817 0.7495009980039921 0.014659685863874346 0.018962075848303395
31 0.46910994764397906 0.8353293413173652 0.01099476439790576 0.029940119760479042
31 0.3714659685863874 0.7854291417165669 0.012565445026178011 0.036926147704590816
31 0.3287958115183246 0.7649700598802395 0.012565445026178011 0.033932135728542916
31 0.29476439790575915 0.7485029940119761 0.01832460732984293 0.036926147704590816
30 0.1301047120418848 0.6676646706586826 0.026701570680628273 0.05289421157684631
28 0.15418848167539267 0.6806387225548902 0.016753926701570682 0.03093812375249501
5 0.3075916230366492 0.7654690618762475 0.014136125654450262 0.017964071856287425
28 0.5494764397905759 0.8887225548902196 0.016753926701570682 0.03093812375249501
24 0.5387434554973822 0.8842315369261478 0.012565445026178011 0.033932135728542916
24 0.5596858638743456 0.8962075848303394 0.01099476439790576 0.029940119760479042
28 0.35471204188481675 0.7924151696606786 0.012565445026178011 0.022954091816367265
31 0.3418848167539267 0.7879241516966068 0.016230366492146597 0.021956087824351298
5 0.4803664921465969 0.8597804391217565 0.012041884816753926 0.03293413173652695
30 0.1712041884816754 0.7030938123752495 0.02617801047120419 0.04790419161676647
7 0.6895287958115183 0.9296407185628742 0.2617801047120419 0.13872255489021956
5 0.456020942408377 0.8547904191616766 0.012565445026178011 0.03293413173652695
28 0.3308900523560209 0.7939121756487026 0.012565445026178011 0.023952095808383235
31 0.4651832460732984 0.8632734530938124 0.01099476439790576 0.029940119760479042
15 0.3172774869109948 0.7889221556886228 0.015183246073298429 0.02594810379241517
31 0.29659685863874347 0.7784431137724551 0.017277486910994764 0.022954091816367265
28 0.15261780104712042 0.7080838323353293 0.016753926701570682 0.031936127744510975
20 0.5547120418848167 0.9166666666666666 0.017277486910994764 0.023952095808383235
24 0.12643979057591623 0.6976047904191617 0.01832460732984293 0.0249500998003992
5 0.1387434554973822 0.7060878243512974 0.012041884816753926 0.031936127744510975
28 0.3416230366492147 0.8098802395209581 0.017277486910994764 0.03093812375249501
15 0.35968586387434553 0.8188622754491018 0.015706806282722512 0.028942115768463075
24 0.5086387434554974 0.9086826347305389 0.01780104712041885 0.0249500998003992
20 0.47094240837696333 0.8912175648702595 0.011518324607329843 0.03293413173652695
5 0.1725130890052356 0.7430139720558883 0.011518324607329843 0.033932135728542916
31 0.3670157068062827 0.844311377245509 0.016230366492146597 0.021956087824351298
15 0.4850785340314136 0.9076846307385229 0.024607329842931937 0.05688622754491018
31 0.33507853403141363 0.8323353293413174 0.017277486910994764 0.0249500998003992
28 0.34764397905759165 0.8398203592814372 0.01099476439790576 0.022954091816367265
24 0.15471204188481674 0.7430139720558883 0.016230366492146597 0.022954091816367265
28 0.5201570680628272 0.9316367265469062 0.015183246073298429 0.03093812375249501
24 0.5301047120418848 0.937125748502994 0.012041884816753926 0.033932135728542916
20 0.5007853403141361 0.9301397205588823 0.016753926701570682 0.023952095808383235
28 0.45968586387434557 0.02694610778443114 0.016230366492146597 0.03093812375249501
5 0.6376963350785341 0.125249500998004 0.012565445026178011 0.033932135728542916
28 0.4198952879581152 0.020958083832335328 0.01832460732984293 0.033932135728542916
5 0.44267015706806284 0.03243512974051896 0.010471204188481676 0.03293413173652695
7 0.3586387434554974 0.019461077844311378 0.06387434554973823 0.038922155688622756
5 0.8971204188481675 0.26696606786427146 0.028272251308900525 0.03792415169660679
7 0.7573298429319372 0.19560878243512975 0.18219895287958116 0.15768463073852296
5 0.43455497382198954 0.03143712574850299 0.010471204188481676 0.03093812375249501
28 0.5586387434554974 0.1092814371257485 0.014659685863874346 0.027944111776447105
31 0.8664921465968587 0.2719560878243513 0.041884816753926704 0.07684630738522955
24 0.9196335078534031 0.3028942115768463 0.016753926701570682 0.021956087824351298
5 0.5413612565445026 0.11277445109780439 0.01099476439790576 0.031936127744510975
5 0.893979057591623 0.2964071856287425 0.02617801047120419 0.03792415169660679
5 0.40890052356020945 0.04840319361277445 0.01099476439790576 0.029940119760479042
24 0.9429319371727749 0.3223552894211577 0.013089005235602094 0.03493013972055888
28 0.39764397905759163 0.04491017964071856 0.016230366492146597 0.031936127744510975
24 0.9170157068062827 0.3183632734530938 0.016753926701570682 0.022954091816367265
28 0.5162303664921466 0.11477045908183632 0.017277486910994764 0.03493013972055888
5 0.4026178010471204 0.07085828343313373 0.016753926701570682 0.021956087824351298
28 0.5146596858638743 0.14171656686626746 0.015183246073298429 0.028942115768463075
5 0.6785340314136126 0.22854291417165667 0.01780104712041885 0.023952095808383235
24 0.8452879581151832 0.3148702594810379 0.017277486910994764 0.022954091816367265
15 0.8866492146596858 0.33582834331337325 0.032984293193717276 0.06187624750499002
5 0.9083769633507853 0.34780439121756485 0.012565445026178011 0.033932135728542916
24 0.21204188481675393 0.00499001996007984 0.012565445026178011 0.00998003992015968
5 0.481413612565445 0.13073852295409183 0.016230366492146597 0.021956087824351298
5 0.9201570680628273 0.3562874251497006 0.020942408376963352 0.05588822355289421
5 0.3947643979057592 0.08882235528942116 0.016753926701570682 0.020958083832335328
15 0.44136125654450264 0.11477045908183632 0.06858638743455497 0.12874251497005987
7 0.8149214659685864 0.31037924151696605 0.041884816753926704 0.05788423153692615
7 0.7287958115183246 0.26746506986027946 0.041884816753926704 0.05688622754491018
5 0.4793193717277487 0.14520958083832336 0.017277486910994764 0.021956087824351298
5 0.3931937172774869 0.10329341317365269 0.018848167539267015 0.022954091816367265
28 0.493717277486911 0.17015968063872255 0.017277486910994764 0.03293413173652695
28 0.6976439790575916 0.2774451097804391 0.015706806282722512 0.029940119760479042
24 0.6853403141361256 0.27245508982035926 0.014659685863874346 0.020958083832335328
5 0.881675392670157 0.37974051896207583 0.026701570680628273 0.038922155688622756
5 0.3910994764397906 0.13023952095808383 0.01832460732984293 0.02594810379241517
28 0.7295811518324608 0.30439121756487025 0.015706806282722512 0.029940119760479042
20 0.9319371727748691 0.4086826347305389 0.029842931937172777 0.03992015968063872
31 0.8528795811518325 0.36926147704590817 0.041361256544502616 0.07385229540918163
24 0.9062827225130891 0.3977045908183633 0.015183246073298429 0.01996007984031936
24 0.6829842931937172 0.28542914171656686 0.015183246073298429 0.017964071856287425
24 0.16465968586387433 0.03243512974051896 0.016753926701570682 0.020958083832335328
24 0.9044502617801047 0.4111776447105788 0.015183246073298429 0.01996007984031936
24 0.681151832460733 0.29790419161676646 0.016230366492146597 0.01996007984031936
24 0.7913612565445026 0.35429141716566864 0.01780104712041885 0.023952095808383235
15 0.5903141361256544 0.25399201596806387 0.13769633507853404 0.2624750499001996
7 0.7607329842931937 0.34181636726546905 0.03717277486910995 0.10079840319361277
5 0.5091623036649214 0.21457085828343314 0.017277486910994764 0.023952095808383235
5 0.8761780104712041 0.40718562874251496 0.028272251308900525 0.036926147704590816
31 0.9020942408376963 0.4231536926147705 0.01832460732984293 0.0249500998003992
18 0.13743455497382198 0.03642714570858283 0.042408376963350786 0.07285429141716566
24 0.6793193717277487 0.31137724550898205 0.016230366492146597 0.018962075848303395
20 0.9264397905759162 0.43862275449101795 0.029842931937172777 0.04091816367265469
5 0.6609947643979057 0.3063872255489022 0.013089005235602094 0.03493013972055888
5 0.40654450261780106 0.18163672654690619 0.009947643979057591 0.028942115768463075
31 0.38586387434554975 0.17115768463073852 0.010471204188481676 0.029940119760479042
31 0.4 0.1781437125748503 0.011518324607329843 0.033932135728542916
31 0.3931937172774869 0.17564870259481039 0.01099476439790576 0.03293413173652695
5 0.41387434554973823 0.18662674650698602 0.009947643979057591 0.031936127744510975
5 0.45340314136125653 0.20658682634730538 0.012041884816753926 0.03493013972055888
5 0.43324607329842935 0.19610778443113772 0.01099476439790576 0.03293413173652695
5 0.42539267015706805 0.19311377245508982 0.010471204188481676 0.031936127744510975
5 0.4458115183246073 0.20359281437125748 0.012041884816753926 0.03293413173652695
24 0.6774869109947644 0.32435129740518964 0.016753926701570682 0.01996007984031936
7 0.7086387434554974 0.34281437125748504 0.02931937172774869 0.07984031936127745
24 0.8083769633507853 0.3992015968063872 0.016753926701570682 0.022954091816367265
30 0.3078534031413613 0.1467065868263473 0.02617801047120419 0.05089820359281437
28 0.487434554973822 0.23852295409181637 0.01780104712041885 0.03493013972055888
24 0.6759162303664922 0.33682634730538924 0.016753926701570682 0.018962075848303395
24 0.7821989528795812 0.39421157684630737 0.012041884816753926 0.03293413173652695
5 0.2850785340314136 0.14021956087824353 0.012565445026178011 0.03293413173652695
28 0.7958115183246073 0.405189620758483 0.016753926701570682 0.03293413173652695
28 0.687696335078534 0.35728542914171657 0.016753926701570682 0.03093812375249501
24 0.6738219895287958 0.3502994011976048 0.016753926701570682 0.01996007984031936
24 0.7719895287958115 0.4041916167664671 0.01099476439790576 0.031936127744510975
30 0.8486910994764398 0.4476047904191617 0.025654450261780103 0.0499001996007984
24 0.8049738219895288 0.4276447105788423 0.017277486910994764 0.022954091816367265
24 0.35 0.19810379241516965 0.01099476439790576 0.029940119760479042
24 0.3787958115183246 0.21407185628742514 0.012041884816753926 0.031936127744510975
24 0.35785340314136127 0.2030938123752495 0.011518324607329843 0.03293413173652695
5 0.8782722513089005 0.469061876247505 0.029842931937172777 0.04091816367265469
24 0.3693717277486911 0.21007984031936128 0.012565445026178011 0.03293413173652695
20 0.4041884816753927 0.22904191616766467 0.012041884816753926 0.03293413173652695
20 0.4133507853403141 0.23353293413173654 0.01099476439790576 0.029940119760479042
20 0.43350785340314135 0.2440119760479042 0.011518324607329843 0.03293413173652695
20 0.4246073298429319 0.24151696606786427 0.012041884816753926 0.033932135728542916
28 0.6675392670157068 0.3652694610778443 0.016753926701570682 0.03093812375249501
31 0.29476439790575915 0.1781437125748503 0.030890052356020943 0.041916167664670656
24 0.8023560209424084 0.4436127744510978 0.017277486910994764 0.021956087824351298
28 0.6816753926701571 0.3842315369261477 0.016230366492146597 0.03093812375249501
5 0.7400523560209424 0.4161676646706587 0.016753926701570682 0.031936127744510975
28 0.7727748691099476 0.43363273453093815 0.015706806282722512 0.029940119760479042
24 0.7073298429319371 0.40119760479041916 0.016753926701570682 0.022954091816367265
20 0.3507853403141361 0.22005988023952097 0.01832460732984293 0.022954091816367265
20 0.37198952879581154 0.2310379241516966 0.017277486910994764 0.01996007984031936
28 0.47643979057591623 0.28542914171656686 0.015706806282722512 0.029940119760479042
24 0.6649214659685864 0.3837325349301397 0.016753926701570682 0.021956087824351298
20 0.40523560209424087 0.25199600798403193 0.016753926701570682 0.01996007984031936
20 0.4259162303664921 0.2629740518962076 0.01780104712041885 0.020958083832335328
7 0.9280104712041884 0.5214570858283433 0.06753926701570681 0.13373253493013973
24 0.18350785340314135 0.1412175648702595 0.012565445026178011 0.03293413173652695
2 0.12460732984293194 0.11277445109780439 0.0806282722513089 0.13273453093812376
24 0.8382198952879581 0.4805389221556886 0.014659685863874346 0.018962075848303395
5 0.3136125654450262 0.21357285429141717 0.020418848167539267 0.054890219560878244
15 0.8670157068062827 0.5024950099800399 0.024607329842931937 0.038922155688622756
24 0.8036649214659686 0.47105788423153694 0.0193717277486911 0.02694610778443114
24 0.662565445026178 0.4001996007984032 0.016753926701570682 0.022954091816367265
24 0.36465968586387437 0.24900199600798403 0.011518324607329843 0.03293413173652695
24 0.18952879581151832 0.1596806387225549 0.012041884816753926 0.03493013972055888
24 0.34319371727748693 0.23802395209580837 0.012565445026178011 0.03093812375249501
24 0.3730366492146597 0.25349301397205587 0.012041884816753926 0.03493013972055888
24 0.35209424083769636 0.24451097804391217 0.011518324607329843 0.031936127744510975
28 0.7691099476439791 0.45858283433133734 0.016230366492146597 0.029940119760479042
24 0.39790575916230364 0.2689620758483034 0.01099476439790576 0.029940119760479042
24 0.42774869109947644 0.2844311377245509 0.011518324607329843 0.029940119760479042
5 0.6897905759162304 0.4181636726546906 0.0193717277486911 0.036926147704590816
24 0.4075916230366492 0.27395209580838326 0.011518324607329843 0.03093812375249501
24 0.8363874345549738 0.4940119760479042 0.014659685863874346 0.018962075848303395
24 0.4191099476439791 0.280938123752495 0.011518324607329843 0.03293413173652695
24 0.6602094240837696 0.4166666666666667 0.017277486910994764 0.020958083832335328
28 0.6198952879581152 0.3992015968063872 0.014659685863874346 0.02694610778443114
5 0.5178010471204189 0.3498003992015968 0.018848167539267015 0.02594810379241517
7 0.28900523560209423 0.2340319361277445 0.028272251308900525 0.07984031936127745
24 0.6581151832460733 0.43213572854291415 0.016753926701570682 0.022954091816367265
5 0.7761780104712042 0.4935129740518962 0.016230366492146597 0.029940119760479042
5 0.8675392670157068 0.5419161676646707 0.028795811518324606 0.03592814371257485
5 0.5547120418848167 0.38772455089820357 0.015706806282722512 0.021956087824351298
28 0.6345549738219896 0.4301397205588822 0.015706806282722512 0.03093812375249501
24 0.6204188481675392 0.42614770459081835 0.014136125654450262 0.036926147704590816
24 0.6036649214659686 0.4176646706586826 0.009424083769633508 0.03093812375249501
24 0.5900523560209424 0.4106786427145709 0.011518324607329843 0.03493013972055888
24 0.7801047120418848 0.5079840319361277 0.013089005235602094 0.022954091816367265
28 0.6678010471204189 0.45159680638722555 0.016753926701570682 0.03293413173652695
24 0.569109947643979 0.40119760479041916 0.010471204188481676 0.031936127744510975
24 0.5832460732984294 0.40818363273453095 0.009424083769633508 0.027944111776447105
24 0.6107329842931937 0.4221556886227545 0.01099476439790576 0.03293413173652695
24 0.5767015706806282 0.40469061876247503 0.010471204188481676 0.031936127744510975
24 0.5968586387434555 0.4161676646706587 0.010471204188481676 0.03093812375249501
28 0.8400523560209424 0.5444111776447106 0.016753926701570682 0.03093812375249501
28 0.4154450261780105 0.33083832335329344 0.25287958115183246 0.4810379241516966
7 0.37277486910994767 0.30988023952095806 0.16387434554973823 0.15169660678642716
28 0.8083769633507853 0.5344311377245509 0.016230366492146597 0.031936127744510975
24 0.14214659685863873 0.19560878243512975 0.01780104712041885 0.0249500998003992
28 0.48350785340314134 0.37075848303393216 0.026701570680628273 0.06786427145708583
28 0.1667539267015707 0.21307385229540918 0.016753926701570682 0.033932135728542916
24 0.6494764397905759 0.4660678642714571 0.012565445026178011 0.023952095808383235
5 0.7897905759162304 0.5394211576846307 0.015706806282722512 0.027944111776447105
18 0.11413612565445026 0.19560878243512975 0.04607329842931937 0.07584830339321358
24 0.643717277486911 0.4720558882235529 0.012565445026178011 0.0249500998003992
24 0.8369109947643979 0.5718562874251497 0.011518324607329843 0.028942115768463075
5 0.6363874345549738 0.4785429141716567 0.014659685863874346 0.028942115768463075
7 0.912303664921466 0.6207584830339321 0.024083769633507852 0.07984031936127745
15 0.8086387434554974 0.5748502994011976 0.03193717277486911 0.059880239520958084
7 0.5910994764397905 0.47305389221556887 0.042408376963350786 0.05788423153692615
24 0.1356020942408377 0.24550898203592814 0.016753926701570682 0.023952095808383235
28 0.6167539267015707 0.49151696606786427 0.017277486910994764 0.03093812375249501
18 0.10706806282722513 0.2559880239520958 0.04450261780104712 0.07684630738522955
28 0.5921465968586388 0.5079840319361277 0.016230366492146597 0.031936127744510975
31 0.4442408376963351 0.4426147704590818 0.012041884816753926 0.03293413173652695
5 0.4518324607329843 0.4466067864271457 0.009947643979057591 0.031936127744510975
5 0.45890052356020944 0.4500998003992016 0.01099476439790576 0.03293413173652695
5 0.8112565445026177 0.6332335329341318 0.016753926701570682 0.03293413173652695