5 0.6362966601178782 0.6984265734265734 0.005893909626719057 0.017482517482517484
5 0.6593811394891945 0.701486013986014 0.0063850687622789785 0.018356643356643356
5 0.6905697445972495 0.7076048951048951 0.008840864440078585 0.012237762237762238
5 0.26227897838899805 0.6713286713286714 0.009332023575638507 0.011363636363636364
5 0.8514243614931237 0.7272727272727273 0.018172888015717092 0.015734265734265736
5 0.5982318271119843 0.7045454545454546 0.005893909626719057 0.019230769230769232
5 0.7146365422396856 0.7263986013986014 0.009823182711198428 0.011363636363636364
5 0.6146856581532416 0.7180944055944056 0.009332023575638507 0.012237762237762238
5 0.6994106090373281 0.7259615384615384 0.008840864440078585 0.01048951048951049
5 0.8391453831041258 0.7399475524475524 0.0054027504911591355 0.017482517482517484
5 0.4737229862475442 0.7076048951048951 0.009332023575638507 0.03146853146853147
5 0.5027013752455796 0.7102272727272727 0.009332023575638507 0.03146853146853147
5 0.4540766208251473 0.7058566433566433 0.009332023575638507 0.03146853146853147
5 0.4830550098231827 0.7084790209790209 0.009332023575638507 0.03146853146853147
5 0.493860510805501 0.7093531468531469 0.009332023575638507 0.03146853146853147
5 0.21905697445972494 0.6848776223776224 0.0063850687622789785 0.016608391608391608
5 0.38531434184675833 0.7001748251748252 0.009332023575638507 0.03146853146853147
5 0.39513752455795675 0.701048951048951 0.009332023575638507 0.03146853146853147
5 0.40446954813359526 0.7019230769230769 0.009332023575638507 0.03146853146853147
5 0.4344302554027505 0.7049825174825175 0.009332023575638507 0.03146853146853147
5 0.4442534381139489 0.7058566433566433 0.009332023575638507 0.03146853146853147
5 0.4638998035363458 0.7076048951048951 0.009332023575638507 0.03146853146853147
5 0.2293713163064833 0.6866258741258742 0.0054027504911591355 0.017482517482517484
5 0.41527504911591356 0.7041083916083916 0.009332023575638507 0.03146853146853147
5 0.42460707269155207 0.7049825174825175 0.009332023575638507 0.03146853146853147
5 0.23722986247544203 0.6918706293706294 0.005893909626719057 0.016608391608391608
24 0.17853634577603145 0.6949300699300699 0.01719056974459725 0.016608391608391608
15 0.2929764243614931 0.7189685314685315 0.027013752455795677 0.051573426573426576
24 0.17853634577603145 0.7124125874125874 0.01719056974459725 0.016608391608391608
24 0.8411100196463654 0.7945804195804196 0.008840864440078585 0.02972027972027972
20 0.9589882121807466 0.8273601398601399 0.03094302554027505 0.10227272727272728
20 0.9265717092337917 0.8251748251748252 0.030451866404715127 0.10052447552447552
20 0.8953831041257367 0.8229895104895105 0.03094302554027505 0.10139860139860139
20 0.19032416502946956 0.7950174825174825 0.030451866404715127 0.0673076923076923
8 0.1362966601178782 0.7897727272727273 0.03143418467583497 0.06381118881118882
5 0.04887033398821218 0.7854020979020979 0.012770137524557957 0.0472027972027972
8 0.07833988212180747 0.7932692307692307 0.03241650294695481 0.05944055944055944
24 0.2554027504911591 0.8387237762237763 0.01768172888015717 0.01486013986013986
20 0.18762278978389 0.8365384615384616 0.019155206286836934 0.015734265734265736
20 0.13506876227897838 0.8326048951048951 0.0206286836935167 0.017482517482517484
7 0.7347740667976425 0.895541958041958 0.022102161100196464 0.12325174825174826
20 0.08177799607072692 0.8356643356643356 0.019646365422396856 0.015734265734265736
7 0.49803536345776034 0.8806818181818182 0.44597249508840864 0.16258741258741258
24 0.2554027504911591 0.8588286713286714 0.019155206286836934 0.016608391608391608
5 0.8418467583497053 0.9178321678321678 0.009332023575638507 0.01048951048951049
5 0.8457760314341847 0.9348776223776224 0.019646365422396856 0.016608391608391608
24 0.17141453831041256 0.8728146853146853 0.009332023575638507 0.03146853146853147
24 0.22617878192534382 0.8789335664335665 0.010805500982318271 0.03146853146853147
24 0.1168958742632613 0.8693181818181818 0.008840864440078585 0.03409090909090909
15 0.2556483300589391 0.8841783216783217 0.014734774066797643 0.027972027972027972
21 0.21021611001964635 0.8841783216783217 0.0206286836935167 0.1215034965034965
21 0.15618860510805502 0.881993006993007 0.0206286836935167 0.1215034965034965
21 0.10142436149312377 0.8776223776223776 0.0206286836935167 0.1215034965034965
24 0.2536836935166994 0.9112762237762237 0.01768172888015717 0.020104895104895104
5 0.8764734774066798 0.9737762237762237 0.057465618860510805 0.050699300699300696
17 0.1824656188605108 0.9265734265734266 0.03536345776031434 0.019230769230769232
24 0.9145383104125737 0.1333041958041958 0.009332023575638507 0.032342657342657344
24 0.24705304518664048 0.0895979020979021 0.019646365422396856 0.015734265734265736
24 0.18467583497053044 0.08435314685314685 0.008349705304518664 0.03496503496503497
30 0.21168958742632613 0.08697552447552448 0.03143418467583497 0.06381118881118882
7 0.5162082514734774 0.11800699300699301 0.44842829076620827 0.15821678321678323
23 0.2762770137524558 0.09571678321678322 0.027996070726915522 0.06643356643356643
30 0.24582514734774066 0.1333041958041958 0.03094302554027505 0.06293706293706294
5 0.8148330058939096 0.19493006993006992 0.008840864440078585 0.011363636363636364
21 0.18467583497053044 0.1486013986013986 0.02504911591355599 0.043706293706293704
24 0.056728880157170924 0.13636363636363635 0.01719056974459725 0.016608391608391608
21 0.08325147347740668 0.14160839160839161 0.026522593320235755 0.05506993006993007
24 0.2669449901768173 0.16127622377622378 0.01768172888015717 0.01486013986013986
5 0.21954813359528488 0.16826923076923078 0.0275049115913556 0.02097902097902098
8 0.14292730844793713 0.16302447552447552 0.03585461689587426 0.05856643356643357
5 0.3052554027504912 0.17832167832167833 0.018172888015717092 0.01486013986013986
5 0.9118369351669942 0.24606643356643357 0.01768172888015717 0.015734265734265736
5 0.9079076620825147 0.26048951048951047 0.008840864440078585 0.009615384615384616
5 0.18958742632612965 0.19973776223776224 0.026031434184675836 0.02097902097902098
21 0.2698919449901768 0.21066433566433568 0.01768172888015717 0.07517482517482517
5 0.14169941060903732 0.20585664335664336 0.008349705304518664 0.008741258741258742
24 0.31851669941060906 0.229020979020979 0.01768172888015717 0.016608391608391608
24 0.28953831041257366 0.23426573426573427 0.019646365422396856 0.015734265734265736
20 0.055992141453831044 0.21503496503496503 0.009823182711198428 0.03146853146853147
24 0.32539292730844793 0.24737762237762237 0.016208251473477406 0.016608391608391608
20 0.10388015717092337 0.22683566433566432 0.03487229862475442 0.05506993006993007
20 0.0343811394891945 0.24388111888111888 0.008840864440078585 0.032342657342657344
5 0.3104125736738703 0.2731643356643357 0.008840864440078585 0.01048951048951049
30 0.2861001964636542 0.28059440559440557 0.03241650294695481 0.055944055944055944
21 0.22838899803536344 0.2906468531468531 0.05108055009823183 0.24213286713286714
8 0.16159135559921414 0.2854020979020979 0.032907662082514735 0.06468531468531469
21 0.12868369351669942 0.28496503496503495 0.02111984282907662 0.1520979020979021
20 0.06385068762278978 0.28234265734265734 0.043713163064833006 0.0777972027972028
20 0.03388998035363458 0.28146853146853146 0.008349705304518664 0.03146853146853147
5 0.49828094302554027 0.3256118881118881 0.005893909626719057 0.017482517482517484
5 0.755648330058939 0.35664335664335667 0.005893909626719057 0.015734265734265736
21 0.9673379174852652 0.3798076923076923 0.05108055009823183 0.25786713286713286
5 0.6559430255402751 0.35096153846153844 0.005893909626719057 0.016608391608391608
24 0.3136051080550098 0.014423076923076924 0.01768172888015717 0.019230769230769232
5 0.5306974459724951 0.34353146853146854 0.018172888015717092 0.07080419580419581
24 0.7239685658153242 0.36145104895104896 0.008349705304518664 0.032342657342657344
24 0.7337917485265226 0.3631993006993007 0.008349705304518664 0.03146853146853147
24 0.7441060903732809 0.36451048951048953 0.009823182711198428 0.032342657342657344
24 0.7146365422396856 0.36145104895104896 0.008840864440078585 0.033216783216783216
24 0.7048133595284872 0.36145104895104896 0.008840864440078585 0.03146853146853147
24 0.6851669941060904 0.3597027972027972 0.008349705304518664 0.030594405594405596
24 0.6949901768172888 0.3605769230769231 0.008349705304518664 0.030594405594405596
24 0.32539292730844793 0.3312937062937063 0.01719056974459725 0.017482517482517484
20 0.10707269155206287 0.3120629370629371 0.018664047151277015 0.07080419580419581
20 0.09135559921414538 0.3146853146853147 0.009332023575638507 0.03146853146853147
20 0.5076129666011788 0.36232517482517484 0.008840864440078585 0.033216783216783216
5 0.487475442043222 0.36145104895104896 0.008349705304518664 0.03146853146853147
20 0.4678290766208251 0.3597027972027972 0.008840864440078585 0.033216783216783216
5 0.43835952848722987 0.35664335664335667 0.008349705304518664 0.03146853146853147
5 0.4580058939096267 0.35882867132867136 0.008349705304518664 0.03146853146853147
5 0.4776522593320236 0.3605769230769231 0.008349705304518664 0.03146853146853147
5 0.49705304518664045 0.36232517482517484 0.008349705304518664 0.03146853146853147
5 0.5166994106090373 0.36407342657342656 0.008349705304518664 0.03146853146853147
20 0.39955795677799605 0.354020979020979 0.007858546168958742 0.03146853146853147
20 0.4481827111984283 0.3583916083916084 0.007858546168958742 0.03146853146853147
5 0.38973477406679763 0.3531468531468531 0.008349705304518664 0.03146853146853147
5 0.4093811394891945 0.3548951048951049 0.008349705304518664 0.03146853146853147
5 0.41920432220039294 0.3557692307692308 0.008349705304518664 0.03146853146853147
5 0.42853634577603145 0.35664335664335667 0.008349705304518664 0.03146853146853147
5 0.349950884086444 0.3505244755244755 0.008349705304518664 0.03146853146853147
5 0.36026522593320237 0.3513986013986014 0.008349705304518664 0.03146853146853147
5 0.3700884086444008 0.3522727272727273 0.008349705304518664 0.03146853146853147
5 0.3794204322200393 0.354020979020979 0.008349705304518664 0.03146853146853147
30 0.2954322200392927 0.34702797202797203 0.03683693516699411 0.056818181818181816
24 0.325147347740668 0.354020979020979 0.02013752455795678 0.013111888111888112
24 0.9108546168958742 0.40952797202797203 0.009332023575638507 0.03146853146853147
5 0.7234774066797642 0.3937937062937063 0.009332023575638507 0.011363636363636364
5 0.7077603143418467 0.3924825174825175 0.008840864440078585 0.01048951048951049
5 0.6615913555992141 0.388986013986014 0.008349705304518664 0.013111888111888112
5 0.6154223968565815 0.38548951048951047 0.009332023575638507 0.011363636363636364
5 0.6294204322200393 0.3999125874125874 0.004911591355599214 0.01486013986013986
20 0.04420432220039293 0.3479020979020979 0.008840864440078585 0.03146853146853147
5 0.6615913555992141 0.40559440559440557 0.007858546168958742 0.01048951048951049
20 0.07441060903732809 0.35096153846153844 0.04223968565815324 0.037587412587412584
5 0.6458742632612967 0.40690559440559443 0.008840864440078585 0.009615384615384616
21 0.26596267190569745 0.3767482517482518 0.019646365422396856 0.07604895104895106
5 0.18786836935166995 0.3745629370629371 0.025540275049115914 0.022727272727272728
5 0.3644400785854617 0.39204545454545453 0.018172888015717092 0.01486013986013986
24 0.28929273084479373 0.38767482517482516 0.01768172888015717 0.016608391608391608
24 0.46046168958742634 0.4034090909090909 0.007858546168958742 0.03146853146853147
5 0.6335952848722987 0.4222027972027972 0.008840864440078585 0.009615384615384616
5 0.6797642436149313 0.42744755244755245 0.01031434184675835 0.011363636363636364
24 0.5535363457760314 0.42176573426573427 0.01768172888015717 0.016608391608391608
5 0.06335952848722987 0.3806818181818182 0.009332023575638507 0.011363636363636364
24 0.04518664047151277 0.37893356643356646 0.026522593320235755 0.021853146853146852
5 0.3644400785854617 0.4104020979020979 0.01768172888015717 0.015734265734265736
5 0.6181237721021611 0.4340034965034965 0.008840864440078585 0.009615384615384616
5 0.21389980353634577 0.4104020979020979 0.026522593320235755 0.021853146853146852
5 0.36296660117878193 0.42701048951048953 0.01768172888015717 0.015734265734265736
24 0.4594793713163065 0.4366258741258741 0.008840864440078585 0.02972027972027972
5 0.5525540275049116 0.4506118881118881 0.01768172888015717 0.015734265734265736
24 0.675098231827112 0.46722027972027974 0.018664047151277015 0.017482517482517484
21 0.0756385068762279 0.416520979020979 0.026522593320235755 0.04895104895104895
21 0.17706286836935167 0.42613636363636365 0.026522593320235755 0.04895104895104895
5 0.36345776031434185 0.44624125874125875 0.01768172888015717 0.015734265734265736
24 0.5520628683693517 0.46896853146853146 0.01768172888015717 0.01486013986013986
5 0.4793713163064833 0.46416083916083917 0.018172888015717092 0.01486013986013986
24 0.8720530451866405 0.5074300699300699 0.018172888015717092 0.015734265734265736
20 0.4584970530451866 0.47071678321678323 0.008349705304518664 0.03146853146853147
5 0.362475442043222 0.46284965034965037 0.01768172888015717 0.015734265734265736
5 0.4403241650294695 0.4715909090909091 0.01768172888015717 0.016608391608391608
5 0.5515717092337917 0.48732517482517484 0.01768172888015717 0.015734265734265736
5 0.6775540275049116 0.5017482517482518 0.009823182711198428 0.009615384615384616
8 0.81262278978389 0.07561188811188811 0.05550098231827112 0.06381118881118882
5 0.10240667976424361 0.4549825174825175 0.018172888015717092 0.016608391608391608
5 0.3619842829076621 0.4803321678321678 0.01768172888015717 0.015734265734265736
5 0.48894891944990176 0.493006993006993 0.009332023575638507 0.011363636363636364
5 0.8993123772102161 0.5362762237762237 0.010805500982318271 0.01048951048951049
24 0.5510805500982319 0.5039335664335665 0.01768172888015717 0.013986013986013986
5 0.6382612966601179 0.5131118881118881 0.0063850687622789785 0.017482517482517484
5 0.6230353634577603 0.5122377622377622 0.0068762278978389 0.016608391608391608
5 0.8831041257367387 0.08391608391608392 0.055992141453831044 0.05332167832167832
20 0.4351669941060904 0.4965034965034965 0.009332023575638507 0.03146853146853147
5 0.6633104125736738 0.5187937062937062 0.0068762278978389 0.016608391608391608
20 0.4584970530451866 0.5039335664335665 0.009332023575638507 0.03146853146853147
5 0.6026522593320236 0.5192307692307693 0.005893909626719057 0.016608391608391608
5 0.3619842829076621 0.4978146853146853 0.01768172888015717 0.015734265734265736
5 0.29420432220039294 0.4938811188811189 0.005893909626719057 0.018356643356643356
5 0.5505893909626719 0.521416083916084 0.01768172888015717 0.015734265734265736
5 0.22961689587426326 0.49213286713286714 0.005893909626719057 0.017482517482517484
5 0.2546660117878193 0.49475524475524474 0.0054027504911591355 0.015734265734265736
24 0.6854125736738703 0.534965034965035 0.009332023575638507 0.03146853146853147
5 0.22028487229862476 0.49125874125874125 0.005893909626719057 0.016608391608391608
5 0.24877210216110018 0.4938811188811189 0.005893909626719057 0.015734265734265736
5 0.9017681728880157 0.5559440559440559 0.018664047151277015 0.015734265734265736
5 0.3155697445972495 0.5030594405594405 0.01768172888015717 0.06993006993006994
5 0.6964636542239686 0.5393356643356644 0.009823182711198428 0.009615384615384616
5 0.712180746561886 0.5406468531468531 0.01031434184675835 0.012237762237762238
24 0.12843811394891946 0.48994755244755245 0.018664047151277015 0.01486013986013986
24 0.2011296660117878 0.4965034965034965 0.009332023575638507 0.03146853146853147
24 0.02848722986247544 0.4803321678321678 0.009823182711198428 0.03496503496503497
5 0.550098231827112 0.5388986013986014 0.01768172888015717 0.015734265734265736
5 0.525049115913556 0.5371503496503497 0.01768172888015717 0.015734265734265736
5 0.48379174852652257 0.5336538461538461 0.018172888015717092 0.017482517482517484
5 0.5024557956777996 0.5362762237762237 0.01768172888015717 0.016608391608391608
5 0.4538310412573674 0.5314685314685315 0.01768172888015717 0.017482517482517484
5 0.4268172888015717 0.5292832167832168 0.01768172888015717 0.015734265734265736
24 0.26596267190569745 0.513986013986014 0.018172888015717092 0.016608391608391608
5 0.550098231827112 0.5563811188811189 0.01768172888015717 0.015734265734265736
24 0.8460216110019646 0.5874125874125874 0.008840864440078585 0.032342657342657344
5 0.7190569744597249 0.5782342657342657 0.009332023575638507 0.012237762237762238
5 0.7033398821218074 0.5777972027972028 0.010805500982318271 0.012237762237762238
5 0.1942534381139489 0.5310314685314685 0.008840864440078585 0.009615384615384616
5 0.6110019646365422 0.5708041958041958 0.009823182711198428 0.01048951048951049
5 0.36026522593320237 0.5498251748251748 0.01768172888015717 0.015734265734265736
5 0.4555500982318271 0.5598776223776224 0.009332023575638507 0.032342657342657344
5 0.43418467583497056 0.5620629370629371 0.009332023575638507 0.030594405594405596
5 0.6247544204322201 0.5852272727272727 0.0054027504911591355 0.018356643356643356
5 0.674852652259332 0.5926573426573427 0.009332023575638507 0.01048951048951049
5 0.6409626719056974 0.5909090909090909 0.01031434184675835 0.011363636363636364
8 0.9656188605108055 0.6232517482517482 0.036345776031434185 0.09702797202797203
5 0.268664047151277 0.5581293706293706 0.009332023575638507 0.013111888111888112
24 0.19106090373280943 0.5515734265734266 0.01768172888015717 0.015734265734265736
5 0.35977406679764246 0.5673076923076923 0.01768172888015717 0.015734265734265736
5 0.4867387033398821 0.5799825174825175 0.008840864440078585 0.032342657342657344
5 0.6638015717092338 0.6000874125874126 0.009823182711198428 0.009615384615384616
5 0.4550589390962672 0.5913461538461539 0.009332023575638507 0.03146853146853147
5 0.5491159135559921 0.6000874125874126 0.01768172888015717 0.015734265734265736
5 0.6291748526522594 0.6075174825174825 0.009823182711198428 0.012237762237762238
20 0.4727406679764244 0.5935314685314685 0.009823182711198428 0.032342657342657344
5 0.35928290766208254 0.5847902097902098 0.01768172888015717 0.015734265734265736
5 0.19302554027504912 0.5703671328671329 0.008840864440078585 0.01048951048951049
5 0.43222003929273084 0.5944055944055944 0.008840864440078585 0.03146853146853147
5 0.4860019646365422 0.603583916083916 0.007858546168958742 0.01048951048951049
5 0.2644891944990177 0.583916083916084 0.01719056974459725 0.016608391608391608
5 0.6129666011787819 0.6188811188811189 0.009823182711198428 0.013111888111888112
5 0.5481335952848723 0.6175699300699301 0.01768172888015717 0.016608391608391608
5 0.19302554027504912 0.5852272727272727 0.01768172888015717 0.016608391608391608
5 0.35879174852652257 0.6022727272727273 0.01768172888015717 0.015734265734265736
5 0.49336935166994106 0.6254370629370629 0.008349705304518664 0.032342657342657344
5 0.5476424361493124 0.6359265734265734 0.01768172888015717 0.016608391608391608
5 0.35928290766208254 0.6197552447552448 0.01768172888015717 0.015734265734265736
5 0.2549115913555992 0.618006993006993 0.009823182711198428 0.013111888111888112
5 0.35780943025540274 0.6372377622377622 0.01768172888015717 0.015734265734265736
5 0.21733791748526524 0.6258741258741258 0.005893909626719057 0.015734265734265736
5 0.23158153241650295 0.6271853146853147 0.0054027504911591355 0.015734265734265736
24 0.7325638506876228 0.6835664335664335 0.009332023575638507 0.032342657342657344
7 0.09086444007858546 0.6280594405594405 0.16306483300589392 0.2666083916083916
5 0.35780943025540274 0.6547202797202797 0.01768172888015717 0.015734265734265736
5 0.6728880157170923 0.6875 0.009332023575638507 0.011363636363636364