5 0.6403290129611167 0.7082593250444049 0.006480558325024925 0.017761989342806393
5 0.6637587238285144 0.7126998223801065 0.006979062811565304 0.018650088809946713
5 0.6954137587238285 0.7211367673179396 0.00897308075772682 0.012433392539964476
5 0.2617148554336989 0.6571936056838366 0.009471585244267198 0.012433392539964476
5 0.8579262213359921 0.7508880994671403 0.018444666001994018 0.016873889875666074
5 0.6016949152542372 0.7118117229129662 0.006480558325024925 0.019538188277087035
5 0.7193419740777667 0.7420071047957372 0.009970089730807577 0.012433392539964476
5 0.6178963110667997 0.7269094138543517 0.009471585244267198 0.013321492007104795
5 0.7038883349950149 0.7402309058614565 0.00897308075772682 0.010657193605683837
5 0.8454636091724825 0.7633214920071048 0.005982053838484547 0.018650088809946713
5 0.4753240279162512 0.7073712255772646 0.009970089730807577 0.03197158081705151
5 0.5044865403788634 0.7118117229129662 0.009970089730807577 0.03197158081705151
5 0.4553838484546361 0.7042628774422736 0.009970089730807577 0.03197158081705151
5 0.48479561316051845 0.7087033747779752 0.009970089730807577 0.03197158081705151
5 0.4957627118644068 0.7104795737122558 0.009970089730807577 0.03197158081705151
5 0.21759720837487537 0.6682948490230906 0.006979062811565304 0.016873889875666074
5 0.38584247258225324 0.69449378330373 0.009970089730807577 0.03197158081705151
5 0.39581256231306083 0.6958259325044405 0.009970089730807577 0.03197158081705151
5 0.405284147557328 0.6976021314387212 0.009970089730807577 0.03197158081705151
5 0.43544366899302095 0.7020426287744227 0.009970089730807577 0.03197158081705151
5 0.4454137587238285 0.7038188277087034 0.009970089730807577 0.03197158081705151
5 0.4653539381854437 0.7069271758436945 0.009970089730807577 0.03197158081705151
5 0.22781655034895315 0.6705150976909414 0.005982053838484547 0.018650088809946713
5 0.4160019940179462 0.6998223801065719 0.009970089730807577 0.03197158081705151
5 0.42547357926221335 0.7015985790408525 0.009970089730807577 0.03197158081705151
5 0.235543369890329 0.6762877442273535 0.006480558325024925 0.016873889875666074
24 0.17622133599202394 0.6758436944937833 0.01744765702891326 0.017761989342806393
15 0.2916251246261216 0.7073712255772646 0.028414755732801594 0.05328596802841918
24 0.17572283150548354 0.6936056838365897 0.01744765702891326 0.017761989342806393
24 0.8462113659022931 0.8188277087033747 0.009471585244267198 0.03019538188277087
20 0.9653539381854437 0.8596802841918295 0.03339980059820538 0.10568383658969804
20 0.9324526420737786 0.8552397868561279 0.03290129611166501 0.10301953818827708
20 0.9005483549351944 0.8512433392539964 0.03339980059820538 0.10479573712255773
20 0.1861914257228315 0.7784191829484902 0.031904287138584245 0.07015985790408526
8 0.13135593220338984 0.7695381882770871 0.03290129611166501 0.06660746003552398
5 0.04287138584247258 0.7593250444049734 0.013958125623130608 0.04884547069271759
8 0.07253240279162512 0.7695381882770871 0.03389830508474576 0.06216696269982238
24 0.25124626121635096 0.8268206039076377 0.01794616151545364 0.015985790408525755
20 0.18245264207377868 0.8206039076376554 0.019441674975074777 0.016873889875666074
20 0.12936191425722832 0.8130550621669627 0.020937188434695914 0.019538188277087035
7 0.7362911266201396 0.9147424511545293 0.024925224327018942 0.1261101243339254
20 0.07527417746759721 0.8126110124333925 0.019940179461615155 0.016873889875666074
7 0.4965104685942173 0.8845470692717584 0.4541375872382851 0.19271758436944939
24 0.2507477567298106 0.8472468916518651 0.019441674975074777 0.017761989342806393
5 0.8444666001994018 0.9440497335701599 0.009471585244267198 0.011545293072824156
5 0.8482053838484547 0.9618117229129662 0.019940179461615155 0.017761989342806393
24 0.1652542372881356 0.8561278863232682 0.009970089730807577 0.03197158081705151
24 0.22083748753738783 0.8658969804618117 0.011465603190428714 0.03285968028419183
24 0.10992023928215354 0.8494671403197158 0.009471585244267198 0.03463587921847247
15 0.2504985044865404 0.8730017761989343 0.015453639082751745 0.02930728241563055
21 0.20463609172482553 0.8703374777975134 0.023429710867397806 0.12433392539964476
21 0.14980059820538386 0.8645648312611013 0.023429710867397806 0.12433392539964476
21 0.09421734795613161 0.8565719360568383 0.023429710867397806 0.12433392539964476
24 0.24825523429710866 0.900088809946714 0.018444666001994018 0.021314387211367674
5 0.8786141575274178 0.9875666074600356 0.059322033898305086 0.023090586145648313
17 0.17547357926221335 0.911190053285968 0.03589232303090728 0.021314387211367674
24 0.9339481555333998 0.15230905861456484 0.009970089730807577 0.03285968028419183
24 0.2577268195413759 0.06571936056838366 0.019940179461615155 0.016873889875666074
24 0.19441674975074777 0.0563943161634103 0.00897308075772682 0.035523978685612786
30 0.2218344965104686 0.0608348134991119 0.03290129611166501 0.06660746003552398
7 0.5301595214356929 0.11145648312611012 0.4561316051844467 0.1891651865008881
23 0.28713858424725824 0.07371225577264653 0.029411764705882353 0.06838365896980461
30 0.2554835493519442 0.10968028419182949 0.032402791625124626 0.06571936056838366
5 0.8315054835493519 0.20825932504440497 0.00897308075772682 0.011545293072824156
21 0.193419740777667 0.1216696269982238 0.02642073778664008 0.0452930728241563
24 0.06380857427716849 0.10124333925399645 0.01744765702891326 0.017761989342806393
21 0.09047856430707876 0.10790408525754884 0.027916251246261216 0.056838365896980464
24 0.27642073778664006 0.13987566607460036 0.01794616151545364 0.015985790408525755
5 0.22831505483549352 0.1438721136767318 0.028414755732801594 0.023090586145648313
8 0.1507976071784646 0.1336589698046181 0.03738783649052842 0.06127886323268206
5 0.3150548354935194 0.15896980461811722 0.018444666001994018 0.015985790408525755
5 0.9287138584247259 0.2664298401420959 0.01794616151545364 0.016873889875666074
5 0.9244765702891325 0.2810834813499112 0.00897308075772682 0.009769094138543518
5 0.19715852442671983 0.1736234458259325 0.026919242273180457 0.022202486678507993
21 0.2784147557328016 0.19005328596802842 0.019441674975074777 0.0763765541740675
5 0.1485543369890329 0.17673179396092362 0.00897308075772682 0.008880994671403197
24 0.3275174476570289 0.21181172291296627 0.01794616151545364 0.017761989342806393
24 0.2978564307078764 0.21536412078152753 0.019940179461615155 0.016873889875666074
20 0.0613160518444666 0.1811722912966252 0.010468594217347957 0.03197158081705151
24 0.3339980059820538 0.23090586145648312 0.016450648055832504 0.017761989342806393
20 0.10967098703888335 0.1958259325044405 0.036390827517447655 0.0586145648312611
20 0.038883349950149554 0.20870337477797513 0.009471585244267198 0.03285968028419183
5 0.3182951146560319 0.2557726465364121 0.00897308075772682 0.010657193605683837
30 0.29361914257228316 0.2619893428063943 0.03389830508474576 0.0586145648312611
21 0.23454636091724826 0.26865008880994673 0.05633100697906281 0.24866785079928952
8 0.1669990029910269 0.25932504440497334 0.034396809571286144 0.0674955595026643
21 0.13359920239282153 0.2566607460035524 0.024426719840478565 0.15452930728241562
20 0.06779661016949153 0.25 0.045862412761714856 0.08170515097690942
20 0.037637088733798604 0.2468916518650089 0.00897308075772682 0.03197158081705151
5 0.5077268195413759 0.3210479573712256 0.006480558325024925 0.017761989342806393
5 0.7681954137587238 0.36900532859680285 0.005982053838484547 0.015985790408525755
21 0.9768195413758723 0.40630550621669625 0.045363908275174475 0.2655417406749556
5 0.6672482552342971 0.35657193605683835 0.006480558325024925 0.016873889875666074
24 0.3270189431704885 0.002220248667850799 0.018943170488534396 0.004440497335701598
5 0.5403788634097707 0.34147424511545293 0.019940179461615155 0.07282415630550622
24 0.7360418743768694 0.3716696269982238 0.00897308075772682 0.03285968028419183
24 0.7457627118644068 0.3743339253996448 0.00897308075772682 0.03197158081705151
24 0.7562313060817547 0.3761101243339254 0.010468594217347957 0.03285968028419183
24 0.7265702891326022 0.37122557726465366 0.009471585244267198 0.03374777975133215
24 0.7166001994017946 0.37078152753108345 0.009471585244267198 0.03197158081705151
24 0.6966600199401795 0.36767317939609234 0.00897308075772682 0.03108348134991119
24 0.706630109670987 0.36900532859680285 0.00897308075772682 0.03108348134991119
24 0.3325024925224327 0.31616341030195383 0.01744765702891326 0.018650088809946713
20 0.11141575274177468 0.2824156305506217 0.020438683948155532 0.07282415630550622
20 0.09521435692921236 0.28463587921847244 0.009970089730807577 0.03197158081705151
20 0.5164506480558325 0.3592362344582593 0.009471585244267198 0.03374777975133215
5 0.49601196410767695 0.35657193605683835 0.00897308075772682 0.03197158081705151
20 0.4760717846460618 0.35346358792184723 0.009471585244267198 0.03374777975133215
5 0.4464107676969093 0.34902309058614567 0.00897308075772682 0.03197158081705151
5 0.46635094715852443 0.3521314387211368 0.00897308075772682 0.03197158081705151
5 0.4860418743768694 0.3552397868561279 0.00897308075772682 0.03197158081705151
5 0.5059820538384845 0.358348134991119 0.00897308075772682 0.03197158081705151
5 0.5259222333000997 0.3614564831261101 0.00897308075772682 0.03197158081705151
20 0.40702891326021934 0.34369449378330375 0.00847457627118644 0.03197158081705151
20 0.4561316051844467 0.3512433392539964 0.00847457627118644 0.03197158081705151
5 0.39705882352941174 0.34236234458259324 0.00897308075772682 0.03197158081705151
5 0.41699900299102693 0.34547069271758435 0.00897308075772682 0.03197158081705151
5 0.4269690927218345 0.34680284191829486 0.00897308075772682 0.03197158081705151
5 0.4364406779661017 0.3481349911190053 0.00897308075772682 0.03197158081705151
5 0.35692921236291125 0.3370337477797513 0.00897308075772682 0.03197158081705151
5 0.3673978065802592 0.3383658969804618 0.00897308075772682 0.03197158081705151
5 0.3773678963110668 0.3401420959147424 0.00897308075772682 0.03197158081705151
5 0.3865902293120638 0.34236234458259324 0.00897308075772682 0.03197158081705151
30 0.3015952143569292 0.3299289520426288 0.03838484546360917 0.05950266429840142
24 0.33175473579262216 0.3392539964476021 0.020438683948155532 0.014209591474245116
24 0.9247258225324028 0.4325044404973357 0.009970089730807577 0.03197158081705151
5 0.7347956131605184 0.40452930728241565 0.009471585244267198 0.012433392539964476
5 0.7190927218344965 0.40230905861456484 0.00897308075772682 0.010657193605683837
5 0.672233300099701 0.3956483126110124 0.00847457627118644 0.013321492007104795
5 0.6256231306081754 0.3894316163410302 0.009471585244267198 0.012433392539964476
5 0.6393320039880359 0.4049733570159858 0.004985044865403789 0.015985790408525755
20 0.046610169491525424 0.31527531083481347 0.009471585244267198 0.03197158081705151
5 0.6719840478564307 0.41252220248667854 0.007976071784646061 0.010657193605683837
20 0.0775174476570289 0.32015985790408524 0.043369890329012964 0.04085257548845471
5 0.6557826520438684 0.4129662522202487 0.00897308075772682 0.009769094138543518
21 0.2711864406779661 0.358348134991119 0.02143569292123629 0.07815275310834814
5 0.19192422731804587 0.3512433392539964 0.02642073778664008 0.023978685612788632
5 0.3708873379860419 0.38010657193605685 0.018444666001994018 0.015985790408525755
24 0.2946161515453639 0.37078152753108345 0.01794616151545364 0.017761989342806393
24 0.46809571286141577 0.3978685612788632 0.00847457627118644 0.03197158081705151
5 0.6430707876370887 0.42761989342806395 0.00897308075772682 0.009769094138543518
5 0.6896809571286141 0.436056838365897 0.010468594217347957 0.012433392539964476
24 0.561814556331007 0.422291296625222 0.01794616151545364 0.017761989342806393
5 0.06555333998005983 0.3494671403197158 0.009471585244267198 0.012433392539964476
24 0.047108673978065806 0.3463587921847247 0.027417746759720838 0.023978685612788632
5 0.37038883349950147 0.3987566607460036 0.01794616151545364 0.016873889875666074
5 0.6271186440677966 0.43872113676731794 0.009471585244267198 0.010657193605683837
5 0.21759720837487537 0.38898756660746003 0.027417746759720838 0.023978685612788632
5 0.3686440677966102 0.41518650088809944 0.01794616151545364 0.016873889875666074
24 0.46635094715852443 0.43161634103019536 0.009471585244267198 0.03019538188277087
5 0.5603190428713859 0.4515985790408526 0.01794616151545364 0.016873889875666074
24 0.68419740777667 0.47602131438721135 0.018943170488534396 0.018650088809946713
21 0.07726819541375872 0.3867673179396092 0.027417746759720838 0.050621669626998225
21 0.17996011964107678 0.402753108348135 0.027417746759720838 0.050621669626998225
5 0.3686440677966102 0.43472468916518653 0.01794616151545364 0.016873889875666074
24 0.5595712861415753 0.4702486678507993 0.01794616151545364 0.015985790408525755
5 0.4860418743768694 0.4604795737122558 0.018444666001994018 0.015985790408525755
24 0.8833499501495513 0.5293072824156305 0.018444666001994018 0.016873889875666074
20 0.4646061814556331 0.4658081705150977 0.00897308075772682 0.03197158081705151
5 0.367148554336989 0.4515985790408526 0.01794616151545364 0.016873889875666074
5 0.4461615154536391 0.4658081705150977 0.01794616151545364 0.017761989342806393
5 0.5585742771684945 0.48845470692717585 0.01794616151545364 0.016873889875666074
5 0.6861914257228315 0.511101243339254 0.010468594217347957 0.010657193605683837
8 0.8315054835493519 0.08703374777975133 0.05732801595214357 0.0674955595026643
5 0.1036889332003988 0.42761989342806395 0.018444666001994018 0.017761989342806393
5 0.3664007976071785 0.46936056838365897 0.01794616151545364 0.016873889875666074
5 0.4950149551345962 0.49023090586145646 0.009471585244267198 0.012433392539964476
5 0.9102691924227319 0.5603907637655418 0.010967098703888335 0.011545293072824156
24 0.557826520438684 0.5053285968028419 0.01794616151545364 0.015097690941385435
5 0.646061814556331 0.5199822380106572 0.006979062811565304 0.017761989342806393
5 0.6306081754735793 0.5186500888099467 0.007477567298105683 0.016873889875666074
5 0.9030408773678963 0.09991119005328597 0.05732801595214357 0.056838365896980464
20 0.44042871385842475 0.49067495559502666 0.009970089730807577 0.03197158081705151
5 0.6712362911266201 0.5275310834813499 0.007477567298105683 0.016873889875666074
20 0.4641076769690927 0.49955595026642985 0.009970089730807577 0.03197158081705151
5 0.6099202392821536 0.5244227353463587 0.006480558325024925 0.016873889875666074
5 0.3659022931206381 0.48712255772646534 0.01794616151545364 0.016873889875666074
5 0.297357926221336 0.47912966252220246 0.006480558325024925 0.018650088809946713
5 0.5568295114656032 0.5230905861456483 0.01794616151545364 0.016873889875666074
5 0.23205383848454636 0.4733570159857904 0.006480558325024925 0.017761989342806393
5 0.25747756729810567 0.47735346358792186 0.005483549351944167 0.015985790408525755
24 0.693419740777667 0.5452930728241563 0.009970089730807577 0.03197158081705151
5 0.22258225324027917 0.47202486678507993 0.006480558325024925 0.016873889875666074
5 0.2514955134596211 0.47646536412078155 0.005982053838484547 0.015985790408525755
5 0.9125124626121635 0.5803730017761989 0.018943170488534396 0.016873889875666074
5 0.31879361914257226 0.4897868561278863 0.019441674975074777 0.07104795737122557
5 0.7046360917248256 0.5506216696269982 0.010468594217347957 0.010657193605683837
5 0.7205882352941176 0.5532859680284192 0.010468594217347957 0.013321492007104795
24 0.12936191425722832 0.4644760213143872 0.018943170488534396 0.015985790408525755
24 0.2028913260219342 0.47602131438721135 0.009970089730807577 0.03197158081705151
24 0.028165503489531406 0.44893428063943164 0.010468594217347957 0.035523978685612786
5 0.5560817547357926 0.5408525754884547 0.01794616151545364 0.016873889875666074
5 0.5306580259222333 0.5377442273534636 0.01794616151545364 0.016873889875666074
5 0.48903290129611166 0.5310834813499112 0.018444666001994018 0.018650088809946713
5 0.5077268195413759 0.5350799289520426 0.01794616151545364 0.017761989342806393
5 0.45862412761714855 0.5275310834813499 0.01794616151545364 0.018650088809946713
5 0.43120638085742774 0.5230905861456483 0.01794616151545364 0.016873889875666074
24 0.268444666001994 0.4977797513321492 0.018444666001994018 0.017761989342806393
5 0.5555832502492523 0.5586145648312612 0.01794616151545364 0.016873889875666074
24 0.8554336989032901 0.6087921847246892 0.009471585244267198 0.03285968028419183
5 0.7268195413758723 0.5914742451154529 0.009471585244267198 0.013321492007104795
5 0.7108673978065803 0.5896980461811723 0.010967098703888335 0.013321492007104795
5 0.19516450648055833 0.5106571936056838 0.00897308075772682 0.009769094138543518
5 0.6173978065802592 0.5772646536412078 0.009970089730807577 0.011545293072824156
5 0.3634097706879362 0.5404085257548845 0.01794616151545364 0.016873889875666074
5 0.4596211365902293 0.5559502664298401 0.009970089730807577 0.03285968028419183
5 0.43818544366899304 0.5572824156305506 0.009970089730807577 0.03108348134991119
5 0.6311066799601196 0.5928063943161634 0.005982053838484547 0.019538188277087035
5 0.6817048853439681 0.6030195381882771 0.009471585244267198 0.011545293072824156
5 0.6473080757726819 0.5994671403197158 0.010468594217347957 0.012433392539964476
8 0.9758225324027916 0.6527531083481349 0.03838484546360917 0.10124333925399645
5 0.27018943170488535 0.5426287744227354 0.009471585244267198 0.014209591474245116
24 0.19167497507477568 0.5310834813499112 0.01794616151545364 0.016873889875666074
5 0.36266201395812564 0.5577264653641207 0.01794616151545364 0.016873889875666074
5 0.4910269192422732 0.5790408525754884 0.009471585244267198 0.03285968028419183
5 0.6702392821535393 0.6101243339253997 0.010468594217347957 0.010657193605683837
5 0.45862412761714855 0.5879218472468917 0.009970089730807577 0.03197158081705151
5 0.5540877367896311 0.6030195381882771 0.01794616151545364 0.016873889875666074
5 0.6348454636091725 0.6154529307282416 0.009970089730807577 0.013321492007104795
20 0.4765702891326022 0.5919182948490231 0.010468594217347957 0.03285968028419183
5 0.3616650049850449 0.5754884547069272 0.01794616151545364 0.016873889875666074
5 0.1931704885343968 0.5501776198934281 0.00897308075772682 0.010657193605683837
5 0.43544366899302095 0.5896980461811723 0.009471585244267198 0.03197158081705151
5 0.4900299102691924 0.6025754884547069 0.007976071784646061 0.010657193605683837
5 0.26545363908275177 0.5688277087033747 0.01744765702891326 0.017761989342806393
5 0.61839481555334 0.6261101243339254 0.009970089730807577 0.014209591474245116
5 0.55259222333001 0.6203374777975134 0.01794616151545364 0.017761989342806393
5 0.19292123629112662 0.5652753108348135 0.01794616151545364 0.017761989342806393
5 0.3609172482552343 0.5932504440497336 0.01794616151545364 0.016873889875666074
5 0.49675972083748754 0.6252220248667851 0.00897308075772682 0.03285968028419183
5 0.5515952143569293 0.63898756660746 0.01794616151545364 0.017761989342806393
5 0.3609172482552343 0.61101243339254 0.01794616151545364 0.016873889875666074
5 0.25523429710867396 0.6025754884547069 0.009970089730807577 0.014209591474245116
5 0.35917248255234296 0.6287744227353463 0.01794616151545364 0.016873889875666074
5 0.2168494516450648 0.6083481349911191 0.005982053838484547 0.015985790408525755
5 0.2313060817547358 0.6105683836589698 0.005483549351944167 0.015985790408525755
24 0.7385343968095713 0.6993783303730018 0.009970089730807577 0.03285968028419183
7 0.08873379860418744 0.6025754884547069 0.16999002991026918 0.28063943161634103
5 0.3586739780658026 0.6465364120781527 0.01794616151545364 0.016873889875666074
5 0.6779661016949152 0.6998223801065719 0.009471585244267198 0.012433392539964476