24 0.4591145833333333 0.29950142450142453 0.005208333333333333 0.011396011396011397
24 0.44765625 0.2955840455840456 0.0046875 0.011396011396011397
24 0.46979166666666666 0.3034188034188034 0.005208333333333333 0.010683760683760684
24 0.47552083333333334 0.3051994301994302 0.0046875 0.011396011396011397
24 0.41458333333333336 0.28525641025641024 0.005208333333333333 0.01282051282051282
24 0.43125 0.29095441595441596 0.005208333333333333 0.01282051282051282
24 0.43645833333333334 0.29273504273504275 0.005208333333333333 0.01282051282051282
24 0.453125 0.2984330484330484 0.005208333333333333 0.012108262108262107
24 0.4640625 0.301994301994302 0.0046875 0.010683760683760684
24 0.4203125 0.28703703703703703 0.005729166666666666 0.012108262108262107
24 0.42578125 0.28881766381766383 0.005729166666666666 0.01282051282051282
24 0.44244791666666666 0.29451566951566954 0.005208333333333333 0.012108262108262107
24 0.48072916666666665 0.3076923076923077 0.005729166666666666 0.012108262108262107
24 0.4864583333333333 0.30947293447293445 0.0046875 0.011396011396011397
24 0.4973958333333333 0.31339031339031337 0.005208333333333333 0.012108262108262107
24 0.059895833333333336 0.16417378917378916 0.005208333333333333 0.011396011396011397
24 0.503125 0.31517094017094016 0.005208333333333333 0.012108262108262107
24 0.50859375 0.3173076923076923 0.0046875 0.011396011396011397
24 0.0546875 0.1623931623931624 0.0046875 0.011396011396011397
24 0.10442708333333334 0.1794871794871795 0.005729166666666666 0.012108262108262107
24 0.07083333333333333 0.16880341880341881 0.005208333333333333 0.012108262108262107
24 0.09270833333333334 0.1762820512820513 0.005729166666666666 0.012108262108262107
24 0.07630208333333334 0.17058404558404558 0.0046875 0.011396011396011397
24 0.08203125 0.17236467236467237 0.005729166666666666 0.012108262108262107
24 0.0875 0.1745014245014245 0.0046875 0.011396011396011397
24 0.09817708333333333 0.17806267806267806 0.005208333333333333 0.011396011396011397
24 0.109375 0.18162393162393162 0.005729166666666666 0.012108262108262107
24 0.12604166666666666 0.18732193732193733 0.005729166666666666 0.01282051282051282
24 0.06536458333333334 0.16666666666666666 0.005208333333333333 0.012108262108262107
24 0.11484375 0.18376068376068377 0.005208333333333333 0.012108262108262107
24 0.12083333333333333 0.1858974358974359 0.005729166666666666 0.012108262108262107
24 0.13151041666666666 0.18945868945868946 0.005729166666666666 0.013532763532763533
24 0.49244791666666665 0.3123219373219373 0.005208333333333333 0.012108262108262107
24 0.13697916666666668 0.19123931623931623 0.005208333333333333 0.01282051282051282
24 0.14817708333333332 0.19515669515669515 0.005208333333333333 0.01282051282051282
24 0.14244791666666667 0.19373219373219372 0.005729166666666666 0.012108262108262107
24 0.15625 0.2037037037037037 0.009375 0.007122507122507123
24 0.4036458333333333 0.28952991452991456 0.009375 0.007122507122507123
24 0.15494791666666666 0.21047008547008547 0.009375 0.007122507122507123
24 0.048177083333333336 0.1745014245014245 0.008333333333333333 0.007122507122507123
24 0.40234375 0.297008547008547 0.008854166666666666 0.007834757834757835
7 0.9450520833333333 0.4821937321937322 0.019270833333333334 0.02564102564102564
24 0.509375 0.3344017094017094 0.008333333333333333 0.007122507122507123
7 0.8526041666666667 0.452991452991453 0.016145833333333335 0.02207977207977208
24 0.046875 0.18233618233618235 0.008854166666666666 0.007834757834757835
24 0.15364583333333334 0.21830484330484332 0.008333333333333333 0.00641025641025641
24 0.40078125 0.30484330484330485 0.008854166666666666 0.007834757834757835
24 0.50859375 0.34152421652421655 0.008333333333333333 0.00641025641025641
24 0.0453125 0.18945868945868946 0.008333333333333333 0.007834757834757835
24 0.15234375 0.2257834757834758 0.008854166666666666 0.00641025641025641
24 0.39895833333333336 0.31196581196581197 0.008854166666666666 0.007834757834757835
24 0.5065104166666666 0.34935897435897434 0.008333333333333333 0.007122507122507123
24 0.04401041666666667 0.1972934472934473 0.008333333333333333 0.007122507122507123
24 0.15078125 0.23326210826210828 0.008333333333333333 0.00641025641025641
24 0.39765625 0.3198005698005698 0.008854166666666666 0.007122507122507123
24 0.5052083333333334 0.35648148148148145 0.008333333333333333 0.00641025641025641
24 0.042708333333333334 0.2037037037037037 0.008333333333333333 0.007834757834757835
24 0.14947916666666666 0.2410968660968661 0.008854166666666666 0.007122507122507123
24 0.3963541666666667 0.3265669515669516 0.008854166666666666 0.007834757834757835
24 0.52734375 0.3714387464387464 0.0078125 0.007122507122507123
20 0.5533854166666666 0.3803418803418803 0.009375 0.007834757834757835
24 0.5044270833333333 0.3643162393162393 0.008333333333333333 0.00641025641025641
24 0.04114583333333333 0.2118945868945869 0.008333333333333333 0.007122507122507123
24 0.14817708333333332 0.24857549857549857 0.008333333333333333 0.00641025641025641
24 0.3953125 0.3351139601139601 0.008333333333333333 0.007122507122507123
24 0.50234375 0.3717948717948718 0.0078125 0.00641025641025641
15 0.2674479166666667 0.2952279202279202 0.2015625 0.27564102564102566
17 0.5325520833333334 0.3856837606837607 0.0265625 0.027065527065527065
7 0.55 0.39316239316239315 0.0140625 0.019943019943019943
24 0.04010416666666667 0.21901709401709402 0.008854166666666666 0.008547008547008548
24 0.14609375 0.25605413105413105 0.008333333333333333 0.007122507122507123
15 0.44869791666666664 0.36004273504273504 0.09375 0.12037037037037036
24 0.39401041666666664 0.3425925925925926 0.008854166666666666 0.007834757834757835
24 0.5010416666666667 0.37927350427350426 0.0078125 0.007122507122507123
15 0.08802083333333334 0.23931623931623933 0.0953125 0.12108262108262108
24 0.03854166666666667 0.22685185185185186 0.008333333333333333 0.007122507122507123
24 0.14479166666666668 0.26353276353276356 0.009375 0.007122507122507123
24 0.3921875 0.34935897435897434 0.008854166666666666 0.007122507122507123
24 0.49973958333333335 0.38675213675213677 0.0078125 0.00641025641025641
24 0.03671875 0.2353988603988604 0.0078125 0.007122507122507123
24 0.14401041666666667 0.27136752136752135 0.008854166666666666 0.007122507122507123
5 0.5369791666666667 0.4063390313390313 0.0125 0.009971509971509971
24 0.5494791666666666 0.4113247863247863 0.008333333333333333 0.00641025641025641
24 0.390625 0.3579059829059829 0.008333333333333333 0.00641025641025641
20 0.5205729166666667 0.40206552706552706 0.008333333333333333 0.007122507122507123
24 0.4984375 0.3945868945868946 0.008333333333333333 0.007122507122507123
17 0.6388020833333333 0.4458689458689459 0.021354166666666667 0.038461538461538464
17 0.6640625 0.4547720797720798 0.0171875 0.038461538461538464
17 0.65234375 0.45049857549857547 0.0171875 0.038461538461538464
17 0.675 0.45904558404558404 0.016666666666666666 0.03774928774928775
7 0.690625 0.46438746438746437 0.025520833333333333 0.039886039886039885
24 0.03567708333333333 0.24216524216524216 0.008333333333333333 0.007122507122507123
24 0.14244791666666667 0.27884615384615385 0.008854166666666666 0.007122507122507123
24 0.3893229166666667 0.3646723646723647 0.008333333333333333 0.00641025641025641
24 0.496875 0.40206552706552706 0.0078125 0.00641025641025641
17 0.5372395833333333 0.41951566951566954 0.029166666666666667 0.02849002849002849
7 0.5927083333333333 0.43839031339031337 0.016145833333333335 0.022792022792022793
7 0.5203125 0.41524216524216523 0.013541666666666667 0.020655270655270654
24 0.034375 0.24964387464387464 0.008333333333333333 0.007834757834757835
24 0.14114583333333333 0.2866809116809117 0.008333333333333333 0.00641025641025641
24 0.3880208333333333 0.37215099715099714 0.008333333333333333 0.00641025641025641
24 0.49557291666666664 0.40883190883190884 0.008854166666666666 0.007122507122507123
24 0.03307291666666667 0.2571225071225071 0.008333333333333333 0.007834757834757835
24 0.13984375 0.29415954415954415 0.008333333333333333 0.007122507122507123
24 0.38671875 0.379985754985755 0.009375 0.007834757834757835
24 0.4942708333333333 0.41737891737891736 0.008854166666666666 0.007122507122507123
24 0.031510416666666666 0.2646011396011396 0.008333333333333333 0.007834757834757835
24 0.13776041666666666 0.30163817663817666 0.008333333333333333 0.007122507122507123
24 0.3846354166666667 0.38746438746438744 0.008854166666666666 0.007122507122507123
24 0.49322916666666666 0.42485754985754987 0.008333333333333333 0.00641025641025641
24 0.13671875 0.3084045584045584 0.008854166666666666 0.007122507122507123
24 0.38385416666666666 0.39494301994301995 0.009375 0.007122507122507123
24 0.037760416666666664 0.2827635327635328 0.005208333333333333 0.012108262108262107
24 0.043229166666666666 0.2849002849002849 0.005208333333333333 0.012108262108262107
24 0.04869791666666667 0.2866809116809117 0.005208333333333333 0.012108262108262107
24 0.09895833333333333 0.3037749287749288 0.005208333333333333 0.012108262108262107
24 0.115625 0.30947293447293445 0.005208333333333333 0.012108262108262107
24 0.12109375 0.31125356125356124 0.005208333333333333 0.01282051282051282
24 0.032552083333333336 0.2813390313390313 0.0046875 0.011396011396011397
24 0.07109375 0.29415954415954415 0.005208333333333333 0.012108262108262107
24 0.0765625 0.2962962962962963 0.005208333333333333 0.012108262108262107
24 0.08229166666666667 0.2980769230769231 0.005208333333333333 0.01282051282051282
24 0.08776041666666666 0.29985754985754987 0.005208333333333333 0.012108262108262107
24 0.4200520833333333 0.41417378917378916 0.005729166666666666 0.012108262108262107
24 0.46953125 0.4309116809116809 0.005208333333333333 0.012108262108262107
24 0.09270833333333334 0.30235042735042733 0.005729166666666666 0.01282051282051282
24 0.10416666666666667 0.30626780626780625 0.005729166666666666 0.012108262108262107
24 0.10989583333333333 0.3084045584045584 0.005208333333333333 0.012108262108262107
24 0.12604166666666666 0.31374643874643876 0.005208333333333333 0.01282051282051282
24 0.39791666666666664 0.4063390313390313 0.0046875 0.010683760683760684
24 0.42578125 0.41595441595441596 0.005208333333333333 0.012108262108262107
24 0.45338541666666665 0.4255698005698006 0.005208333333333333 0.012108262108262107
24 0.05416666666666667 0.28917378917378916 0.005208333333333333 0.012108262108262107
24 0.06041666666666667 0.2913105413105413 0.005208333333333333 0.01282051282051282
24 0.06536458333333334 0.2930911680911681 0.005729166666666666 0.012108262108262107
24 0.3927083333333333 0.4049145299145299 0.0046875 0.011396011396011397
24 0.40390625 0.40847578347578345 0.005729166666666666 0.012108262108262107
24 0.4473958333333333 0.4234330484330484 0.005208333333333333 0.012108262108262107
24 0.46458333333333335 0.4291310541310541 0.005208333333333333 0.012108262108262107
24 0.40911458333333334 0.41025641025641024 0.005208333333333333 0.01282051282051282
24 0.41458333333333336 0.41203703703703703 0.005729166666666666 0.01282051282051282
24 0.43671875 0.4198717948717949 0.005208333333333333 0.012108262108262107
24 0.45859375 0.426994301994302 0.005208333333333333 0.011396011396011397
24 0.4752604166666667 0.4326923076923077 0.005729166666666666 0.01282051282051282
24 0.48072916666666665 0.43482905982905984 0.005208333333333333 0.012108262108262107
24 0.4309895833333333 0.4184472934472934 0.005208333333333333 0.01282051282051282
24 0.4421875 0.42236467236467234 0.005729166666666666 0.01282051282051282
24 0.48671875 0.4373219373219373 0.005208333333333333 0.012108262108262107
7 0.7463541666666667 0.5413105413105413 0.03958333333333333 0.029914529914529916
22 0.6098958333333333 0.5 0.052083333333333336 0.04985754985754986
7 0.5348958333333333 0.4797008547008547 0.0171875 0.02564102564102564
7 0.11276041666666667 0.3386752136752137 0.017708333333333333 0.024216524216524215
24 0.5703125 0.49750712250712253 0.03125 0.02564102564102564
24 0.6434895833333333 0.5224358974358975 0.028645833333333332 0.02492877492877493
28 0.6768229166666667 0.5427350427350427 0.0125 0.017806267806267807
15 0.7911458333333333 0.5844017094017094 0.042708333333333334 0.053418803418803416
7 0.38255208333333335 0.45548433048433046 0.017708333333333333 0.023504273504273504
30 0.64453125 0.5551994301994302 0.017708333333333333 0.023504273504273504
16 0.23203125 0.4188034188034188 0.0109375 0.022792022792022793
18 0.6234375 0.5551994301994302 0.013020833333333334 0.012108262108262107
24 0.6424479166666667 0.5690883190883191 0.008333333333333333 0.00641025641025641
28 0.67109375 0.5833333333333334 0.013541666666666667 0.018518518518518517
11 0.5421875 0.5548433048433048 0.05520833333333333 0.045584045584045586
11 0.6244791666666667 0.5858262108262108 0.0546875 0.045584045584045586
24 0.02421875 0.3831908831908832 0.008854166666666666 0.007834757834757835
24 0.08697916666666666 0.40705128205128205 0.008854166666666666 0.007834757834757835
5 0.6690104166666667 0.6068376068376068 0.016666666666666666 0.014957264957264958
5 0.08567708333333333 0.41381766381766383 0.0140625 0.011396011396011397
16 0.0203125 0.3924501424501424 0.016145833333333335 0.014245014245014245
24 0.5786458333333333 0.584045584045584 0.013541666666666667 0.010683760683760684
5 0.5901041666666667 0.5886752136752137 0.008854166666666666 0.007122507122507123
15 0.05286458333333333 0.4113247863247863 0.04479166666666667 0.05555555555555555
24 0.5895833333333333 0.5943732193732194 0.008854166666666666 0.007834757834757835
5 0.08411458333333334 0.4234330484330484 0.013541666666666667 0.009971509971509971
5 0.6526041666666667 0.6203703703703703 0.016666666666666666 0.014957264957264958
16 0.018229166666666668 0.4045584045584046 0.016666666666666666 0.014957264957264958
5 0.5921875 0.6032763532763533 0.0125 0.009971509971509971
15 0.7765625 0.667022792022792 0.042708333333333334 0.054843304843304845
5 0.08229166666666667 0.43304843304843305 0.013541666666666667 0.010683760683760684
20 0.65078125 0.6299857549857549 0.009375 0.009971509971509971
24 0.5869791666666667 0.6089743589743589 0.0078125 0.007122507122507123
5 0.015104166666666667 0.41915954415954415 0.013541666666666667 0.011396011396011397
5 0.6497395833333334 0.636039886039886 0.0140625 0.010683760683760684
5 0.08046875 0.4423076923076923 0.0140625 0.011396011396011397
5 0.5890625 0.6178774928774928 0.0125 0.009259259259259259
24 0.584375 0.6235754985754985 0.008333333333333333 0.007122507122507123
5 0.66640625 0.655982905982906 0.010416666666666666 0.022792022792022793
5 0.5861979166666667 0.6314102564102564 0.0140625 0.010683760683760684
7 0.7161458333333334 0.6773504273504274 0.050520833333333334 0.15242165242165243
16 0.5338541666666666 0.6203703703703703 0.078125 0.10185185185185185
15 0.6098958333333333 0.6513532763532763 0.04635416666666667 0.07407407407407407
9 0.8747395833333333 0.7361111111111112 0.24947916666666667 0.5263532763532763
11 0.6419270833333334 0.6759259259259259 0.03333333333333333 0.07407407407407407
5 0.2296875 0.5363247863247863 0.005208333333333333 0.012108262108262107
11 0.23828125 0.5405982905982906 0.016145833333333335 0.0349002849002849
5 0.24817708333333333 0.5441595441595442 0.007291666666666667 0.019230769230769232
5 0.6609375 0.6862535612535613 0.0109375 0.022792022792022793
5 0.19401041666666666 0.5270655270655271 0.008333333333333333 0.019943019943019943
11 0.18515625 0.5249287749287749 0.016145833333333335 0.0349002849002849
5 0.1765625 0.5217236467236467 0.0046875 0.011396011396011397
7 0.44427083333333334 0.613960113960114 0.0171875 0.02492877492877493
7 0.32786458333333335 0.5754985754985755 0.0171875 0.021367521367521368
7 0.13385416666666666 0.5096153846153846 0.0171875 0.022792022792022793
6 0.2635416666666667 0.5580484330484331 0.0328125 0.05626780626780627
6 0.21015625 0.5413105413105413 0.0328125 0.05626780626780627
24 0.2796875 0.5833333333333334 0.008854166666666666 0.007834757834757835
24 0.22369791666666666 0.5665954415954416 0.008333333333333333 0.00641025641025641
7 0.7572916666666667 0.7549857549857549 0.016666666666666666 0.023504273504273504
5 0.5697916666666667 0.7029914529914529 0.0140625 0.011396011396011397
24 0.5229166666666667 0.6951566951566952 0.0375 0.03774928774928775
7 0.10390625 0.5676638176638177 0.05260416666666667 0.07193732193732194
7 0.1625 0.5876068376068376 0.053125 0.07407407407407407
7 0.5640625 0.7257834757834758 0.03958333333333333 0.04202279202279202
24 0.5197916666666667 0.7183048433048433 0.03125 0.02564102564102564
7 0.29192708333333334 0.6456552706552706 0.14427083333333332 0.08190883190883191
27 0.009635416666666667 0.5452279202279202 0.019270833333333334 0.08475783475783476
7 0.40260416666666665 0.6841168091168092 0.040625 0.046296296296296294
24 0.04869791666666667 0.5641025641025641 0.008333333333333333 0.007122507122507123
17 0.36692708333333335 0.6734330484330484 0.017708333333333333 0.04131054131054131
17 0.37864583333333335 0.6773504273504274 0.01875 0.042735042735042736
18 0.035416666666666666 0.5601851851851852 0.011979166666666667 0.012108262108262107
28 0.6380208333333334 0.7674501424501424 0.0125 0.01638176638176638
5 0.51875 0.7332621082621082 0.0140625 0.012108262108262107
7 0.5802083333333333 0.7752849002849003 0.016666666666666666 0.024216524216524215
11 0.5127604166666667 0.7532051282051282 0.0546875 0.046296296296296294
7 0.08203125 0.6225071225071225 0.016666666666666666 0.02492877492877493
7 0.32109375 0.7047720797720798 0.0171875 0.023504273504273504
5 0.5510416666666667 0.7859686609686609 0.0140625 0.011396011396011397
5 0.5104166666666666 0.7752849002849003 0.0140625 0.012108262108262107
7 0.690625 0.8593304843304843 0.0390625 0.14886039886039887
11 0.53046875 0.8222934472934473 0.042708333333333334 0.03632478632478633
11 0.06770833333333333 0.6652421652421653 0.05677083333333333 0.04843304843304843
11 0.2981770833333333 0.7446581196581197 0.0421875 0.03632478632478633
7 0.63984375 0.9198717948717948 0.01875 0.023504273504273504
31 0.28619791666666666 0.8066239316239316 0.1328125 0.12393162393162394
31 0.06354166666666666 0.7311253561253561 0.12708333333333333 0.13034188034188035
28 0.13359375 0.7574786324786325 0.0109375 0.01638176638176638
31 0.51875 0.8896011396011396 0.1328125 0.12891737891737892
28 0.3645833333333333 0.8368945868945868 0.011979166666666667 0.017094017094017096
28 0.59453125 0.9152421652421653 0.011979166666666667 0.01638176638176638
7 0.41171875 0.8693019943019943 0.016666666666666666 0.02207977207977208
7 0.17994791666666668 0.7916666666666666 0.019791666666666666 0.02564102564102564
5 0.04453125 0.7727920227920227 0.016145833333333335 0.014245014245014245
5 0.2721354166666667 0.8518518518518519 0.016666666666666666 0.014957264957264958
5 0.50546875 0.9326923076923077 0.0171875 0.01566951566951567
30 0.5822916666666667 0.9707977207977208 0.017708333333333333 0.02492877492877493
30 0.12057291666666667 0.8141025641025641 0.018229166666666668 0.02492877492877493
30 0.3450520833333333 0.8935185185185185 0.0171875 0.024216524216524215
18 0.10078125 0.8205128205128205 0.011458333333333333 0.009971509971509971
11 0.26979166666666665 0.8789173789173789 0.05572916666666667 0.04700854700854701
18 0.5625 0.9793447293447294 0.013020833333333334 0.010683760683760684
11 0.04192708333333333 0.801994301994302 0.0546875 0.046296296296296294
24 0.58046875 0.9853988603988604 0.008333333333333333 0.007122507122507123
24 0.11901041666666666 0.8290598290598291 0.008854166666666666 0.007834757834757835
11 0.5020833333333333 0.9594017094017094 0.05520833333333333 0.04700854700854701
18 0.32473958333333336 0.8988603988603988 0.013020833333333334 0.010683760683760684
24 0.34375 0.907051282051282 0.008854166666666666 0.007834757834757835
24 0.5794270833333334 0.9910968660968661 0.0078125 0.00641025641025641
24 0.11796875 0.8344017094017094 0.008854166666666666 0.007122507122507123
24 0.34322916666666664 0.9127492877492878 0.008854166666666666 0.007122507122507123
24 0.36875 0.003917378917378918 0.008333333333333333 0.007122507122507123
24 0.36796875 0.011752136752136752 0.008854166666666666 0.007122507122507123
7 0.8966145833333333 0.19764957264957264 0.016666666666666666 0.022792022792022793
24 0.36640625 0.019230769230769232 0.008333333333333333 0.007834757834757835
24 0.3651041666666667 0.026709401709401708 0.008333333333333333 0.007122507122507123
24 0.27369791666666665 0.0035612535612535613 0.008333333333333333 0.00641025641025641
24 0.36380208333333336 0.03454415954415954 0.009375 0.007834757834757835
24 0.27239583333333334 0.011396011396011397 0.008854166666666666 0.007122507122507123
24 0.36223958333333334 0.04202279202279202 0.008333333333333333 0.007122507122507123
24 0.27109375 0.018874643874643875 0.008333333333333333 0.00641025641025641
24 0.3609375 0.0495014245014245 0.008854166666666666 0.008547008547008548
24 0.39479166666666665 0.06125356125356125 0.008854166666666666 0.007122507122507123
24 0.4205729166666667 0.0698005698005698 0.008854166666666666 0.007834757834757835
30 0.57578125 0.12856125356125356 0.019791666666666666 0.027065527065527065
24 0.35963541666666665 0.05733618233618234 0.008854166666666666 0.008547008547008548
24 0.26953125 0.026353276353276354 0.008333333333333333 0.007122507122507123
15 0.31171875 0.05448717948717949 0.08802083333333334 0.10897435897435898
18 0.5578125 0.12927350427350429 0.013541666666666667 0.01282051282051282
7 0.40390625 0.07905982905982906 0.0390625 0.03205128205128205
2 0.5239583333333333 0.12072649572649573 0.04583333333333333 0.06267806267806268
24 0.2677083333333333 0.033831908831908834 0.008854166666666666 0.007122507122507123
24 0.3580729166666667 0.06481481481481481 0.008854166666666666 0.007834757834757835
24 0.5736979166666667 0.14280626780626782 0.008854166666666666 0.007122507122507123
24 0.2669270833333333 0.04095441595441596 0.008854166666666666 0.007122507122507123
24 0.35625 0.07229344729344729 0.008333333333333333 0.007122507122507123
24 0.5729166666666666 0.14743589743589744 0.008854166666666666 0.007122507122507123
7 0.95234375 0.28062678062678065 0.04739583333333333 0.13603988603988604
24 0.265625 0.04878917378917379 0.008854166666666666 0.007834757834757835
24 0.35546875 0.08012820512820513 0.008333333333333333 0.007122507122507123
27 0.13098958333333333 0.023504273504273504 0.0609375 0.04700854700854701
24 0.38828125 0.09401709401709402 0.008333333333333333 0.00641025641025641
5 0.40234375 0.099002849002849 0.013020833333333334 0.010683760683760684
24 0.4158854166666667 0.10434472934472934 0.008333333333333333 0.007834757834757835
24 0.2638020833333333 0.05591168091168091 0.008854166666666666 0.007122507122507123
24 0.3541666666666667 0.0868945868945869 0.008854166666666666 0.007122507122507123
7 0.18723958333333332 0.030626780626780627 0.0171875 0.022792022792022793
24 0.26223958333333336 0.06374643874643875 0.008333333333333333 0.00641025641025641
24 0.35260416666666666 0.09508547008547008 0.008854166666666666 0.008547008547008548
7 0.39739583333333334 0.11182336182336182 0.03854166666666667 0.0292022792022792
24 0.2609375 0.07122507122507123 0.008333333333333333 0.00641025641025641
24 0.35130208333333335 0.10220797720797721 0.008854166666666666 0.007834757834757835
24 0.3494791666666667 0.10968660968660969 0.008333333333333333 0.007122507122507123
24 0.26015625 0.07905982905982906 0.008333333333333333 0.007122507122507123
24 0.25807291666666665 0.08653846153846154 0.008854166666666666 0.007122507122507123
24 0.34817708333333336 0.11716524216524217 0.008854166666666666 0.007834757834757835
2 0.8934895833333333 0.3059116809116809 0.0453125 0.06125356125356125
7 0.4515625 0.15598290598290598 0.0171875 0.02492877492877493
17 0.853125 0.2938034188034188 0.026041666666666668 0.04415954415954416
24 0.25729166666666664 0.09366096866096867 0.0078125 0.007122507122507123
24 0.34661458333333334 0.12464387464387465 0.008854166666666666 0.008547008547008548
30 0.5614583333333333 0.20690883190883191 0.017708333333333333 0.02564102564102564
18 0.54453125 0.20833333333333334 0.0125 0.009971509971509971
24 0.26536458333333335 0.11467236467236468 0.005208333333333333 0.01282051282051282
24 0.2875 0.12215099715099716 0.005729166666666666 0.012108262108262107
24 0.28151041666666665 0.12072649572649573 0.005208333333333333 0.012108262108262107
24 0.2986979166666667 0.1267806267806268 0.005729166666666666 0.012108262108262107
24 0.27630208333333334 0.11894586894586895 0.005208333333333333 0.01282051282051282
24 0.29296875 0.12464387464387465 0.005729166666666666 0.01282051282051282
24 0.2708333333333333 0.11716524216524217 0.005729166666666666 0.012108262108262107
24 0.30416666666666664 0.12856125356125356 0.005729166666666666 0.01282051282051282
24 0.30963541666666666 0.13034188034188035 0.005729166666666666 0.01282051282051282
24 0.31484375 0.13212250712250712 0.0046875 0.01282051282051282
24 0.3203125 0.13425925925925927 0.005208333333333333 0.01282051282051282
24 0.33697916666666666 0.13995726495726496 0.005729166666666666 0.01282051282051282
24 0.2596354166666667 0.1136039886039886 0.005729166666666666 0.01282051282051282
24 0.32578125 0.13603988603988604 0.005208333333333333 0.01282051282051282
24 0.33125 0.13853276353276353 0.005729166666666666 0.01282051282051282
2 0.5091145833333334 0.2022792022792023 0.04583333333333333 0.06267806267806268
24 0.55859375 0.22044159544159544 0.008854166666666666 0.007834757834757835
7 0.71484375 0.27528490028490027 0.2942708333333333 0.37535612535612534
24 0.5575520833333333 0.22542735042735043 0.009375 0.007834757834757835
30 0.12760416666666666 0.10220797720797721 0.018229166666666668 0.02492877492877493
30 0.06614583333333333 0.08190883190883191 0.013020833333333334 0.022792022792022793
18 0.10885416666666667 0.10683760683760683 0.013541666666666667 0.011396011396011397
24 0.06197916666666667 0.09472934472934473 0.007291666666666667 0.007122507122507123
24 0.125 0.11609686609686609 0.008333333333333333 0.00641025641025641
24 0.06171875 0.09971509971509972 0.008333333333333333 0.007122507122507123
24 0.12421875 0.12072649572649573 0.008854166666666666 0.007122507122507123
18 0.8471354166666667 0.3767806267806268 0.013020833333333334 0.010683760683760684
24 0.8619791666666666 0.3817663817663818 0.009375 0.008547008547008548
20 0.12239583333333333 0.13283475783475784 0.010416666666666666 0.009259259259259259
7 0.42942708333333335 0.2564102564102564 0.017708333333333333 0.02492877492877493
18 0.8434895833333333 0.40064102564102566 0.013541666666666667 0.010683760683760684
24 0.8580729166666666 0.40562678062678065 0.008854166666666666 0.007834757834757835
22 0.9838541666666667 0.45548433048433046 0.03125 0.08190883190883191