24 0.46040372670807456 0.311614730878187 0.004658385093167702 0.0113314447592068
24 0.44875776397515527 0.3087818696883853 0.004140786749482402 0.0113314447592068
24 0.47127329192546585 0.31373937677053826 0.004658385093167702 0.010623229461756374
24 0.47696687370600416 0.3151558073654391 0.004140786749482402 0.0113314447592068
24 0.41537267080745344 0.3024079320113314 0.004658385093167702 0.012747875354107648
24 0.43219461697722567 0.3059490084985836 0.004658385093167702 0.012747875354107648
24 0.43737060041407866 0.30701133144475923 0.004658385093167702 0.012747875354107648
24 0.45419254658385094 0.31090651558073656 0.004140786749482402 0.012039660056657223
24 0.46557971014492755 0.313385269121813 0.004140786749482402 0.010623229461756374
24 0.42106625258799174 0.30347025495750707 0.004658385093167702 0.012039660056657223
24 0.42675983436853004 0.30488668555240794 0.005175983436853002 0.012747875354107648
24 0.4435817805383023 0.30842776203966005 0.004140786749482402 0.012039660056657223
24 0.4824016563146998 0.31692634560906513 0.004658385093167702 0.012039660056657223
24 0.4880952380952381 0.31798866855524077 0.004140786749482402 0.0113314447592068
24 0.49922360248447206 0.3204674220963173 0.004140786749482402 0.012039660056657223
24 0.056677018633540376 0.2245042492917847 0.004658385093167702 0.0113314447592068
24 0.5049171842650103 0.3218838526912181 0.004140786749482402 0.012039660056657223
24 0.5106107660455487 0.32294617563739375 0.004140786749482402 0.0113314447592068
24 0.05150103519668737 0.22344192634560905 0.004140786749482402 0.0113314447592068
24 0.10144927536231885 0.23441926345609065 0.004658385093167702 0.012039660056657223
24 0.06780538302277432 0.22769121813031162 0.004140786749482402 0.012039660056657223
24 0.08980331262939958 0.2326487252124646 0.004658385093167702 0.012039660056657223
24 0.07324016563146998 0.22910764872521247 0.004140786749482402 0.0113314447592068
24 0.07893374741200829 0.2301699716713881 0.004658385093167702 0.012039660056657223
24 0.08462732919254658 0.23158640226628896 0.004140786749482402 0.0113314447592068
24 0.09523809523809523 0.23371104815864022 0.004658385093167702 0.0113314447592068
24 0.10662525879917184 0.2361898016997167 0.004658385093167702 0.012039660056657223
24 0.1234472049689441 0.23973087818696884 0.005175983436853002 0.012747875354107648
24 0.062111801242236024 0.22662889518413598 0.004140786749482402 0.012039660056657223
24 0.11231884057971014 0.23725212464589235 0.004140786749482402 0.012039660056657223
24 0.1182712215320911 0.2386685552407932 0.004658385093167702 0.012039660056657223
24 0.1291407867494824 0.24114730878186968 0.005175983436853002 0.013456090651558074
24 0.49404761904761907 0.32011331444759206 0.004140786749482402 0.012039660056657223
24 0.13457556935817805 0.24220963172804533 0.004658385093167702 0.012747875354107648
24 0.14596273291925466 0.24468838526912182 0.004658385093167702 0.012747875354107648
24 0.14026915113871635 0.2443342776203966 0.004658385093167702 0.012039660056657223
24 0.1545031055900621 0.25247875354107646 0.009316770186335404 0.006373937677053824
24 0.40476190476190477 0.30807365439093487 0.009316770186335404 0.006373937677053824
24 0.15372670807453417 0.25920679886685555 0.009316770186335404 0.006373937677053824
24 0.04528985507246377 0.2358356940509915 0.008281573498964804 0.0056657223796034
24 0.40398550724637683 0.31586402266288954 0.008799171842650104 0.006373937677053824
7 0.9528985507246377 0.4348441926345609 0.018115942028985508 0.023371104815864022
24 0.5121635610766045 0.33994334277620397 0.008281573498964804 0.006373937677053824
7 0.8597308488612836 0.41678470254957506 0.015527950310559006 0.020538243626062325
24 0.044513457556935816 0.24362606232294617 0.008799171842650104 0.0056657223796034
24 0.15269151138716355 0.2669971671388102 0.008281573498964804 0.0056657223796034
24 0.4029503105590062 0.323300283286119 0.008799171842650104 0.006373937677053824
24 0.5119047619047619 0.34702549575070823 0.008281573498964804 0.0056657223796034
24 0.043478260869565216 0.25106232294617564 0.008281573498964804 0.006373937677053824
24 0.15191511387163562 0.2747875354107649 0.008799171842650104 0.004957507082152974
24 0.40165631469979296 0.33109065155807366 0.008799171842650104 0.006373937677053824
24 0.510351966873706 0.3551699716713881 0.008281573498964804 0.006373937677053824
24 0.042701863354037264 0.2588526912181303 0.008281573498964804 0.0056657223796034
24 0.15113871635610765 0.28222379603399433 0.008281573498964804 0.0056657223796034
24 0.400879917184265 0.3385269121813031 0.008799171842650104 0.0056657223796034
24 0.509575569358178 0.36225212464589235 0.008281573498964804 0.0056657223796034
24 0.04192546583850932 0.2659348441926346 0.008281573498964804 0.006373937677053824
24 0.15010351966873706 0.290014164305949 0.008799171842650104 0.0056657223796034
24 0.02562111801242236 0.2645184135977337 0.008281573498964804 0.006373937677053824
24 0.3998447204968944 0.34560906515580736 0.008799171842650104 0.006373937677053824
24 0.5323498964803313 0.3742917847025496 0.007763975155279503 0.006373937677053824
20 0.5590062111801242 0.379957507082153 0.009316770186335404 0.007082152974504249
24 0.5093167701863354 0.370042492917847 0.008281573498964804 0.0056657223796034
24 0.04089026915113872 0.27372521246458925 0.008281573498964804 0.0056657223796034
24 0.14932712215320912 0.2978045325779037 0.008281573498964804 0.0056657223796034
24 0.3995859213250518 0.35410764872521244 0.008281573498964804 0.006373937677053824
24 0.5077639751552795 0.3778328611898017 0.007763975155279503 0.0056657223796034
15 0.2701863354037267 0.3296742209631728 0.18892339544513456 0.2584985835694051
17 0.5385610766045549 0.38774787535410765 0.025879917184265012 0.024787535410764873
7 0.024327122153209108 0.27726628895184136 0.011387163561076604 0.019830028328611898
7 0.5564182194616977 0.39305949008498586 0.012939958592132506 0.018413597733711047
24 0.04011387163561077 0.2811614730878187 0.008799171842650104 0.006373937677053824
24 0.14777432712215322 0.3052407932011331 0.008281573498964804 0.006373937677053824
15 0.45393374741200826 0.37252124645892354 0.08850931677018634 0.11189801699716714
24 0.39855072463768115 0.3618980169971671 0.008799171842650104 0.006373937677053824
24 0.5069875776397516 0.38526912181303113 0.007763975155279503 0.006373937677053824
15 0.08928571428571429 0.2956798866855524 0.09006211180124224 0.11260623229461757
24 0.03907867494824017 0.28895184135977336 0.008281573498964804 0.0056657223796034
24 0.14699792960662525 0.3130311614730878 0.009316770186335404 0.006373937677053824
24 0.3972567287784679 0.3686260623229462 0.008799171842650104 0.0056657223796034
24 0.5062111801242236 0.39305949008498586 0.007763975155279503 0.0056657223796034
24 0.03778467908902691 0.29709631728045327 0.008281573498964804 0.0056657223796034
24 0.14648033126293997 0.32082152974504247 0.008799171842650104 0.0056657223796034
5 0.5442546583850931 0.40793201133144474 0.012422360248447204 0.0084985835694051
24 0.556935817805383 0.41111898016997167 0.008281573498964804 0.0056657223796034
24 0.3962215320910973 0.3771246458923513 0.008281573498964804 0.0056657223796034
20 0.5276915113871635 0.4054532577903683 0.008281573498964804 0.006373937677053824
24 0.02251552795031056 0.29603399433427763 0.008281573498964804 0.0056657223796034
24 0.505175983436853 0.40084985835694054 0.008281573498964804 0.006373937677053824
17 0.6475155279503105 0.4351983002832861 0.019151138716356108 0.036827195467422094
17 0.6728778467908902 0.44086402266288954 0.015527950310559006 0.037535410764872525
17 0.6612318840579711 0.4380311614730878 0.015527950310559006 0.037535410764872525
17 0.6842650103519669 0.44369688385269124 0.014492753623188406 0.036827195467422094
7 0.7000517598343685 0.44723796033994334 0.023809523809523808 0.03824362606232295
24 0.03674948240165631 0.30417847025495753 0.008799171842650104 0.0056657223796034
24 0.145703933747412 0.3286118980169972 0.008799171842650104 0.0056657223796034
24 0.39544513457556935 0.38420679886685555 0.008281573498964804 0.0056657223796034
24 0.504399585921325 0.40828611898017 0.007763975155279503 0.0056657223796034
17 0.5452898550724637 0.42103399433427763 0.027950310559006212 0.025495750708215296
7 0.6014492753623188 0.43307365439093487 0.015010351966873706 0.021954674220963172
7 0.020703933747412008 0.30842776203966005 0.011387163561076604 0.019830028328611898
7 0.5282091097308489 0.4185552407932011 0.012939958592132506 0.019830028328611898
24 0.036490683229813664 0.3119688385269122 0.008281573498964804 0.006373937677053824
24 0.1446687370600414 0.33640226628895187 0.008281573498964804 0.0056657223796034
24 0.3946687370600414 0.3919971671388102 0.008281573498964804 0.0056657223796034
24 0.5036231884057971 0.41536827195467424 0.008799171842650104 0.0056657223796034
24 0.035196687370600416 0.3197592067988669 0.008799171842650104 0.006373937677053824
24 0.14389233954451347 0.3438385269121813 0.008281573498964804 0.006373937677053824
24 0.3936335403726708 0.39943342776203966 0.009316770186335404 0.007082152974504249
24 0.5025879917184265 0.4238668555240793 0.008799171842650104 0.0056657223796034
24 0.03467908902691511 0.32754957507082155 0.008281573498964804 0.006373937677053824
24 0.1425983436853002 0.351628895184136 0.008281573498964804 0.006373937677053824
24 0.39233954451345754 0.40722379603399433 0.008799171842650104 0.0056657223796034
24 0.5020703933747412 0.431657223796034 0.008281573498964804 0.0056657223796034
24 0.1415631469979296 0.358356940509915 0.008799171842650104 0.0056657223796034
24 0.3918219461697723 0.415014164305949 0.009316770186335404 0.006373937677053824
24 0.04218426501035197 0.34490084985835695 0.004140786749482402 0.012039660056657223
24 0.047619047619047616 0.3459631728045326 0.004140786749482402 0.012039660056657223
24 0.05331262939958592 0.3473796033994334 0.004140786749482402 0.012039660056657223
24 0.10403726708074534 0.358356940509915 0.004140786749482402 0.012039660056657223
24 0.1208592132505176 0.3618980169971671 0.004140786749482402 0.012039660056657223
24 0.1265527950310559 0.36296033994334276 0.004658385093167702 0.012747875354107648
24 0.03700828157349897 0.3438385269121813 0.004140786749482402 0.0113314447592068
24 0.07582815734989648 0.3519830028328612 0.004140786749482402 0.012039660056657223
24 0.08152173913043478 0.35339943342776203 0.004140786749482402 0.012039660056657223
24 0.08721532091097309 0.3544617563739377 0.004658385093167702 0.012747875354107648
24 0.09265010351966874 0.35587818696883855 0.004140786749482402 0.012039660056657223
24 0.42908902691511386 0.4295325779036827 0.004658385093167702 0.012039660056657223
24 0.47903726708074534 0.4401558073654391 0.004140786749482402 0.012039660056657223
24 0.09782608695652174 0.3576487252124646 0.005175983436853002 0.012747875354107648
24 0.10947204968944099 0.36012747875354106 0.004658385093167702 0.012039660056657223
24 0.1151656314699793 0.36154390934844194 0.004140786749482402 0.012039660056657223
24 0.13146997929606624 0.36508498583569404 0.004658385093167702 0.012747875354107648
24 0.4065734989648033 0.42457507082152973 0.004140786749482402 0.010623229461756374
24 0.43478260869565216 0.43059490084985835 0.004140786749482402 0.012039660056657223
24 0.46273291925465837 0.436614730878187 0.004140786749482402 0.012039660056657223
24 0.059006211180124224 0.34915014164305946 0.004140786749482402 0.012039660056657223
24 0.06495859213250517 0.35056657223796034 0.004658385093167702 0.012747875354107648
24 0.07013457556935818 0.351628895184136 0.004658385093167702 0.012039660056657223
24 0.40139751552795033 0.4235127478753541 0.004140786749482402 0.0113314447592068
24 0.41278467908902694 0.4259915014164306 0.004658385093167702 0.012039660056657223
24 0.45652173913043476 0.43555240793201133 0.004140786749482402 0.012039660056657223
24 0.474120082815735 0.43909348441926344 0.004140786749482402 0.012039660056657223
24 0.41770186335403725 0.42705382436260625 0.004658385093167702 0.012747875354107648
24 0.42339544513457555 0.4281161473087819 0.005175983436853002 0.012747875354107648
24 0.44591097308488614 0.43307365439093487 0.004140786749482402 0.012039660056657223
24 0.46790890269151136 0.4376770538243626 0.004658385093167702 0.0113314447592068
24 0.48473084886128365 0.44157223796033995 0.005175983436853002 0.012747875354107648
24 0.49042443064182195 0.4426345609065156 0.004140786749482402 0.012039660056657223
24 0.44021739130434784 0.43271954674220964 0.004658385093167702 0.012747875354107648
24 0.45134575569358176 0.4348441926345609 0.005175983436853002 0.012747875354107648
24 0.4963768115942029 0.4447592067988669 0.004140786749482402 0.012039660056657223
7 0.7600931677018633 0.5169971671388102 0.03881987577639751 0.025495750708215296
22 0.6224120082815735 0.4922096317280453 0.050724637681159424 0.04461756373937677
7 0.5468426501035196 0.48087818696883855 0.016045548654244308 0.024079320113314446
7 0.12008281573498965 0.39128895184135976 0.016563146997929608 0.0226628895184136
24 0.582815734989648 0.4943342776203966 0.030538302277432712 0.021954674220963172
24 0.6570910973084886 0.5102691218130312 0.027950310559006212 0.021954674220963172
28 0.6912525879917184 0.5265580736543909 0.011904761904761904 0.0169971671388102
15 0.8071946169772257 0.5545325779036827 0.04089026915113872 0.049575070821529746
7 0.3944099378881988 0.47485835694050993 0.016563146997929608 0.021954674220963172
30 0.6601966873706004 0.5424929178470255 0.016563146997929608 0.021954674220963172
16 0.24301242236024845 0.4564447592067989 0.009316770186335404 0.021954674220963172
18 0.6394927536231884 0.5453257790368272 0.012939958592132506 0.010623229461756374
24 0.6591614906832298 0.556657223796034 0.008281573498964804 0.0056657223796034
28 0.6881469979296067 0.5672804532577904 0.012939958592132506 0.0169971671388102
11 0.5587474120082816 0.5541784702549575 0.053830227743271224 0.039660056657223795
11 0.6423395445134575 0.5754249291784702 0.05331262939958592 0.04036827195467422
24 0.035196687370600416 0.44582152974504247 0.008799171842650104 0.006373937677053824
24 0.09886128364389234 0.46175637393767704 0.008799171842650104 0.006373937677053824
5 0.6876293995859213 0.5910056657223796 0.016045548654244308 0.012747875354107648
7 0.014751552795031056 0.448300283286119 0.029503105590062112 0.20254957507082152
5 0.09808488612836438 0.4688385269121813 0.013457556935817806 0.009915014164305949
16 0.032091097308488616 0.45538243626062325 0.015527950310559006 0.012747875354107648
24 0.5967908902691511 0.5789660056657224 0.013457556935817806 0.009206798866855524
5 0.6084368530020704 0.5821529745042493 0.008799171842650104 0.0056657223796034
15 0.06521739130434782 0.4702549575070821 0.042443064182194616 0.051699716713881017
24 0.6081780538302277 0.5878186968838527 0.008799171842650104 0.006373937677053824
5 0.09679089026915114 0.47875354107648727 0.013457556935817806 0.0084985835694051
5 0.6721014492753623 0.6062322946175638 0.016045548654244308 0.012747875354107648
16 0.030538302277432712 0.46777620396600567 0.016563146997929608 0.013456090651558074
5 0.6115424430641822 0.5966713881019831 0.011904761904761904 0.0084985835694051
15 0.7978778467908902 0.6377478753541076 0.040372670807453416 0.05099150141643059
5 0.09575569358178054 0.488314447592068 0.013457556935817806 0.009206798866855524
20 0.6710662525879917 0.6157932011331445 0.008799171842650104 0.0084985835694051
24 0.6066252587991718 0.6026912181303116 0.007763975155279503 0.006373937677053824
5 0.02820910973084886 0.48229461756373937 0.012939958592132506 0.009915014164305949
5 0.6702898550724637 0.6221671388101983 0.013975155279503106 0.009206798866855524
5 0.09472049689440994 0.49752124645892354 0.013457556935817806 0.009915014164305949
5 0.6092132505175983 0.6111898016997167 0.012422360248447204 0.007790368271954674
24 0.6048136645962733 0.6172096317280453 0.008281573498964804 0.006373937677053824
5 0.6881469979296067 0.6398725212464589 0.009316770186335404 0.0226628895184136
5 0.6071428571428571 0.625 0.013975155279503106 0.009206798866855524
7 0.7388716356107661 0.6550991501416431 0.041407867494824016 0.15155807365439095
16 0.5548654244306418 0.6200424929178471 0.07401656314699794 0.09490084985835694
15 0.6319875776397516 0.6419971671388102 0.042443064182194616 0.0708215297450425
9 0.8951863354037267 0.7106940509915014 0.20859213250517597 0.5460339943342776
11 0.6651138716356108 0.6625354107648725 0.029503105590062112 0.07223796033994334
5 0.2484472049689441 0.5729461756373938 0.004140786749482402 0.012039660056657223
11 0.25698757763975155 0.5764872521246459 0.013975155279503106 0.034702549575070823
5 0.2670807453416149 0.5786118980169972 0.006211180124223602 0.019121813031161474
5 0.6845238095238095 0.6706798866855525 0.009834368530020704 0.0226628895184136
5 0.2122153209109731 0.5679886685552408 0.007246376811594203 0.019121813031161474
11 0.20341614906832298 0.5669263456090652 0.013975155279503106 0.034702549575070823
5 0.19487577639751552 0.5651558073654391 0.004140786749482402 0.0113314447592068
7 0.46557971014492755 0.6246458923512748 0.016045548654244308 0.023371104815864022
7 0.34782608695652173 0.6005665722379604 0.016045548654244308 0.019830028328611898
7 0.15165631469979296 0.5577195467422096 0.016563146997929608 0.021246458923512748
6 0.2831262939958592 0.5906515580736544 0.029503105590062112 0.053824362606232294
6 0.229296066252588 0.5803824362606232 0.029503105590062112 0.053824362606232294
24 0.3007246376811594 0.6140226628895185 0.008799171842650104 0.006373937677053824
24 0.2443064182194617 0.6037535410764873 0.008281573498964804 0.0056657223796034
7 0.7844202898550725 0.7273371104815864 0.015527950310559006 0.0226628895184136
5 0.5954968944099379 0.6979461756373938 0.013457556935817806 0.009915014164305949
24 0.5486542443064182 0.6954674220963173 0.036231884057971016 0.0339943342776204
7 0.12577639751552794 0.6189801699716714 0.04917184265010352 0.06728045325779036
7 0.18504140786749482 0.6317280453257791 0.049689440993788817 0.06940509915014165
7 0.5913561076604554 0.7213172804532578 0.03778467908902691 0.03824362606232295
24 0.5471014492753623 0.7188385269121813 0.030538302277432712 0.021954674220963172
7 0.3167701863354037 0.6738668555240793 0.14337474120082816 0.06515580736543909
27 0.019409937888198756 0.6076487252124646 0.03881987577639751 0.08498583569405099
7 0.42883022774327123 0.6990084985835694 0.03881987577639751 0.042492917847025496
24 0.07091097308488613 0.6221671388101983 0.008281573498964804 0.006373937677053824
17 0.39285714285714285 0.6926345609065155 0.015527950310559006 0.04036827195467422
17 0.4045031055900621 0.6951133144475921 0.016045548654244308 0.04178470254957507
18 0.05745341614906832 0.6200424929178471 0.011904761904761904 0.010623229461756374
28 0.667184265010352 0.7535410764872521 0.011904761904761904 0.015580736543909348
5 0.5468426501035196 0.7337110481586402 0.013457556935817806 0.010623229461756374
7 0.6105072463768116 0.7684135977337111 0.015527950310559006 0.023371104815864022
11 0.5424430641821946 0.7542492917847026 0.053830227743271224 0.04107648725212465
7 0.10766045548654245 0.6759915014164306 0.015527950310559006 0.024079320113314446
7 0.34937888198757766 0.7291076487252125 0.016045548654244308 0.021954674220963172
5 0.5820393374741201 0.7822237960339944 0.013457556935817806 0.009915014164305949
5 0.5414078674948241 0.7765580736543909 0.013457556935817806 0.010623229461756374
7 0.724896480331263 0.8385269121813032 0.029503105590062112 0.14872521246458922
11 0.5639233954451346 0.8208215297450425 0.041407867494824016 0.03186968838526912
11 0.09627329192546584 0.7202549575070821 0.05538302277432712 0.042492917847025496
11 0.32919254658385094 0.7712464589235127 0.04089026915113872 0.03186968838526912
7 0.6785714285714286 0.9043909348441926 0.017598343685300208 0.021954674220963172
31 0.32142857142857145 0.8342776203966006 0.12888198757763975 0.11048158640226628
31 0.09057971014492754 0.7861189801699717 0.13302277432712215 0.11614730878186968
28 0.16718426501035197 0.8034702549575071 0.010351966873706004 0.014872521246458924
31 0.5566770186335404 0.8888101983002833 0.12836438923395446 0.11614730878186968
28 0.40062111801242234 0.8548158640226629 0.011387163561076604 0.016288951841359773
28 0.6332815734989649 0.9054532577903682 0.011387163561076604 0.015580736543909348
7 0.4495341614906832 0.8813739376770539 0.016045548654244308 0.020538243626062325
7 0.2153209109730849 0.8317988668555241 0.018633540372670808 0.024079320113314446
5 0.07996894409937888 0.8289660056657224 0.016045548654244308 0.012039660056657223
5 0.3103002070393375 0.8806657223796034 0.016563146997929608 0.013456090651558074
5 0.5463250517598344 0.9330736543909348 0.016563146997929608 0.014164305949008499
30 0.6247412008281573 0.9614022662889519 0.016563146997929608 0.023371104815864022
30 0.15786749482401657 0.8611898016997167 0.017080745341614908 0.023371104815864022
30 0.38509316770186336 0.9132436260623229 0.016045548654244308 0.0226628895184136
24 0.2999482401656315 0.006373937677053824 0.004658385093167702 0.0113314447592068
24 0.3442028985507246 0.01593484419263456 0.005175983436853002 0.012747875354107648
24 0.2774327122153209 0.003895184135977337 0.005175983436853002 0.007790368271954674
24 0.2888198757763975 0.005311614730878187 0.005175983436853002 0.010623229461756374
24 0.2945134575569358 0.0056657223796034 0.005175983436853002 0.0113314447592068
24 0.3110766045548654 0.009560906515580737 0.004658385093167702 0.012039660056657223
24 0.3222049689440994 0.012039660056657223 0.005175983436853002 0.013456090651558074
24 0.3273809523809524 0.013101983002832862 0.005175983436853002 0.012747875354107648
24 0.3385093167701863 0.015580736543909348 0.004658385093167702 0.012747875354107648
18 0.1384575569358178 0.8696883852691218 0.010869565217391304 0.0084985835694051
11 0.30978260869565216 0.9075779036827195 0.05434782608695652 0.04107648725212465
18 0.6055900621118012 0.9723796033994334 0.012422360248447204 0.009206798866855524
11 0.07919254658385093 0.8583569405099151 0.05331262939958592 0.04107648725212465
24 0.6239648033126294 0.976628895184136 0.008281573498964804 0.006373937677053824
24 0.15734989648033126 0.8760623229461756 0.008799171842650104 0.006373937677053824
11 0.5447722567287785 0.9599858356940509 0.053830227743271224 0.04178470254957507
24 0.2828674948240166 0.004957507082152974 0.005693581780538302 0.009915014164305949
24 0.3053830227743271 0.008144475920679886 0.004658385093167702 0.012039660056657223
24 0.31754658385093165 0.010977337110481586 0.004140786749482402 0.0113314447592068
24 0.3330745341614907 0.014164305949008499 0.005175983436853002 0.013456090651558074
18 0.36542443064182195 0.9210339943342776 0.012422360248447204 0.009206798866855524
24 0.38457556935817805 0.9266997167138811 0.008799171842650104 0.006373937677053824
24 0.6234472049689441 0.9819405099150141 0.007763975155279503 0.0056657223796034
24 0.15657349896480333 0.8817280453257791 0.008799171842650104 0.0056657223796034
24 0.3843167701863354 0.9323654390934845 0.008799171842650104 0.0056657223796034
24 0.3530020703933747 0.022308781869688384 0.008281573498964804 0.006373937677053824
24 0.26242236024844723 0.0028328611898017 0.009316770186335404 0.0056657223796034
24 0.3522256728778468 0.02903682719546742 0.008281573498964804 0.006373937677053824
24 0.26164596273291924 0.010269121813031162 0.008281573498964804 0.0056657223796034
24 0.2608695652173913 0.017351274787535412 0.007763975155279503 0.0056657223796034
24 0.35196687370600416 0.036827195467422094 0.008799171842650104 0.0056657223796034
7 0.8869047619047619 0.15864022662889518 0.015527950310559006 0.021954674220963172
24 0.35093167701863354 0.04461756373937677 0.008281573498964804 0.007082152974504249
24 0.2598343685300207 0.024787535410764873 0.008799171842650104 0.0056657223796034
24 0.25905797101449274 0.032577903682719546 0.008281573498964804 0.0056657223796034
24 0.3501552795031056 0.05240793201133145 0.008281573498964804 0.006373937677053824
24 0.2582815734989648 0.04036827195467422 0.008281573498964804 0.0056657223796034
24 0.349120082815735 0.06019830028328612 0.009316770186335404 0.007082152974504249
24 0.2572463768115942 0.04815864022662889 0.008799171842650104 0.0056657223796034
24 0.34834368530020704 0.06763456090651558 0.008281573498964804 0.006373937677053824
2 0.056935817805383024 0.018059490084985835 0.018633540372670808 0.03611898016997167
24 0.25646997929606624 0.05559490084985836 0.008281573498964804 0.0056657223796034
24 0.3473084886128364 0.07542492917847025 0.008799171842650104 0.007082152974504249
24 0.3817287784679089 0.08286118980169972 0.008799171842650104 0.0056657223796034
24 0.4076086956521739 0.08852691218130311 0.008799171842650104 0.006373937677053824
30 0.5649585921325052 0.1281869688385269 0.018115942028985508 0.024787535410764873
24 0.3465320910973085 0.08321529745042493 0.008799171842650104 0.007082152974504249
24 0.2554347826086957 0.06338526912181303 0.008281573498964804 0.006373937677053824
15 0.2981366459627329 0.07542492917847025 0.08126293995859213 0.12181303116147309
18 0.547360248447205 0.13101983002832862 0.013457556935817806 0.012039660056657223
7 0.3918219461697723 0.0995042492917847 0.038302277432712216 0.028328611898016998
2 0.5134575569358178 0.12641643059490085 0.04296066252587992 0.058781869688385266
24 0.25414078674948243 0.0708215297450425 0.008799171842650104 0.0056657223796034
24 0.3454968944099379 0.0906515580736544 0.008799171842650104 0.006373937677053824
24 0.5639233954451346 0.1423512747875354 0.008799171842650104 0.0056657223796034
24 0.25388198757763975 0.07825779036827195 0.008799171842650104 0.0056657223796034
24 0.3442028985507246 0.09844192634560907 0.008281573498964804 0.006373937677053824
24 0.5634057971014492 0.14730878186968838 0.008799171842650104 0.0056657223796034
7 0.947463768115942 0.23406515580736545 0.039337474120082816 0.13456090651558072
24 0.2528467908902691 0.08569405099150142 0.008799171842650104 0.006373937677053824
24 0.343944099378882 0.10623229461756374 0.008281573498964804 0.006373937677053824
27 0.1167184265010352 0.059135977337110485 0.056935817805383024 0.07719546742209632
24 0.37732919254658387 0.11614730878186968 0.008281573498964804 0.0056657223796034
5 0.3915631469979296 0.1193342776203966 0.012939958592132506 0.009206798866855524
24 0.4052795031055901 0.12322946175637393 0.007763975155279503 0.007082152974504249
24 0.2515527950310559 0.09348441926345609 0.008799171842650104 0.0056657223796034
24 0.34290890269151136 0.11331444759206799 0.008799171842650104 0.0056657223796034
7 0.17417184265010352 0.07719546742209632 0.016563146997929608 0.021246458923512748
24 0.2505175983436853 0.10092067988668556 0.008281573498964804 0.0056657223796034
24 0.3421325051759834 0.12145892351274788 0.008799171842650104 0.007082152974504249
7 0.38742236024844723 0.13279036827195467 0.03778467908902691 0.025495750708215296
7 0.9937888198757764 0.2698300283286119 0.011387163561076604 0.1048158640226629
24 0.24974120082815734 0.10871104815864023 0.008281573498964804 0.0056657223796034
2 0.05046583850931677 0.06550991501416431 0.018115942028985508 0.05311614730878187
24 0.3413561076604555 0.12854107648725213 0.008799171842650104 0.006373937677053824
24 0.3398033126293996 0.1363314447592068 0.008281573498964804 0.006373937677053824
24 0.24922360248447206 0.1165014164305949 0.008281573498964804 0.006373937677053824
24 0.24792960662525879 0.12429178470254958 0.008799171842650104 0.0056657223796034
24 0.3390269151138716 0.14376770538243627 0.008799171842650104 0.006373937677053824
2 0.8907867494824017 0.26628895184135976 0.042443064182194616 0.05736543909348442
7 0.4438405797101449 0.1703257790368272 0.016045548654244308 0.023371104815864022
17 0.8501552795031055 0.2588526912181303 0.023809523809523808 0.04178470254957507
24 0.24767080745341616 0.13137393767705383 0.007763975155279503 0.006373937677053824
24 0.33799171842650105 0.15155807365439095 0.008799171842650104 0.007082152974504249
30 0.5559006211180124 0.2075070821529745 0.016563146997929608 0.024079320113314446
18 0.5393374741200828 0.21104815864022664 0.012422360248447204 0.0084985835694051
24 0.25698757763975155 0.1512039660056657 0.004658385093167702 0.012747875354107648
24 0.27924430641821946 0.1561614730878187 0.004658385093167702 0.012039660056657223
24 0.27303312629399584 0.15545325779036828 0.004140786749482402 0.012039660056657223
24 0.29063146997929606 0.15934844192634562 0.004658385093167702 0.012039660056657223
24 0.26811594202898553 0.15439093484419264 0.004658385093167702 0.012747875354107648
24 0.28493788819875776 0.15793201133144477 0.005175983436853002 0.012747875354107648
24 0.26242236024844723 0.1529745042492918 0.004658385093167702 0.012039660056657223
24 0.29606625258799174 0.16041076487252123 0.005175983436853002 0.012747875354107648
24 0.30175983436853004 0.16147308781869688 0.005175983436853002 0.012747875354107648
24 0.30693581780538304 0.16288951841359772 0.004140786749482402 0.012747875354107648
24 0.31262939958592134 0.16395184135977336 0.004658385093167702 0.012747875354107648
24 0.32945134575569357 0.1674929178470255 0.005175983436853002 0.012747875354107648
24 0.2510351966873706 0.1504957507082153 0.005175983436853002 0.012747875354107648
24 0.31806418219461696 0.165014164305949 0.004658385093167702 0.012747875354107648
24 0.32375776397515527 0.1671388101983003 0.005175983436853002 0.012747875354107648
2 0.5038819875776398 0.20892351274787535 0.04296066252587992 0.058781869688385266
24 0.5538302277432712 0.2213172804532578 0.008799171842650104 0.006373937677053824
28 0.047619047619047616 0.11154390934844192 0.020186335403726708 0.02903682719546742
7 0.7119565217391305 0.25708215297450426 0.2779503105590062 0.34915014164305946
24 0.5533126293995859 0.22627478753541078 0.009316770186335404 0.007082152974504249
30 0.11956521739130435 0.15509915014164305 0.017080745341614908 0.023371104815864022
30 0.05408902691511387 0.141643059490085 0.017598343685300208 0.021954674220963172
18 0.03881987577639751 0.14801699716713881 0.008799171842650104 0.007790368271954674
18 0.10144927536231885 0.1618271954674221 0.012939958592132506 0.010623229461756374
24 0.05357142857142857 0.15509915014164305 0.008281573498964804 0.0056657223796034
24 0.11801242236024845 0.16926345609065155 0.008281573498964804 0.0056657223796034
24 0.05357142857142857 0.16005665722379603 0.008799171842650104 0.0056657223796034
24 0.11749482401656315 0.17386685552407932 0.008799171842650104 0.0056657223796034
18 0.8493788819875776 0.34206798866855526 0.012422360248447204 0.009206798866855524
24 0.8643892339544513 0.3452549575070821 0.009316770186335404 0.007790368271954674
20 0.11645962732919254 0.18590651558073654 0.009834368530020704 0.0084985835694051
7 0.4283126293995859 0.2723087818696884 0.016563146997929608 0.023371104815864022
18 0.8473084886128365 0.36579320113314445 0.013457556935817806 0.009206798866855524
24 0.8620600414078675 0.3689801699716714 0.008799171842650104 0.006373937677053824
22 0.9878364389233955 0.4012039660056657 0.023291925465838508 0.07436260623229461
7 0.03571428571428571 0.19405099150141644 0.015010351966873706 0.021954674220963172