21 0.1549258474576271 0.32874762808349145 0.023305084745762712 0.07590132827324478
21 0.048728813559322036 0.30977229601518025 0.015360169491525424 0.026565464895635674
21 0.10222457627118645 0.36622390891840606 0.018008474576271187 0.030360531309297913
21 0.4290254237288136 0.5360531309297912 0.0847457627118644 0.1954459203036053
21 0.3066737288135593 0.4905123339658444 0.0858050847457627 0.198292220113852
21 0.541843220338983 0.5820683111954459 0.0847457627118644 0.198292220113852
21 0.6657838983050848 0.6309297912713473 0.08421610169491525 0.19639468690702086
28 0.8127648305084746 0.6888045540796964 0.0211864406779661 0.036053130929791274
21 0.904396186440678 0.7239089184060721 0.0858050847457627 0.19639468690702086
28 0.7759533898305084 0.6759962049335864 0.02065677966101695 0.036053130929791274
21 0.02198093220338983 0.43833017077798864 0.04396186440677966 0.10246679316888045
11 0.4639830508474576 0.03273244781783681 0.0413135593220339 0.06546489563567362
21 0.22060381355932204 0.5507590132827325 0.018538135593220338 0.03510436432637571
21 0.07733050847457627 0.5213472485768501 0.0211864406779661 0.05313092979127135
21 0.3789724576271186 0.6432637571157496 0.019067796610169493 0.054079696394686905
21 0.2600635593220339 0.5996204933586338 0.023834745762711863 0.056925996204933584
21 0.4939088983050847 0.6925996204933587 0.020127118644067795 0.05502846299810247
21 0.857521186440678 0.8320683111954459 0.0211864406779661 0.05787476280834915
21 0.6220868644067796 0.7443074003795066 0.02065677966101695 0.05977229601518026
21 0.8090572033898306 0.8192599620493358 0.020127118644067795 0.05502846299810247
21 0.5768008474576272 0.7599620493358634 0.019067796610169493 0.03700189753320683
5 0.5911016949152542 0.07495256166982922 0.004766949152542373 0.016129032258064516
21 0.8776483050847458 0.9416508538899431 0.020127118644067795 0.03510436432637571
21 0.04343220338983051 0.683111954459203 0.08686440677966102 0.06451612903225806
21 0.19359110169491525 0.7675521821631879 0.08898305084745763 0.21157495256166983
11 0.5444915254237288 0.0706831119544592 0.04078389830508475 0.09772296015180265
21 0.1138771186440678 0.7566413662239089 0.055614406779661014 0.09867172675521822
5 0.6022245762711864 0.09582542694497154 0.006885593220338983 0.025616698292220113
5 0.5108580508474576 0.06261859582542695 0.007415254237288136 0.025616698292220113
21 0.043167372881355935 0.7898481973434535 0.04343220338983051 0.03889943074003795
5 0.6128177966101694 0.10531309297912714 0.004766949152542373 0.016129032258064516
5 0.5691207627118644 0.0896584440227704 0.007415254237288136 0.024667931688804556
5 0.638771186440678 0.11622390891840607 0.009004237288135594 0.024667931688804556
5 0.588718220338983 0.09819734345351043 0.00423728813559322 0.015180265654648957
5 0.4952330508474576 0.06546489563567362 0.010063559322033898 0.030360531309297913
5 0.618114406779661 0.11527514231499052 0.00847457627118644 0.008538899430740038
11 0.7245762711864406 0.17314990512333966 0.05508474576271186 0.07495256166982922
24 0.6170550847457628 0.13330170777988615 0.004766949152542373 0.016129032258064516
5 0.6279131355932204 0.13757115749525617 0.004766949152542373 0.016129032258064516
24 0.5998411016949152 0.12760910815939278 0.005296610169491525 0.016129032258064516
24 0.6040783898305084 0.12950664136622392 0.004766949152542373 0.016129032258064516
24 0.6128177966101694 0.13282732447817835 0.004766949152542373 0.016129032258064516
24 0.6088453389830508 0.13092979127134724 0.004766949152542373 0.015180265654648957
24 0.621822033898305 0.13614800759013282 0.004766949152542373 0.015180265654648957
24 0.5765360169491526 0.12381404174573055 0.004766949152542373 0.015180265654648957
24 0.5725635593220338 0.12191650853889943 0.004766949152542373 0.016129032258064516
24 0.5852754237288136 0.127134724857685 0.00423728813559322 0.015180265654648957
24 0.5942796610169492 0.13045540796963948 0.004766949152542373 0.015180265654648957
24 0.5895127118644068 0.12950664136622392 0.004766949152542373 0.014231499051233396
24 0.5805084745762712 0.12618595825426945 0.005296610169491525 0.015180265654648957
24 0.6326800847457628 0.1627134724857685 0.00847457627118644 0.008538899430740038
24 0.6310911016949152 0.17077798861480076 0.00847457627118644 0.007590132827324478
5 0.598781779661017 0.16129032258064516 0.004766949152542373 0.015180265654648957
5 0.6305614406779662 0.18026565464895636 0.007944915254237288 0.009487666034155597
24 0.5855402542372882 0.16603415559772297 0.009004237288135594 0.008538899430740038
24 0.6009004237288136 0.18263757115749527 0.004766949152542373 0.015180265654648957
24 0.5720338983050848 0.1722011385199241 0.00423728813559322 0.016129032258064516
24 0.606197033898305 0.18548387096774194 0.004766949152542373 0.016129032258064516
24 0.5770656779661016 0.174573055028463 0.00423728813559322 0.015180265654648957
24 0.581832627118644 0.17599620493358634 0.00423728813559322 0.014231499051233396
24 0.6159957627118644 0.18927893738140417 0.004766949152542373 0.016129032258064516
24 0.6713453389830508 0.21110056925996204 0.00847457627118644 0.009487666034155597
24 0.661281779661017 0.20825426944971537 0.007944915254237288 0.008538899430740038
24 0.6596927966101694 0.21726755218216318 0.00847457627118644 0.009487666034155597
24 0.670021186440678 0.2215370018975332 0.007944915254237288 0.008538899430740038
5 0.6273834745762712 0.21110056925996204 0.007415254237288136 0.025616698292220113
21 0.5150953389830508 0.17599620493358634 0.030190677966101694 0.03320683111954459
24 0.5688559322033898 0.198292220113852 0.004766949152542373 0.015180265654648957
24 0.5733580508474576 0.20018975332068312 0.004766949152542373 0.014231499051233396
24 0.5786546610169492 0.2030360531309298 0.004766949152542373 0.015180265654648957
24 0.602489406779661 0.2148956356736243 0.004766949152542373 0.016129032258064516
24 0.5971927966101694 0.21394686907020874 0.00423728813559322 0.015180265654648957
24 0.6117584745762712 0.21963946869070208 0.005296610169491525 0.015180265654648957
5 0.5471398305084746 0.2125237191650854 0.010063559322033898 0.031309297912713474
5 0.6054025423728814 0.23766603415559773 0.005296610169491525 0.018026565464895637
5 0.586864406779661 0.23244781783681215 0.00423728813559322 0.016129032258064516
5 0.5916313559322034 0.23434535104364326 0.004766949152542373 0.016129032258064516
5 0.5815677966101694 0.2314990512333966 0.007415254237288136 0.025616698292220113
21 0.4425317796610169 0.19876660341555977 0.03336864406779661 0.07590132827324478
5 0.5622351694915254 0.2547438330170778 0.004766949152542373 0.015180265654648957
5 0.5791843220338984 0.2623339658444023 0.004766949152542373 0.016129032258064516
5 0.6154661016949152 0.2851043643263757 0.01059322033898305 0.030360531309297913
5 0.5865995762711864 0.27703984819734345 0.007415254237288136 0.024667931688804556
11 0.6393008474576272 0.29791271347248577 0.04025423728813559 0.09772296015180265
5 0.6030190677966102 0.2851043643263757 0.007415254237288136 0.026565464895635674
23 0.9957627118644068 0.4506641366223909 0.007415254237288136 0.036053130929791274
21 0.5908368644067796 0.3425047438330171 0.015889830508474576 0.027514231499051234
21 0.7939618644067796 0.11337760910815939 0.017478813559322032 0.029411764705882353
21 0.9515360169491526 0.5284629981024668 0.022775423728813558 0.05502846299810247
11 0.723781779661017 0.09582542694497154 0.05402542372881356 0.06072106261859583
5 0.2870762711864407 0.2998102466793169 0.006355932203389831 0.017077798861480076
21 0.20603813559322035 0.2803605313092979 0.03919491525423729 0.20872865275142316
24 0.0802436440677966 0.23529411764705882 0.004766949152542373 0.016129032258064516
21 0.7823093220338984 0.5113851992409867 0.030190677966101694 0.04364326375711575
21 0.731197033898305 0.5189753320683111 0.0211864406779661 0.058823529411764705
21 0.4899364406779661 0.43026565464895633 0.020127118644067795 0.056925996204933584
21 0.3704978813559322 0.38567362428842505 0.018538135593220338 0.054079696394686905
21 0.6046080508474576 0.4767552182163188 0.018538135593220338 0.05313092979127135