21 0.946786090621707 0.260806916426513 0.03424657534246575 0.09798270893371758
21 0.595100105374078 0.3292507204610951 0.015806111696522657 0.0223342939481268
7 0.446522655426765 0.3840057636887608 0.2718651211801897 0.35014409221902015
21 0.10221285563751317 0.4812680115273775 0.040042149631190724 0.069164265129683
21 0.6127502634351949 0.3969740634005764 0.018967334035827187 0.05475504322766571
21 0.2191780821917808 0.4657780979827089 0.0136986301369863 0.019452449567723344
21 0.8290305584826133 0.4106628242074928 0.11275026343519494 0.051152737752161385
21 0.5273972602739726 0.5511527377521613 0.0136986301369863 0.020172910662824207
21 0.5028977871443625 0.5677233429394812 0.0136986301369863 0.018731988472622477
5 0.21707060063224448 0.0792507204610951 0.006322444678609062 0.018011527377521614
21 0.4293993677555321 0.6019452449567724 0.1101159114857745 0.03674351585014409
5 0.20679662802950474 0.08321325648414986 0.008429926238145416 0.02089337175792507
5 0.22418335089567967 0.08177233429394813 0.004214963119072708 0.011527377521613832
11 0.505795574288725 0.6188760806916427 0.03898840885142255 0.07060518731988473
11 0.5461011591148578 0.6127521613832853 0.0368809272918862 0.07060518731988473
11 0.45021074815595363 0.6621037463976945 0.051633298208640675 0.051152737752161385
11 0.6804531085353003 0.6343659942363112 0.052160168598524764 0.051152737752161385
5 0.6440990516332982 0.6455331412103746 0.0036880927291886197 0.011527377521613832
24 0.4794520547945205 0.6739913544668588 0.008429926238145416 0.005763688760806916
21 0.8090094836670179 0.6253602305475504 0.0136986301369863 0.020172910662824207
11 0.7663329820864068 0.6332853025936599 0.052160168598524764 0.05043227665706052
24 0.518177028451001 0.678314121037464 0.008429926238145416 0.006484149855907781
5 0.4607481559536354 0.6909221902017291 0.008429926238145416 0.006484149855907781
24 0.5368809272918862 0.6804755043227666 0.008429926238145416 0.005763688760806916
5 0.5824552160168599 0.6747118155619597 0.0036880927291886197 0.010806916426512969
24 0.5940463645943098 0.6736311239193083 0.0036880927291886197 0.010806916426512969
24 0.589041095890411 0.6743515850144092 0.0036880927291886197 0.011527377521613832
24 0.5740252897787145 0.6790345821325648 0.007903055848261328 0.005043227665706052
5 0.5518967334035827 0.6829971181556196 0.008429926238145416 0.021613832853025938
5 0.5629610115911485 0.6811959654178674 0.008429926238145416 0.021613832853025938
5 0.6243414120126449 0.6714697406340058 0.008429926238145416 0.021613832853025938
5 0.6153846153846154 0.6736311239193083 0.005795574288724974 0.018731988472622477
24 0.505795574288725 0.694164265129683 0.007903055848261328 0.005043227665706052
24 0.5152792413066386 0.6934438040345822 0.008956796628029505 0.005763688760806916
24 0.4947312961011591 0.696685878962536 0.008956796628029505 0.006484149855907781
24 0.529768177028451 0.6909221902017291 0.008429926238145416 0.005763688760806916
5 0.46206533192834565 0.7053314121037464 0.008429926238145416 0.006484149855907781
5 0.4731296101159115 0.704250720461095 0.006322444678609062 0.018731988472622477
5 0.6796628029504742 0.6736311239193083 0.013171759747102213 0.008645533141210375
20 0.6583245521601686 0.6912824207492796 0.004214963119072708 0.012968299711815562
5 0.6793993677555321 0.6884005763688761 0.007903055848261328 0.006484149855907781
24 0.47655426765015807 0.7298270893371758 0.008956796628029505 0.005763688760806916
5 0.505795574288725 0.729106628242075 0.004214963119072708 0.010806916426512969
5 0.5250263435194942 0.7265850144092219 0.0036880927291886197 0.010806916426512969
5 0.5381981032665965 0.725864553314121 0.0036880927291886197 0.011527377521613832
11 0.7239199157007377 0.6945244956772334 0.051633298208640675 0.05043227665706052
20 0.66622760800843 0.7078530259365994 0.004741833508956797 0.012247838616714697
5 0.7610642781875658 0.6948847262247838 0.015279241306638568 0.012247838616714697
5 0.464436248682824 0.7471181556195965 0.008429926238145416 0.006484149855907781
20 0.6617492096944152 0.7168587896253602 0.004741833508956797 0.012247838616714697
5 0.6167017913593256 0.7251440922190202 0.008429926238145416 0.005763688760806916
5 0.5692834562697576 0.7337896253602305 0.005795574288724974 0.018731988472622477
5 0.595100105374078 0.7316282420749279 0.004214963119072708 0.012247838616714697
5 0.761854583772392 0.7085734870317003 0.013171759747102213 0.008645533141210375
20 0.6622760800842993 0.7298270893371758 0.004741833508956797 0.012247838616714697
5 0.5463645943097998 0.7492795389048992 0.007903055848261328 0.005763688760806916
5 0.40173867228661747 0.7770172910662824 0.008956796628029505 0.005763688760806916
5 0.5966807165437302 0.7442363112391931 0.004214963119072708 0.011527377521613832
5 0.5827186512118019 0.747478386167147 0.004741833508956797 0.012247838616714697
5 0.4238672286617492 0.774135446685879 0.013171759747102213 0.009365994236311239
5 0.4457323498419389 0.7705331412103746 0.008956796628029505 0.006484149855907781
5 0.5569020021074815 0.7539625360230547 0.008429926238145416 0.006484149855907781
20 0.6688619599578504 0.7381123919308358 0.004214963119072708 0.012247838616714697
5 0.6114330874604847 0.7492795389048992 0.004214963119072708 0.012247838616714697
21 0.3087460484720759 0.8007925072046109 0.013171759747102213 0.020172910662824207
5 0.571390937829294 0.7572046109510087 0.005268703898840885 0.018011527377521614
20 0.6796628029504742 0.739193083573487 0.004214963119072708 0.012247838616714697
5 0.5334562697576396 0.7651296829971181 0.008429926238145416 0.006484149855907781
5 0.6238145416227608 0.75 0.007376185458377239 0.005763688760806916
5 0.559799789251844 0.7644092219020173 0.004214963119072708 0.012247838616714697
20 0.6635932560590094 0.7496397694524496 0.004214963119072708 0.012968299711815562
5 0.5434668071654373 0.776657060518732 0.008429926238145416 0.005763688760806916
5 0.5869336143308747 0.7698126801152738 0.008429926238145416 0.006484149855907781
5 0.6056375131717597 0.7669308357348703 0.008429926238145416 0.007204610951008645
5 0.5561116965226555 0.7773775216138329 0.004214963119072708 0.012247838616714697
5 0.7449947312961012 0.7456772334293948 0.015806111696522657 0.011527377521613832
5 0.5945732349841939 0.771613832853026 0.004214963119072708 0.012247838616714697
20 0.660958904109589 0.7611671469740634 0.004741833508956797 0.012968299711815562
5 0.5732349841938883 0.776657060518732 0.005795574288724974 0.01729106628242075
20 0.6720231822971549 0.7600864553314121 0.004214963119072708 0.012968299711815562
5 0.6061643835616438 0.7726945244956772 0.007376185458377239 0.007204610951008645
5 0.5445205479452054 0.7827809798270894 0.008429926238145416 0.006484149855907781
5 0.5626975763962065 0.7798991354466859 0.008956796628029505 0.006484149855907781
5 0.5326659641728135 0.7878242074927954 0.004214963119072708 0.012247838616714697
5 0.5803477344573235 0.7798991354466859 0.0036880927291886197 0.010806916426512969
5 0.5856164383561644 0.7795389048991355 0.004214963119072708 0.012247838616714697
5 0.5903582718651211 0.7788184438040345 0.004214963119072708 0.011527377521613832
5 0.5516332982086407 0.7853025936599424 0.004214963119072708 0.010806916426512969
5 0.5993150684931506 0.7773775216138329 0.004214963119072708 0.011527377521613832
5 0.6185458377239199 0.774135446685879 0.0036880927291886197 0.010806916426512969
5 0.7112750263435195 0.760806916426513 0.007903055848261328 0.006484149855907781
20 0.6685985247629084 0.7694524495677233 0.004741833508956797 0.012968299711815562
5 0.48050579557428874 0.8022334293948127 0.013171759747102213 0.00792507204610951
5 0.5569020021074815 0.7910662824207493 0.004214963119072708 0.010806916426512969
5 0.5621707060063225 0.7899855907780979 0.004214963119072708 0.011527377521613832
5 0.6022128556375131 0.7863832853025937 0.007903055848261328 0.006484149855907781
5 0.5816649104320337 0.7932276657060519 0.004214963119072708 0.012247838616714697
5 0.5669125395152792 0.795749279538905 0.0036880927291886197 0.010806916426512969
5 0.5742887249736565 0.7953890489913544 0.005795574288724974 0.018731988472622477
5 0.5864067439409906 0.7932276657060519 0.004214963119072708 0.012247838616714697
20 0.6633298208640674 0.7809798270893372 0.004214963119072708 0.012968299711815562
5 0.5555848261327714 0.8004322766570605 0.008429926238145416 0.005763688760806916
5 0.6032665964172813 0.792507204610951 0.008429926238145416 0.006484149855907781
5 0.5937829293993677 0.795028818443804 0.008429926238145416 0.006484149855907781
5 0.48261327713382507 0.8137608069164265 0.015279241306638568 0.010806916426512969
5 0.7007376185458377 0.7798991354466859 0.007903055848261328 0.005763688760806916
5 0.6467334035827187 0.7910662824207493 0.007903055848261328 0.005763688760806916
20 0.672813487881981 0.7881844380403458 0.0036880927291886197 0.012247838616714697
5 0.7289251844046365 0.7802593659942363 0.015806111696522657 0.011527377521613832
5 0.5397787144362487 0.8126801152737753 0.013171759747102213 0.008645533141210375
5 0.554004214963119 0.8101585014409222 0.012644889357218124 0.008645533141210375
5 0.5674394099051633 0.8079971181556196 0.0136986301369863 0.008645533141210375
5 0.5827186512118019 0.8061959654178674 0.012644889357218124 0.00792507204610951
5 0.5969441517386723 0.8036743515850144 0.013171759747102213 0.008645533141210375
5 0.6103793466807166 0.8022334293948127 0.013171759747102213 0.008645533141210375
20 0.6672813487881981 0.7971902017291066 0.004741833508956797 0.012247838616714697
5 0.4844573234984194 0.829971181556196 0.015279241306638568 0.011527377521613832
5 0.5474183350895679 0.821685878962536 0.008429926238145416 0.005763688760806916
5 0.5574288724973656 0.8198847262247838 0.007903055848261328 0.006484149855907781
5 0.5766596417281349 0.8202449567723343 0.005795574288724974 0.018011527377521614
5 0.5692834562697576 0.821685878962536 0.004741833508956797 0.011527377521613832
5 0.5840358271865121 0.8198847262247838 0.0036880927291886197 0.011527377521613832
5 0.5979978925184405 0.8173631123919308 0.0036880927291886197 0.010086455331412104
5 0.7305057955742887 0.7961095100864554 0.015279241306638568 0.011527377521613832
5 0.5908851422550052 0.821685878962536 0.007903055848261328 0.006484149855907781
20 0.6664910432033719 0.8108789625360231 0.004741833508956797 0.012968299711815562
5 0.48603793466807166 0.8418587896253602 0.012644889357218124 0.009365994236311239
5 0.565068493150685 0.8296109510086456 0.004214963119072708 0.012247838616714697
5 0.5603266596417281 0.8303314121037464 0.004214963119072708 0.011527377521613832
5 0.45864067439409906 0.8479827089337176 0.008429926238145416 0.005763688760806916
5 0.5516332982086407 0.8382564841498559 0.004214963119072708 0.012247838616714697
5 0.5703371970495258 0.8350144092219021 0.004741833508956797 0.011527377521613832
5 0.6232876712328768 0.8263688760806917 0.004214963119072708 0.011527377521613832
5 0.6040569020021075 0.8303314121037464 0.004214963119072708 0.012968299711815562
5 0.5874604847207587 0.8350144092219021 0.007903055848261328 0.005043227665706052
5 0.6109062170706007 0.8321325648414986 0.008429926238145416 0.006484149855907781
5 0.5782402528977871 0.8389769452449568 0.005795574288724974 0.018731988472622477
5 0.7534246575342466 0.8094380403458213 0.013171759747102213 0.008645533141210375
5 0.5569020021074815 0.843299711815562 0.0036880927291886197 0.011527377521613832
5 0.6003688092729189 0.8368155619596542 0.004741833508956797 0.011527377521613832
5 0.5945732349841939 0.837536023054755 0.004214963119072708 0.011527377521613832
5 0.5663856691253951 0.8429394812680115 0.004741833508956797 0.012247838616714697
20 0.6680716543730242 0.827449567723343 0.004741833508956797 0.01440922190201729
20 0.6767650158061117 0.8260086455331412 0.004741833508956797 0.013688760806916427
5 0.5874604847207587 0.8418587896253602 0.008429926238145416 0.006484149855907781
5 0.6119599578503688 0.837536023054755 0.007903055848261328 0.006484149855907781
5 0.6314541622760801 0.8414985590778098 0.007903055848261328 0.005763688760806916
5 0.7170706006322445 0.829971181556196 0.007903055848261328 0.005763688760806916
5 0.4918335089567966 0.8706772334293948 0.0036880927291886197 0.011527377521613832
5 0.5376712328767124 0.8667146974063401 0.006322444678609062 0.011527377521613832
5 0.6203898840885143 0.8537463976945245 0.004214963119072708 0.012247838616714697
20 0.6707060063224447 0.8451008645533141 0.004741833508956797 0.013688760806916427
20 0.6859852476290832 0.8447406340057637 0.004741833508956797 0.012247838616714697
5 0.5698103266596417 0.8649135446685879 0.006322444678609062 0.0036023054755043226
5 0.6090621707060063 0.8584293948126801 0.008429926238145416 0.005763688760806916
5 0.5774499473129611 0.8659942363112392 0.008956796628029505 0.012247838616714697
5 0.6404109589041096 0.8566282420749279 0.004214963119072708 0.012968299711815562
5 0.7181243414120126 0.8487031700288185 0.007903055848261328 0.006484149855907781
5 0.5550579557428873 0.8768011527377522 0.0036880927291886197 0.011527377521613832
20 0.6804531085353003 0.8602305475504323 0.004741833508956797 0.012968299711815562
20 0.6704425711275026 0.8620317002881844 0.004741833508956797 0.012247838616714697
5 0.6080084299262382 0.8753602305475504 0.0036880927291886197 0.011527377521613832
11 0.4473129610115911 0.9059798270893372 0.0505795574288725 0.04971181556195965
5 0.5569020021074815 0.8904899135446686 0.0036880927291886197 0.010806916426512969
5 0.6807165437302424 0.8703170028818443 0.013171759747102213 0.00792507204610951
5 0.5922023182297155 0.8872478386167147 0.004214963119072708 0.012247838616714697
5 0.7110115911485775 0.8688760806916427 0.007903055848261328 0.006484149855907781
5 0.4905163329820864 0.9095821325648416 0.013171759747102213 0.008645533141210375
5 0.5740252897787145 0.8998559077809798 0.005268703898840885 0.018731988472622477
5 0.7115384615384616 0.8768011527377522 0.007903055848261328 0.006484149855907781
5 0.6820337197049526 0.8840057636887608 0.015279241306638568 0.012247838616714697
5 0.4910432033719705 0.9218299711815562 0.015279241306638568 0.011527377521613832
5 0.4486301369863014 0.9319164265129684 0.007376185458377239 0.005763688760806916
5 0.47049525816649107 0.9286743515850144 0.007903055848261328 0.005763688760806916
20 0.6733403582718651 0.899135446685879 0.004214963119072708 0.012968299711815562
5 0.49420442571127504 0.930835734870317 0.007903055848261328 0.005043227665706052
5 0.4660168598524763 0.9369596541786743 0.007903055848261328 0.005043227665706052
5 0.5671759747102213 0.9286743515850144 0.008429926238145416 0.005763688760806916
5 0.48998946259220233 0.9445244956772334 0.007376185458377239 0.006484149855907781
5 0.7268177028451 0.9045389048991355 0.0036880927291886197 0.010806916426512969
5 0.5136986301369864 0.9427233429394812 0.007376185458377239 0.006484149855907781
20 0.6691253951527925 0.9185878962536023 0.009483667017913594 0.006484149855907781
5 0.589831401475237 0.9340778097982709 0.008429926238145416 0.021613832853025938
11 0.7004741833508957 0.9164265129682997 0.051106427818756586 0.05187319884726225
24 0.5671759747102213 0.9394812680115274 0.0036880927291886197 0.010806916426512969
5 0.6087987355110642 0.9326368876080692 0.005795574288724974 0.018731988472622477
24 0.571127502634352 0.9387608069164265 0.004214963119072708 0.012247838616714697
5 0.5007903055848262 0.9513688760806917 0.004741833508956797 0.011527377521613832
5 0.6277660695468915 0.930835734870317 0.008956796628029505 0.021613832853025938
5 0.6562170706006323 0.9268731988472623 0.008429926238145416 0.021613832853025938
5 0.6477871443624869 0.9279538904899135 0.005268703898840885 0.018731988472622477
5 0.4828767123287671 0.9585734870317003 0.015806111696522657 0.010806916426512969
5 0.5497892518440464 0.9546109510086456 0.007903055848261328 0.005763688760806916
5 0.5405690200210748 0.9571325648414986 0.007903055848261328 0.005763688760806916
5 0.5645416227608009 0.9531700288184438 0.007376185458377239 0.005763688760806916
5 0.47286617492096944 0.9776657060518732 0.008429926238145416 0.005763688760806916
24 0.5392518440463646 0.9664985590778098 0.0036880927291886197 0.010806916426512969
24 0.5434668071654373 0.9661383285302594 0.003161222339304531 0.010086455331412104
24 0.54768177028451 0.9661383285302594 0.0036880927291886197 0.010806916426512969
24 0.5524236037934668 0.965057636887608 0.0036880927291886197 0.010086455331412104
24 0.5645416227608009 0.9632564841498559 0.004214963119072708 0.010806916426512969
5 0.5171232876712328 0.973342939481268 0.004214963119072708 0.010806916426512969
24 0.5903582718651211 0.9618155619596542 0.003161222339304531 0.010086455331412104
24 0.5840358271865121 0.9628962536023055 0.0036880927291886197 0.011527377521613832
24 0.5998419388830347 0.9628962536023055 0.004741833508956797 0.010806916426512969
24 0.5424130663856691 0.9769452449567724 0.008429926238145416 0.005763688760806916
24 0.5458377239199157 0.986671469740634 0.004214963119072708 0.010086455331412104
24 0.541095890410959 0.9873919308357348 0.0036880927291886197 0.010806916426512969
21 0.37434141201264487 0.9949567723342939 0.016332982086406742 0.008645533141210375
21 0.5086933614330874 0.9888328530259366 0.01422550052687039 0.02089337175792507
21 0.5308219178082192 0.9870317002881844 0.012644889357218124 0.023054755043227664
5 0.5674394099051633 0.1206772334293948 0.0036880927291886197 0.010806916426512969
5 0.5753424657534246 0.12211815561959655 0.005795574288724974 0.018011527377521614
5 0.21733403582718652 0.1829971181556196 0.006322444678609062 0.018011527377521614
5 0.22629083245521603 0.18155619596541786 0.004214963119072708 0.012247838616714697
5 0.5845626975763962 0.12211815561959655 0.007903055848261328 0.021613832853025938
5 0.2078503688092729 0.18551873198847263 0.008956796628029505 0.021613832853025938
21 0.2542149631190727 0.26260806916426516 0.01685985247629083 0.04971181556195965
21 0.10563751317175975 0.38256484149855907 0.09905163329820864 0.04899135446685879
21 0.22892518440463647 0.3771613832853026 0.01685985247629083 0.03674351585014409