5 0.6631147540983606 0.3475336322869955 0.007650273224043716 0.00523168908819133
5 0.5237704918032787 0.34491778774289983 0.00819672131147541 0.00523168908819133
24 0.796448087431694 0.3531390134529148 0.00273224043715847 0.01046337817638266
24 0.7685792349726775 0.3538863976083707 0.003278688524590164 0.01046337817638266
11 0.4663934426229508 0.34902840059790735 0.025683060109289616 0.016442451420029897
7 0.43524590163934423 0.35201793721973096 0.014207650273224045 0.01943198804185351
24 0.9330601092896175 0.3639760837070254 0.002185792349726776 0.01046337817638266
24 0.9204918032786885 0.3636023916292975 0.00273224043715847 0.009715994020926755
24 0.9439890710382514 0.3639760837070254 0.00273224043715847 0.009715994020926755
24 0.969672131147541 0.36472346786248133 0.00273224043715847 0.009715994020926755
24 0.4456284153005464 0.35276532137518685 0.003825136612021858 0.011210762331838564
5 0.48387978142076504 0.3538863976083707 0.003278688524590164 0.01195814648729447
5 0.48989071038251364 0.3546337817638266 0.003278688524590164 0.011210762331838564
20 0.9814207650273225 0.3725710014947683 0.003278688524590164 0.011210762331838564
24 0.5202185792349727 0.3658445440956652 0.007650273224043716 0.00523168908819133
15 0.5907103825136611 0.37294469357249627 0.11584699453551912 0.16143497757847533
5 0.5202185792349727 0.3725710014947683 0.007650273224043716 0.00523168908819133
5 0.660655737704918 0.3789237668161435 0.00819672131147541 0.00523168908819133
24 0.9379781420765028 0.38863976083707025 0.00273224043715847 0.01046337817638266
24 0.5202185792349727 0.37929745889387145 0.007650273224043716 0.00523168908819133
24 0.9625683060109289 0.39162929745889385 0.003278688524590164 0.01046337817638266
18 0.7680327868852459 0.3875186846038864 0.013114754098360656 0.04185351270553064
18 0.796448087431694 0.3882660687593423 0.013114754098360656 0.04110612855007474
5 0.6598360655737705 0.38565022421524664 0.007650273224043716 0.00523168908819133
24 0.5199453551912568 0.38527653213751867 0.00819672131147541 0.004484304932735426
24 0.423224043715847 0.3845291479820628 0.003825136612021858 0.01046337817638266
5 0.5193989071038252 0.3920029895366218 0.007103825136612022 0.00523168908819133
6 0.46311475409836067 0.39461883408071746 0.03715846994535519 0.053811659192825115
5 0.6581967213114754 0.40284005979073245 0.007650273224043716 0.00523168908819133
5 0.5199453551912568 0.40022421524663676 0.007650273224043716 0.005979073243647235
7 0.4226775956284153 0.40097159940209265 0.014207650273224045 0.013452914798206279
24 0.4901639344262295 0.40620328849028403 0.00273224043715847 0.011210762331838564
5 0.6683060109289618 0.41517189835575485 0.015300546448087432 0.01046337817638266
5 0.5174863387978142 0.421898355754858 0.013114754098360656 0.007473841554559043
22 0.9505464480874317 0.437593423019432 0.05245901639344262 0.06950672645739911
5 0.657103825136612 0.4327354260089686 0.007650273224043716 0.0037369207772795215
17 0.4215846994535519 0.4278774289985052 0.015300546448087432 0.04035874439461883
7 0.8292349726775956 0.4383408071748879 0.01366120218579235 0.01943198804185351
5 0.5469945355191257 0.46225710014947685 0.003825136612021858 0.01046337817638266
21 0.1989071038251366 0.4555306427503737 0.1185792349726776 0.03961136023916293
5 0.5939890710382514 0.4663677130044843 0.003278688524590164 0.01046337817638266
5 0.5882513661202186 0.4693572496263079 0.003278688524590164 0.01195814648729447
24 0.605191256830601 0.4712257100149477 0.003278688524590164 0.01195814648729447
5 0.5800546448087431 0.4712257100149477 0.007650273224043716 0.021674140508221227
20 0.42213114754098363 0.4674887892376682 0.003825136612021858 0.012705530642750373
24 0.9363387978142077 0.48056801195814647 0.003278688524590164 0.011210762331838564
11 0.46256830601092896 0.4730941704035874 0.03333333333333333 0.0687593423019432
5 0.6314207650273224 0.476831091180867 0.007103825136612022 0.021674140508221227
11 0.5057377049180328 0.47384155455904337 0.03333333333333333 0.0687593423019432
11 0.6729508196721311 0.4884155455904335 0.03442622950819672 0.0687593423019432
24 0.6163934426229508 0.5033632286995515 0.003278688524590164 0.01195814648729447
24 0.6038251366120219 0.5041106128550075 0.003278688524590164 0.01195814648729447
24 0.5792349726775956 0.5033632286995515 0.003278688524590164 0.01195814648729447
24 0.573224043715847 0.5033632286995515 0.003825136612021858 0.011210762331838564
20 0.23114754098360657 0.4973841554559043 0.007650273224043716 0.00523168908819133
24 0.24371584699453552 0.49850523168908817 0.007650273224043716 0.00523168908819133
24 0.9401639344262295 0.5298953662182362 0.015300546448087432 0.012705530642750373
15 0.8745901639344262 0.5291479820627802 0.020218579234972677 0.021674140508221227
15 0.8991803278688525 0.5298953662182362 0.020218579234972677 0.02092675635276532
24 0.40792349726775956 0.5216741405082213 0.003278688524590164 0.009715994020926755
24 0.4155737704918033 0.522795216741405 0.00273224043715847 0.009715994020926755
20 0.43524590163934423 0.523168908819133 0.00273224043715847 0.012705530642750373
11 0.919672131147541 0.5392376681614349 0.01639344262295082 0.032137518684603884
5 0.15546448087431694 0.5224215246636771 0.009836065573770493 0.021674140508221227
5 0.9404371584699454 0.546337817638266 0.012021857923497269 0.01046337817638266
11 0.25846994535519124 0.53101644245142 0.04972677595628415 0.045590433482810166
2 0.012568306010928962 0.5265321375186846 0.025136612021857924 0.045590433482810166
30 0.11912568306010929 0.5291479820627802 0.05901639344262295 0.04633781763826607
5 0.8961748633879781 0.54745889387145 0.010382513661202186 0.008968609865470852
5 0.8715846994535519 0.547085201793722 0.011475409836065573 0.01046337817638266
21 0.9677595628415301 0.5508221225710015 0.025136612021857924 0.053064275037369206
11 0.17486338797814208 0.5437219730941704 0.02622950819672131 0.052316890881913304
5 0.8647540983606558 0.5609118086696562 0.011475409836065573 0.008968609865470852
5 0.5986338797814208 0.5560538116591929 0.003278688524590164 0.01195814648729447
5 0.5931693989071039 0.5568011958146487 0.003825136612021858 0.011210762331838564
5 0.1557377049180328 0.547085201793722 0.011475409836065573 0.009715994020926755
5 0.8953551912568306 0.5646487294469357 0.006557377049180328 0.01569506726457399
5 0.9778688524590164 0.5676382660687593 0.007103825136612022 0.016442451420029897
5 0.9084699453551912 0.5672645739910314 0.009289617486338797 0.02092675635276532
24 0.9193989071038251 0.5676382660687593 0.008743169398907104 0.021674140508221227
24 0.930327868852459 0.5680119581464873 0.008743169398907104 0.020179372197309416
5 0.5866120218579235 0.5612855007473841 0.004371584699453552 0.017937219730941704
5 0.6046448087431694 0.5616591928251121 0.004918032786885246 0.01868460388639761
5 0.5740437158469945 0.5616591928251121 0.007650273224043716 0.021674140508221227
16 0.8833333333333333 0.569880418535127 0.014754098360655738 0.03139013452914798
5 0.6161202185792349 0.5631539611360239 0.006557377049180328 0.02092675635276532
30 0.21010928961748634 0.5553064275037369 0.018579234972677595 0.02242152466367713
28 0.9401639344262295 0.5747384155455905 0.008743169398907104 0.012705530642750373
7 0.5199453551912568 0.5668908819133034 0.014207650273224045 0.02092675635276532
28 0.14016393442622951 0.5586696562032885 0.00819672131147541 0.01195814648729447
5 0.1959016393442623 0.5616591928251121 0.006557377049180328 0.016442451420029897
24 0.8614754098360655 0.578101644245142 0.008743169398907104 0.01943198804185351
20 0.4243169398907104 0.569880418535127 0.07650273224043716 0.07100149476831091
6 0.05437158469945355 0.5642750373692078 0.05628415300546448 0.12406576980568013
5 0.8704918032786885 0.585949177877429 0.007650273224043716 0.007473841554559043
7 0.5475409836065573 0.5803437967115097 0.014754098360655738 0.020179372197309416
15 0.9021857923497267 0.5904334828101644 0.019672131147540985 0.021674140508221227
5 0.8868852459016393 0.5908071748878924 0.007650273224043716 0.007473841554559043
5 0.8704918032786885 0.5956651718983558 0.007103825136612022 0.007473841554559043
11 0.11475409836065574 0.578101644245142 0.02622950819672131 0.0515695067264574
24 0.1551912568306011 0.5807174887892377 0.008743169398907104 0.020179372197309416
24 0.16557377049180327 0.5810911808669657 0.008743169398907104 0.02092675635276532
5 0.13333333333333333 0.5810911808669657 0.009289617486338797 0.021674140508221227
24 0.14426229508196722 0.5810911808669657 0.009836065573770493 0.02092675635276532
16 0.18524590163934426 0.5822122571001495 0.022950819672131147 0.021674140508221227
24 0.21311475409836064 0.5829596412556054 0.009289617486338797 0.020179372197309416
24 0.20327868852459016 0.5825859491778774 0.010382513661202186 0.021674140508221227
24 0.8603825136612022 0.601270553064275 0.009289617486338797 0.02092675635276532
7 0.7546448087431694 0.5986547085201793 0.03879781420765027 0.053064275037369206
7 0.596448087431694 0.6031390134529148 0.015846994535519125 0.021674140508221227
7 0.575136612021858 0.6035127055306427 0.015846994535519125 0.02092675635276532
7 0.6543715846994536 0.6061285500747384 0.014754098360655738 0.02092675635276532
16 0.8838797814207651 0.6117339312406577 0.015300546448087432 0.030642750373692077
7 0.6172131147540983 0.6053811659192825 0.015300546448087432 0.020179372197309416
7 0.6734972677595629 0.6065022421524664 0.014754098360655738 0.02092675635276532
7 0.6352459016393442 0.6057548579970105 0.014754098360655738 0.02242152466367713
11 0.09098360655737706 0.593423019431988 0.016939890710382512 0.03288490284005979
20 0.15601092896174865 0.5979073243647235 0.008743169398907104 0.007473841554559043
5 0.1418032786885246 0.5982810164424515 0.01092896174863388 0.011210762331838564
7 0.30956284153005464 0.6023916292974589 0.03934426229508197 0.05530642750373692
5 0.894808743169399 0.616965620328849 0.006557377049180328 0.016442451420029897
5 0.864207650273224 0.6184603886397608 0.01092896174863388 0.008968609865470852
5 0.16530054644808742 0.6027653213751868 0.006557377049180328 0.01569506726457399
24 0.49098360655737705 0.6132286995515696 0.00273224043715847 0.01195814648729447
20 0.1319672131147541 0.6065022421524664 0.006557377049180328 0.01569506726457399
15 0.18770491803278688 0.6083707025411061 0.016939890710382512 0.02391629297458894
5 0.8502732240437159 0.625560538116592 0.006557377049180328 0.01569506726457399
24 0.1418032786885246 0.6102391629297459 0.01092896174863388 0.008968609865470852
20 0.7207650273224043 0.624813153961136 0.004371584699453552 0.01868460388639761
27 0.010382513661202186 0.6083707025411061 0.020765027322404372 0.08669656203288491
16 0.9207650273224044 0.6304185351270553 0.03224043715846994 0.05455904334828102
10 0.11065573770491803 0.6109865470852018 0.020765027322404372 0.01569506726457399
24 0.1551912568306011 0.6158445440956651 0.009289617486338797 0.01569506726457399
32 0.8633879781420765 0.6371449925261584 0.016939890710382512 0.02466367713004484
24 0.14098360655737704 0.6214499252615845 0.010382513661202186 0.008968609865470852
5 0.08196721311475409 0.6199551569506726 0.006557377049180328 0.01569506726457399
5 0.5147540983606558 0.6319133034379671 0.00819672131147541 0.00523168908819133
5 0.09016393442622951 0.6233183856502242 0.00546448087431694 0.011210762331838564
20 0.13169398907103824 0.624439461883408 0.006557377049180328 0.01569506726457399
10 0.8836065573770492 0.6431240657698056 0.010382513661202186 0.028400597907324365
5 0.1912568306010929 0.6270553064275037 0.012021857923497269 0.011210762331838564
24 0.7210382513661202 0.6420029895366218 0.003278688524590164 0.01046337817638266
24 0.5273224043715847 0.6390134529147982 0.003825136612021858 0.009715994020926755
5 0.8931693989071038 0.6476083707025411 0.007103825136612022 0.016442451420029897
24 0.11420765027322405 0.6304185351270553 0.009289617486338797 0.02242152466367713
5 0.14153005464480875 0.6319133034379671 0.011475409836065573 0.009715994020926755
24 0.8248633879781421 0.649103139013453 0.009289617486338797 0.02092675635276532
16 0.8379781420765028 0.6494768310911808 0.014754098360655738 0.032137518684603884
5 0.5139344262295082 0.6416292974588939 0.00819672131147541 0.004484304932735426
20 0.1557377049180328 0.6337817638266069 0.008743169398907104 0.007473841554559043
24 0.2860655737704918 0.6375186846038864 0.00546448087431694 0.012705530642750373
5 0.048633879781420766 0.632660687593423 0.015300546448087432 0.012705530642750373
5 0.06502732240437159 0.6337817638266069 0.014207650273224045 0.01195814648729447
6 0.4773224043715847 0.6446188340807175 0.03934426229508197 0.03662182361733931
5 0.19043715846994536 0.6375186846038864 0.012021857923497269 0.009715994020926755
5 0.85 0.6547085201793722 0.006557377049180328 0.01569506726457399
11 0.9669398907103826 0.6621823617339312 0.02622950819672131 0.05007473841554559
24 0.8685792349726776 0.6614349775784754 0.008743169398907104 0.01943198804185351
20 0.7204918032786886 0.6599402092675636 0.004918032786885246 0.01943198804185351
5 0.16147540983606556 0.6464872944693573 0.007103825136612022 0.01569506726457399
10 0.14562841530054646 0.6468609865470852 0.020765027322404372 0.0171898355754858
11 0.5133879781420765 0.656576980568012 0.025683060109289616 0.016442451420029897
24 0.2855191256830601 0.6524663677130045 0.003825136612021858 0.01195814648729447
10 0.1871584699453552 0.6509715994020927 0.020218579234972677 0.01569506726457399
28 0.9475409836065574 0.6760089686098655 0.00819672131147541 0.012705530642750373
11 0.885792349726776 0.6760089686098655 0.01639344262295082 0.032137518684603884
15 0.09289617486338798 0.6674140508221226 0.05573770491803279 0.07623318385650224
7 0.7530054644808744 0.6846038863976084 0.03934426229508197 0.05455904334828102
5 0.12349726775956284 0.6696562032884903 0.00546448087431694 0.01046337817638266
5 0.9254098360655738 0.6902092675635276 0.006557377049180328 0.01569506726457399
11 0.9079234972677596 0.6905829596412556 0.025683060109289616 0.04932735426008968
5 0.13060109289617486 0.672645739910314 0.006557377049180328 0.0171898355754858
10 0.1453551912568306 0.6730194319880418 0.021311475409836064 0.01569506726457399
5 0.16065573770491803 0.6741405082212257 0.007650273224043716 0.016442451420029897
5 0.9587431693989071 0.6946935724962631 0.014207650273224045 0.013452914798206279
15 0.9401639344262295 0.695067264573991 0.019672131147540985 0.02242152466367713
24 0.5642076502732241 0.6860986547085202 0.007650273224043716 0.004484304932735426
24 0.5363387978142077 0.6868460388639761 0.00819672131147541 0.004484304932735426
24 0.5494535519125683 0.6879671150971599 0.007103825136612022 0.004484304932735426
7 0.2390710382513661 0.6819880418535127 0.01366120218579235 0.020179372197309416
27 0.009836065573770493 0.6778774289985052 0.019672131147540985 0.053811659192825115
24 0.851639344262295 0.6976831091180867 0.008743169398907104 0.020179372197309416
30 0.8658469945355192 0.6976831091180867 0.018032786885245903 0.023168908819133034
7 0.30901639344262294 0.6883408071748879 0.03934426229508197 0.05455904334828102
24 0.8811475409836066 0.703288490284006 0.009289617486338797 0.02092675635276532
5 0.123224043715847 0.6860986547085202 0.004918032786885246 0.01046337817638266
24 0.5308743169398907 0.6995515695067265 0.007650273224043716 0.004484304932735426
5 0.9584699453551913 0.7103886397608371 0.014754098360655738 0.012705530642750373
7 0.04016393442622951 0.6894618834080718 0.026775956284153007 0.021674140508221227
5 0.130327868852459 0.6935724962630793 0.006557377049180328 0.016442451420029897
5 0.4822404371584699 0.702914798206278 0.004918032786885246 0.01868460388639761
5 0.5027322404371585 0.7040358744394619 0.007103825136612022 0.02092675635276532
28 0.1133879781420765 0.6976831091180867 0.009289617486338797 0.012705530642750373
24 0.526775956284153 0.7107623318385651 0.00819672131147541 0.00523168908819133
24 0.5409836065573771 0.7118834080717489 0.008743169398907104 0.00523168908819133
24 0.5693989071038251 0.7178624813153961 0.007650273224043716 0.0037369207772795215
24 0.5551912568306011 0.7197309417040358 0.00819672131147541 0.00523168908819133
20 0.3877049180327869 0.7410313901345291 0.003278688524590164 0.01195814648729447
24 0.5759562841530055 0.75 0.007650273224043716 0.004484304932735426
24 0.578688524590164 0.765695067264574 0.003278688524590164 0.011210762331838564
20 0.3907103825136612 0.765695067264574 0.003278688524590164 0.01195814648729447
20 0.39972677595628414 0.7683109118086696 0.004371584699453552 0.012705530642750373
20 0.38989071038251366 0.7798953662182362 0.003825136612021858 0.012705530642750373
7 0.7639344262295082 0.7955904334828101 0.016939890710382512 0.02391629297458894
20 0.37896174863387977 0.7869955156950673 0.003825136612021858 0.012705530642750373
20 0.39344262295081966 0.796337817638266 0.003278688524590164 0.013452914798206279
24 0.5729508196721311 0.8135276532137519 0.00273224043715847 0.01195814648729447
20 0.39371584699453555 0.8120328849028401 0.003825136612021858 0.012705530642750373
20 0.3795081967213115 0.8131539611360239 0.004371584699453552 0.012705530642750373
20 0.39316939890710384 0.8247384155455905 0.003278688524590164 0.01195814648729447
20 0.3800546448087432 0.8295964125560538 0.003825136612021858 0.013452914798206279
15 0.48797814207650275 0.8352017937219731 0.1628415300546448 0.2234678624813154
20 0.39726775956284155 0.8348281016442451 0.003278688524590164 0.01195814648729447
20 0.3907103825136612 0.8366965620328849 0.004371584699453552 0.013452914798206279
20 0.3841530054644809 0.844170403587444 0.009289617486338797 0.004484304932735426
20 0.39289617486338796 0.850896860986547 0.003278688524590164 0.012705530642750373
20 0.3871584699453552 0.8606128550074739 0.004371584699453552 0.013452914798206279
20 0.3948087431693989 0.8688340807174888 0.003825136612021858 0.013452914798206279
20 0.3879781420765027 0.8778026905829597 0.003825136612021858 0.014200298953662182
7 0.8461748633879781 0.875560538116592 0.04316939890710383 0.24738415545590434
7 0.9147540983606557 0.8766816143497758 0.04262295081967213 0.24514200298953662
20 0.39562841530054643 0.8882660687593423 0.003825136612021858 0.014200298953662182
7 0.09153005464480875 0.8639760837070254 0.04371584699453552 0.25186846038863975
7 0.17540983606557378 0.8662182361733931 0.04207650273224044 0.25112107623318386
7 0.30628415300546447 0.8946188340807175 0.03879781420765027 0.053811659192825115
24 0.333879781420765 0.9357249626307922 0.003278688524590164 0.011210762331838564
20 0.32295081967213113 0.9368460388639761 0.014207650273224045 0.0171898355754858
20 0.46147540983606555 0.9514200298953662 0.003278688524590164 0.01195814648729447
5 0.5434426229508197 0.9562780269058296 0.007650273224043716 0.004484304932735426
24 0.5112021857923498 0.9555306427503737 0.007650273224043716 0.004484304932735426
5 0.5538251366120218 0.9573991031390134 0.007650273224043716 0.004484304932735426
5 0.5314207650273224 0.9573991031390134 0.007650273224043716 0.0037369207772795215
5 0.5199453551912568 0.9592675635276532 0.003278688524590164 0.011210762331838564
5 0.5024590163934426 0.9588938714499252 0.003278688524590164 0.011210762331838564
20 0.47295081967213115 0.9596412556053812 0.008743169398907104 0.00523168908819133
24 0.5360655737704918 0.9626307922272048 0.007103825136612022 0.004484304932735426
24 0.559016393442623 0.9648729446935725 0.00819672131147541 0.00523168908819133
24 0.5486338797814208 0.9652466367713004 0.00273224043715847 0.011210762331838564
24 0.5442622950819672 0.9652466367713004 0.00273224043715847 0.01046337817638266
20 0.49453551912568305 0.9648729446935725 0.009289617486338797 0.004484304932735426
24 0.5360655737704918 0.9678624813153961 0.007650273224043716 0.0037369207772795215
24 0.5595628415300546 0.9708520179372198 0.007650273224043716 0.004484304932735426
24 0.44426229508196724 0.9734678624813154 0.00273224043715847 0.01046337817638266
24 0.45136612021857925 0.9742152466367713 0.00273224043715847 0.01046337817638266
20 0.4633879781420765 0.9745889387144993 0.003278688524590164 0.013452914798206279
7 0.3051912568306011 0.9738415545590433 0.040437158469945354 0.042600896860986545
11 0.5122950819672131 0.9869207772795217 0.025683060109289616 0.014947683109118086
17 0.7106557377049181 0.9966367713004485 0.016939890710382512 0.00523168908819133
7 0.6226775956284153 0.08968609865470852 0.45191256830601095 0.06651718983557549
7 0.9120218579234972 0.21300448430493274 0.003278688524590164 0.01195814648729447
2 0.7800546448087432 0.23467862481315396 0.03879781420765027 0.053064275037369206
9 0.19726775956284154 0.2470104633781764 0.23387978142076501 0.4940209267563528
11 0.6893442622950819 0.26756352765321373 0.03333333333333333 0.06801195814648729
5 0.5653005464480875 0.2742899850523169 0.003825136612021858 0.0171898355754858
11 0.5314207650273224 0.2742899850523169 0.011475409836065573 0.035127055306427506
5 0.5784153005464481 0.27541106128550075 0.007103825136612022 0.021674140508221227
5 0.6426229508196721 0.27840059790732435 0.004918032786885246 0.017937219730941704
5 0.5983606557377049 0.2772795216741405 0.004371584699453552 0.017937219730941704
5 0.6355191256830601 0.2798953662182362 0.003278688524590164 0.011210762331838564
28 0.45846994535519126 0.27615844544095663 0.040983606557377046 0.05754857997010463
5 0.585792349726776 0.2798953662182362 0.003278688524590164 0.011210762331838564
5 0.5912568306010929 0.2802690582959641 0.00273224043715847 0.01046337817638266
7 0.9573770491803278 0.3094170403587444 0.08415300546448087 0.07473841554559044
24 0.9702185792349727 0.3101644245142003 0.00273224043715847 0.01046337817638266
24 0.9587431693989071 0.30979073243647237 0.00273224043715847 0.01046337817638266
5 0.5237704918032787 0.30754857997010465 0.007650273224043716 0.00523168908819133
24 0.6612021857923497 0.3251121076233184 0.00819672131147541 0.00523168908819133
24 0.5191256830601093 0.32249626307922274 0.008743169398907104 0.00523168908819133
7 0.9393442622950819 0.33781763826606875 0.10163934426229508 0.03961136023916293
5 0.5163934426229508 0.3344544095665172 0.015300546448087432 0.009715994020926755
7 0.0453551912568306 0.32585949177877427 0.08907103825136611 0.2227204783258595
17 0.8139344262295082 0.3482810164424514 0.015300546448087432 0.03961136023916293