21 0.18799603174603174 0.5142095914742452 0.018353174603174604 0.07015985790408526
21 0.09052579365079365 0.5519538188277087 0.013392857142857142 0.022202486678507993
21 0.14732142857142858 0.5746003552397868 0.015873015873015872 0.02664298401420959
21 0.4660218253968254 0.5563943161634103 0.07093253968253968 0.17406749555950266
21 0.34945436507936506 0.5790408525754884 0.07192460317460317 0.17673179396092362
21 0.5736607142857143 0.5386323268206039 0.07093253968253968 0.17673179396092362
21 0.6922123015873016 0.5182060390763765 0.07043650793650794 0.17495559502664298
28 0.8323412698412699 0.4937833037300178 0.018353174603174604 0.03108348134991119
21 0.9196428571428571 0.47735346358792186 0.07192460317460317 0.17495559502664298
28 0.7973710317460317 0.5013321492007105 0.017857142857142856 0.03108348134991119
21 0.08606150793650794 0.6807282415630551 0.039186507936507936 0.0905861456483126
11 0.4131944444444444 0.0741563055062167 0.03373015873015873 0.08703374777975133
21 0.28249007936507936 0.677619893428064 0.015873015873015872 0.03108348134991119
21 0.15004960317460317 0.7255772646536413 0.017361111111111112 0.047957371225577264
21 0.4384920634920635 0.677619893428064 0.015376984126984126 0.04884547069271759
21 0.3256448412698413 0.7007104795737122 0.01984126984126984 0.050621669626998225
21 0.548859126984127 0.6620781527531083 0.01636904761904762 0.0497335701598579
21 0.8953373015873016 0.5981349911190054 0.017361111111111112 0.052397868561278864
21 0.6713789682539683 0.6420959147424512 0.016865079365079364 0.0541740674955595
21 0.8501984126984127 0.6119005328596803 0.01636904761904762 0.0497335701598579
21 0.6336805555555556 0.6793960923623446 0.01636904761904762 0.03285968028419183
5 0.5357142857142857 0.06216696269982238 0.003968253968253968 0.015097690941385435
21 0.08283730158730158 0.8126110124333925 0.012896825396825396 0.023090586145648313
21 0.9308035714285714 0.6851687388987566 0.017361111111111112 0.03019538188277087
24 0.08432539682539683 0.8459147424511545 0.004464285714285714 0.014209591474245116
21 0.423859126984127 0.019538188277087035 0.034722222222222224 0.022202486678507993
21 0.14508928571428573 0.8872113676731794 0.08283730158730158 0.0452930728241563
21 0.29365079365079366 0.8845470692717584 0.07390873015873016 0.1891651865008881
11 0.4935515873015873 0.08259325044404973 0.03373015873015873 0.08792184724689166
21 0.22073412698412698 0.9160746003552398 0.04861111111111111 0.0852575488454707
5 0.548859126984127 0.07460035523978685 0.005456349206349206 0.023978685612788632
5 0.46205357142857145 0.09280639431616342 0.005952380952380952 0.023978685612788632
24 0.7973710317460317 0.8583481349911191 0.003968253968253968 0.015985790408525755
5 0.8028273809523809 0.8574600355239786 0.003968253968253968 0.015097690941385435
5 0.8541666666666666 0.8476909413854352 0.003968253968253968 0.015097690941385435
5 0.8293650793650794 0.8530195381882771 0.003968253968253968 0.014209591474245116
5 0.8826884920634921 0.8432504440497336 0.00496031746031746 0.015097690941385435
24 0.8772321428571429 0.8441385435168739 0.004464285714285714 0.016873889875666074
24 0.824156746031746 0.8552397868561279 0.003968253968253968 0.015985790408525755
24 0.8492063492063492 0.8503552397868561 0.003968253968253968 0.017761989342806393
21 0.16319444444444445 0.9822380106571936 0.04017857142857143 0.02930728241563055
5 0.5600198412698413 0.07815275310834814 0.003968253968253968 0.015097690941385435
5 0.5186011904761905 0.08658969804618118 0.005952380952380952 0.023090586145648313
5 0.5848214285714286 0.0741563055062167 0.006944444444444444 0.022202486678507993
5 0.5374503968253969 0.08392539964476022 0.003472222222222222 0.013321492007104795
5 0.4486607142857143 0.10346358792184725 0.007936507936507936 0.027531083481349913
5 0.566468253968254 0.08392539964476022 0.007936507936507936 0.007104795737122558
11 0.6703869047619048 0.08037300177619894 0.049107142857142856 0.06216696269982238
24 0.5682043650793651 0.10035523978685613 0.003968253968253968 0.015097690941385435
5 0.5786210317460317 0.09857904085257549 0.003968253968253968 0.015097690941385435
24 0.5520833333333334 0.10435168738898756 0.004464285714285714 0.015097690941385435
24 0.5560515873015873 0.10346358792184725 0.003968253968253968 0.015097690941385435
24 0.564484126984127 0.10213143872113677 0.003968253968253968 0.015097690941385435
24 0.560515873015873 0.10301953818827708 0.003968253968253968 0.014209591474245116
24 0.5729166666666666 0.10035523978685613 0.003968253968253968 0.014209591474245116
24 0.5307539682539683 0.1127886323268206 0.003968253968253968 0.014209591474245116
24 0.5267857142857143 0.11367673179396093 0.003968253968253968 0.015097690941385435
24 0.5389384920634921 0.11145648312611012 0.003472222222222222 0.013321492007104795
24 0.5473710317460317 0.10968028419182949 0.003968253968253968 0.014209591474245116
24 0.542906746031746 0.11145648312611012 0.003472222222222222 0.013321492007104795
24 0.5347222222222222 0.11323268206039076 0.004464285714285714 0.014209591474245116
24 0.5868055555555556 0.11856127886323269 0.007936507936507936 0.007104795737122558
24 0.5868055555555556 0.12655417406749556 0.00744047619047619 0.006216696269982238
5 0.5562996031746031 0.1349911190053286 0.003968253968253968 0.014209591474245116
5 0.5877976190476191 0.1349911190053286 0.00744047619047619 0.007104795737122558
24 0.5456349206349206 0.14564831261101244 0.008432539682539682 0.007104795737122558
24 0.5620039682539683 0.152753108348135 0.003968253968253968 0.014209591474245116
24 0.5342261904761905 0.15852575488454707 0.003472222222222222 0.014209591474245116
24 0.5669642857142857 0.152753108348135 0.003968253968253968 0.015097690941385435
7 0.00992063492063492 0.25843694493783304 0.01984126984126984 0.07460035523978685
24 0.5391865079365079 0.15763765541740674 0.003472222222222222 0.013321492007104795
24 0.5436507936507936 0.15674955595026643 0.002976190476190476 0.012433392539964476
24 0.576140873015873 0.15097690941385436 0.003968253968253968 0.015097690941385435
23 0.955109126984127 0.07948490230905861 0.01488095238095238 0.03108348134991119
24 0.6292162698412699 0.141651865008881 0.007936507936507936 0.007992895204262877
24 0.6197916666666666 0.14431616341030196 0.00744047619047619 0.006216696269982238
24 0.6197916666666666 0.15319715808170514 0.007936507936507936 0.007992895204262877
24 0.6297123015873016 0.1514209591474245 0.00744047619047619 0.006216696269982238
5 0.5900297619047619 0.16429840142095914 0.005952380952380952 0.023978685612788632
21 0.484375 0.1913854351687389 0.027281746031746032 0.02664298401420959
24 0.5357142857142857 0.18339253996447602 0.003968253968253968 0.014209591474245116
24 0.5401785714285714 0.1825044404973357 0.003472222222222222 0.013321492007104795
24 0.5451388888888888 0.1825044404973357 0.003968253968253968 0.014209591474245116
24 0.5684523809523809 0.18072824156305506 0.003968253968253968 0.015097690941385435
24 0.5637400793650794 0.1825044404973357 0.003472222222222222 0.013321492007104795
24 0.5773809523809523 0.17984014209591473 0.004464285714285714 0.014209591474245116
23 0.9575892857142857 0.12078152753108348 0.014384920634920634 0.03019538188277087
5 0.5186011904761905 0.2069271758436945 0.007936507936507936 0.028419182948490232
5 0.5746527777777778 0.1993783303730018 0.003968253968253968 0.016873889875666074
5 0.5575396825396826 0.20426287744227353 0.003472222222222222 0.014209591474245116
5 0.5620039682539683 0.2033747779751332 0.003968253968253968 0.015097690941385435
5 0.5525793650793651 0.20603907637655416 0.005952380952380952 0.023978685612788632
11 0.37103174603174605 0.04396092362344583 0.047619047619047616 0.05150976909413854
21 0.42336309523809523 0.24911190053285967 0.027777777777777776 0.0674955595026643
5 0.5389384920634921 0.23712255772646537 0.003968253968253968 0.014209591474245116
5 0.5553075396825397 0.23490230905861456 0.003968253968253968 0.015097690941385435
5 0.5912698412698413 0.23623445825932504 0.008432539682539682 0.027531083481349913
5 0.5642361111111112 0.24422735346358793 0.005952380952380952 0.023090586145648313
11 0.6145833333333334 0.2353463587921847 0.033234126984126984 0.08792184724689166
5 0.580109126984127 0.24289520426287745 0.005952380952380952 0.02486678507992895
23 0.9613095238095238 0.18383658969804617 0.01488095238095238 0.03108348134991119
21 0.5786210317460317 0.30017761989342806 0.013888888888888888 0.023978685612788632
21 0.9298115079365079 0.27886323268206037 0.018849206349206348 0.04884547069271759
11 0.6564980158730159 0.017761989342806393 0.05009920634920635 0.035523978685612786
5 0.3013392857142857 0.41962699822380106 0.005456349206349206 0.015985790408525755
21 0.22594246031746032 0.44449378330373 0.025793650793650792 0.19626998223801065
24 0.10664682539682539 0.46936056838365897 0.003968253968253968 0.015097690941385435
21 0.7765376984126984 0.35168738898756663 0.026785714285714284 0.03641207815275311
21 0.7321428571428571 0.3849911190053286 0.017361111111111112 0.05328596802841918
21 0.5029761904761905 0.43072824156305506 0.01636904761904762 0.052397868561278864
21 0.38938492063492064 0.45293072824156305 0.01488095238095238 0.04884547069271759
21 0.6125992063492064 0.41252220248667854 0.01488095238095238 0.047957371225577264