5 0.671311475409836 0.3482810164424514 0.007650273224043716 0.00523168908819133
5 0.5319672131147541 0.3423019431988042 0.00819672131147541 0.005979073243647235
24 0.8043715846994536 0.3568759342301943 0.00273224043715847 0.01046337817638266
24 0.7765027322404372 0.3568759342301943 0.003278688524590164 0.01046337817638266
11 0.4743169398907104 0.3445440956651719 0.02622950819672131 0.0171898355754858
7 0.44316939890710383 0.34678624813153963 0.014754098360655738 0.020179372197309416
24 0.9407103825136612 0.37070254110612855 0.002185792349726776 0.01046337817638266
24 0.9281420765027323 0.36995515695067266 0.00273224043715847 0.009715994020926755
24 0.9516393442622951 0.3710762331838565 0.00273224043715847 0.009715994020926755
24 0.9773224043715847 0.3725710014947683 0.00273224043715847 0.009715994020926755
24 0.453551912568306 0.3482810164424514 0.004371584699453552 0.011210762331838564
5 0.4918032786885246 0.35014947683109116 0.003825136612021858 0.01195814648729447
5 0.49781420765027323 0.3508968609865471 0.003825136612021858 0.011210762331838564
20 0.9890710382513661 0.3804185351270553 0.003825136612021858 0.011210762331838564
24 0.5281420765027323 0.36285500747384153 0.007650273224043716 0.00523168908819133
15 0.5983606557377049 0.37144992526158443 0.11748633879781421 0.16367713004484305
5 0.5278688524590164 0.3695814648729447 0.007650273224043716 0.00523168908819133
5 0.6683060109289618 0.37929745889387145 0.00819672131147541 0.005979073243647235
24 0.9456284153005464 0.3957399103139013 0.00273224043715847 0.01046337817638266
24 0.5278688524590164 0.37630792227204785 0.007650273224043716 0.00523168908819133
24 0.9699453551912568 0.3991031390134529 0.003278688524590164 0.01046337817638266
18 0.7756830601092897 0.39050822122571 0.01366120218579235 0.042600896860986545
18 0.8040983606557377 0.3920029895366218 0.01366120218579235 0.04185351270553064
5 0.6674863387978142 0.3860239162929746 0.007650273224043716 0.00523168908819133
24 0.5275956284153005 0.38228699551569506 0.00819672131147541 0.00523168908819133
24 0.4308743169398907 0.37929745889387145 0.003825136612021858 0.01046337817638266
5 0.526775956284153 0.3890134529147982 0.007103825136612022 0.00523168908819133
6 0.4704918032786885 0.3901345291479821 0.03770491803278689 0.05455904334828102
5 0.6653005464480874 0.40321375186846037 0.007650273224043716 0.00523168908819133
5 0.5273224043715847 0.39723467862481315 0.007650273224043716 0.005979073243647235
7 0.43005464480874317 0.3957399103139013 0.014754098360655738 0.014200298953662182
24 0.49754098360655735 0.40284005979073245 0.003278688524590164 0.011210762331838564
5 0.6754098360655738 0.4155455904334828 0.015300546448087432 0.011210762331838564
5 0.5245901639344263 0.4189088191330344 0.013114754098360656 0.008221225710014948
22 0.9573770491803278 0.44469357249626307 0.053005464480874315 0.07025411061285501
5 0.664207650273224 0.43310911808669655 0.007650273224043716 0.0037369207772795215
17 0.42868852459016393 0.4226457399103139 0.015846994535519125 0.04110612855007474
7 0.8360655737704918 0.4428251121076233 0.014207650273224045 0.020179372197309416
5 0.553551912568306 0.46001494768310913 0.003825136612021858 0.01046337817638266
21 0.20546448087431693 0.44469357249626307 0.11912568306010929 0.042600896860986545
5 0.6002732240437159 0.46524663677130046 0.003278688524590164 0.01046337817638266
5 0.5948087431693989 0.4678624813153961 0.003825136612021858 0.01195814648729447
24 0.6117486338797814 0.4701046337817638 0.003825136612021858 0.01195814648729447
5 0.5866120218579235 0.4697309417040359 0.007650273224043716 0.021674140508221227
20 0.42868852459016393 0.46225710014947685 0.004371584699453552 0.012705530642750373
24 0.9426229508196722 0.4876681614349776 0.003825136612021858 0.011210762331838564
11 0.46912568306010927 0.46860986547085204 0.033879781420765025 0.06950672645739911
5 0.6377049180327868 0.476831091180867 0.007103825136612022 0.021674140508221227
11 0.5122950819672131 0.47085201793721976 0.033879781420765025 0.06950672645739911
11 0.6789617486338798 0.4891629297458894 0.034972677595628415 0.06950672645739911
24 0.6224043715846994 0.5029895366218237 0.003825136612021858 0.01195814648729447
24 0.6098360655737705 0.5029895366218237 0.003825136612021858 0.01195814648729447
24 0.5852459016393443 0.5018684603886397 0.003825136612021858 0.01195814648729447
24 0.5792349726775956 0.5014947683109118 0.004371584699453552 0.011210762331838564
20 0.23743169398907105 0.4872944693572496 0.007650273224043716 0.00523168908819133
24 0.24972677595628415 0.48878923766816146 0.007650273224043716 0.00523168908819133
24 0.9459016393442623 0.5369955156950673 0.015846994535519125 0.013452914798206279
15 0.8803278688524591 0.5347533632286996 0.020765027322404372 0.021674140508221227
15 0.9049180327868852 0.5358744394618834 0.020765027322404372 0.02092675635276532
24 0.41366120218579233 0.5160687593423019 0.003278688524590164 0.009715994020926755
24 0.42131147540983604 0.5171898355754858 0.00273224043715847 0.009715994020926755
20 0.44098360655737706 0.5179372197309418 0.003278688524590164 0.012705530642750373
11 0.9254098360655738 0.5455904334828101 0.01639344262295082 0.03288490284005979
5 0.16120218579234974 0.5108370702541106 0.009836065573770493 0.02242152466367713
5 0.9459016393442623 0.5534379671150972 0.012021857923497269 0.011210762331838564
11 0.26420765027322407 0.5216741405082213 0.05027322404371585 0.04633781763826607
2 0.01557377049180328 0.5112107623318386 0.03114754098360656 0.04633781763826607
30 0.1251366120218579 0.5164424514200299 0.059562841530054644 0.04783258594917788
5 0.9016393442622951 0.5534379671150972 0.010382513661202186 0.009715994020926755
5 0.8770491803278688 0.5523168908819133 0.011475409836065573 0.011210762331838564
21 0.973224043715847 0.5586696562032885 0.025683060109289616 0.053811659192825115
11 0.18032786885245902 0.5325112107623319 0.026775956284153007 0.053064275037369206
5 0.8702185792349727 0.5661434977578476 0.011475409836065573 0.009715994020926755
5 0.6040983606557377 0.554932735426009 0.003825136612021858 0.01195814648729447
5 0.5986338797814208 0.5556801195814649 0.004371584699453552 0.011210762331838564
5 0.16120218579234974 0.5355007473841554 0.011475409836065573 0.01046337817638266
5 0.9005464480874317 0.570627802690583 0.007103825136612022 0.01569506726457399
5 0.9830601092896175 0.5754857997010463 0.007650273224043716 0.016442451420029897
5 0.9136612021857924 0.5736173393124065 0.009836065573770493 0.021674140508221227
24 0.9245901639344263 0.5739910313901345 0.008743169398907104 0.02242152466367713
24 0.9355191256830601 0.5747384155455905 0.009289617486338797 0.02092675635276532
5 0.5920765027322404 0.5597907324364724 0.004918032786885246 0.017937219730941704
5 0.6101092896174863 0.5605381165919282 0.00546448087431694 0.01868460388639761
5 0.5795081967213115 0.5597907324364724 0.007650273224043716 0.021674140508221227
16 0.8885245901639345 0.5754857997010463 0.014754098360655738 0.032137518684603884
5 0.6213114754098361 0.5627802690582959 0.007103825136612022 0.02092675635276532
30 0.2155737704918033 0.5448430493273543 0.018579234972677595 0.02242152466367713
28 0.9450819672131148 0.5818385650224215 0.009289617486338797 0.013452914798206279
7 0.5251366120218579 0.5639013452914798 0.014754098360655738 0.021674140508221227
28 0.14562841530054646 0.546711509715994 0.008743169398907104 0.012705530642750373
5 0.20136612021857925 0.5508221225710015 0.007103825136612022 0.016442451420029897
24 0.8663934426229508 0.5833333333333334 0.009289617486338797 0.020179372197309416
20 0.42950819672131146 0.5646487294469357 0.07704918032786885 0.07324364723467862
6 0.059562841530054644 0.5500747384155455 0.05792349726775956 0.12481315396113603
5 0.8754098360655738 0.5911808669656203 0.007650273224043716 0.007473841554559043
7 0.5527322404371585 0.578101644245142 0.015300546448087432 0.02092675635276532
15 0.907103825136612 0.5964125560538116 0.020218579234972677 0.021674140508221227
5 0.8918032786885246 0.5964125560538116 0.007650273224043716 0.007473841554559043
5 0.8751366120218579 0.600896860986547 0.007103825136612022 0.007473841554559043
11 0.11994535519125683 0.5657698056801196 0.026775956284153007 0.052316890881913304
24 0.16038251366120218 0.5691330343796711 0.009289617486338797 0.02092675635276532
24 0.17076502732240437 0.5695067264573991 0.009289617486338797 0.021674140508221227
5 0.13852459016393442 0.5687593423019432 0.009289617486338797 0.02242152466367713
24 0.14945355191256832 0.5691330343796711 0.010382513661202186 0.021674140508221227
16 0.19043715846994536 0.5713751868460388 0.023497267759562842 0.021674140508221227
24 0.21830601092896174 0.5724962630792227 0.009836065573770493 0.02092675635276532
24 0.20846994535519126 0.5721225710014948 0.010382513661202186 0.02242152466367713
24 0.8653005464480874 0.6065022421524664 0.009836065573770493 0.021674140508221227
7 0.7592896174863388 0.601270553064275 0.03934426229508197 0.053811659192825115
7 0.6013661202185793 0.602017937219731 0.015846994535519125 0.02242152466367713
7 0.5800546448087431 0.601644245142003 0.01639344262295082 0.02092675635276532
7 0.659016393442623 0.6061285500747384 0.015300546448087432 0.021674140508221227
16 0.8885245901639345 0.617339312406577 0.015300546448087432 0.03139013452914798
7 0.6221311475409836 0.6046337817638266 0.015846994535519125 0.02092675635276532
7 0.6781420765027323 0.6072496263079222 0.015300546448087432 0.021674140508221227
7 0.6398907103825137 0.6053811659192825 0.014754098360655738 0.023168908819133034
11 0.09617486338797815 0.5803437967115097 0.016939890710382512 0.03288490284005979
20 0.1609289617486339 0.5863228699551569 0.008743169398907104 0.008221225710014948
5 0.14672131147540984 0.5863228699551569 0.011475409836065573 0.01195814648729447
7 0.3144808743169399 0.594170403587444 0.040437158469945354 0.05605381165919283
5 0.8991803278688525 0.6229446935724963 0.007103825136612022 0.016442451420029897
5 0.8685792349726776 0.6236920777279522 0.01092896174863388 0.009715994020926755
5 0.1702185792349727 0.5911808669656203 0.007103825136612022 0.01569506726457399
24 0.49562841530054647 0.6098654708520179 0.003278688524590164 0.01195814648729447
20 0.1366120218579235 0.594170403587444 0.007103825136612022 0.01569506726457399
15 0.1923497267759563 0.5975336322869955 0.016939890710382512 0.02391629297458894
5 0.8549180327868853 0.6307922272047832 0.007103825136612022 0.01569506726457399
24 0.146448087431694 0.5982810164424515 0.01092896174863388 0.009715994020926755
20 0.7254098360655737 0.6266816143497758 0.004918032786885246 0.01868460388639761
27 0.013114754098360656 0.5930493273542601 0.02622950819672131 0.08744394618834081
16 0.9251366120218579 0.6371449925261584 0.03278688524590164 0.05530642750373692
10 0.11530054644808743 0.5982810164424515 0.021311475409836064 0.01569506726457399
24 0.16010928961748633 0.6042600896860987 0.009836065573770493 0.016442451420029897
32 0.8677595628415301 0.6423766816143498 0.016939890710382512 0.02466367713004484
24 0.14562841530054646 0.60949177877429 0.010382513661202186 0.009715994020926755
5 0.0866120218579235 0.6065022421524664 0.007103825136612022 0.01569506726457399
5 0.5191256830601093 0.6289237668161435 0.00819672131147541 0.005979073243647235
5 0.09480874316939891 0.6098654708520179 0.006010928961748634 0.011210762331838564
20 0.13633879781420766 0.6121076233183856 0.007103825136612022 0.01569506726457399
10 0.8877049180327868 0.648729446935725 0.010382513661202186 0.02914798206278027
5 0.19562841530054645 0.6162182361733931 0.012568306010928962 0.01195814648729447
24 0.7254098360655737 0.6438714499252616 0.003278688524590164 0.01046337817638266
24 0.5314207650273224 0.6360239162929746 0.003825136612021858 0.009715994020926755
5 0.8975409836065574 0.6535874439461884 0.007650273224043716 0.016442451420029897
24 0.1185792349726776 0.6177130044843049 0.009289617486338797 0.023168908819133034
5 0.14590163934426228 0.6199551569506726 0.011475409836065573 0.01046337817638266
24 0.8289617486338798 0.6532137518684604 0.009836065573770493 0.021674140508221227
16 0.8420765027322404 0.6539611360239163 0.014754098360655738 0.03288490284005979
5 0.5183060109289618 0.6386397608370703 0.00819672131147541 0.00523168908819133
20 0.16010928961748633 0.6221973094170403 0.008743169398907104 0.008221225710014948
24 0.29043715846994533 0.6289237668161435 0.006010928961748634 0.012705530642750373
5 0.053005464480874315 0.6184603886397608 0.015846994535519125 0.013452914798206279
5 0.06939890710382514 0.6199551569506726 0.014754098360655738 0.012705530642750373
6 0.4816939890710383 0.64050822122571 0.03989071038251366 0.03736920777279522
5 0.19480874316939892 0.6266816143497758 0.012021857923497269 0.01046337817638266
5 0.8540983606557377 0.6595665171898356 0.007103825136612022 0.01569506726457399
11 0.9707650273224043 0.6696562032884903 0.026775956284153007 0.05082212257100149
24 0.8724043715846994 0.6666666666666666 0.009289617486338797 0.020179372197309416
20 0.7243169398907103 0.6618086696562033 0.00546448087431694 0.01943198804185351
5 0.16584699453551913 0.6352765321375187 0.007650273224043716 0.01569506726457399
10 0.15 0.6352765321375187 0.021311475409836064 0.0171898355754858
11 0.5174863387978142 0.6532137518684604 0.02622950819672131 0.0171898355754858
24 0.2896174863387978 0.6438714499252616 0.004371584699453552 0.01195814648729447
10 0.1912568306010929 0.6401345291479821 0.020765027322404372 0.01569506726457399
28 0.9513661202185792 0.6831091180866966 0.008743169398907104 0.013452914798206279
11 0.8896174863387978 0.6816143497757847 0.01639344262295082 0.03288490284005979
15 0.09699453551912568 0.6543348281016442 0.05628415300546448 0.07698056801195814
7 0.7565573770491804 0.6872197309417041 0.03989071038251366 0.05530642750373692
5 0.1273224043715847 0.6573243647234679 0.00546448087431694 0.01046337817638266
5 0.9292349726775956 0.6969357249626308 0.007103825136612022 0.01569506726457399
11 0.9117486338797814 0.6969357249626308 0.02622950819672131 0.05007473841554559
5 0.13442622950819672 0.6606875934230194 0.007103825136612022 0.0171898355754858
10 0.14918032786885246 0.6610612855007474 0.02185792349726776 0.01569506726457399
5 0.1644808743169399 0.6625560538116592 0.00819672131147541 0.016442451420029897
5 0.9622950819672131 0.7021674140508222 0.014754098360655738 0.014200298953662182
15 0.9437158469945355 0.7021674140508222 0.019672131147540985 0.02242152466367713
24 0.5680327868852459 0.6842301943198804 0.007650273224043716 0.004484304932735426
24 0.5401639344262295 0.6842301943198804 0.00819672131147541 0.00523168908819133
24 0.5532786885245902 0.6857249626307922 0.007103825136612022 0.004484304932735426
7 0.24289617486338796 0.672272047832586 0.014207650273224045 0.02092675635276532
27 0.012021857923497269 0.6625560538116592 0.024043715846994537 0.05455904334828102
24 0.855191256830601 0.70254110612855 0.009289617486338797 0.02092675635276532
30 0.8693989071038252 0.703288490284006 0.018032786885245903 0.023168908819133034
7 0.3128415300546448 0.680119581464873 0.03989071038251366 0.05530642750373692
24 0.8844262295081967 0.7088938714499252 0.009836065573770493 0.021674140508221227
5 0.12704918032786885 0.6737668161434978 0.004918032786885246 0.01046337817638266
24 0.5344262295081967 0.6969357249626308 0.007650273224043716 0.004484304932735426
5 0.9620218579234973 0.7178624813153961 0.015300546448087432 0.013452914798206279
7 0.043989071038251365 0.6748878923766816 0.0273224043715847 0.02242152466367713
5 0.13387978142076504 0.6816143497757847 0.007103825136612022 0.016442451420029897
5 0.4855191256830601 0.6988041853512705 0.00546448087431694 0.01868460388639761
5 0.5062841530054645 0.7006726457399103 0.007650273224043716 0.02092675635276532
28 0.11693989071038251 0.6849775784753364 0.009836065573770493 0.013452914798206279
24 0.530327868852459 0.7077727952167414 0.00819672131147541 0.005979073243647235
24 0.5445355191256831 0.7092675635276532 0.008743169398907104 0.005979073243647235
24 0.5726775956284152 0.7159940209267563 0.007650273224043716 0.0037369207772795215
24 0.5584699453551912 0.7174887892376681 0.00819672131147541 0.005979073243647235
20 0.3907103825136612 0.7346786248131539 0.003825136612021858 0.01195814648729447
24 0.5789617486338798 0.7481315396113603 0.007650273224043716 0.004484304932735426
24 0.5814207650273224 0.7642002989536621 0.003825136612021858 0.011210762331838564
20 0.39344262295081966 0.7597159940209267 0.003825136612021858 0.01195814648729447
20 0.4024590163934426 0.7623318385650224 0.004918032786885246 0.012705530642750373
20 0.3923497267759563 0.773916292974589 0.004371584699453552 0.012705530642750373
7 0.7663934426229508 0.7985799701046338 0.016939890710382512 0.02391629297458894
20 0.3814207650273224 0.7806427503736921 0.004371584699453552 0.012705530642750373
20 0.3959016393442623 0.7903587443946188 0.003825136612021858 0.013452914798206279
24 0.575136612021858 0.8116591928251121 0.003278688524590164 0.01195814648729447
20 0.3959016393442623 0.8060538116591929 0.004371584699453552 0.012705530642750373
20 0.38169398907103824 0.8068011958146487 0.004918032786885246 0.012705530642750373
20 0.3950819672131147 0.8187593423019432 0.003825136612021858 0.01195814648729447
20 0.3819672131147541 0.8232436472346786 0.004371584699453552 0.013452914798206279
15 0.48989071038251364 0.8314648729446936 0.16557377049180327 0.22720478325859492
20 0.39918032786885244 0.8288490284005979 0.003825136612021858 0.01195814648729447
20 0.39262295081967213 0.8307174887892377 0.004918032786885246 0.013452914798206279
20 0.38579234972677595 0.8378176382660688 0.009289617486338797 0.00523168908819133
20 0.3945355191256831 0.8449177877428998 0.003825136612021858 0.012705530642750373
20 0.38879781420765025 0.8542600896860987 0.004918032786885246 0.013452914798206279
20 0.39617486338797814 0.8628550074738416 0.004371584699453552 0.013452914798206279
20 0.38934426229508196 0.8714499252615845 0.004371584699453552 0.014200298953662182
7 0.8472677595628415 0.8778026905829597 0.04644808743169399 0.2428998505231689
7 0.9158469945355191 0.8796711509715994 0.04590163934426229 0.23916292974588937
20 0.39672131147540984 0.8822869955156951 0.004371584699453552 0.014200298953662182
7 0.09289617486338798 0.8527653213751868 0.046994535519125684 0.2563527653213752
7 0.17677595628415302 0.8568759342301944 0.0453551912568306 0.2556053811659193
7 0.3073770491803279 0.8863976083707026 0.03934426229508197 0.05455904334828102
24 0.3344262295081967 0.9282511210762332 0.003825136612021858 0.011210762331838564
20 0.32349726775956283 0.9289985052316891 0.014754098360655738 0.017937219730941704
20 0.46174863387978143 0.9469357249626308 0.003825136612021858 0.01195814648729447
5 0.5437158469945356 0.953662182361734 0.007650273224043716 0.004484304932735426
24 0.5114754098360655 0.9521674140508222 0.007650273224043716 0.004484304932735426
5 0.5540983606557377 0.9551569506726457 0.007650273224043716 0.004484304932735426
5 0.5316939890710383 0.9547832585949177 0.007650273224043716 0.0037369207772795215
5 0.5199453551912568 0.9562780269058296 0.003825136612021858 0.011210762331838564
5 0.5024590163934426 0.9555306427503737 0.003825136612021858 0.011210762331838564
20 0.47295081967213115 0.9555306427503737 0.008743169398907104 0.005979073243647235
24 0.5363387978142077 0.9600149476831091 0.007103825136612022 0.004484304932735426
24 0.5592896174863388 0.9626307922272048 0.00819672131147541 0.005979073243647235
24 0.5489071038251366 0.9630044843049327 0.003278688524590164 0.011210762331838564
24 0.5445355191256831 0.9626307922272048 0.00273224043715847 0.01046337817638266
20 0.49480874316939893 0.9611360239162929 0.009289617486338797 0.00523168908819133
24 0.5363387978142077 0.9652466367713004 0.007650273224043716 0.0037369207772795215
24 0.5595628415300546 0.968609865470852 0.007650273224043716 0.004484304932735426
24 0.44426229508196724 0.968609865470852 0.00273224043715847 0.01046337817638266
24 0.45136612021857925 0.9697309417040358 0.00273224043715847 0.01046337817638266
20 0.4633879781420765 0.9701046337817638 0.003825136612021858 0.013452914798206279
7 0.3051912568306011 0.9674887892376681 0.040983606557377046 0.04783258594917788
11 0.5122950819672131 0.9835575485799701 0.02622950819672131 0.01569506726457399
5 0.44016393442622953 0.9940209267563528 0.007103825136612022 0.00523168908819133
17 0.7103825136612022 0.9973841554559043 0.017486338797814208 0.0037369207772795215
11 0.3989071038251366 0.9884155455904334 0.05081967213114754 0.014947683109118086
7 0.6341530054644808 0.08893871449925261 0.4524590163934426 0.07772795216741404
7 0.9215846994535519 0.21935724962630793 0.003825136612021858 0.01195814648729447
2 0.7893442622950819 0.23804185351270554 0.03934426229508197 0.053811659192825115
9 0.2062841530054645 0.2428998505231689 0.23989071038251367 0.4857997010463378
11 0.6983606557377049 0.2686846038863976 0.033879781420765025 0.0687593423019432
5 0.5740437158469945 0.27242152466367714 0.004371584699453552 0.0171898355754858
11 0.5401639344262295 0.27167414050822125 0.012021857923497269 0.03587443946188341
5 0.5871584699453551 0.2739162929745889 0.007103825136612022 0.021674140508221227
5 0.6516393442622951 0.27840059790732435 0.00546448087431694 0.017937219730941704
5 0.6073770491803279 0.27615844544095663 0.004918032786885246 0.017937219730941704
5 0.6445355191256831 0.2795216741405082 0.003825136612021858 0.011210762331838564
28 0.4674863387978142 0.27167414050822125 0.04207650273224044 0.05904334828101644
5 0.5948087431693989 0.2787742899850523 0.003825136612021858 0.011210762331838564
5 0.6002732240437159 0.2787742899850523 0.00273224043715847 0.01046337817638266
7 0.9612021857923497 0.3172645739910314 0.07650273224043716 0.07698056801195814
24 0.978688524590164 0.3180119581464873 0.00273224043715847 0.01046337817638266
24 0.9672131147540983 0.3172645739910314 0.00273224043715847 0.01046337817638266
5 0.5322404371584699 0.30493273542600896 0.007650273224043716 0.00523168908819133
24 0.669672131147541 0.32548579970104635 0.00819672131147541 0.005979073243647235
24 0.5275956284153005 0.3195067264573991 0.008743169398907104 0.005979073243647235
7 0.9472677595628415 0.34491778774289983 0.10218579234972677 0.04185351270553064
5 0.5245901639344263 0.33146487294469357 0.015300546448087432 0.01046337817638266
7 0.05081967213114754 0.31128550074738415 0.09781420765027322 0.2249626307922272
17 0.8221311475409836 0.3523916292974589 0.015846994535519125 0.04035874439461883