21 0.8800592300098716 0.27361673414304993 0.03060217176702863 0.09109311740890688
7 0.9355873642645607 0.27125506072874495 0.034550839091806514 0.1106612685560054
21 0.5498519249753209 0.3299595141700405 0.014807502467917079 0.020917678812415654
7 0.41016781836130306 0.37786774628879893 0.25172754195459035 0.3225371120107962
21 0.0866238894373149 0.460863697705803 0.037018756169792694 0.0641025641025641
21 0.5656465942744324 0.393387314439946 0.01678183613030602 0.05060728744939271
21 0.1964461994076999 0.4493927125506073 0.012339585389930898 0.017543859649122806
21 0.7680157946692991 0.41126855600539813 0.10562685093780849 0.04588394062078273
21 0.4839585389930898 0.5360998650472335 0.012339585389930898 0.018218623481781375
21 0.46076011846001974 0.550944669365722 0.012339585389930898 0.016869095816464237
5 0.19866732477788746 0.08738191632928476 0.005429417571569595 0.016869095816464237
21 0.3916584402764067 0.5813090418353576 0.1031589338598223 0.03171390013495277
5 0.18904244817374136 0.0907557354925776 0.007897334649555774 0.019568151147098516
23 0.9538499506416585 0.5087719298245614 0.013820335636722606 0.022267206477732792
5 0.20533070088845015 0.08974358974358974 0.003948667324777887 0.010796221322537112
11 0.4629812438302073 0.5988529014844804 0.035538005923000986 0.06545209176788123
11 0.5007403751233959 0.5941295546558705 0.03356367226061204 0.06545209176788123
23 0.956071076011846 0.5394736842105263 0.013820335636722606 0.021592442645074223
11 0.4104146100691017 0.6383265856950068 0.047877591312931886 0.0465587044534413
11 0.6261105626850938 0.6174089068825911 0.04837117472852912 0.0465587044534413
5 0.5920533070088845 0.6271929824561403 0.0034550839091806516 0.010796221322537112
24 0.43756169792694966 0.6501349527665317 0.007897334649555774 0.005398110661268556
21 0.7467917077986179 0.6116734143049932 0.012339585389930898 0.018218623481781375
11 0.7065646594274433 0.6180836707152496 0.04837117472852912 0.04588394062078273
24 0.4735932872655479 0.655195681511471 0.007897334649555774 0.006072874493927126
23 0.959279368213228 0.5860323886639676 0.014313919052319843 0.022267206477732792
5 0.42003948667324775 0.6656545209176788 0.007897334649555774 0.006072874493927126
24 0.49136229022704836 0.6572199730094467 0.007897334649555774 0.005398110661268556
5 0.5340572556762093 0.6531713900134952 0.0029615004935834156 0.009446693657219974
24 0.5449160908193484 0.6521592442645074 0.0034550839091806516 0.010121457489878543
24 0.5399802566633761 0.6531713900134952 0.0034550839091806516 0.010796221322537112
24 0.5259131293188549 0.6572199730094467 0.006910167818361303 0.004048582995951417
5 0.5054294175715696 0.659919028340081 0.007897334649555774 0.020242914979757085
5 0.5155478775913129 0.6585695006747638 0.007897334649555774 0.020242914979757085
5 0.573050345508391 0.6508097165991903 0.007897334649555774 0.020242914979757085
5 0.5649062191510366 0.652834008097166 0.005429417571569595 0.017543859649122806
24 0.46199407699901285 0.6697031039136302 0.007403751233958539 0.004723346828609987
24 0.47087857847976305 0.6690283400809717 0.00839091806515301 0.005398110661268556
24 0.45162882527147086 0.671727395411606 0.00839091806515301 0.006072874493927126
24 0.48445212240868707 0.667004048582996 0.007897334649555774 0.005398110661268556
5 0.42102665350444224 0.6788124156545209 0.007897334649555774 0.006072874493927126
5 0.43139190523198423 0.6781376518218624 0.005923000987166831 0.017543859649122806
5 0.6251233958538993 0.6545209176788124 0.012339585389930898 0.007422402159244264
20 0.6048864758144127 0.6700404858299596 0.003948667324777887 0.012145748987854251
5 0.6246298124383021 0.6680161943319838 0.007403751233958539 0.005398110661268556
24 0.434106614017769 0.7020917678812416 0.00839091806515301 0.005398110661268556
5 0.4615004935834156 0.7024291497975709 0.0034550839091806516 0.010121457489878543
5 0.4797630799605133 0.7004048582995951 0.0034550839091806516 0.010121457489878543
5 0.4921026653504442 0.7000674763832658 0.0034550839091806516 0.010796221322537112
11 0.6663376110562685 0.6747638326585695 0.047877591312931886 0.04588394062078273
20 0.6120434353405726 0.6862348178137652 0.004442250740375123 0.011470985155195682
5 0.7011352418558736 0.6761133603238867 0.014313919052319843 0.011470985155195682
5 0.42250740375123397 0.717948717948718 0.007897334649555774 0.006072874493927126
20 0.607847976307996 0.694331983805668 0.004442250740375123 0.011470985155195682
5 0.5656465942744324 0.7007422402159245 0.007897334649555774 0.005398110661268556
5 0.5209772951628825 0.7081646423751687 0.005429417571569595 0.017543859649122806
5 0.5451628825271471 0.7064777327935222 0.003948667324777887 0.011470985155195682
5 0.7016288252714709 0.6889338731443995 0.012339585389930898 0.007422402159244264
20 0.6080947680157947 0.7064777327935222 0.004442250740375123 0.011470985155195682
5 0.49925962487660414 0.7219973009446694 0.007403751233958539 0.004723346828609987
5 0.36352418558736427 0.7449392712550608 0.00839091806515301 0.005398110661268556
5 0.5466436327739388 0.7186234817813765 0.003948667324777887 0.010796221322537112
5 0.5333168805528135 0.7209851551956815 0.004442250740375123 0.011470985155195682
5 0.3842546890424482 0.7425775978407557 0.012339585389930898 0.008097165991902834
5 0.40473840078973344 0.7395411605937922 0.00839091806515301 0.006072874493927126
5 0.5088845014807503 0.7267206477732794 0.007897334649555774 0.006072874493927126
20 0.6142645607107601 0.7142375168690959 0.003948667324777887 0.011470985155195682
5 0.5604639684106614 0.7233468286099866 0.003948667324777887 0.011470985155195682
21 0.2761599210266535 0.7648448043184886 0.012339585389930898 0.018893387314439947
5 0.5227048371174728 0.7300944669365722 0.004442250740375123 0.016869095816464237
20 0.6243830207305034 0.7155870445344129 0.003948667324777887 0.011470985155195682
5 0.48692003948667323 0.7365047233468286 0.007897334649555774 0.006072874493927126
5 0.5718163869693978 0.7243589743589743 0.006910167818361303 0.004723346828609987
5 0.5118460019743336 0.7365047233468286 0.003948667324777887 0.011470985155195682
20 0.6090819348469891 0.725033738191633 0.003948667324777887 0.012145748987854251
5 0.49629812438302073 0.747638326585695 0.007897334649555774 0.005398110661268556
5 0.5370187561697927 0.7422402159244265 0.007897334649555774 0.006072874493927126
5 0.5547877591312932 0.7398785425101214 0.007897334649555774 0.006747638326585695
5 0.5081441263573544 0.7486504723346828 0.003948667324777887 0.011470985155195682
5 0.6853405725567621 0.7230094466936572 0.014807502467917079 0.010796221322537112
5 0.5441757156959526 0.7439271255060729 0.003948667324777887 0.011470985155195682
20 0.6063672260612043 0.7358299595141701 0.004442250740375123 0.012145748987854251
5 0.523938795656466 0.7483130904183536 0.004935834155972359 0.016194331983805668
20 0.6167324777887463 0.7348178137651822 0.003948667324777887 0.012145748987854251
5 0.5550345508390918 0.74527665317139 0.006910167818361303 0.006072874493927126
5 0.4970384995064166 0.7533738191632928 0.007897334649555774 0.006072874493927126
5 0.5143139190523198 0.7510121457489879 0.00839091806515301 0.006072874493927126
5 0.4861796643632774 0.7577597840755735 0.003948667324777887 0.011470985155195682
5 0.5308489634748272 0.7513495276653172 0.0029615004935834156 0.009446693657219974
5 0.5357847976307996 0.7513495276653172 0.003948667324777887 0.011470985155195682
5 0.5402270483711747 0.7506747638326585 0.003948667324777887 0.010796221322537112
5 0.5037018756169793 0.7560728744939271 0.0034550839091806516 0.010121457489878543
5 0.5483711747285291 0.7496626180836707 0.003948667324777887 0.010796221322537112
5 0.5666337611056268 0.7469635627530364 0.0034550839091806516 0.010121457489878543
5 0.653751233958539 0.7365047233468286 0.007403751233958539 0.005398110661268556
20 0.6135241855873642 0.7435897435897436 0.004442250740375123 0.012145748987854251
5 0.4368213228035538 0.770242914979757 0.012339585389930898 0.006747638326585695
5 0.5086377097729516 0.7614709851551957 0.0034550839091806516 0.010121457489878543
5 0.513573543928924 0.7604588394062078 0.003948667324777887 0.010796221322537112
5 0.5510858835143139 0.7580971659919028 0.007403751233958539 0.005398110661268556
5 0.5318361303060217 0.7641700404858299 0.003948667324777887 0.011470985155195682
5 0.5180157946692991 0.7661943319838057 0.0034550839091806516 0.010121457489878543
5 0.5249259624876604 0.7658569500674763 0.005429417571569595 0.017543859649122806
5 0.5362783810463968 0.7641700404858299 0.003948667324777887 0.011470985155195682
20 0.6083415597235933 0.7543859649122807 0.003948667324777887 0.012145748987854251
5 0.5074037512339585 0.770242914979757 0.007897334649555774 0.005398110661268556
5 0.5520730503455084 0.7638326585695007 0.007897334649555774 0.006072874493927126
5 0.5431885488647581 0.7658569500674763 0.007897334649555774 0.006072874493927126
5 0.43879565646594276 0.7810391363022942 0.014313919052319843 0.010121457489878543
5 0.6436327739387957 0.7540485829959515 0.007403751233958539 0.004723346828609987
5 0.5927936821322803 0.7634952766531714 0.007403751233958539 0.004723346828609987
20 0.6174728529121422 0.7614709851551957 0.0034550839091806516 0.011470985155195682
5 0.6700394866732478 0.7550607287449392 0.014807502467917079 0.010796221322537112
5 0.49234945705824285 0.7813765182186235 0.012339585389930898 0.007422402159244264
5 0.5056762092793682 0.7793522267206477 0.011846001974333662 0.007422402159244264
5 0.5182625863770978 0.7776653171390013 0.012833168805528134 0.008097165991902834
5 0.5325765054294176 0.7763157894736842 0.011846001974333662 0.006747638326585695
5 0.5459032576505429 0.7742914979757085 0.012339585389930898 0.007422402159244264
5 0.558736426456071 0.7732793522267206 0.012339585389930898 0.007422402159244264
20 0.6120434353405726 0.7695681511470985 0.004442250740375123 0.011470985155195682
5 0.44027640671273444 0.796221322537112 0.014313919052319843 0.010796221322537112
5 0.49950641658440276 0.7898110661268556 0.007897334649555774 0.005398110661268556
5 0.5088845014807503 0.7884615384615384 0.007403751233958539 0.005398110661268556
5 0.5266535044422508 0.7891363022941971 0.004935834155972359 0.016869095816464237
5 0.5197433366238894 0.7901484480431848 0.004442250740375123 0.010796221322537112
5 0.5335636722606121 0.7887989203778677 0.0034550839091806516 0.010796221322537112
5 0.5468904244817374 0.7871120107962213 0.0029615004935834156 0.008771929824561403
5 0.6710266535044422 0.7699055330634278 0.014313919052319843 0.010796221322537112
5 0.5402270483711747 0.7908232118758435 0.007403751233958539 0.005398110661268556
20 0.6110562685093781 0.7827260458839406 0.004442250740375123 0.012145748987854251
5 0.44175715695952616 0.8076923076923077 0.011846001974333662 0.008097165991902834
5 0.5160414610069102 0.7975708502024291 0.003948667324777887 0.011470985155195682
5 0.5115992102665351 0.7982456140350878 0.003948667324777887 0.010796221322537112
5 0.4158440276406713 0.812753036437247 0.007897334649555774 0.005398110661268556
5 0.5032082922013821 0.805668016194332 0.003948667324777887 0.011470985155195682
5 0.5207305034550839 0.8029689608636977 0.004442250740375123 0.010796221322537112
5 0.5703356367226061 0.7958839406207827 0.003948667324777887 0.010796221322537112
5 0.552319842053307 0.7992577597840755 0.003948667324777887 0.012145748987854251
5 0.536771964461994 0.803306342780027 0.006910167818361303 0.004048582995951417
5 0.5589832181638696 0.800944669365722 0.007897334649555774 0.006072874493927126
5 0.5281342546890424 0.8066801619433198 0.005429417571569595 0.017543859649122806
5 0.692497532082922 0.7830634278002699 0.012339585389930898 0.007422402159244264
5 0.5078973346495558 0.810391363022942 0.0034550839091806516 0.010796221322537112
5 0.5488647581441264 0.8049932523616734 0.004442250740375123 0.010796221322537112
5 0.5434353405725567 0.8060053981106613 0.003948667324777887 0.010796221322537112
5 0.5170286278381047 0.810391363022942 0.004442250740375123 0.011470985155195682
20 0.6122902270483712 0.7979082321187584 0.004442250740375123 0.01349527665317139
20 0.6206811451135242 0.7968960863697706 0.004442250740375123 0.01282051282051282
5 0.536771964461994 0.8093792172739541 0.007897334649555774 0.006072874493927126
5 0.5597235932872655 0.8063427800269906 0.007403751233958539 0.005398110661268556
5 0.5779861796643633 0.810391363022942 0.007403751233958539 0.004723346828609987
5 0.6581934846989141 0.8016194331983806 0.007403751233958539 0.004723346828609987
5 0.44693978282329716 0.8346828609986505 0.0034550839091806516 0.010796221322537112
5 0.4898815399802567 0.8319838056680162 0.005923000987166831 0.010796221322537112
5 0.5673741362290227 0.8215249662618084 0.003948667324777887 0.011470985155195682
20 0.6145113524185587 0.8147773279352226 0.004442250740375123 0.01282051282051282
20 0.6288252714708786 0.8147773279352226 0.004442250740375123 0.011470985155195682
5 0.519990128331688 0.8309716599190283 0.005923000987166831 0.0033738191632928477
5 0.5567620927936822 0.8255735492577598 0.007897334649555774 0.005398110661268556
5 0.5269002961500494 0.8319838056680162 0.007897334649555774 0.010796221322537112
5 0.5861303060217177 0.8248987854251012 0.003948667324777887 0.012145748987854251
5 0.65893385982231 0.8191632928475033 0.007403751233958539 0.005398110661268556
5 0.5059230009871668 0.8417678812415654 0.0034550839091806516 0.010796221322537112
20 0.6236426456071076 0.8289473684210527 0.004442250740375123 0.012145748987854251
20 0.6142645607107601 0.8302968960863698 0.004442250740375123 0.011470985155195682
5 0.555528134254689 0.8414304993252362 0.0034550839091806516 0.010796221322537112
11 0.4044916090819348 0.8663967611336032 0.04738400789733465 0.04520917678812416
5 0.5074037512339585 0.8545883940620783 0.0029615004935834156 0.009446693657219974
5 0.6238894373149062 0.8383940620782726 0.012339585389930898 0.006747638326585695
5 0.5404738400789734 0.8525641025641025 0.003948667324777887 0.011470985155195682
5 0.6520236920039487 0.8377192982456141 0.007403751233958539 0.005398110661268556
5 0.4452122408687068 0.8707827260458839 0.012339585389930898 0.007422402159244264
5 0.5234452122408687 0.863697705802969 0.004935834155972359 0.017543859649122806
5 0.6525172754195459 0.8451417004048583 0.007403751233958539 0.005398110661268556
5 0.6248766041461007 0.8512145748987854 0.014313919052319843 0.011470985155195682
5 0.44545903257650543 0.8822537112010796 0.014313919052319843 0.010796221322537112
5 0.4054787759131293 0.8906882591093117 0.006910167818361303 0.004723346828609987
5 0.42620927936821323 0.888663967611336 0.007403751233958539 0.004723346828609987
20 0.6164856860809477 0.8653846153846154 0.003948667324777887 0.012145748987854251
5 0.4481737413622902 0.8906882591093117 0.006910167818361303 0.004048582995951417
5 0.4217670286278381 0.8960863697705803 0.007403751233958539 0.004723346828609987
5 0.5165350444225074 0.8903508771929824 0.007897334649555774 0.005398110661268556
5 0.4442250740375123 0.9035087719298246 0.006910167818361303 0.005398110661268556
5 0.6665844027640672 0.8714574898785425 0.0034550839091806516 0.010121457489878543
5 0.466436327739388 0.9024966261808367 0.006910167818361303 0.005398110661268556
20 0.6122902270483712 0.8836032388663968 0.008884501480750246 0.006072874493927126
5 0.5380059230009872 0.8960863697705803 0.007897334649555774 0.020242914979757085
11 0.6414116485686081 0.8819163292847504 0.04738400789733465 0.04723346828609987
24 0.5162882527147088 0.9008097165991903 0.0034550839091806516 0.010121457489878543
5 0.5557749259624877 0.8950742240215924 0.005429417571569595 0.017543859649122806
24 0.5202369200394866 0.9001349527665317 0.003948667324777887 0.011470985155195682
5 0.45409674234945707 0.9102564102564102 0.004442250740375123 0.010796221322537112
5 0.5735439289239882 0.8937246963562753 0.00839091806515301 0.020242914979757085
5 0.5999506416584403 0.8906882591093117 0.007897334649555774 0.020242914979757085
5 0.5920533070088845 0.8917004048582996 0.004935834155972359 0.017543859649122806
5 0.43731490621915103 0.9166666666666666 0.014807502467917079 0.010121457489878543
5 0.5 0.914642375168691 0.007403751233958539 0.004723346828609987
5 0.49136229022704836 0.9163292847503374 0.007403751233958539 0.004723346828609987
5 0.5138203356367226 0.9132928475033738 0.006910167818361303 0.004723346828609987
5 0.42769002961500496 0.9345479082321188 0.007897334649555774 0.005398110661268556
24 0.4901283316880553 0.9254385964912281 0.0034550839091806516 0.010121457489878543
24 0.4940769990128332 0.9247638326585695 0.0024679170779861796 0.009446693657219974
24 0.4980256663376111 0.9251012145748988 0.0034550839091806516 0.010121457489878543
24 0.5024679170779862 0.9244264507422402 0.0029615004935834156 0.008771929824561403
24 0.513573543928924 0.9227395411605938 0.0034550839091806516 0.010121457489878543
5 0.46915103652517276 0.9311740890688259 0.0034550839091806516 0.010121457489878543
24 0.5380059230009872 0.9220647773279352 0.0024679170779861796 0.009446693657219974
24 0.5320829220138203 0.9227395411605938 0.0034550839091806516 0.010796221322537112
24 0.5468904244817374 0.9234143049932524 0.003948667324777887 0.010121457489878543
24 0.4928430404738401 0.9352226720647774 0.007897334649555774 0.005398110661268556
24 0.4960513326752221 0.944331983805668 0.0034550839091806516 0.009446693657219974
24 0.491609081934847 0.9450067476383266 0.0034550839091806516 0.010121457489878543
21 0.33563672260612043 0.9692982456140351 0.015301085883514315 0.049257759784075573
21 0.461253701875617 0.9520917678812416 0.012833168805528134 0.03171390013495277
21 0.4819842053307009 0.949055330634278 0.011846001974333662 0.0310391363022942
5 0.49432379072063176 0.9547908232118758 0.007897334649555774 0.005398110661268556
11 0.420533070088845 0.9753711201079622 0.04738400789733465 0.04588394062078273
21 0.7630799605133267 0.9406207827260459 0.011846001974333662 0.016194331983805668
11 0.700888450148075 0.9507422402159245 0.04738400789733465 0.05128205128205128
5 0.5264067127344522 0.13394062078272603 0.0034550839091806516 0.010121457489878543
5 0.5340572556762093 0.13562753036437247 0.004935834155972359 0.016869095816464237
5 0.19792694965449162 0.18454790823211875 0.005429417571569595 0.016869095816464237
5 0.206071076011846 0.18319838056680163 0.003948667324777887 0.011470985155195682
5 0.5424481737413623 0.13562753036437247 0.007403751233958539 0.020242914979757085
5 0.18904244817374136 0.18657219973009448 0.00839091806515301 0.020242914979757085
21 0.23149062191510364 0.25978407557354927 0.015301085883514315 0.0465587044534413
21 0.09081934846989141 0.36875843454790824 0.09279368213228036 0.043859649122807015
21 0.2063178677196446 0.36639676113360325 0.015301085883514315 0.033738191632928474