21 0.8843320235756386 0.27818791946308724 0.030451866404715127 0.09060402684563758
7 0.9395874263261297 0.27550335570469797 0.0343811394891945 0.11006711409395974
21 0.555992141453831 0.33422818791946307 0.014734774066797643 0.02080536912751678
7 0.4167485265225933 0.38154362416107385 0.2504911591355599 0.3208053691275168
21 0.09479371316306483 0.46442953020134226 0.03683693516699411 0.06375838926174497
21 0.5717092337917485 0.39731543624161075 0.01669941060903733 0.050335570469798654
21 0.20407662082514735 0.4526845637583893 0.012278978388998035 0.0174496644295302
21 0.7730844793713163 0.4147651006711409 0.10510805500982318 0.04563758389261745
21 0.4901768172888016 0.539261744966443 0.012278978388998035 0.018120805369127517
21 0.4670923379174853 0.5540268456375839 0.012278978388998035 0.016778523489932886
5 0.20653241650294696 0.09261744966442953 0.0054027504911591355 0.016778523489932886
21 0.3983300589390963 0.5842281879194631 0.10265225933202357 0.03154362416107383
5 0.19670923379174854 0.0959731543624161 0.007858546168958742 0.019463087248322148
23 0.9577603143418467 0.511744966442953 0.0137524557956778 0.02214765100671141
5 0.21291748526522594 0.0953020134228188 0.003929273084479371 0.010738255033557046
11 0.4693025540275049 0.6016778523489933 0.03536345776031434 0.06510067114093959
11 0.5068762278978389 0.5969798657718121 0.03339882121807466 0.06510067114093959
23 0.9602161100196464 0.5426174496644295 0.0137524557956778 0.021476510067114093
11 0.4169941060903733 0.6409395973154363 0.04764243614931238 0.046308724832214765
11 0.6316306483300589 0.6201342281879194 0.0481335952848723 0.046308724832214765
5 0.5979862475442044 0.6295302013422819 0.00343811394891945 0.010738255033557046
24 0.444007858546169 0.6523489932885906 0.007858546168958742 0.005369127516778523
21 0.7517190569744597 0.6144295302013423 0.012278978388998035 0.018120805369127517
11 0.7116895874263262 0.6208053691275168 0.0481335952848723 0.04563758389261745
24 0.4801080550098232 0.6573825503355705 0.007858546168958742 0.006040268456375839
23 0.9631630648330058 0.5885906040268456 0.01424361493123772 0.02214765100671141
5 0.42657170923379173 0.6677852348993288 0.007858546168958742 0.006040268456375839
24 0.49754420432220037 0.6597315436241611 0.007858546168958742 0.005369127516778523
5 0.5400294695481336 0.6553691275167786 0.0029469548133595285 0.009395973154362415
24 0.5508349705304518 0.6546979865771813 0.00343811394891945 0.010067114093959731
24 0.5459233791748527 0.6553691275167786 0.00343811394891945 0.010738255033557046
24 0.5319253438113949 0.6593959731543624 0.0068762278978389 0.004026845637583893
5 0.5115422396856582 0.6624161073825503 0.007858546168958742 0.020134228187919462
5 0.5218565815324165 0.6607382550335571 0.007858546168958742 0.020134228187919462
5 0.5790766208251473 0.6533557046979865 0.007858546168958742 0.020134228187919462
5 0.5707269155206287 0.6550335570469799 0.0054027504911591355 0.0174496644295302
24 0.4683202357563851 0.6718120805369128 0.0073673870333988214 0.004697986577181208
24 0.47716110019646363 0.6714765100671141 0.008349705304518664 0.005369127516778523
24 0.4580058939096267 0.6741610738255034 0.008349705304518664 0.006040268456375839
24 0.4909135559921415 0.6694630872483222 0.007858546168958742 0.005369127516778523
5 0.4275540275049116 0.6812080536912751 0.007858546168958742 0.006040268456375839
5 0.43786836935166995 0.6802013422818792 0.005893909626719057 0.0174496644295302
5 0.630648330058939 0.6567114093959732 0.012278978388998035 0.00738255033557047
20 0.6105108055009824 0.6724832214765101 0.003929273084479371 0.012080536912751677
5 0.6301571709233792 0.6701342281879195 0.0073673870333988214 0.005369127516778523
24 0.4405697445972495 0.7043624161073826 0.008349705304518664 0.005369127516778523
5 0.4678290766208251 0.7043624161073826 0.00343811394891945 0.010067114093959731
5 0.4860019646365422 0.7023489932885906 0.00343811394891945 0.010067114093959731
5 0.49828094302554027 0.702013422818792 0.00343811394891945 0.010738255033557046
11 0.6716601178781926 0.6771812080536913 0.04764243614931238 0.04563758389261745
20 0.6176326129666012 0.688255033557047 0.0044204322200392925 0.011409395973154362
5 0.706286836935167 0.6781879194630872 0.01424361493123772 0.011409395973154362
5 0.42902750491159136 0.7201342281879195 0.007858546168958742 0.006040268456375839
20 0.6134577603143418 0.6963087248322147 0.0044204322200392925 0.011409395973154362
5 0.5714636542239686 0.7030201342281879 0.007858546168958742 0.005369127516778523
5 0.5270137524557956 0.7100671140939597 0.0054027504911591355 0.0174496644295302
5 0.5510805500982319 0.7087248322147651 0.003929273084479371 0.011409395973154362
5 0.7067779960707269 0.6909395973154362 0.012278978388998035 0.00738255033557047
20 0.6137033398821218 0.7083892617449664 0.0044204322200392925 0.011409395973154362
5 0.5054027504911591 0.7238255033557047 0.0073673870333988214 0.004697986577181208
5 0.3703339882121807 0.7466442953020134 0.008349705304518664 0.005369127516778523
5 0.5525540275049116 0.7204697986577181 0.003929273084479371 0.010738255033557046
5 0.5392927308447937 0.7231543624161074 0.0044204322200392925 0.011409395973154362
5 0.39096267190569745 0.7442953020134229 0.012278978388998035 0.008053691275167786
5 0.4113457760314342 0.7416107382550335 0.008349705304518664 0.006040268456375839
5 0.5152259332023575 0.728523489932886 0.007858546168958742 0.006040268456375839
20 0.6198428290766208 0.7164429530201343 0.003929273084479371 0.011409395973154362
5 0.5663064833005894 0.7251677852348993 0.003929273084479371 0.011409395973154362
21 0.28339882121807464 0.7667785234899329 0.012278978388998035 0.01879194630872483
5 0.5287328094302554 0.7322147651006712 0.0044204322200392925 0.016778523489932886
20 0.6299115913555993 0.7174496644295302 0.003929273084479371 0.011409395973154362
5 0.4931237721021611 0.7385906040268456 0.007858546168958742 0.006040268456375839
5 0.5776031434184676 0.7265100671140939 0.0068762278978389 0.004697986577181208
5 0.5179273084479371 0.738255033557047 0.003929273084479371 0.011409395973154362
20 0.6146856581532416 0.7271812080536912 0.003929273084479371 0.012080536912751677
5 0.5024557956777996 0.7493288590604027 0.007858546168958742 0.005369127516778523
5 0.5429764243614931 0.7442953020134229 0.007858546168958742 0.006040268456375839
5 0.5606581532416502 0.7416107382550335 0.007858546168958742 0.006711409395973154
5 0.5142436149312377 0.7503355704697987 0.003929273084479371 0.011409395973154362
5 0.6905697445972495 0.7251677852348993 0.014734774066797643 0.010738255033557046
5 0.550098231827112 0.7459731543624161 0.003929273084479371 0.011409395973154362
20 0.6122298624754421 0.7375838926174496 0.0044204322200392925 0.012080536912751677
5 0.5302062868369352 0.75 0.004911591355599214 0.016107382550335572
20 0.6225442043222004 0.7369127516778523 0.003929273084479371 0.012080536912751677
5 0.5609037328094303 0.7469798657718121 0.0068762278978389 0.006040268456375839
5 0.5034381139489195 0.7553691275167785 0.007858546168958742 0.006040268456375839
5 0.5203831041257367 0.7526845637583892 0.008349705304518664 0.006040268456375839
5 0.49238703339882123 0.7597315436241611 0.003929273084479371 0.011409395973154362
5 0.5368369351669942 0.7530201342281879 0.0029469548133595285 0.009395973154362415
5 0.5417485265225933 0.7530201342281879 0.003929273084479371 0.011409395973154362
5 0.5461689587426326 0.7526845637583892 0.003929273084479371 0.010738255033557046
5 0.5098231827111984 0.7577181208053692 0.00343811394891945 0.010067114093959731
5 0.5542730844793713 0.7513422818791946 0.003929273084479371 0.010738255033557046
5 0.5724459724950884 0.7486577181208054 0.00343811394891945 0.010067114093959731
5 0.6591355599214146 0.738255033557047 0.0073673870333988214 0.005369127516778523
20 0.6191060903732809 0.7453020134228188 0.0044204322200392925 0.012080536912751677
5 0.4432711198428291 0.7721476510067115 0.012278978388998035 0.006711409395973154
5 0.5147347740667977 0.7630872483221477 0.00343811394891945 0.010067114093959731
5 0.5196463654223968 0.7624161073825504 0.003929273084479371 0.010738255033557046
5 0.5569744597249509 0.7597315436241611 0.0073673870333988214 0.005369127516778523
5 0.537819253438114 0.7657718120805369 0.003929273084479371 0.011409395973154362
5 0.5240667976424361 0.7677852348993288 0.00343811394891945 0.010067114093959731
5 0.5309430255402751 0.7674496644295302 0.0054027504911591355 0.0174496644295302
5 0.5422396856581533 0.7657718120805369 0.003929273084479371 0.011409395973154362
20 0.6139489194499018 0.7563758389261745 0.003929273084479371 0.012080536912751677
5 0.5135068762278978 0.7721476510067115 0.007858546168958742 0.005369127516778523
5 0.5579567779960707 0.7657718120805369 0.007858546168958742 0.006040268456375839
5 0.5491159135559921 0.7674496644295302 0.007858546168958742 0.006040268456375839
5 0.44523575638506874 0.7825503355704698 0.01424361493123772 0.010067114093959731
5 0.6490667976424361 0.7560402684563758 0.0073673870333988214 0.004697986577181208
5 0.5984774066797642 0.7651006711409396 0.0073673870333988214 0.004697986577181208
20 0.6230353634577603 0.7630872483221477 0.00343811394891945 0.011409395973154362
5 0.675343811394892 0.7570469798657719 0.014734774066797643 0.010738255033557046
5 0.49852652259332025 0.7828859060402684 0.012278978388998035 0.00738255033557047
5 0.5117878192534381 0.7812080536912752 0.011787819253438114 0.00738255033557047
5 0.5245579567779961 0.7791946308724832 0.012770137524557957 0.008053691275167786
5 0.5385559921414538 0.7778523489932886 0.011787819253438114 0.006711409395973154
5 0.5518172888015717 0.7758389261744967 0.012278978388998035 0.00738255033557047
5 0.5645874263261297 0.7748322147651007 0.012278978388998035 0.00738255033557047
20 0.6176326129666012 0.7711409395973154 0.0044204322200392925 0.011409395973154362
5 0.44695481335952847 0.7976510067114094 0.01424361493123772 0.010738255033557046
5 0.505648330058939 0.7912751677852349 0.007858546168958742 0.005369127516778523
5 0.5149803536345776 0.7899328859060403 0.0073673870333988214 0.005369127516778523
5 0.5326620825147348 0.7909395973154363 0.004911591355599214 0.016778523489932886
5 0.5257858546168959 0.7919463087248322 0.0044204322200392925 0.010738255033557046
5 0.5395383104125737 0.7906040268456376 0.00343811394891945 0.010738255033557046
5 0.5527996070726916 0.7885906040268457 0.0029469548133595285 0.0087248322147651
5 0.6765717092337917 0.771476510067114 0.01424361493123772 0.010738255033557046
5 0.5461689587426326 0.7922818791946309 0.0073673870333988214 0.005369127516778523
20 0.6166502946954814 0.7842281879194631 0.0044204322200392925 0.012080536912751677
5 0.4481827111984283 0.8090604026845638 0.011787819253438114 0.008053691275167786
5 0.5221021611001965 0.7993288590604026 0.003929273084479371 0.011409395973154362
5 0.5176817288801572 0.7996644295302013 0.003929273084479371 0.010738255033557046
5 0.4223968565815324 0.8140939597315436 0.007858546168958742 0.005369127516778523
5 0.5093320235756386 0.8070469798657718 0.003929273084479371 0.011409395973154362
5 0.5267681728880157 0.8046979865771812 0.0044204322200392925 0.010738255033557046
5 0.5761296660117878 0.7973154362416107 0.003929273084479371 0.010738255033557046
5 0.5582023575638507 0.8006711409395973 0.003929273084479371 0.012080536912751677
5 0.5427308447937131 0.8050335570469799 0.0068762278978389 0.004026845637583893
5 0.5648330058939096 0.8023489932885906 0.007858546168958742 0.006040268456375839
5 0.5341355599214146 0.8083892617449664 0.0054027504911591355 0.0174496644295302
5 0.6976915520628684 0.7845637583892617 0.012278978388998035 0.00738255033557047
5 0.5139980353634578 0.811744966442953 0.00343811394891945 0.010738255033557046
5 0.5547642436149313 0.8067114093959732 0.0044204322200392925 0.010738255033557046
5 0.5493614931237721 0.8073825503355705 0.003929273084479371 0.010738255033557046
5 0.5230844793713163 0.811744966442953 0.0044204322200392925 0.011409395973154362
20 0.6178781925343811 0.7996644295302013 0.0044204322200392925 0.013422818791946308
20 0.6262278978388998 0.7983221476510067 0.0044204322200392925 0.012751677852348993
5 0.5427308447937131 0.8110738255033557 0.007858546168958742 0.006040268456375839
5 0.5655697445972495 0.8077181208053691 0.0073673870333988214 0.005369127516778523
5 0.5837426326129665 0.811744966442953 0.0073673870333988214 0.004697986577181208
5 0.6635559921414538 0.803020134228188 0.0073673870333988214 0.004697986577181208
5 0.4533398821218075 0.8359060402684564 0.00343811394891945 0.010738255033557046
5 0.4960707269155206 0.8332214765100671 0.005893909626719057 0.010738255033557046
5 0.5731827111984283 0.8228187919463087 0.003929273084479371 0.011409395973154362
20 0.6200884086444007 0.8161073825503355 0.0044204322200392925 0.012751677852348993
20 0.6343320235756386 0.8161073825503355 0.0044204322200392925 0.011409395973154362
5 0.5260314341846758 0.8322147651006712 0.005893909626719057 0.003355704697986577
5 0.56262278978389 0.8271812080536913 0.007858546168958742 0.005369127516778523
5 0.5331532416502947 0.8332214765100671 0.007858546168958742 0.010738255033557046
5 0.5918467583497053 0.8261744966442953 0.003929273084479371 0.012080536912751677
5 0.6645383104125737 0.8204697986577181 0.0073673870333988214 0.005369127516778523
5 0.5120333988212181 0.8429530201342282 0.00343811394891945 0.010738255033557046
20 0.6291748526522594 0.8302013422818791 0.0044204322200392925 0.012080536912751677
20 0.6198428290766208 0.8315436241610739 0.0044204322200392925 0.011409395973154362
5 0.5613948919449901 0.8426174496644295 0.00343811394891945 0.010738255033557046
11 0.4113457760314342 0.8677852348993289 0.047151277013752456 0.04496644295302014
5 0.5135068762278978 0.8557046979865772 0.0029469548133595285 0.009395973154362415
5 0.6294204322200393 0.8395973154362416 0.012278978388998035 0.006711409395973154
5 0.5464145383104125 0.8536912751677852 0.003929273084479371 0.011409395973154362
5 0.6574165029469549 0.8392617449664429 0.0073673870333988214 0.005369127516778523
5 0.45162082514734775 0.8721476510067114 0.012278978388998035 0.00738255033557047
5 0.5294695481335953 0.864765100671141 0.004911591355599214 0.0174496644295302
5 0.6579076620825147 0.8463087248322148 0.0073673870333988214 0.005369127516778523
5 0.6304027504911591 0.8523489932885906 0.01424361493123772 0.011409395973154362
5 0.4518664047151277 0.8835570469798658 0.01424361493123772 0.010738255033557046
5 0.4120825147347741 0.8919463087248322 0.0068762278978389 0.004697986577181208
5 0.43271119842829076 0.8895973154362417 0.0073673870333988214 0.004697986577181208
20 0.6220530451866405 0.8664429530201342 0.003929273084479371 0.012080536912751677
5 0.4545677799607073 0.8919463087248322 0.0068762278978389 0.004026845637583893
5 0.42829076620825146 0.8969798657718121 0.0073673870333988214 0.004697986577181208
5 0.5225933202357563 0.8916107382550336 0.007858546168958742 0.005369127516778523
5 0.4506385068762279 0.9046979865771813 0.0068762278978389 0.005369127516778523
5 0.6719056974459725 0.8728187919463087 0.00343811394891945 0.010067114093959731
5 0.4727406679764244 0.9033557046979865 0.0068762278978389 0.005369127516778523
20 0.6178781925343811 0.8845637583892617 0.008840864440078585 0.006040268456375839
5 0.543958742632613 0.8973154362416107 0.007858546168958742 0.020134228187919462
11 0.6471021611001965 0.8832214765100671 0.047151277013752456 0.04697986577181208
24 0.5225933202357563 0.9016778523489933 0.00343811394891945 0.010067114093959731
5 0.5616404715127702 0.8959731543624161 0.0054027504911591355 0.0174496644295302
24 0.5265225933202358 0.9010067114093959 0.003929273084479371 0.011409395973154362
5 0.46046168958742634 0.9114093959731544 0.0044204322200392925 0.010738255033557046
5 0.5793222003929273 0.8949664429530201 0.008349705304518664 0.020134228187919462
5 0.6055992141453831 0.8916107382550336 0.007858546168958742 0.020134228187919462
5 0.5979862475442044 0.8929530201342282 0.004911591355599214 0.0174496644295302
5 0.443762278978389 0.9177852348993288 0.014734774066797643 0.010067114093959731
5 0.506385068762279 0.9154362416107382 0.0073673870333988214 0.004697986577181208
5 0.49754420432220037 0.9174496644295302 0.0073673870333988214 0.004697986577181208
5 0.5198919449901768 0.9140939597315436 0.0068762278978389 0.004697986577181208
5 0.43418467583497056 0.9352348993288591 0.007858546168958742 0.005369127516778523
24 0.4963163064833006 0.926510067114094 0.00343811394891945 0.010067114093959731
24 0.5002455795677799 0.9258389261744966 0.002455795677799607 0.009395973154362415
24 0.5041748526522594 0.9258389261744966 0.00343811394891945 0.010067114093959731
24 0.5085952848722987 0.9251677852348993 0.0029469548133595285 0.0087248322147651
24 0.5196463654223968 0.9238255033557047 0.00343811394891945 0.010067114093959731
5 0.47544204322200395 0.9322147651006711 0.00343811394891945 0.010067114093959731
24 0.543958742632613 0.9228187919463087 0.002455795677799607 0.009395973154362415
24 0.5380648330058939 0.9238255033557047 0.00343811394891945 0.010738255033557046
24 0.5527996070726916 0.9241610738255034 0.003929273084479371 0.010067114093959731
24 0.49901768172888017 0.9362416107382551 0.007858546168958742 0.005369127516778523
24 0.5022102161100196 0.9449664429530201 0.00343811394891945 0.009395973154362415
24 0.49778978388998035 0.9456375838926174 0.00343811394891945 0.010067114093959731
21 0.3425834970530452 0.9701342281879195 0.015225933202357564 0.04899328859060403
21 0.4675834970530452 0.9526845637583893 0.012770137524557957 0.03154362416107383
21 0.48821218074656186 0.9496644295302014 0.011787819253438114 0.03087248322147651
5 0.50049115913556 0.9553691275167785 0.007858546168958742 0.005369127516778523
11 0.42706286836935164 0.9761744966442953 0.047151277013752456 0.04563758389261745
21 0.7679273084479371 0.9412751677852349 0.011787819253438114 0.016107382550335572
11 0.706041257367387 0.9506711409395974 0.047151277013752456 0.049664429530201344
5 0.5324165029469549 0.1389261744966443 0.00343811394891945 0.010067114093959731
5 0.5400294695481336 0.14060402684563758 0.004911591355599214 0.016778523489932886
5 0.2055500982318271 0.18926174496644296 0.0054027504911591355 0.016778523489932886
5 0.21365422396856582 0.18825503355704698 0.003929273084479371 0.011409395973154362
5 0.5483791748526523 0.14093959731543623 0.0073673870333988214 0.020134228187919462
5 0.19670923379174854 0.1912751677852349 0.008349705304518664 0.020134228187919462
21 0.23894891944990176 0.26409395973154365 0.015225933202357564 0.046308724832214765
21 0.09896856581532416 0.37281879194630874 0.09233791748526522 0.0436241610738255
21 0.21389980353634577 0.3704697986577181 0.015225933202357564 0.03355704697986577