5 0.6575100806451613 0.3646694214876033 0.007560483870967742 0.006198347107438017
5 0.5297379032258065 0.3440082644628099 0.008064516129032258 0.006198347107438017
24 0.7792338709677419 0.38739669421487605 0.003528225806451613 0.010330578512396695
24 0.7535282258064516 0.384297520661157 0.004032258064516129 0.010330578512396695
11 0.47681451612903225 0.33987603305785125 0.02469758064516129 0.01859504132231405
7 0.4480846774193548 0.3384986225895317 0.014616935483870967 0.01997245179063361
24 0.9037298387096774 0.41494490358126723 0.0030241935483870967 0.009641873278236915
24 0.8921370967741935 0.4132231404958678 0.003528225806451613 0.009641873278236915
24 0.9138104838709677 0.4166666666666667 0.003528225806451613 0.009641873278236915
24 0.9372479838709677 0.42079889807162535 0.003528225806451613 0.009641873278236915
24 0.4574092741935484 0.3409090909090909 0.0045362903225806455 0.011019283746556474
5 0.49243951612903225 0.34676308539944906 0.004032258064516129 0.011707988980716254
5 0.49798387096774194 0.3484848484848485 0.004032258064516129 0.011019283746556474
20 0.9475806451612904 0.4294077134986226 0.004032258064516129 0.011019283746556474
24 0.5249495967741935 0.36260330578512395 0.007560483870967742 0.006198347107438017
15 0.5892137096774194 0.378099173553719 0.11693548387096774 0.162534435261708
5 0.524445564516129 0.368801652892562 0.007560483870967742 0.006198347107438017
5 0.6527217741935484 0.39325068870523416 0.008064516129032258 0.006198347107438017
24 0.9067540322580645 0.4383608815426997 0.003528225806451613 0.010330578512396695
24 0.5239415322580645 0.375 0.007560483870967742 0.006198347107438017
24 0.9289314516129032 0.44421487603305787 0.004032258064516129 0.010330578512396695
18 0.7507560483870968 0.41494490358126723 0.015120967741935484 0.03994490358126722
18 0.7769657258064516 0.4194214876033058 0.015120967741935484 0.03925619834710744
5 0.6517137096774194 0.3991046831955923 0.007560483870967742 0.006198347107438017
24 0.5234375 0.38050964187327824 0.008064516129032258 0.005509641873278237
24 0.4347278225806452 0.36707988980716255 0.0045362903225806455 0.010330578512396695
5 0.522429435483871 0.38636363636363635 0.007056451612903226 0.006198347107438017
6 0.4705141129032258 0.381198347107438 0.03780241935483871 0.05440771349862259
5 0.6489415322580645 0.41460055096418735 0.007560483870967742 0.006198347107438017
5 0.5221774193548387 0.3939393939393939 0.007560483870967742 0.006887052341597796
7 0.4329637096774194 0.3818870523415978 0.014112903225806451 0.014462809917355372
24 0.49470766129032256 0.3956611570247934 0.003528225806451613 0.010330578512396695
5 0.657258064516129 0.4273415977961432 0.014616935483870967 0.011707988980716254
5 0.5183971774193549 0.41356749311294766 0.012600806451612902 0.008953168044077135
22 0.9148185483870968 0.48484848484848486 0.05241935483870968 0.07024793388429752
5 0.6459173387096774 0.4418044077134986 0.007560483870967742 0.0048209366391184574
17 0.4301915322580645 0.40633608815426997 0.01663306451612903 0.03925619834710744
7 0.8034274193548387 0.4696969696969697 0.014112903225806451 0.01997245179063361
5 0.5425907258064516 0.45454545454545453 0.0045362903225806455 0.010330578512396695
21 0.22379032258064516 0.4022038567493113 0.11088709677419355 0.05165289256198347
5 0.5854334677419355 0.46453168044077137 0.004032258064516129 0.010330578512396695
5 0.5801411290322581 0.4662534435261708 0.004032258064516129 0.011707988980716254
24 0.5955141129032258 0.4703856749311295 0.004032258064516129 0.011707988980716254
5 0.5725806451612904 0.4669421487603306 0.008064516129032258 0.02066115702479339
20 0.4279233870967742 0.4428374655647383 0.0045362903225806455 0.012396694214876033
24 0.8986895161290323 0.5223829201101928 0.004032258064516129 0.011019283746556474
11 0.4647177419354839 0.453168044077135 0.03528225806451613 0.0674931129476584
5 0.6192036290322581 0.47899449035812675 0.007560483870967742 0.02066115702479339
11 0.5040322580645161 0.4597107438016529 0.03528225806451613 0.0674931129476584
11 0.65625 0.49483471074380164 0.036290322580645164 0.0674931129476584
24 0.6035786290322581 0.5013774104683195 0.004032258064516129 0.011707988980716254
24 0.5919858870967742 0.5 0.004032258064516129 0.011707988980716254
24 0.569304435483871 0.4962121212121212 0.004032258064516129 0.011707988980716254
24 0.5637600806451613 0.49552341597796146 0.0045362903225806455 0.011019283746556474
20 0.2505040322580645 0.44490358126721763 0.007560483870967742 0.006198347107438017
24 0.2620967741935484 0.4476584022038568 0.007560483870967742 0.006198347107438017
24 0.8986895161290323 0.5681818181818182 0.015120967741935484 0.013774104683195593
15 0.8384576612903226 0.5588842975206612 0.020161290322580645 0.02203856749311295
15 0.8611391129032258 0.5626721763085399 0.020161290322580645 0.02134986225895317
24 0.4110383064516129 0.490702479338843 0.004032258064516129 0.009641873278236915
24 0.4178427419354839 0.49242424242424243 0.003528225806451613 0.009641873278236915
20 0.43598790322580644 0.49552341597796146 0.003528225806451613 0.011707988980716254
11 0.8792842741935484 0.5740358126721763 0.017137096774193547 0.03168044077134986
5 0.17918346774193547 0.45798898071625344 0.010080645161290322 0.02134986225895317
5 0.8976814516129032 0.5833333333333334 0.012096774193548387 0.011707988980716254
11 0.2734375 0.4793388429752066 0.04889112903225806 0.048209366391184574
2 0.03553427419354839 0.44008264462809915 0.04838709677419355 0.047520661157024795
30 0.14566532258064516 0.459366391184573 0.057459677419354836 0.05027548209366391
5 0.8571068548387096 0.5785123966942148 0.010080645161290322 0.009641873278236915
5 0.8344254032258065 0.574724517906336 0.011592741935483871 0.011019283746556474
21 0.9223790322580645 0.5909090909090909 0.026713709677419355 0.05165289256198347
11 0.19556451612903225 0.4800275482093664 0.027721774193548387 0.05096418732782369
5 0.8273689516129032 0.5867768595041323 0.011088709677419355 0.009641873278236915
5 0.5836693548387096 0.5471763085399449 0.004032258064516129 0.011707988980716254
5 0.5786290322580645 0.5471763085399449 0.0045362903225806455 0.011019283746556474
5 0.17767137096774194 0.4807162534435262 0.011088709677419355 0.010330578512396695
5 0.8550907258064516 0.5943526170798898 0.007056451612903226 0.015151515151515152
5 0.930695564516129 0.6077823691460055 0.008064516129032258 0.01584022038567493
5 0.8669354838709677 0.5984848484848485 0.010080645161290322 0.02066115702479339
24 0.8770161290322581 0.599862258953168 0.009072580645161291 0.02134986225895317
24 0.8868447580645161 0.6015840220385675 0.009576612903225807 0.01997245179063361
5 0.5720766129032258 0.550275482093664 0.005544354838709678 0.01721763085399449
5 0.5887096774193549 0.553030303030303 0.006048387096774193 0.01790633608815427
5 0.5604838709677419 0.5488980716253443 0.008064516129032258 0.02066115702479339
16 0.84375 0.5971074380165289 0.015625 0.030991735537190084
5 0.5990423387096774 0.556129476584022 0.007560483870967742 0.01997245179063361
30 0.22731854838709678 0.4951790633608815 0.018145161290322582 0.022727272727272728
28 0.8954133064516129 0.609504132231405 0.009072580645161291 0.013085399449035813
7 0.5105846774193549 0.546831955922865 0.014616935483870967 0.02134986225895317
28 0.16280241935483872 0.4893250688705234 0.008568548387096774 0.012396694214876033
5 0.21370967741935484 0.49931129476584024 0.007560483870967742 0.01584022038567493
24 0.8228326612903226 0.6019283746556474 0.009576612903225807 0.01928374655647383
20 0.42263104838709675 0.5368457300275482 0.07459677419354839 0.07506887052341597
6 0.08366935483870967 0.48278236914600553 0.05997983870967742 0.12052341597796143
5 0.8308971774193549 0.6101928374655647 0.007560483870967742 0.008264462809917356
5 0.012852822580645162 0.4731404958677686 0.008064516129032258 0.01584022038567493
7 0.5350302419354839 0.5626721763085399 0.015120967741935484 0.02066115702479339
15 0.8596270161290323 0.6184573002754821 0.01965725806451613 0.02203856749311295
5 0.8455141129032258 0.6170798898071626 0.007560483870967742 0.008264462809917356
5 0.8301411290322581 0.6191460055096418 0.007056451612903226 0.008264462809917356
11 0.1381048387096774 0.5037878787878788 0.027721774193548387 0.05027548209366391
24 0.1748991935483871 0.5113636363636364 0.009576612903225807 0.01997245179063361
24 0.1844758064516129 0.5130853994490359 0.009576612903225807 0.02066115702479339
5 0.15498991935483872 0.5086088154269972 0.009576612903225807 0.02134986225895317
24 0.16481854838709678 0.5103305785123967 0.010584677419354838 0.02066115702479339
16 0.20236895161290322 0.5165289256198347 0.022681451612903226 0.022727272727272728
24 0.22807459677419356 0.5210055096418733 0.010080645161290322 0.01997245179063361
24 0.21900201612903225 0.5196280991735537 0.010584677419354838 0.02134986225895317
24 0.8205645161290323 0.6232782369146006 0.010080645161290322 0.02066115702479339
7 0.7235383064516129 0.6067493112947658 0.03931451612903226 0.05371900826446281
7 0.578125 0.5902203856749312 0.015625 0.02203856749311295
7 0.5587197580645161 0.587465564738292 0.016129032258064516 0.02066115702479339
7 0.6310483870967742 0.6005509641873278 0.015120967741935484 0.02134986225895317
16 0.8412298387096774 0.6356749311294766 0.016129032258064516 0.030303030303030304
7 0.5970262096774194 0.5946969696969697 0.015625 0.02066115702479339
7 0.6486895161290323 0.6033057851239669 0.015120967741935484 0.02134986225895317
7 0.6136592741935484 0.5974517906336089 0.014616935483870967 0.022727272727272728
11 0.11517137096774194 0.5144628099173554 0.017641129032258066 0.03168044077134986
20 0.17464717741935484 0.5272038567493113 0.008568548387096774 0.008264462809917356
5 0.1615423387096774 0.5258264462809917 0.011088709677419355 0.011707988980716254
7 0.31502016129032256 0.5516528925619835 0.039818548387096774 0.05578512396694215
5 0.8508064516129032 0.6422176308539945 0.007560483870967742 0.01584022038567493
5 0.8225806451612904 0.6394628099173554 0.010584677419354838 0.009641873278236915
5 0.1827116935483871 0.5327134986225895 0.007056451612903226 0.015151515151515152
24 0.4805947580645161 0.5853994490358126 0.003528225806451613 0.011019283746556474
20 0.15171370967741934 0.5316804407713499 0.007056451612903226 0.015151515151515152
15 0.20287298387096775 0.5409779614325069 0.017137096774193547 0.023415977961432508
5 0.8094758064516129 0.6442837465564738 0.007056451612903226 0.015151515151515152
24 0.16053427419354838 0.5368457300275482 0.010584677419354838 0.009641873278236915
20 0.6907762096774194 0.6263774104683195 0.005544354838709678 0.01790633608815427
27 0.02746975806451613 0.5151515151515151 0.04939516129032258 0.08471074380165289
16 0.8737399193548387 0.6577134986225895 0.03326612903225806 0.05440771349862259
10 0.13180443548387097 0.5334022038567493 0.020161290322580645 0.01652892561983471
24 0.17263104838709678 0.543732782369146 0.009576612903225807 0.01584022038567493
32 0.8205645161290323 0.65633608815427 0.017137096774193547 0.024104683195592287
24 0.15902217741935484 0.546831955922865 0.010080645161290322 0.009641873278236915
5 0.10509072580645161 0.5378787878787878 0.007056451612903226 0.015151515151515152
5 0.5012600806451613 0.6057162534435262 0.008064516129032258 0.006198347107438017
5 0.1123991935483871 0.5416666666666666 0.006048387096774193 0.011019283746556474
20 0.15045362903225806 0.5482093663911846 0.007056451612903226 0.015151515151515152
10 0.8387096774193549 0.6642561983471075 0.011088709677419355 0.027548209366391185
5 0.20463709677419356 0.5585399449035813 0.012096774193548387 0.012396694214876033
24 0.6897681451612904 0.6422176308539945 0.004032258064516129 0.010330578512396695
24 0.5120967741935484 0.6136363636363636 0.0045362903225806455 0.009641873278236915
5 0.8472782258064516 0.6701101928374655 0.008064516129032258 0.01584022038567493
24 0.13382056451612903 0.5516528925619835 0.010080645161290322 0.02203856749311295
5 0.1587701612903226 0.5564738292011019 0.011088709677419355 0.010330578512396695
24 0.7845262096774194 0.6621900826446281 0.010080645161290322 0.02066115702479339
16 0.7966229838709677 0.6642561983471075 0.015625 0.03168044077134986
5 0.49974798387096775 0.6143250688705234 0.008064516129032258 0.005509641873278237
20 0.17162298387096775 0.5602617079889807 0.008568548387096774 0.008264462809917356
24 0.29107862903225806 0.5809228650137741 0.006048387096774193 0.012396694214876033
5 0.0733366935483871 0.5451101928374655 0.015120967741935484 0.013774104683195593
5 0.08845766129032258 0.5482093663911846 0.014112903225806451 0.013085399449035813
6 0.4659778225806452 0.6122589531680441 0.038306451612903226 0.03856749311294766
5 0.20337701612903225 0.5681818181818182 0.011592741935483871 0.011019283746556474
5 0.8072076612903226 0.6707988980716253 0.007056451612903226 0.015151515151515152
11 0.9138104838709677 0.6928374655647382 0.027721774193548387 0.048898071625344354
24 0.8235887096774194 0.6790633608815427 0.009576612903225807 0.01928374655647383
20 0.6877520161290323 0.6584022038567493 0.006048387096774193 0.01859504132231405
5 0.17615927419354838 0.5726584022038568 0.007560483870967742 0.015151515151515152
10 0.1615423387096774 0.5709366391184573 0.020161290322580645 0.01790633608815427
11 0.4982358870967742 0.628099173553719 0.02469758064516129 0.01859504132231405
24 0.28931451612903225 0.5943526170798898 0.0045362903225806455 0.011707988980716254
10 0.19934475806451613 0.5798898071625345 0.01965725806451613 0.01652892561983471
5 0.005292338709677419 0.5516528925619835 0.007560483870967742 0.015151515151515152
28 0.8951612903225806 0.7028236914600551 0.008568548387096774 0.013085399449035813
11 0.8384576612903226 0.6949035812672176 0.017137096774193547 0.03168044077134986
15 0.11164314516129033 0.5826446280991735 0.05594758064516129 0.07644628099173553
7 0.7159778225806451 0.6852617079889807 0.039818548387096774 0.05509641873278237
5 0.13961693548387097 0.5888429752066116 0.006048387096774193 0.010330578512396695
5 0.873991935483871 0.7131542699724518 0.007056451612903226 0.015151515151515152
11 0.8578629032258065 0.7114325068870524 0.02721774193548387 0.048209366391184574
5 0.1459173387096774 0.5926308539944903 0.007560483870967742 0.01652892561983471
10 0.1592741935483871 0.5946969696969697 0.02066532258064516 0.01721763085399449
5 0.17338709677419356 0.5977961432506887 0.008568548387096774 0.01652892561983471
5 0.9039818548387096 0.721763085399449 0.014112903225806451 0.014462809917355372
15 0.8870967741935484 0.7196969696969697 0.019153225806451613 0.022727272727272728
24 0.5428427419354839 0.6618457300275482 0.007560483870967742 0.005509641873278237
24 0.5171370967741935 0.6590909090909091 0.008064516129032258 0.005509641873278237
24 0.5292338709677419 0.6618457300275482 0.007056451612903226 0.005509641873278237
7 0.24495967741935484 0.615358126721763 0.014112903225806451 0.02066115702479339
27 0.022681451612903226 0.5785123966942148 0.04536290322580645 0.05509641873278237
24 0.805695564516129 0.7100550964187328 0.009576612903225807 0.01997245179063361
30 0.8185483870967742 0.712465564738292 0.017641129032258066 0.023415977961432508
7 0.3084677419354839 0.6301652892561983 0.039818548387096774 0.05509641873278237
24 0.8321572580645161 0.7193526170798898 0.010080645161290322 0.02066115702479339
5 0.1383568548387097 0.6036501377410468 0.005544354838709678 0.010330578512396695
24 0.5110887096774194 0.6697658402203857 0.007560483870967742 0.005509641873278237
5 0.9027217741935484 0.7362258953168044 0.014616935483870967 0.013774104683195593
7 0.061743951612903226 0.5957300275482094 0.02620967741935484 0.023415977961432508
5 0.14415322580645162 0.6115702479338843 0.007560483870967742 0.01584022038567493
5 0.46622983870967744 0.6663223140495868 0.006048387096774193 0.01790633608815427
5 0.48513104838709675 0.6704545454545454 0.008064516129032258 0.01997245179063361
28 0.12827620967741934 0.6132920110192838 0.009576612903225807 0.013085399449035813
24 0.506804435483871 0.6794077134986226 0.008064516129032258 0.006198347107438017
24 0.5196572580645161 0.6821625344352618 0.008568548387096774 0.006198347107438017
24 0.5453629032258065 0.6914600550964187 0.007560483870967742 0.0048209366391184574
24 0.5320060483870968 0.6914600550964187 0.008064516129032258 0.006198347107438017
20 0.37701612903225806 0.6890495867768595 0.004032258064516129 0.011707988980716254
24 0.5491431451612904 0.7221074380165289 0.007560483870967742 0.005509641873278237
24 0.5504032258064516 0.7365702479338843 0.004032258064516129 0.011019283746556474
20 0.3777721774193548 0.7121212121212122 0.004032258064516129 0.011707988980716254
20 0.3860887096774194 0.7155647382920111 0.005040322580645161 0.012396694214876033
20 0.3762600806451613 0.724862258953168 0.0045362903225806455 0.012396694214876033
7 0.7182459677419355 0.7885674931129476 0.017137096774193547 0.023415977961432508
20 0.36567540322580644 0.7300275482093664 0.0045362903225806455 0.012396694214876033
20 0.3782762096774194 0.740358126721763 0.004032258064516129 0.013085399449035813
24 0.5418346774193549 0.7796143250688705 0.003528225806451613 0.011019283746556474
20 0.37752016129032256 0.7548209366391184 0.0045362903225806455 0.012396694214876033
20 0.3644153225806452 0.7541322314049587 0.005040322580645161 0.012396694214876033
20 0.37600806451612906 0.7665289256198347 0.004032258064516129 0.011707988980716254
20 0.3636592741935484 0.7692837465564738 0.0045362903225806455 0.013085399449035813
15 0.46244959677419356 0.7885674931129476 0.16481854838709678 0.22589531680440772
20 0.3792842741935484 0.7761707988980716 0.004032258064516129 0.011707988980716254
20 0.37298387096774194 0.7772038567493113 0.005040322580645161 0.013085399449035813
20 0.36643145161290325 0.7830578512396694 0.009072580645161291 0.005509641873278237
20 0.3737399193548387 0.7902892561983471 0.004032258064516129 0.012396694214876033
20 0.36794354838709675 0.7985537190082644 0.005040322580645161 0.013085399449035813
20 0.3744959677419355 0.8071625344352618 0.0045362903225806455 0.013085399449035813
20 0.3676915322580645 0.8143939393939394 0.0045362903225806455 0.013774104683195593
7 0.7865423387096774 0.8784435261707989 0.05897177419354839 0.24173553719008264
7 0.8490423387096774 0.8832644628099173 0.05897177419354839 0.23209366391184574
20 0.3737399193548387 0.8250688705234159 0.0045362903225806455 0.013774104683195593
7 0.0950100806451613 0.7796143250688705 0.05997983870967742 0.2692837465564738
7 0.17162298387096775 0.7926997245179064 0.05846774193548387 0.2679063360881543
7 0.29158266129032256 0.818870523415978 0.03931451612903226 0.05440771349862259
24 0.3137600806451613 0.8601928374655647 0.004032258064516129 0.011019283746556474
20 0.30367943548387094 0.8598484848484849 0.014616935483870967 0.01790633608815427
20 0.4296875 0.8915289256198347 0.004032258064516129 0.011707988980716254
5 0.5045362903225806 0.9066804407713499 0.007560483870967742 0.005509641873278237
24 0.47505040322580644 0.9018595041322314 0.007560483870967742 0.005509641873278237
5 0.5141129032258065 0.9090909090909091 0.007560483870967742 0.005509641873278237
5 0.4934475806451613 0.90633608815427 0.007560483870967742 0.0048209366391184574
5 0.48286290322580644 0.90633608815427 0.004032258064516129 0.011019283746556474
5 0.46673387096774194 0.9039256198347108 0.004032258064516129 0.011019283746556474
20 0.43951612903225806 0.9004820936639119 0.008568548387096774 0.006198347107438017
24 0.49747983870967744 0.9118457300275482 0.007056451612903226 0.005509641873278237
24 0.5183971774193549 0.9166666666666666 0.008064516129032258 0.006198347107438017
24 0.508820564516129 0.915633608815427 0.003528225806451613 0.010330578512396695
24 0.5047883064516129 0.9149449035812672 0.003528225806451613 0.010330578512396695
20 0.4591733870967742 0.9080578512396694 0.009072580645161291 0.005509641873278237
24 0.4969758064516129 0.9166666666666666 0.007560483870967742 0.0048209366391184574
24 0.5183971774193549 0.9221763085399449 0.007560483870967742 0.005509641873278237
24 0.41255040322580644 0.9094352617079889 0.003528225806451613 0.010330578512396695
24 0.4188508064516129 0.9111570247933884 0.003528225806451613 0.010330578512396695
20 0.42993951612903225 0.9128787878787878 0.004032258064516129 0.013085399449035813
7 0.2840221774193548 0.8966942148760331 0.04032258064516129 0.05509641873278237
11 0.47404233870967744 0.9307851239669421 0.02469758064516129 0.01721763085399449
5 0.40599798387096775 0.9400826446280992 0.007560483870967742 0.02066115702479339
17 0.6537298387096774 0.9810606060606061 0.018145161290322582 0.03650137741046832
15 0.46975806451612906 0.9542011019283747 0.014112903225806451 0.02203856749311295
11 0.36819556451612906 0.9380165289256198 0.04939516129032258 0.049586776859504134
5 0.4810987903225806 0.9590220385674931 0.003528225806451613 0.012396694214876033
5 0.4873991935483871 0.9614325068870524 0.004032258064516129 0.011019283746556474
7 0.5259576612903226 0.9679752066115702 0.018145161290322582 0.0371900826446281
17 0.5055443548387096 0.9652203856749312 0.016129032258064516 0.03925619834710744
5 0.4513608870967742 0.9628099173553719 0.007560483870967742 0.006198347107438017
31 0.4783266129032258 0.977961432506887 0.007056451612903226 0.01997245179063361
5 0.47076612903225806 0.9765840220385675 0.003528225806451613 0.010330578512396695
5 0.4652217741935484 0.9765840220385675 0.004032258064516129 0.012396694214876033
5 0.48639112903225806 0.9800275482093664 0.0045362903225806455 0.011019283746556474
5 0.49143145161290325 0.9807162534435262 0.003528225806451613 0.010330578512396695
11 0.44430443548387094 0.9734848484848485 0.024193548387096774 0.01721763085399449
5 0.5040322580645161 0.9869146005509641 0.01310483870967742 0.008264462809917356
7 0.22026209677419356 0.9455922865013774 0.015625 0.02203856749311295
5 0.31350806451612906 0.9679752066115702 0.004032258064516129 0.008264462809917356
24 0.4256552419354839 0.987603305785124 0.003528225806451613 0.006887052341597796
7 0.6386088709677419 0.12293388429752067 0.4178427419354839 0.12052341597796143
7 0.8951612903225806 0.2741046831955923 0.004032258064516129 0.011707988980716254
2 0.772429435483871 0.2765151515151515 0.03931451612903226 0.05371900826446281
9 0.23790322580645162 0.2255509641873278 0.25 0.4511019283746556
11 0.6869959677419355 0.29476584022038566 0.03528225806451613 0.06680440771349862
5 0.5725806451612904 0.284435261707989 0.005040322580645161 0.01652892561983471
11 0.5415826612903226 0.2799586776859504 0.01310483870967742 0.0337465564738292
5 0.5846774193548387 0.2871900826446281 0.007560483870967742 0.02066115702479339
5 0.6436491935483871 0.29855371900826444 0.006048387096774193 0.01721763085399449
5 0.6030745967741935 0.2916666666666667 0.005544354838709678 0.01721763085399449
5 0.6368447580645161 0.2988980716253444 0.004032258064516129 0.011019283746556474
28 0.4747983870967742 0.2723829201101928 0.041834677419354836 0.05785123966942149
5 0.5912298387096774 0.2926997245179063 0.004032258064516129 0.011019283746556474
5 0.5962701612903226 0.29338842975206614 0.003528225806451613 0.010330578512396695
7 0.9311995967741935 0.36845730027548207 0.0846774193548387 0.07851239669421488
24 0.9417842741935484 0.37086776859504134 0.003528225806451613 0.010330578512396695
24 0.9311995967741935 0.3691460055096419 0.003528225806451613 0.010330578512396695
5 0.532258064516129 0.30991735537190085 0.007560483870967742 0.006198347107438017
24 0.657258064516129 0.3440082644628099 0.008064516129032258 0.006198347107438017
24 0.5272177419354839 0.3226584022038568 0.008568548387096774 0.006198347107438017
7 0.9112903225806451 0.39221763085399447 0.09576612903225806 0.049586776859504134
5 0.5236895161290323 0.3333333333333333 0.014616935483870967 0.011019283746556474
7 0.08568548387096774 0.26170798898071623 0.10887096774193548 0.2162534435261708
17 0.7956149193548387 0.3853305785123967 0.01663306451612903 0.03856749311294766