21 0.1981541802388708 0.39174757281553396 0.02280130293159609 0.07766990291262135
21 0.08903365906623235 0.37912621359223303 0.015743756786102063 0.02621359223300971
21 0.1449511400651466 0.43349514563106795 0.017915309446254073 0.031067961165048542
21 0.4831704668838219 0.5864077669902913 0.08360477741585233 0.1970873786407767
21 0.3569489685124864 0.5475728155339806 0.08523344191096634 0.2
21 0.5993485342019544 0.6262135922330098 0.08414766558089033 0.2
21 0.7277415852334419 0.6684466019417475 0.08306188925081433 0.19805825242718447
28 0.8792073832790445 0.7179611650485437 0.021172638436482084 0.035922330097087375
21 0.9614549402823018 0.7441747572815534 0.05971769815418024 0.1912621359223301
28 0.8412052117263844 0.7072815533980582 0.02062975027144408 0.035922330097087375
21 0.06270358306188925 0.5121359223300971 0.04560260586319218 0.1029126213592233
11 0.508957654723127 0.05145631067961165 0.04017372421281216 0.09805825242718447
21 0.2698154180238871 0.6145631067961165 0.018458197611292075 0.035922330097087375
21 0.12242128121606949 0.5936893203883495 0.02062975027144408 0.05339805825242718
21 0.43403908794788276 0.6990291262135923 0.019001085776330078 0.05533980582524272
21 0.3113463626492943 0.6621359223300971 0.023887079261672096 0.05728155339805825
21 0.5526601520086862 0.7422330097087378 0.02008686210640608 0.05533980582524272
21 0.9280673181324647 0.8616504854368932 0.02062975027144408 0.05825242718446602
21 0.6851248642779587 0.7868932038834952 0.02062975027144408 0.06019417475728155
21 0.8781216069489685 0.8519417475728155 0.02008686210640608 0.05533980582524272
21 0.6389793702497285 0.8063106796116505 0.019001085776330078 0.037864077669902914
5 0.6397937024972855 0.10436893203883495 0.004885993485342019 0.01650485436893204
21 0.03718783930510315 0.6490291262135922 0.01520086862106406 0.027184466019417475
21 0.9505971769815418 0.9723300970873786 0.02008686210640608 0.03495145631067961
24 0.03311617806731813 0.6849514563106797 0.004885993485342019 0.015533980582524271
21 0.5290445168295331 0.007281553398058253 0.03745928338762215 0.014563106796116505
21 0.09011943539630836 0.7611650485436893 0.09066232356134636 0.06019417475728155
21 0.24728555917481 0.8330097087378641 0.08740499457111835 0.20485436893203884
11 0.5920195439739414 0.1029126213592233 0.04017372421281216 0.09902912621359224
21 0.16449511400651465 0.8320388349514564 0.05591748099891422 0.09805825242718447
5 0.6517372421281216 0.12475728155339806 0.006514657980456026 0.02621359223300971
5 0.5572747014115093 0.0970873786407767 0.007057546145494028 0.02621359223300971
21 0.09337676438653637 0.8679611650485437 0.04451682953311618 0.03398058252427184
5 0.6628664495114006 0.13446601941747574 0.004885993485342019 0.01650485436893204
5 0.6178067318132465 0.12135922330097088 0.007057546145494028 0.02524271844660194
5 0.6894679695982627 0.1436893203883495 0.008686210640608035 0.02524271844660194
5 0.6381650380021715 0.12864077669902912 0.004343105320304018 0.015533980582524271
5 0.5415309446254072 0.10097087378640776 0.009771986970684038 0.031067961165048542
5 0.6685667752442996 0.1441747572815534 0.008686210640608035 0.008737864077669903
11 0.7785016286644951 0.1966019417475728 0.05537459283387622 0.07378640776699029
24 0.6677524429967426 0.16262135922330098 0.004885993485342019 0.01650485436893204
5 0.6788816503800217 0.16601941747572815 0.004885993485342019 0.01650485436893204
24 0.6501085776330076 0.15776699029126215 0.0054288816503800215 0.01650485436893204
24 0.6544516829533116 0.15922330097087378 0.004885993485342019 0.01650485436893204
24 0.6634093376764386 0.16213592233009708 0.004885993485342019 0.01650485436893204
24 0.6590662323561346 0.16067961165048544 0.004885993485342019 0.015533980582524271
24 0.6723669923995657 0.1650485436893204 0.004885993485342019 0.015533980582524271
24 0.6259500542888164 0.1553398058252427 0.004885993485342019 0.015533980582524271
24 0.6218783930510315 0.15388349514563107 0.004885993485342019 0.01650485436893204
24 0.6351791530944625 0.15825242718446603 0.004343105320304018 0.015533980582524271
24 0.6441368078175895 0.16116504854368932 0.004885993485342019 0.015533980582524271
24 0.6392508143322475 0.16067961165048544 0.004343105320304018 0.014563106796116505
24 0.6302931596091205 0.15776699029126215 0.004885993485342019 0.015533980582524271
24 0.6843105320304017 0.1912621359223301 0.008686210640608035 0.008737864077669903
24 0.6829533116178067 0.2 0.008686210640608035 0.007766990291262136
5 0.6492942453854506 0.19223300970873786 0.004885993485342019 0.015533980582524271
5 0.6824104234527687 0.20970873786407768 0.008143322475570033 0.008737864077669903
24 0.6362649294245385 0.19805825242718447 0.009229098805646038 0.008737864077669903
24 0.6522801302931596 0.21359223300970873 0.004885993485342019 0.015533980582524271
24 0.6221498371335505 0.20533980582524272 0.004343105320304018 0.01650485436893204
24 0.6574375678610206 0.21650485436893205 0.004885993485342019 0.01650485436893204
7 0.05130293159609121 0.03349514563106796 0.030944625407166124 0.06699029126213592
24 0.6275787187839305 0.20679611650485438 0.004343105320304018 0.015533980582524271
24 0.6324647122692725 0.2087378640776699 0.003800217155266015 0.014563106796116505
24 0.6677524429967426 0.21941747572815534 0.004885993485342019 0.01650485436893204
24 0.7247557003257329 0.23883495145631067 0.008686210640608035 0.008737864077669903
24 0.7144408251900108 0.23640776699029126 0.008143322475570033 0.007766990291262136
24 0.7130836047774158 0.24563106796116504 0.008686210640608035 0.008737864077669903
24 0.7236699239956569 0.24902912621359224 0.008143322475570033 0.007766990291262136
5 0.6799674267100977 0.2412621359223301 0.007057546145494028 0.02621359223300971
21 0.5640608034744843 0.21262135922330097 0.030944625407166124 0.03300970873786408
24 0.6197068403908795 0.2320388349514563 0.004885993485342019 0.015533980582524271
24 0.6243213897937026 0.23349514563106796 0.004343105320304018 0.014563106796116505
24 0.6297502714440825 0.23640776699029126 0.004885993485342019 0.015533980582524271
24 0.6544516829533116 0.2470873786407767 0.004885993485342019 0.01650485436893204
24 0.6490228013029316 0.24611650485436892 0.004343105320304018 0.015533980582524271
24 0.6639522258414766 0.25097087378640776 0.004885993485342019 0.015533980582524271
5 0.5977198697068404 0.24805825242718446 0.009771986970684038 0.03203883495145631
5 0.6577090119435396 0.26990291262135924 0.004885993485342019 0.018446601941747572
5 0.6389793702497285 0.26601941747572816 0.004343105320304018 0.01650485436893204
5 0.6435939196525515 0.2674757281553398 0.004885993485342019 0.01650485436893204
5 0.6335504885993485 0.2650485436893204 0.007057546145494028 0.02621359223300971
11 0.46905537459283386 0.014563106796116505 0.053203040173724216 0.02912621359223301
21 0.49022801302931596 0.2407766990291262 0.03311617806731813 0.07572815533980583
5 0.6137350705754615 0.2902912621359223 0.004885993485342019 0.015533980582524271
5 0.6313789359391965 0.2970873786407767 0.004885993485342019 0.01650485436893204
5 0.6691096634093376 0.3174757281553398 0.01031487513572204 0.031067961165048542
5 0.6392508143322475 0.3111650485436893 0.007057546145494028 0.02524271844660194
11 0.6938110749185668 0.3296116504854369 0.039630836047774155 0.09902912621359224
5 0.6563517915309446 0.31844660194174756 0.00760043431053203 0.027184466019417475
21 0.6449511400651465 0.3781553398058252 0.016286644951140065 0.027184466019417475
21 0.8485342019543974 0.12864077669902912 0.01737242128121607 0.03203883495145631
11 0.7766015200868621 0.10922330097087378 0.05591748099891422 0.07281553398058252
5 0.3330618892508143 0.35388349514563106 0.006514657980456026 0.017475728155339806
21 0.249728555917481 0.33932038834951456 0.03637350705754615 0.2145631067961165
24 0.11997828447339848 0.30145631067961165 0.004885993485342019 0.01650485436893204
21 0.8444625407166124 0.5388349514563107 0.03040173724212812 0.04271844660194175
21 0.7923452768729642 0.5495145631067961 0.02062975027144408 0.059223300970873784
21 0.5434310532030402 0.4742718446601942 0.019543973941368076 0.05825242718446602
21 0.4201954397394137 0.43640776699029127 0.018458197611292075 0.05533980582524272
21 0.6617806731813246 0.5145631067961165 0.018458197611292075 0.05436893203883495