5 0.3644789579158317 0.36235955056179775 0.017034068136272545 0.05377207062600321
5 0.40606212424849697 0.3739967897271268 0.015531062124248497 0.0521669341894061
5 0.3867735470941884 0.36958266452648475 0.016533066132264528 0.052969502407704656
24 0.1968937875751503 0.34590690208667735 0.017034068136272545 0.0521669341894061
18 0.08642284569138277 0.3146067415730337 0.04659318637274549 0.04735152487961477
20 0.3063627254509018 0.3776083467094703 0.03657314629258517 0.07624398073836276
24 0.22244488977955912 0.3539325842696629 0.017034068136272545 0.05457463884430177
30 0.2605210420841683 0.3647672552166934 0.04909819639278557 0.06821829855537721
28 0.3599699398797595 0.43097913322632425 0.008016032064128256 0.014446227929373997
28 0.40305611222444887 0.44341894060995185 0.008517034068136272 0.016853932584269662
18 0.08166332665330661 0.3527287319422151 0.047094188376753505 0.048956661316211875
28 0.374248496993988 0.43579454253611555 0.009018036072144289 0.016051364365971106
28 0.41658316633266534 0.4478330658105939 0.009018036072144289 0.015248796147672551
28 0.3885270541082164 0.43980738362760835 0.009018036072144289 0.014446227929373997
28 0.34619238476953906 0.4281701444622793 0.009519038076152305 0.015248796147672551
28 0.343687374749499 0.449438202247191 0.009018036072144289 0.016051364365971106
28 0.3714929859719439 0.4570626003210273 0.008517034068136272 0.015248796147672551
28 0.3862725450901804 0.46147672552166935 0.01002004008016032 0.01765650080256822
28 0.4000501002004008 0.4658908507223114 0.009018036072144289 0.014446227929373997
28 0.35746492985971945 0.45385232744783305 0.008016032064128256 0.015248796147672551
28 0.41382765531062127 0.46990369181380415 0.008517034068136272 0.015248796147672551
2 0.13827655310621242 0.39285714285714285 0.051603206412825654 0.12520064205457465
18 0.07740480961923847 0.39125200642054575 0.04609218436873747 0.048154093097913325
7 0.7805611222444889 0.5906902086677368 0.3637274549098196 0.8170144462279294
18 0.07289579158316634 0.42897271268057785 0.04659318637274549 0.048154093097913325
28 0.28106212424849697 0.5008025682182986 0.009018036072144289 0.013643659711075442
28 0.2943386773547094 0.5056179775280899 0.009519038076152305 0.016051364365971106
28 0.4619238476953908 0.5537720706260032 0.008517034068136272 0.015248796147672551
28 0.44864729458917835 0.5497592295345104 0.009018036072144289 0.014446227929373997
28 0.29208416833667333 0.5268860353130016 0.009519038076152305 0.016051364365971106
28 0.2790581162324649 0.5240770465489567 0.009018036072144289 0.015248796147672551
28 0.4601703406813627 0.5758426966292135 0.009018036072144289 0.014446227929373997
28 0.4468937875751503 0.57223113964687 0.01002004008016032 0.016051364365971106
18 0.06963927855711423 0.46629213483146065 0.04659318637274549 0.048956661316211875
23 0.12249498997995992 0.5 0.034569138276553106 0.06821829855537721
28 0.2895791583166333 0.5489566613162119 0.009018036072144289 0.014446227929373997
5 0.48547094188376755 0.6051364365971108 0.016533066132264528 0.05377207062600321
28 0.27580160320641284 0.5457463884430177 0.009018036072144289 0.016051364365971106
28 0.4438877755511022 0.5943017656500803 0.008016032064128256 0.012841091492776886
28 0.45716432865731466 0.5979133226324238 0.009018036072144289 0.013643659711075442
15 0.3654809619238477 0.5842696629213483 0.13577154308617234 0.21428571428571427
18 0.06513026052104208 0.5044141252006421 0.04609218436873747 0.048956661316211875
28 0.28707414829659317 0.5710272873194222 0.010521042084168337 0.016051364365971106
28 0.4551603206412826 0.6203852327447833 0.009018036072144289 0.013643659711075442
28 0.27354709418837675 0.5690208667736758 0.008517034068136272 0.014446227929373997
28 0.44138276553106215 0.6163723916532905 0.01002004008016032 0.015248796147672551
28 0.27079158316633267 0.5902889245585875 0.009519038076152305 0.016853932584269662
28 0.2845691382765531 0.5947030497592295 0.01002004008016032 0.015248796147672551
28 0.43887775551102204 0.6384430176565008 0.008517034068136272 0.014446227929373997
28 0.4529058116232465 0.6424558587479936 0.009018036072144289 0.013643659711075442
20 0.14904809619238477 0.5770465489566613 0.030561122244488977 0.07624398073836276
20 0.17109218436873747 0.5846709470304976 0.029559118236472944 0.07463884430176565
24 0.12625250501002003 0.5730337078651685 0.01903807615230461 0.056179775280898875
28 0.28256513026052105 0.6171749598715891 0.010521042084168337 0.016853932584269662
28 0.2687875751503006 0.6131621187800963 0.009018036072144289 0.015248796147672551
28 0.4504008016032064 0.6645264847512039 0.009519038076152305 0.013643659711075442
28 0.436372745490982 0.6621187800963082 0.01002004008016032 0.016051364365971106
18 0.10345691382765532 0.5714285714285714 0.029559118236472944 0.06821829855537721
28 0.3166332665330661 0.6958266452648475 0.009018036072144289 0.013643659711075442
28 0.33041082164328656 0.6998394863563403 0.008517034068136272 0.013643659711075442
28 0.344188376753507 0.7046548956661316 0.009519038076152305 0.014446227929373997
28 0.3584669338677355 0.7086677367576244 0.009519038076152305 0.014446227929373997
28 0.38602204408817636 0.7162921348314607 0.00751503006012024 0.016051364365971106
28 0.3722444889779559 0.7126805778491172 0.009018036072144289 0.015248796147672551
17 0.5814128256513026 0.7732744783306581 0.06412825651302605 0.06500802568218299
24 0.14053106212424848 0.656099518459069 0.01603206412825651 0.05377207062600321
24 0.16157314629258518 0.6629213483146067 0.01503006012024048 0.0521669341894061
20 0.27429859719438876 0.6962279293739968 0.03707414829659319 0.07624398073836276
15 0.21718436873747496 0.6809791332263242 0.08967935871743488 0.17174959871589085
28 0.3143787575150301 0.7174959871589085 0.009519038076152305 0.013643659711075442
28 0.34193386773547096 0.7251203852327448 0.010521042084168337 0.016051364365971106
28 0.3842685370741483 0.7379614767255217 0.009519038076152305 0.016853932584269662
28 0.3276553106212425 0.7219101123595506 0.009519038076152305 0.015248796147672551
28 0.3557114228456914 0.7299357945425361 0.010521042084168337 0.015248796147672551
28 0.36948897795591185 0.7335473515248796 0.008517034068136272 0.015248796147672551
24 0.5653807615230461 0.8258426966292135 0.01753507014028056 0.05056179775280899
24 0.5929358717434869 0.8350722311396469 0.017034068136272545 0.0521669341894061
7 0.057865731462925854 0.6978330658105939 0.11573146292585171 0.2447833065810594
18 0.16007014028056113 0.7455858747993579 0.028557114228456915 0.07463884430176565
8 0.26978957915831664 0.7837078651685393 0.04659318637274549 0.06340288924558588
24 0.19138276553106212 0.7796950240770465 0.02004008016032064 0.019261637239165328
5 0.12099198396793587 0.7784911717495987 0.014028056112224449 0.04975922953451043
24 0.3038577154308617 0.8310593900481541 0.017034068136272545 0.05377207062600321
2 0.374248496993988 0.8607544141252006 0.125250501002004 0.1476725521669342
2 0.503006012024048 0.901685393258427 0.12625250501002003 0.14686998394863562
24 0.26402805611222446 0.8422953451043339 0.03406813627254509 0.026484751203852328
11 0.22144288577154309 0.8434991974317817 0.02755511022044088 0.09470304975922954
24 0.17084168336673347 0.8374799357945425 0.015531062124248497 0.0521669341894061
24 0.1500501002004008 0.8322632423756019 0.016533066132264528 0.0521669341894061
5 0.19188376753507014 0.8443017656500803 0.01603206412825651 0.05457463884430177
28 0.11422845691382766 0.8334670947030498 0.02555110220440882 0.040930979133226325
7 0.5716432865731463 0.16332263242375603 0.24849699398797595 0.22953451043338685
7 0.2650300601202405 0.10674157303370786 0.3937875751503006 0.21348314606741572
24 0.21392785571142284 0.19181380417335472 0.017034068136272545 0.05537720706260032
24 0.24248496993987975 0.20064205457463885 0.018036072144288578 0.05537720706260032
24 0.27004008016032066 0.2086677367576244 0.017034068136272545 0.05457463884430177
24 0.2985971943887776 0.2174959871589085 0.016533066132264528 0.0521669341894061
24 0.5784068136272545 0.2965489566613162 0.017034068136272545 0.0521669341894061
24 0.5220440881763527 0.2804975922953451 0.016533066132264528 0.0521669341894061
24 0.5506012024048096 0.2893258426966292 0.01753507014028056 0.0521669341894061
6 0.3897795591182365 0.29052969502407705 0.16032064128256512 0.1276083467094703
18 0.093937875751503 0.23796147672552168 0.045090180360721446 0.04735152487961477
23 0.14804609218436873 0.27768860353130015 0.036072144288577156 0.06581059390048154
18 0.08967935871743488 0.27648475120385235 0.045090180360721446 0.04654895666131621