5 0.38079299691040164 0.3488467874794069 0.01956745623069001 0.05601317957166392
5 0.4227600411946447 0.3657331136738056 0.018022657054582905 0.05354200988467875
5 0.40370751802265703 0.3587314662273476 0.01905252317198764 0.054365733113673806
24 0.20957775489186406 0.3130148270181219 0.01956745623069001 0.054365733113673806
18 0.09783728115345006 0.2681219110378913 0.04840370751802266 0.05271828665568369
20 0.3205458290422245 0.35790774299835254 0.04016477857878476 0.08072487644151564
24 0.23609680741503605 0.3241350906095552 0.01956745623069001 0.05683690280065898
30 0.27394438722966014 0.3393739703459638 0.05252317198764161 0.07413509060955518
28 0.3730690010298661 0.4188632619439868 0.008238928939237899 0.015650741350906095
28 0.41658084449021626 0.436161449752883 0.009268795056642637 0.018121911037891267
18 0.09140061791967044 0.30642504118616143 0.04943357363542739 0.05518945634266886
28 0.38748712667353247 0.4254530477759473 0.009783728115345005 0.01729818780889621
28 0.43048403707518024 0.44233937397034595 0.009783728115345005 0.016474464579901153
28 0.40190525231719876 0.4312191103789127 0.009268795056642637 0.015650741350906095
28 0.358908341915551 0.41392092257001645 0.009783728115345005 0.015650741350906095
28 0.3555612770339856 0.4357495881383855 0.009783728115345005 0.01729818780889621
28 0.38362512873326465 0.4468698517298188 0.009268795056642637 0.016474464579901153
28 0.39855818743563337 0.45263591433278416 0.010813594232749742 0.018945634266886325
28 0.4129763130792997 0.4592257001647446 0.009268795056642637 0.015650741350906095
28 0.3694644696189495 0.44192751235584843 0.008753861997940269 0.016474464579901153
28 0.42636457260556127 0.4645799011532125 0.009268795056642637 0.016474464579901153
2 0.14752832131822863 0.3542009884678748 0.057157569515962924 0.13097199341021418
18 0.08522142121524202 0.34555189456342666 0.04840370751802266 0.05354200988467875
7 0.797373841400618 0.6000823723228995 0.40525231719876414 0.7981878088962109
18 0.07878475798146241 0.38385502471169686 0.04891864057672503 0.05354200988467875
28 0.28913491246138 0.48105436573311366 0.009783728115345005 0.01400329489291598
28 0.3025231719876416 0.4872322899505766 0.010298661174047374 0.016474464579901153
28 0.4721936148300721 0.556013179571664 0.009268795056642637 0.016474464579901153
28 0.4588053553038105 0.550658978583196 0.009783728115345005 0.014827018121911038
28 0.29917610710607623 0.5090609555189456 0.010298661174047374 0.016474464579901153
28 0.2860453141091658 0.5045304777594728 0.009783728115345005 0.016474464579901153
28 0.4691040164778579 0.578665568369028 0.009783728115345005 0.014827018121911038
28 0.4557157569515963 0.5733113673805601 0.010813594232749742 0.01729818780889621
18 0.0738928939237899 0.42174629324546953 0.04891864057672503 0.054365733113673806
23 0.1264160659114315 0.46210873146622733 0.03810504634397528 0.07248764415156507
28 0.2955715756951596 0.5313014827018122 0.009783728115345005 0.014827018121911038
5 0.4938208032955716 0.6112026359143328 0.01905252317198764 0.05518945634266886
28 0.2814109165808445 0.5267710049423394 0.009783728115345005 0.01729818780889621
28 0.45159629248197736 0.5951400329489291 0.008753861997940269 0.01400329489291598
28 0.4649845520082389 0.6021416803953872 0.009783728115345005 0.01400329489291598
15 0.3717816683831102 0.5761943986820428 0.1462409886714727 0.23064250411861614
18 0.0674562306900103 0.4600494233937397 0.04840370751802266 0.054365733113673806
28 0.291967044284243 0.5539538714991763 0.01132852729145211 0.01729818780889621
28 0.4621524201853759 0.6231466227347611 0.009783728115345005 0.01400329489291598
28 0.27832131822863027 0.549835255354201 0.008753861997940269 0.015650741350906095
28 0.44824922760041197 0.6177924217462932 0.010298661174047374 0.016474464579901153
28 0.2744593202883625 0.5712520593080724 0.010298661174047374 0.01729818780889621
28 0.2883625128733265 0.5778418451400329 0.010298661174047374 0.016474464579901153
28 0.44464469618949537 0.6400329489291599 0.008753861997940269 0.015650741350906095
28 0.4588053553038105 0.6457990115321252 0.009783728115345005 0.01400329489291598
20 0.15036045314109167 0.5440691927512356 0.03398558187435633 0.07990115321252059
20 0.1725025746652935 0.5543657331136738 0.03347064881565397 0.07825370675453047
24 0.12693099897013388 0.5370675453047776 0.021627188465499485 0.05848434925864909
28 0.28527291452111225 0.600494233937397 0.01132852729145211 0.018121911037891267
28 0.2713697219361483 0.5947281713344317 0.009783728115345005 0.016474464579901153
28 0.4552008238928939 0.6680395387149918 0.010298661174047374 0.014827018121911038
28 0.44104016477857877 0.6639209225700164 0.010813594232749742 0.01729818780889621
18 0.10427394438722966 0.5333607907742999 0.032955715756951595 0.07166392092257001
28 0.31668383110195675 0.6849258649093904 0.009783728115345005 0.01400329489291598
28 0.3308444902162719 0.6906919275123559 0.009268795056642637 0.014827018121911038
28 0.345005149330587 0.6972817133443163 0.010298661174047374 0.015650741350906095
28 0.3596807415036045 0.7030477759472817 0.010298661174047374 0.015650741350906095
28 0.3869721936148301 0.7137561779242174 0.008238928939237899 0.016474464579901153
28 0.3733264675592173 0.7092257001647446 0.009783728115345005 0.016474464579901153
17 0.5847064881565397 0.7944810543657331 0.06694129763130793 0.07248764415156507
24 0.13774459320288363 0.6239703459637562 0.018537590113285273 0.05518945634266886
24 0.15911431513903193 0.6330313014827018 0.017507723995880537 0.05354200988467875
20 0.27342945417095776 0.6803953871499177 0.040679711637487126 0.08072487644151564
15 0.21524201853759012 0.658154859967051 0.09783728115345006 0.18204283360790774
28 0.31333676622039136 0.7067545304777595 0.010298661174047374 0.014827018121911038
28 0.34140061791967047 0.7178747940691927 0.01132852729145211 0.01729818780889621
28 0.384140061791967 0.7355848434925865 0.010298661174047374 0.01729818780889621
28 0.3267250257466529 0.7129324546952224 0.009783728115345005 0.015650741350906095
28 0.3553038105046344 0.7240527182866557 0.010813594232749742 0.016474464579901153
28 0.36920700308959836 0.729818780889621 0.009268795056642637 0.016474464579901153
24 0.5664263645726055 0.8463756177924218 0.02008238928939238 0.05271828665568369
24 0.5937178166838311 0.8591433278418451 0.01956745623069001 0.054365733113673806
7 0.057157569515962924 0.6560955518945635 0.11431513903192585 0.26112026359143325
18 0.15447991761071062 0.7178747940691927 0.03244078269824923 0.07825370675453047
8 0.2649330587023687 0.7693574958813838 0.049948506694129764 0.06919275123558484
24 0.18563336766220392 0.7565897858319605 0.02059732234809475 0.0214168039538715
5 0.11225540679711637 0.7471169686985173 0.016477857878475798 0.051894563426688634
24 0.2976313079299691 0.82166392092257 0.01956745623069001 0.05601317957166392
2 0.3684346035015448 0.8599670510708401 0.13233779608650875 0.1630971993410214
2 0.4987126673532441 0.9172158154859967 0.13285272914521112 0.1614497528830313
24 0.2561791967044284 0.8290774299835255 0.035015447991761074 0.030477759472817133
11 0.21266735324407826 0.8249588138385503 0.03192584963954686 0.09719934102141681
24 0.16143151390319257 0.8130148270181219 0.018022657054582905 0.05354200988467875
24 0.1398043254376931 0.8056013179571664 0.01905252317198764 0.054365733113673806
5 0.18177136972193614 0.8220757825370676 0.018537590113285273 0.05601317957166392
28 0.10298661174047374 0.8027182866556837 0.02729145211122554 0.04365733113673806
7 0.601956745623069 0.16886326194398682 0.2590113285272915 0.25947281713344317
7 0.2911946446961895 0.10296540362438221 0.4062821833161689 0.20593080724876442
24 0.23403707518022657 0.1569192751235585 0.01956745623069001 0.057660626029654036
24 0.26287332646755923 0.16927512355848434 0.02059732234809475 0.057660626029654036
24 0.2911946446961895 0.18163097199341022 0.01956745623069001 0.05683690280065898
24 0.319773429454171 0.1927512355848435 0.01905252317198764 0.054365733113673806
24 0.6029866117404737 0.3060131795716639 0.01956745623069001 0.054365733113673806
24 0.546086508753862 0.2833607907742998 0.01905252317198764 0.054365733113673806
24 0.575437693099897 0.2957166392092257 0.02008238928939238 0.054365733113673806
6 0.4098867147270855 0.278006589785832 0.16632337796086508 0.14662273476112025
18 0.10890834191555097 0.1902800658978583 0.04685890834191555 0.05271828665568369
23 0.16246138002059732 0.2372322899505766 0.03913491246138002 0.0700164744645799
18 0.10272914521112256 0.22940691927512355 0.04737384140061792 0.051894563426688634