5 0.3421985815602837 0.353322528363047 0.017223910840932118 0.05429497568881685
5 0.3842451874366768 0.36547811993517015 0.015704154002026342 0.0526742301458671
5 0.36524822695035464 0.3606158833063209 0.016717325227963525 0.05348460291734198
24 0.17274569402228976 0.3371150729335494 0.017223910840932118 0.0526742301458671
18 0.061043566362715296 0.3055105348460292 0.04711246200607903 0.04781199351701783
20 0.28343465045592703 0.36912479740680715 0.036980749746707196 0.07698541329011345
24 0.19908814589665655 0.34521880064829824 0.017223910840932118 0.055105348460291734
30 0.23708206686930092 0.3557536466774716 0.04964539007092199 0.06888168557536467
28 0.33763931104356637 0.42301458670988656 0.008105369807497468 0.014586709886547812
28 0.38120567375886527 0.4351701782820097 0.008611955420466059 0.017017828200972446
18 0.05623100303951368 0.34359805510534847 0.047619047619047616 0.04943273905996758
28 0.35207700101317124 0.42787682333873583 0.00911854103343465 0.01620745542949757
28 0.39488348530901723 0.440032414910859 0.00911854103343465 0.01539708265802269
28 0.3665146909827761 0.4319286871961102 0.00911854103343465 0.014586709886547812
28 0.32370820668693007 0.419773095623987 0.009625126646403243 0.01539708265802269
28 0.3211752786220871 0.4412479740680713 0.00911854103343465 0.01620745542949757
28 0.34929078014184395 0.4493517017828201 0.008611955420466059 0.01539708265802269
28 0.36423505572441744 0.4534035656401945 0.010131712259371834 0.017828200972447326
28 0.3786727456940223 0.4582658022690438 0.00911854103343465 0.014586709886547812
28 0.3351063829787234 0.4461102106969206 0.008105369807497468 0.01539708265802269
28 0.39209726443769 0.46231766612641817 0.008611955420466059 0.01539708265802269
2 0.11347517730496454 0.38452188006482985 0.05217831813576494 0.12641815235008103
18 0.05192502532928065 0.3824959481361426 0.04660587639311044 0.04862236628849271
7 0.7644376899696048 0.5850891410048622 0.3677811550151976 0.8282009724473258
18 0.047365754812563325 0.42098865478119935 0.04711246200607903 0.04862236628849271
28 0.25785207700101315 0.49351701782820095 0.00911854103343465 0.013776337115072933
28 0.2712765957446808 0.4979740680713128 0.009625126646403243 0.01620745542949757
28 0.44072948328267475 0.5465964343598055 0.008611955420466059 0.01539708265802269
28 0.42730496453900707 0.5429497568881686 0.00911854103343465 0.014586709886547812
28 0.2689969604863222 0.5194489465153971 0.009625126646403243 0.01620745542949757
28 0.2558257345491388 0.516612641815235 0.00911854103343465 0.01539708265802269
28 0.4389564336372847 0.5692868719611021 0.00911854103343465 0.014586709886547812
28 0.425531914893617 0.5652350081037277 0.010131712259371834 0.01620745542949757
18 0.044072948328267476 0.4586709886547812 0.04711246200607903 0.04943273905996758
23 0.0975177304964539 0.49270664505672607 0.034954407294832825 0.06888168557536467
28 0.26646403242147926 0.5417341977309562 0.00911854103343465 0.014586709886547812
5 0.4645390070921986 0.5984602917341977 0.016717325227963525 0.05429497568881685
28 0.25253292806484295 0.5388978930307942 0.00911854103343465 0.01620745542949757
28 0.42249240121580545 0.5875202593192869 0.008105369807497468 0.012965964343598054
28 0.43566362715298884 0.5927876823338736 0.00911854103343465 0.013776337115072933
15 0.34321175278622085 0.5773905996758509 0.13728470111448834 0.21636952998379255
18 0.03951367781155015 0.4967585089141005 0.04660587639311044 0.04943273905996758
28 0.26393110435663625 0.5644246353322528 0.010638297872340425 0.01620745542949757
28 0.4338905775075988 0.6138573743922204 0.00911854103343465 0.013776337115072933
28 0.2502532928064843 0.5619935170178282 0.008611955420466059 0.014586709886547812
28 0.4199594731509625 0.609805510534846 0.010131712259371834 0.01539708265802269
28 0.24746707193515705 0.5834683954619124 0.009625126646403243 0.017017828200972446
28 0.2613981762917933 0.5883306320907618 0.010131712259371834 0.01539708265802269
28 0.41742654508611954 0.6320907617504052 0.008611955420466059 0.014586709886547812
28 0.4316109422492401 0.6361426256077796 0.00911854103343465 0.013776337115072933
20 0.12436676798378926 0.570097244732577 0.03090172239108409 0.07698541329011345
20 0.1466565349544073 0.5782009724473258 0.02988855116514691 0.0753646677471637
24 0.10131712259371833 0.5660453808752026 0.019250253292806486 0.05672609400324149
28 0.25937183383991896 0.6106158833063209 0.010638297872340425 0.017017828200972446
28 0.2454407294832827 0.6065640194489466 0.00911854103343465 0.01539708265802269
28 0.42907801418439717 0.6584278768233387 0.009625126646403243 0.013776337115072933
28 0.4148936170212766 0.6564019448946515 0.010131712259371834 0.01620745542949757
18 0.078774062816616 0.5648298217179902 0.02988855116514691 0.06888168557536467
28 0.2938196555217832 0.6904376012965965 0.00911854103343465 0.013776337115072933
28 0.30775075987841943 0.6944894651539708 0.008611955420466059 0.013776337115072933
28 0.3221884498480243 0.6993517017828201 0.009625126646403243 0.014586709886547812
28 0.3366261398176292 0.7034035656401945 0.009625126646403243 0.014586709886547812
28 0.3639817629179331 0.7111021069692058 0.007598784194528876 0.01620745542949757
28 0.3505572441742654 0.7078606158833063 0.00911854103343465 0.01539708265802269
17 0.5615501519756839 0.7682333873581848 0.06484295845997974 0.06564019448946515
24 0.1157548125633232 0.6499189627228525 0.016210739614994935 0.05429497568881685
24 0.13703140830800406 0.656807131280389 0.015197568389057751 0.0526742301458671
20 0.2510131712259372 0.6908427876823339 0.037487335359675786 0.07698541329011345
15 0.19326241134751773 0.6750405186385737 0.09067882472137791 0.17341977309562398
28 0.2915400202634245 0.7119124797406807 0.009625126646403243 0.013776337115072933
28 0.31940222897669707 0.7196110210696921 0.010638297872340425 0.01620745542949757
28 0.36220871327254306 0.7325769854132901 0.009625126646403243 0.017017828200972446
28 0.3049645390070922 0.7163695299837926 0.009625126646403243 0.01539708265802269
28 0.3333333333333333 0.7244732576985413 0.010638297872340425 0.01539708265802269
28 0.3472644376899696 0.7285251215559158 0.008611955420466059 0.01539708265802269
24 0.5458459979736575 0.8213128038897893 0.01773049645390071 0.051053484602917344
24 0.5732016210739616 0.8310372771474879 0.017223910840932118 0.0526742301458671
7 0.04559270516717325 0.6936790923824959 0.0911854103343465 0.24473257698541329
18 0.13601823708206687 0.7406807131280388 0.028875379939209727 0.0753646677471637
8 0.24645390070921985 0.7791734197730956 0.04711246200607903 0.0640194489465154
24 0.16818642350557245 0.7751215559157212 0.020263424518743668 0.019448946515397084
5 0.09599797365754813 0.7735008103727715 0.014184397163120567 0.050243111831442464
24 0.2809017223910841 0.826580226904376 0.017223910840932118 0.05429497568881685
2 0.35207700101317124 0.8565640194489466 0.12664640324214793 0.14910858995137763
2 0.48226950354609927 0.8982982171799028 0.1276595744680851 0.14829821717990274
24 0.24037487335359675 0.8383306320907618 0.034447821681864235 0.02674230145867099
11 0.19756838905775076 0.8391410048622366 0.027862208713272545 0.09562398703403566
24 0.1469098277608916 0.833063209076175 0.015704154002026342 0.0526742301458671
24 0.12537993920972645 0.8277957860615883 0.016717325227963525 0.0526742301458671
5 0.16717325227963525 0.8399513776337115 0.016210739614994935 0.055105348460291734
28 0.08915906788247213 0.8294165316045381 0.025835866261398176 0.041329011345218804
7 0.5516717325227963 0.15235008103727715 0.2512664640324215 0.23176661264181522
7 0.24164133738601823 0.10170178282009724 0.3981762917933131 0.2034035656401945
24 0.1899696048632219 0.18152350081037277 0.017223910840932118 0.055915721231766614
24 0.2188449848024316 0.19043760129659643 0.0182370820668693 0.055915721231766614
24 0.24721377912867273 0.19894651539708266 0.017223910840932118 0.055105348460291734
24 0.2755825734549139 0.20705024311183146 0.016717325227963525 0.0526742301458671
24 0.5585106382978723 0.28687196110210694 0.017223910840932118 0.0526742301458671
24 0.5015197568389058 0.27106969205834686 0.016717325227963525 0.0526742301458671
24 0.5309017223910841 0.2799837925445705 0.01773049645390071 0.0526742301458671
6 0.3677811550151976 0.2807941653160454 0.16210739614994935 0.12884927066450566
18 0.06864235055724417 0.22771474878444084 0.04559270516717325 0.04781199351701783
23 0.12335359675785208 0.2678282009724473 0.0364741641337386 0.06645056726094004
18 0.06433637284701114 0.2670178282009725 0.04559270516717325 0.04700162074554295