5 0.39509169363538293 0.34067357512953367 0.018878101402373247 0.05785837651122625
5 0.4395900755124056 0.3544905008635579 0.017259978425026967 0.05613126079447323
5 0.41936353829557715 0.3493091537132988 0.018338727076591153 0.05699481865284974
24 0.21494066882416396 0.3182210708117444 0.018878101402373247 0.05613126079447323
18 0.09627831715210355 0.2810880829015544 0.05016181229773463 0.05267702936096719
20 0.33225458468176916 0.3553540587219344 0.039913700107874865 0.08290155440414508
24 0.2429881337648328 0.327720207253886 0.018878101402373247 0.05872193436960276
30 0.28317152103559873 0.34024179620034545 0.05339805825242718 0.07426597582037997
28 0.389428263214671 0.41450777202072536 0.008629989212513484 0.015544041450777202
28 0.4355447680690399 0.42875647668393785 0.009169363538295576 0.018134715025906734
18 0.09088457389428263 0.3216753022452504 0.05070118662351672 0.054404145077720206
28 0.4048004314994606 0.4201208981001727 0.009708737864077669 0.018134715025906734
28 0.45037756202804746 0.43436960276338515 0.009708737864077669 0.017271157167530225
28 0.42017259978425026 0.42487046632124353 0.009708737864077669 0.016407599309153715
28 0.37459546925566345 0.4106217616580311 0.010248112189859764 0.016407599309153715
28 0.371898597626753 0.43350604490500866 0.009708737864077669 0.018134715025906734
28 0.4015641855447681 0.4430051813471503 0.009169363538295576 0.016407599309153715
28 0.41720604099244873 0.4477547495682211 0.010787486515641856 0.018998272884283247
28 0.4325782092772384 0.4533678756476684 0.009708737864077669 0.016407599309153715
28 0.3864617044228695 0.43911917098445596 0.008629989212513484 0.016407599309153715
28 0.44687162891046384 0.4581174438687392 0.009169363538295576 0.016407599309153715
2 0.15129449838187703 0.36701208981001726 0.05663430420711974 0.13471502590673576
18 0.08576051779935275 0.36312607944732295 0.04962243797195254 0.05267702936096719
7 0.8203883495145631 0.5772884283246977 0.3581445523193096 0.8436960276338514
18 0.08036677454153182 0.40371329879101897 0.05016181229773463 0.0535405872193437
28 0.3036677454153182 0.48747841105354056 0.009708737864077669 0.01468048359240069
28 0.3179611650485437 0.49265975820379965 0.010248112189859764 0.017271157167530225
28 0.49784250269687164 0.5496545768566494 0.009169363538295576 0.016407599309153715
28 0.4835490830636462 0.5449050086355786 0.010248112189859764 0.015544041450777202
28 0.31526429341963325 0.5155440414507773 0.010248112189859764 0.017271157167530225
28 0.3012405609492988 0.5120898100172712 0.009708737864077669 0.017271157167530225
28 0.4954153182308522 0.5734024179620034 0.010248112189859764 0.015544041450777202
28 0.4811218985976268 0.5690846286701209 0.010787486515641856 0.017271157167530225
18 0.07659115426105717 0.4438687392055268 0.05016181229773463 0.054404145077720206
23 0.13295577130528588 0.48186528497409326 0.037756202804746494 0.07340241796200346
28 0.3122977346278317 0.5392918825561313 0.010248112189859764 0.015544041450777202
5 0.5223840345199569 0.6053540587219344 0.018338727076591153 0.05785837651122625
28 0.2974649406688242 0.5354058721934369 0.009708737864077669 0.018134715025906734
28 0.4778856526429342 0.5924006908462867 0.008629989212513484 0.013816925734024179
28 0.4919093851132686 0.5984455958549223 0.009708737864077669 0.01468048359240069
15 0.39374325782092773 0.5794473229706391 0.1483279395900755 0.23402417962003455
18 0.07119741100323625 0.4844559585492228 0.04962243797195254 0.0535405872193437
28 0.3093311758360302 0.5630397236614854 0.011326860841423949 0.017271157167530225
28 0.48975188781014023 0.6208981001727115 0.009708737864077669 0.01468048359240069
28 0.2947680690399137 0.5600172711571675 0.009169363538295576 0.015544041450777202
28 0.4749190938511327 0.6161485319516408 0.010787486515641856 0.016407599309153715
28 0.29153182308522113 0.582901554404145 0.010248112189859764 0.018134715025906734
28 0.3063646170442287 0.5885146804835925 0.010787486515641856 0.016407599309153715
28 0.47195253505933116 0.6398963730569949 0.009169363538295576 0.015544041450777202
28 0.4867853290183387 0.6446459412780656 0.009708737864077669 0.01468048359240069
20 0.16073354908306364 0.5651986183074266 0.03344120819848975 0.08203799654576857
20 0.18446601941747573 0.57426597582038 0.03290183387270766 0.08117443868739206
24 0.13619201725997843 0.5600172711571675 0.021035598705501618 0.06044905008635579
28 0.30393743257820927 0.6122625215889465 0.011326860841423949 0.018134715025906734
28 0.2891046386192017 0.6075129533678757 0.009708737864077669 0.017271157167530225
28 0.48408845738942824 0.6683937823834197 0.010248112189859764 0.01468048359240069
28 0.4689859762675297 0.6653713298791019 0.010787486515641856 0.017271157167530225
18 0.1121898597626753 0.5578583765112263 0.032362459546925564 0.07340241796200346
28 0.3395361380798274 0.6981865284974094 0.009708737864077669 0.01468048359240069
28 0.35436893203883496 0.7029360967184801 0.009708737864077669 0.015544041450777202
28 0.3697411003236246 0.7085492227979274 0.010787486515641856 0.015544041450777202
28 0.3851132686084142 0.7132987910189983 0.010787486515641856 0.015544041450777202
28 0.41423948220064727 0.7223661485319517 0.008090614886731391 0.017271157167530225
28 0.39994606256742177 0.7184801381692574 0.009708737864077669 0.017271157167530225
17 0.6237864077669902 0.7892918825561313 0.06903991370010787 0.07167530224525043
24 0.15048543689320387 0.6498272884283247 0.01779935275080906 0.05785837651122625
24 0.17313915857605178 0.6575993091537133 0.016720604099244876 0.05613126079447323
20 0.2942286947141316 0.6973229706390328 0.040453074433656956 0.08290155440414508
15 0.23274002157497303 0.6787564766839378 0.09816612729234088 0.18652849740932642
28 0.33683926645091694 0.7210708117443869 0.010248112189859764 0.01468048359240069
28 0.36650485436893204 0.7301381692573402 0.011326860841423949 0.017271157167530225
28 0.4120819848975189 0.7452504317789291 0.010248112189859764 0.018134715025906734
28 0.3511326860841424 0.7262521588946459 0.010248112189859764 0.016407599309153715
28 0.3813376483279396 0.7357512953367875 0.011326860841423949 0.016407599309153715
28 0.39617044228694714 0.7405008635578584 0.009169363538295576 0.016407599309153715
24 0.6065264293419633 0.8454231433506045 0.019417475728155338 0.055267702936096716
24 0.6353829557713053 0.8562176165803109 0.018878101402373247 0.05613126079447323
7 0.06202804746494067 0.6917098445595855 0.12405609492988134 0.2659758203799655
18 0.1709816612729234 0.7469775474956822 0.03182308522114347 0.08117443868739206
8 0.2882955771305286 0.7914507772020726 0.05070118662351672 0.06994818652849741
24 0.20496224379719524 0.7845423143350605 0.021574973031283712 0.02158894645941278
5 0.127831715210356 0.7810880829015544 0.01564185544768069 0.0535405872193437
24 0.32416396979503775 0.842832469775475 0.018878101402373247 0.05785837651122625
2 0.39994606256742177 0.8769430051813472 0.13592233009708737 0.16234887737478412
2 0.5382955771305286 0.9218480138169257 0.13700107874865156 0.15457685664939552
24 0.28128371089536136 0.8540587219343696 0.036677454153182305 0.02936096718480138
11 0.23570658036677455 0.8540587219343696 0.030744336569579287 0.10189982728842832
24 0.1814994606256742 0.8458549222797928 0.017259978425026967 0.05613126079447323
24 0.15884573894282633 0.8398100172711571 0.018338727076591153 0.05613126079447323
5 0.20307443365695793 0.8536269430051814 0.01779935275080906 0.05872193436960276
28 0.1202804746494067 0.8402417962003454 0.028047464940668825 0.044905008635578586
7 0.6202804746494067 0.13298791018998274 0.2686084142394822 0.25302245250431776
7 0.29153182308522113 0.09153713298791019 0.42448759439050704 0.18307426597582038
24 0.2348975188781014 0.15284974093264247 0.018878101402373247 0.05958549222797927
24 0.2656418554476807 0.16321243523316062 0.019956850053937433 0.06044905008635579
24 0.29557713052858686 0.17357512953367876 0.018878101402373247 0.05872193436960276
24 0.325782092772384 0.18264248704663213 0.018338727076591153 0.05613126079447323
24 0.6259439050701187 0.2763385146804836 0.018878101402373247 0.05613126079447323
24 0.5658036677454154 0.25734024179620035 0.018338727076591153 0.05613126079447323
24 0.5968176914778857 0.26813471502590674 0.019417475728155338 0.05699481865284974
6 0.4231391585760518 0.26424870466321243 0.17313915857605178 0.14075993091537134
18 0.10517799352750809 0.19861830742659758 0.04854368932038835 0.05181347150259067
23 0.16316073354908306 0.24309153713298792 0.039374325782092774 0.07167530224525043
18 0.10032362459546926 0.24006908462867013 0.04908306364617044 0.05094991364421416