4 0.6977900552486188 0.05886243386243386 0.008287292817679558 0.031746031746031744
4 0.7138121546961326 0.05952380952380952 0.0077348066298342545 0.03835978835978836
23 0.8955801104972375 0.031746031746031744 0.009392265193370166 0.03571428571428571
4 0.8878453038674033 0.03373015873015873 0.0077348066298342545 0.03439153439153439
23 0.21464088397790054 0.14682539682539683 0.008287292817679558 0.03439153439153439
4 0.811878453038674 0.047619047619047616 0.009392265193370166 0.0291005291005291
4 0.8776243093922652 0.037037037037037035 0.009392265193370166 0.031746031746031744
4 0.8041436464088397 0.0496031746031746 0.008839779005524863 0.0291005291005291
23 0.24033149171270718 0.14417989417989419 0.008839779005524863 0.03306878306878307
23 0.656353591160221 0.07473544973544974 0.009392265193370166 0.03571428571428571
4 0.848342541436464 0.042328042328042326 0.008839779005524863 0.03042328042328042
4 0.8558011049723757 0.041005291005291 0.008287292817679558 0.03306878306878307
4 0.8704419889502762 0.03902116402116402 0.008287292817679558 0.03306878306878307
4 0.8408839779005525 0.04431216931216931 0.008287292817679558 0.0291005291005291
23 0.6480662983425415 0.07671957671957672 0.0077348066298342545 0.03439153439153439
4 0.8632596685082873 0.041005291005291 0.0077348066298342545 0.03306878306878307
4 0.7607734806629834 0.05886243386243386 0.0077348066298342545 0.03042328042328042
4 0.7676795580110497 0.057539682539682536 0.008287292817679558 0.031746031746031744
4 0.7828729281767955 0.05489417989417989 0.008287292817679558 0.0291005291005291
4 0.8196132596685083 0.04894179894179894 0.008839779005524863 0.031746031746031744
4 0.8342541436464088 0.046296296296296294 0.008287292817679558 0.03042328042328042
4 0.7903314917127072 0.05423280423280423 0.0077348066298342545 0.031746031746031744
4 0.7975138121546961 0.05291005291005291 0.0077348066298342545 0.03042328042328042
4 0.8270718232044199 0.04828042328042328 0.0071823204419889505 0.03042328042328042
4 0.775414364640884 0.056878306878306875 0.0077348066298342545 0.03042328042328042
4 0.7386740331491712 0.06415343915343916 0.0077348066298342545 0.037037037037037035
4 0.7461325966850829 0.06283068783068783 0.008287292817679558 0.037037037037037035
4 0.7535911602209945 0.061507936507936505 0.0066298342541436465 0.03439153439153439
4 0.7243093922651934 0.0667989417989418 0.008287292817679558 0.037037037037037035
4 0.731767955801105 0.06613756613756613 0.0071823204419889505 0.03439153439153439
4 0.9085635359116022 0.05423280423280423 0.009944751381215469 0.05026455026455026
23 0.7243093922651934 0.10383597883597884 0.008839779005524863 0.03306878306878307
23 0.7325966850828729 0.10251322751322751 0.0077348066298342545 0.031746031746031744
23 0.03535911602209945 0.21957671957671956 0.008839779005524863 0.037037037037037035
4 0.02430939226519337 0.22354497354497355 0.012154696132596685 0.04365079365079365
23 0.7116022099447514 0.12235449735449735 0.016574585635359115 0.018518518518518517
4 0.8897790055248619 0.10648148148148148 0.0077348066298342545 0.03835978835978836
23 0.7124309392265193 0.14285714285714285 0.015469613259668509 0.01984126984126984
4 0.7284530386740331 0.1402116402116402 0.017679558011049725 0.031746031746031744
4 0.3251381215469613 0.22288359788359788 0.014917127071823204 0.022486772486772486
23 0.71353591160221 0.16335978835978837 0.014364640883977901 0.017195767195767195
23 0.8856353591160221 0.14153439153439154 0.016022099447513812 0.01984126984126984
23 0.3256906077348066 0.24206349206349206 0.015469613259668509 0.021164021164021163
23 0.7129834254143647 0.18386243386243387 0.016022099447513812 0.01984126984126984
4 0.730110497237569 0.1832010582010582 0.016022099447513812 0.023809523809523808
23 0.88646408839779 0.1626984126984127 0.014917127071823204 0.022486772486772486
23 0.71353591160221 0.2037037037037037 0.016022099447513812 0.01984126984126984
15 0.8279005524861879 0.18915343915343916 0.051933701657458566 0.1349206349206349
23 0.9267955801104972 0.17394179894179895 0.017679558011049725 0.022486772486772486
23 0.9425414364640884 0.1712962962962963 0.016022099447513812 0.021164021164021163
4 0.887292817679558 0.18253968253968253 0.014917127071823204 0.01984126984126984
4 0.8654696132596685 0.19642857142857142 0.014917127071823204 0.017195767195767195
4 0.7306629834254144 0.2208994708994709 0.015469613259668509 0.021164021164021163
23 0.7143646408839779 0.22420634920634921 0.014917127071823204 0.01984126984126984
23 0.9425414364640884 0.19113756613756613 0.013812154696132596 0.01984126984126984
4 0.9276243093922651 0.19444444444444445 0.015469613259668509 0.023809523809523808
23 0.7151933701657458 0.24537037037037038 0.014917127071823204 0.01984126984126984
23 0.943646408839779 0.21164021164021163 0.016574585635359115 0.022486772486772486
23 0.6604972375690608 0.2665343915343915 0.014917127071823204 0.026455026455026454
23 0.643646408839779 0.2705026455026455 0.020441988950276244 0.027777777777777776
23 0.6737569060773481 0.2698412698412698 0.0077348066298342545 0.031746031746031744
4 0.7320441988950276 0.26256613756613756 0.016022099447513812 0.02513227513227513
23 0.7160220994475138 0.2665343915343915 0.015469613259668509 0.021164021164021163
4 0.9292817679558011 0.23544973544973544 0.014917127071823204 0.02513227513227513
23 0.9447513812154696 0.23412698412698413 0.016022099447513812 0.023809523809523808
23 0.7165745856353591 0.2857142857142857 0.016022099447513812 0.02513227513227513
23 0.945303867403315 0.2533068783068783 0.014917127071823204 0.022486772486772486
23 0.6522099447513812 0.3029100529100529 0.008839779005524863 0.03571428571428571
4 0.6441988950276243 0.3055555555555556 0.009392265193370166 0.03439153439153439
4 0.523756906077348 0.328042328042328 0.014364640883977901 0.022486772486772486
23 0.5085635359116022 0.3306878306878307 0.016022099447513812 0.022486772486772486
23 0.3124309392265193 0.37433862433862436 0.011602209944751382 0.018518518518518517
4 0.9298342541436464 0.2757936507936508 0.014917127071823204 0.022486772486772486
23 0.9461325966850829 0.27380952380952384 0.016022099447513812 0.021164021164021163
23 0.6837016574585635 0.32076719576719576 0.0077348066298342545 0.03439153439153439
4 0.6632596685082873 0.3247354497354497 0.011049723756906077 0.04365079365079365
23 0.675414364640884 0.32275132275132273 0.008839779005524863 0.03439153439153439
4 0.9171270718232044 0.2876984126984127 0.009392265193370166 0.03439153439153439
4 0.8662983425414365 0.2962962962962963 0.010497237569060774 0.03571428571428571
4 0.8831491712707182 0.29365079365079366 0.008839779005524863 0.037037037037037035
4 0.8323204419889503 0.30224867724867727 0.009392265193370166 0.03439153439153439
4 0.9 0.291005291005291 0.008839779005524863 0.03571428571428571
4 0.8494475138121547 0.3002645502645503 0.009944751381215469 0.037037037037037035
4 0.7450276243093923 0.3187830687830688 0.010497237569060774 0.03968253968253968
4 0.7621546961325967 0.31613756613756616 0.011049723756906077 0.03835978835978836
4 0.7801104972375691 0.3134920634920635 0.008839779005524863 0.03439153439153439
4 0.7279005524861878 0.32275132275132273 0.011049723756906077 0.03968253968253968
4 0.7988950276243094 0.31084656084656087 0.008839779005524863 0.03439153439153439
4 0.6290055248618784 0.34325396825396826 0.008839779005524863 0.03439153439153439
23 0.6533149171270718 0.3392857142857143 0.009392265193370166 0.03439153439153439
23 0.6450276243093923 0.3412698412698413 0.008839779005524863 0.037037037037037035
23 0.6116022099447513 0.3472222222222222 0.010497237569060774 0.03835978835978836
23 0.6209944751381216 0.3458994708994709 0.0077348066298342545 0.03835978835978836
23 0.5066298342541437 0.36904761904761907 0.008287292817679558 0.03306878306878307
23 0.49806629834254146 0.3888888888888889 0.010497237569060774 0.03571428571428571
23 0.8759668508287293 0.3306878306878307 0.008287292817679558 0.031746031746031744
23 0.9093922651933701 0.3253968253968254 0.009944751381215469 0.03571428571428571
23 0.9259668508287293 0.32275132275132273 0.010497237569060774 0.03439153439153439
23 0.8842541436464089 0.330026455026455 0.008839779005524863 0.031746031746031744
23 0.8925414364640883 0.3287037037037037 0.009392265193370166 0.03439153439153439
23 0.8585635359116022 0.3353174603174603 0.009392265193370166 0.03306878306878307
23 0.8668508287292818 0.3333333333333333 0.009392265193370166 0.03439153439153439
23 0.9008287292817679 0.328042328042328 0.009944751381215469 0.03439153439153439
23 0.9179558011049723 0.3247354497354497 0.009392265193370166 0.03968253968253968
23 0.8502762430939227 0.33664021164021163 0.008287292817679558 0.03306878306878307
23 0.8417127071823205 0.3386243386243386 0.008839779005524863 0.03306878306878307
23 0.8334254143646409 0.3412698412698413 0.009392265193370166 0.03439153439153439
23 0.3146408839779006 0.4279100529100529 0.011602209944751382 0.015873015873015872
23 0.7635359116022099 0.3531746031746032 0.0077348066298342545 0.03306878306878307
23 0.7908839779005525 0.34854497354497355 0.0077348066298342545 0.03439153439153439
23 0.8171270718232044 0.3439153439153439 0.009392265193370166 0.03306878306878307
23 0.7812154696132597 0.3505291005291005 0.009392265193370166 0.037037037037037035
23 0.8077348066298342 0.3458994708994709 0.008287292817679558 0.03306878306878307
23 0.737292817679558 0.3584656084656085 0.008287292817679558 0.03439153439153439
23 0.824585635359116 0.3439153439153439 0.0077348066298342545 0.03306878306878307
23 0.7287292817679558 0.36044973544973546 0.0077348066298342545 0.03439153439153439
23 0.7541436464088398 0.3558201058201058 0.0077348066298342545 0.031746031746031744
4 0.6629834254143646 0.3716931216931217 0.0071823204419889505 0.03306878306878307
23 0.7461325966850829 0.3578042328042328 0.008287292817679558 0.03439153439153439
23 0.6455801104972375 0.37566137566137564 0.009392265193370166 0.031746031746031744
23 0.6546961325966851 0.37367724867724866 0.009944751381215469 0.03439153439153439
23 0.6718232044198895 0.3716931216931217 0.009392265193370166 0.03306878306878307
23 0.6801104972375691 0.37037037037037035 0.009944751381215469 0.03439153439153439
23 0.637292817679558 0.3776455026455027 0.0071823204419889505 0.031746031746031744
23 0.6303867403314917 0.37962962962962965 0.008287292817679558 0.03306878306878307
23 0.5077348066298343 0.4054232804232804 0.008287292817679558 0.031746031746031744
23 0.49972375690607734 0.4226190476190476 0.008287292817679558 0.03306878306878307
15 0.4085635359116022 0.4384920634920635 0.18066298342541437 0.421957671957672
23 0.5091160220994475 0.43716931216931215 0.008287292817679558 0.031746031746031744
23 0.3168508287292818 0.4708994708994709 0.011602209944751382 0.013227513227513227
4 0.631767955801105 0.41865079365079366 0.0071823204419889505 0.03439153439153439
23 0.5008287292817679 0.4583333333333333 0.0071823204419889505 0.03306878306878307
23 0.8593922651933702 0.3994708994708995 0.008839779005524863 0.03042328042328042
23 0.8687845303867403 0.39814814814814814 0.008839779005524863 0.03439153439153439
15 0.23121546961325967 0.5066137566137566 0.10220994475138122 0.24603174603174602
23 0.850828729281768 0.4027777777777778 0.008839779005524863 0.03306878306878307
23 0.5104972375690607 0.47023809523809523 0.0077348066298342545 0.03042328042328042
4 0.7204419889502762 0.4417989417989418 0.014917127071823204 0.056878306878306875
4 0.7370165745856354 0.43915343915343913 0.014364640883977901 0.056878306878306875
23 0.318232044198895 0.5138888888888888 0.011049723756906077 0.017195767195767195
7 0.28342541436464086 0.06084656084656084 0.15469613259668508 0.07671957671957672
4 0.8262430939226519 0.4332010582010582 0.014917127071823204 0.05952380952380952
23 0.9234806629834255 0.4193121693121693 0.012154696132596685 0.05555555555555555
4 0.9447513812154696 0.41798941798941797 0.011049723756906077 0.04497354497354497
4 0.887292817679558 0.4279100529100529 0.008839779005524863 0.03306878306878307
23 0.5022099447513813 0.4933862433862434 0.0071823204419889505 0.03042328042328042
4 0.956353591160221 0.41865079365079366 0.012154696132596685 0.042328042328042326
4 0.85 0.4384920634920635 0.008287292817679558 0.03306878306878307
4 0.8406077348066299 0.44047619047619047 0.011602209944751382 0.042328042328042326
23 0.8588397790055249 0.4384920634920635 0.008287292817679558 0.03306878306878307
7 0.0787292817679558 0.0958994708994709 0.1541436464088398 0.07804232804232804
4 0.8674033149171271 0.43716931216931215 0.008287292817679558 0.03439153439153439
4 0.8770718232044199 0.4365079365079365 0.011049723756906077 0.04365079365079365
23 0.912707182320442 0.4312169312169312 0.008839779005524863 0.03306878306878307
23 0.5113259668508288 0.5052910052910053 0.0066298342541436465 0.03306878306878307
4 0.8052486187845304 0.4728835978835979 0.015469613259668509 0.021164021164021163
23 0.5035911602209945 0.5264550264550265 0.0071823204419889505 0.03042328042328042
4 0.9422651933701658 0.46164021164021163 0.008287292817679558 0.03306878306878307
23 0.9345303867403315 0.4636243386243386 0.0077348066298342545 0.03439153439153439
23 0.9262430939226519 0.4656084656084656 0.009392265193370166 0.03306878306878307
4 0.9179558011049723 0.46825396825396826 0.008287292817679558 0.03439153439153439
23 0.9096685082872928 0.47023809523809523 0.009392265193370166 0.03306878306878307
23 0.32320441988950277 0.5687830687830688 0.011049723756906077 0.015873015873015872
23 0.7767955801104972 0.501984126984127 0.011049723756906077 0.04365079365079365
23 0.3234806629834254 0.5846560846560847 0.011049723756906077 0.01455026455026455
23 0.6339779005524862 0.5542328042328042 0.011602209944751382 0.04497354497354497
23 0.17458563535911603 0.6362433862433863 0.009944751381215469 0.031746031746031744
23 0.15718232044198896 0.6395502645502645 0.009392265193370166 0.03571428571428571
23 0.1654696132596685 0.6382275132275133 0.008839779005524863 0.03306878306878307
4 0.9154696132596685 0.5231481481481481 0.01878453038674033 0.027777777777777776
15 0.8585635359116022 0.5383597883597884 0.07569060773480663 0.12301587301587301
23 0.3074585635359116 0.6335978835978836 0.016022099447513812 0.021164021164021163
4 0.32320441988950277 0.6322751322751323 0.013812154696132596 0.01984126984126984
23 0.7914364640883977 0.5595238095238095 0.008287292817679558 0.03439153439153439
23 0.800828729281768 0.5595238095238095 0.008287292817679558 0.037037037037037035
4 0.5165745856353591 0.6104497354497355 0.008839779005524863 0.037037037037037035
4 0.5080110497237569 0.6124338624338624 0.009392265193370166 0.03571428571428571
4 0.18922651933701656 0.6712962962962963 0.008287292817679558 0.031746031746031744
4 0.19889502762430938 0.669973544973545 0.008839779005524863 0.03571428571428571
23 0.17513812154696132 0.6746031746031746 0.008839779005524863 0.03968253968253968
23 0.9162983425414365 0.5509259259259259 0.01878453038674033 0.027777777777777776
4 0.32320441988950277 0.6507936507936508 0.01270718232044199 0.017195767195767195
23 0.3080110497237569 0.6534391534391535 0.014364640883977901 0.01984126984126984
4 0.967403314917127 0.5548941798941799 0.02430939226519337 0.03042328042328042
4 0.9276243093922651 0.578042328042328 0.015469613259668509 0.021164021164021163
4 0.969060773480663 0.5879629629629629 0.02430939226519337 0.03439153439153439
4 0.37403314917127073 0.6957671957671958 0.009392265193370166 0.037037037037037035
23 0.36546961325966854 0.6977513227513228 0.008287292817679558 0.03439153439153439
23 0.3569060773480663 0.6997354497354498 0.008839779005524863 0.03306878306878307
4 0.9290055248618785 0.6044973544973545 0.014917127071823204 0.021164021164021163
4 0.3256906077348066 0.7076719576719577 0.0071823204419889505 0.027777777777777776
30 0.7535911602209945 0.6362433862433863 0.041988950276243095 0.0701058201058201
4 0.3328729281767956 0.707010582010582 0.0066298342541436465 0.0291005291005291
4 0.8279005524861879 0.6388888888888888 0.009392265193370166 0.03968253968253968
4 0.8367403314917127 0.6395502645502645 0.008839779005524863 0.03571428571428571
23 0.856353591160221 0.6362433862433863 0.008839779005524863 0.03439153439153439
23 0.875414364640884 0.6342592592592593 0.008839779005524863 0.03439153439153439
4 0.8657458563535911 0.6362433862433863 0.009392265193370166 0.041005291005291
4 0.8464088397790055 0.6395502645502645 0.008839779005524863 0.03571428571428571
4 0.8853591160220995 0.6342592592592593 0.011602209944751382 0.047619047619047616
4 0.9262430939226519 0.6276455026455027 0.016022099447513812 0.018518518518518517
4 0.9602209944751381 0.6216931216931217 0.008287292817679558 0.03571428571428571
23 0.9428176795580111 0.6276455026455027 0.009392265193370166 0.03439153439153439
23 0.9069060773480663 0.6362433862433863 0.024861878453038673 0.03306878306878307
4 0.457182320441989 0.7129629629629629 0.010497237569060774 0.037037037037037035
23 0.34226519337016575 0.7367724867724867 0.0077348066298342545 0.03306878306878307
23 0.3345303867403315 0.7394179894179894 0.0077348066298342545 0.03042328042328042
23 0.3585635359116022 0.7367724867724867 0.009392265193370166 0.03571428571428571
23 0.9281767955801105 0.656084656084656 0.016022099447513812 0.01984126984126984
4 0.44834254143646407 0.7367724867724867 0.011049723756906077 0.041005291005291
23 0.9080110497237569 0.6673280423280423 0.02430939226519337 0.03042328042328042
23 0.8298342541436464 0.6832010582010583 0.009392265193370166 0.03306878306878307
23 0.8571823204419889 0.6792328042328042 0.009392265193370166 0.03571428571428571
23 0.838121546961326 0.6825396825396826 0.008287292817679558 0.03439153439153439
4 0.8477900552486188 0.6818783068783069 0.008839779005524863 0.03571428571428571
4 0.33314917127071825 0.7698412698412699 0.015469613259668509 0.01984126984126984
4 0.4591160220994475 0.7526455026455027 0.008839779005524863 0.03571428571428571
23 0.6044198895027625 0.7314814814814815 0.015469613259668509 0.023809523809523808
4 0.33370165745856356 0.7896825396825397 0.014364640883977901 0.017195767195767195
4 0.5914364640883978 0.7506613756613757 0.008839779005524863 0.04365079365079365
4 0.6088397790055249 0.7612433862433863 0.02430939226519337 0.031746031746031744
23 0.40552486187845305 0.8015873015873016 0.0071823204419889505 0.03306878306878307
23 0.41464088397790055 0.8002645502645502 0.0071823204419889505 0.031746031746031744
23 0.6270718232044199 0.7996031746031746 0.009944751381215469 0.03968253968253968
30 0.6104972375690608 0.8029100529100529 0.020441988950276244 0.041005291005291
4 0.6740331491712708 0.792989417989418 0.013259668508287293 0.056878306878306875
4 0.406353591160221 0.83994708994709 0.0077348066298342545 0.031746031746031744
23 0.3433701657458563 0.8505291005291006 0.0077348066298342545 0.0291005291005291
23 0.35138121546961326 0.8492063492063492 0.008287292817679558 0.03042328042328042
4 0.6574585635359116 0.798941798941799 0.015469613259668509 0.06084656084656084
23 0.33591160220994476 0.8538359788359788 0.0071823204419889505 0.03306878306878307
4 0.8983425414364641 0.7711640211640212 0.012154696132596685 0.04365079365079365
23 0.4080110497237569 0.8736772486772487 0.008839779005524863 0.03571428571428571
23 0.41629834254143644 0.873015873015873 0.008287292817679558 0.03042328042328042
23 0.430939226519337 0.871031746031746 0.008287292817679558 0.03439153439153439
23 0.42375690607734806 0.873015873015873 0.0060773480662983425 0.031746031746031744
23 0.3994475138121547 0.8776455026455027 0.008839779005524863 0.03571428571428571
4 0.5961325966850829 0.8558201058201058 0.013259668508287293 0.04894179894179894
23 0.7220994475138122 0.8392857142857143 0.011602209944751382 0.04365079365079365
23 0.7897790055248619 0.8287037037037037 0.011602209944751382 0.042328042328042326
4 0.6861878453038674 0.8472222222222222 0.018232044198895028 0.021164021164021163
15 0.34171270718232044 0.9451058201058201 0.03314917127071823 0.10449735449735449
30 0.6817679558011049 0.9041005291005291 0.062430939226519336 0.09788359788359788
4 0.8519337016574585 0.8783068783068783 0.01270718232044199 0.047619047619047616
4 0.8632596685082873 0.8763227513227513 0.011049723756906077 0.04497354497354497
4 0.7582872928176796 0.8948412698412699 0.011602209944751382 0.047619047619047616
4 0.7461325966850829 0.8981481481481481 0.01270718232044199 0.04497354497354497
30 0.8049723756906078 0.8921957671957672 0.04364640883977901 0.08994708994708994
23 0.7765193370165746 0.9292328042328042 0.018232044198895028 0.027777777777777776