4 0.24464668094218414 0.42106625258799174 0.0053533190578158455 0.005175983436853002
4 0.24518201284796573 0.4365942028985507 0.007494646680942184 0.0036231884057971015
4 0.2813169164882227 0.44280538302277433 0.03747323340471092 0.03364389233954451
4 0.04737687366167023 0.43711180124223603 0.046573875802997856 0.04399585921325052
4 0.2438436830835118 0.4451345755693582 0.008565310492505354 0.004658385093167702
4 0.24544967880085652 0.46195652173913043 0.009100642398286937 0.007246376811594203
4 0.07949678800856531 0.4588509316770186 0.02569593147751606 0.022774327122153208
23 0.3302997858672377 0.4673913043478261 0.008565310492505354 0.005175983436853002
23 0.2917558886509636 0.4697204968944099 0.006959314775160599 0.005693581780538302
23 0.3289614561027837 0.4715320910973085 0.011777301927194861 0.004140786749482402
23 0.10599571734475374 0.4666149068322981 0.005888650963597431 0.014492753623188406
23 0.2963062098501071 0.47334368530020704 0.009100642398286937 0.005175983436853002
4 0.2427730192719486 0.4720496894409938 0.006959314775160599 0.003105590062111801
4 0.24223768736616702 0.4756728778467909 0.008565310492505354 0.005693581780538302
4 0.04336188436830835 0.47929606625258797 0.046038543897216275 0.04503105590062112
4 0.24250535331905781 0.4943064182194617 0.009100642398286937 0.005693581780538302
4 0.24143468950749464 0.4989648033126294 0.008565310492505354 0.004140786749482402
4 0.46413276231263384 0.5282091097308489 0.006423982869379015 0.010869565217391304
15 0.08752676659528907 0.5175983436853002 0.02676659528907923 0.028985507246376812
15 0.08137044967880086 0.55175983436853 0.02462526766595289 0.024844720496894408
4 0.023554603854389723 0.5667701863354038 0.013918629550321198 0.005693581780538302
23 0.0939507494646681 0.5711697722567288 0.0032119914346895075 0.008281573498964804
23 0.08859743040685225 0.5716873706004141 0.005888650963597431 0.008281573498964804
23 0.1003747323340471 0.572463768115942 0.006423982869379015 0.009834368530020704
23 0.10465738758029978 0.5727225672877847 0.004282655246252677 0.008281573498964804
4 0.022751605995717343 0.5719461697722568 0.012312633832976445 0.004658385093167702
4 0.026231263383297645 0.5781573498964804 0.009100642398286937 0.005693581780538302
23 0.24143468950749464 0.005434782608695652 0.0021413276231263384 0.005175983436853002
23 0.25160599571734477 0.006211180124223602 0.004817987152034261 0.005693581780538302
23 0.02542826552462527 0.5848861283643892 0.005888650963597431 0.002070393374741201
23 0.02542826552462527 0.589544513457557 0.006423982869379015 0.003105590062111801
4 0.4930406852248394 0.6068840579710145 0.010706638115631691 0.010351966873706004
4 0.6555139186295503 0.6130952380952381 0.008565310492505354 0.009834368530020704
4 0.612152034261242 0.6120600414078675 0.012312633832976445 0.008799171842650104
4 0.5430942184154176 0.6112836438923396 0.006423982869379015 0.007246376811594203
4 0.08993576017130621 0.6141304347826086 0.044967880085653104 0.04710144927536232
4 0.13731263383297646 0.6187888198757764 0.047109207708779445 0.036231884057971016
23 0.10385438972162742 0.005434782608695652 0.006423982869379015 0.005693581780538302
4 0.6798715203426124 0.6666666666666666 0.011777301927194861 0.007246376811594203
4 0.6209850107066381 0.6666666666666666 0.01284796573875803 0.006728778467908903
23 0.09234475374732334 0.6633022774327122 0.0053533190578158455 0.011387163561076604
4 0.11964668094218416 0.010093167701863354 0.007494646680942184 0.010869565217391304
23 0.16086723768736616 0.011645962732919254 0.009100642398286937 0.005693581780538302
4 0.15069593147751606 0.011645962732919254 0.008029978586723769 0.012939958592132506
23 0.25133832976445397 0.015527950310559006 0.0032119914346895075 0.004658385093167702
23 0.08565310492505353 0.6837474120082816 0.0032119914346895075 0.006728778467908903
23 0.24544967880085652 0.016045548654244308 0.0016059957173447537 0.006728778467908903
4 0.22992505353319057 0.016045548654244308 0.012312633832976445 0.007246376811594203
23 0.07012847965738758 0.6842650103519669 0.0032119914346895075 0.004658385093167702
4 0.07708779443254818 0.6850414078674948 0.005888650963597431 0.010351966873706004
23 0.24116702355460384 0.016821946169772256 0.004282655246252677 0.007763975155279503
15 0.20208779443254818 0.016045548654244308 0.022483940042826552 0.022256728778467908
23 0.1386509635974304 0.6990165631469979 0.003747323340471092 0.007246376811594203
23 0.08832976445396146 0.697463768115942 0.005888650963597431 0.010351966873706004
23 0.07387580299785867 0.697463768115942 0.0026766595289079227 0.007246376811594203
23 0.0968950749464668 0.6987577639751553 0.005888650963597431 0.009834368530020704
23 0.06798715203426124 0.6977225672877847 0.004282655246252677 0.007763975155279503
23 0.0936830835117773 0.6987577639751553 0.0053533190578158455 0.008281573498964804
4 0.17880085653104924 0.7016045548654244 0.0053533190578158455 0.007763975155279503
4 0.11349036402569593 0.6997929606625258 0.004817987152034261 0.009316770186335404
4 0.14828693790149894 0.7010869565217391 0.004817987152034261 0.009834368530020704
23 0.058886509635974305 0.6979813664596274 0.0026766595289079227 0.006728778467908903
4 0.16862955032119914 0.7021221532091098 0.0026766595289079227 0.007763975155279503
4 0.12955032119914348 0.7013457556935818 0.004817987152034261 0.009834368530020704
4 0.19593147751605997 0.7057453416149069 0.003747323340471092 0.007763975155279503
4 0.9603854389721628 0.7316252587991718 0.034796573875803 0.028467908902691512
4 0.5543361884368309 0.7298136645962733 0.028907922912205567 0.034161490683229816
4 0.4017665952890792 0.7261904761904762 0.042826552462526764 0.03467908902691511
4 0.4788543897216274 0.7287784679089027 0.03854389721627409 0.037267080745341616
4 0.737152034261242 0.7383540372670807 0.03586723768736617 0.03985507246376811
4 0.44245182012847967 0.7285196687370601 0.03640256959314775 0.03467908902691511
23 0.8720556745182013 0.7435300207039337 0.0026766595289079227 0.014492753623188406
4 0.5211456102783726 0.7316252587991718 0.03372591006423983 0.03985507246376811
23 0.8998929336188437 0.7445652173913043 0.004282655246252677 0.011904761904761904
4 0.7055674518201285 0.7378364389233955 0.03961456102783726 0.03364389233954451
23 0.8816916488222698 0.7437888198757764 0.003747323340471092 0.014492753623188406
23 0.8907922912205567 0.744824016563147 0.0021413276231263384 0.009834368530020704
23 0.8768736616702355 0.7443064182194618 0.005888650963597431 0.016563146997929608
4 0.5896680942184154 0.734472049689441 0.034261241970021415 0.03467908902691511
23 0.9052462526766595 0.7461180124223602 0.0053533190578158455 0.011387163561076604
4 0.6279443254817987 0.7383540372670807 0.034796573875803 0.03571428571428571
4 0.6654175588865097 0.7401656314699793 0.03158458244111349 0.03364389233954451
15 0.3029978586723769 0.7347308488612836 0.027837259100642397 0.030020703933747412
23 0.14293361884368308 0.017598343685300208 0.0021413276231263384 0.005693581780538302
4 0.2604389721627409 0.7383540372670807 0.032655246252676656 0.028467908902691512
4 0.7665952890792291 0.7575051759834368 0.017665952890792293 0.026915113871635612
4 0.19619914346895076 0.7512939958592133 0.008029978586723769 0.002587991718426501
4 0.19566381156316917 0.7549171842650103 0.007494646680942184 0.002587991718426501
23 0.8605460385438972 0.7795031055900621 0.008565310492505354 0.003105590062111801
23 0.19646680942184155 0.7590579710144928 0.009635974304068522 0.004658385093167702
23 0.6539079229122056 0.775103519668737 0.0053533190578158455 0.008281573498964804
23 0.02569593147751606 0.7564699792960663 0.007494646680942184 0.005175983436853002
15 0.48795503211991437 0.7725155279503105 0.034261241970021415 0.03157349896480331
4 0.771948608137045 0.7851966873706004 0.013918629550321198 0.005693581780538302
23 0.8565310492505354 0.7880434782608695 0.010171306209850108 0.003105590062111801
23 0.025160599571734475 0.7626811594202898 0.009100642398286937 0.0036231884057971015
23 0.0243576017130621 0.7673395445134575 0.011241970021413276 0.005175983436853002
23 0.02462526766595289 0.7735507246376812 0.009100642398286937 0.005175983436853002
23 0.2556209850107066 0.7844202898550725 0.014453961456102784 0.007246376811594203
15 0.5203426124197003 0.7932194616977226 0.04229122055674518 0.03364389233954451
23 0.29309421841541755 0.7857142857142857 0.016059957173447537 0.009316770186335404
15 0.9100642398286938 0.8064182194616977 0.0626338329764454 0.08281573498964803
23 0.2764989293361884 0.7857142857142857 0.004282655246252677 0.008281573498964804
23 0.2807815845824411 0.7857142857142857 0.0032119914346895075 0.006728778467908903
23 0.27275160599571735 0.7864906832298136 0.0032119914346895075 0.008799171842650104
23 0.0243576017130621 0.7782091097308489 0.009635974304068522 0.0036231884057971015
23 0.26686295503211993 0.7862318840579711 0.003747323340471092 0.007763975155279503
4 0.21279443254817987 0.785455486542443 0.04229122055674518 0.035196687370600416
15 0.1110813704496788 0.782608695652174 0.11563169164882227 0.10869565217391304
23 0.023822269807280513 0.7828674948240165 0.008565310492505354 0.004658385093167702
23 0.011509635974304069 0.7828674948240165 0.004817987152034261 0.0015527950310559005
4 0.6646145610278372 0.8100414078674948 0.0026766595289079227 0.007763975155279503
15 0.7591006423982869 0.8170289855072463 0.034261241970021415 0.030020703933747412
23 0.011509635974304069 0.792184265010352 0.004817987152034261 0.0036231884057971015
23 0.023822269807280513 0.7932194616977226 0.008565310492505354 0.004140786749482402
23 0.023822269807280513 0.7978778467908902 0.011241970021413276 0.004140786749482402
23 0.8562633832976445 0.8273809523809523 0.009635974304068522 0.002587991718426501
4 0.3758029978586724 0.8118530020703933 0.0026766595289079227 0.010869565217391304
4 0.3618843683083512 0.8118530020703933 0.005888650963597431 0.011904761904761904
4 0.37205567451820126 0.8126293995859213 0.0053533190578158455 0.011904761904761904
4 0.3808886509635974 0.8134057971014492 0.004282655246252677 0.015010351966873706
4 0.36643468950749464 0.812888198757764 0.003747323340471092 0.011387163561076604
4 0.6415952890792291 0.8227225672877847 0.011241970021413276 0.005693581780538302
23 0.024089935760171308 0.8040890269151139 0.008565310492505354 0.004658385093167702
4 0.9673447537473233 0.8364389233954451 0.02462526766595289 0.022256728778467908
23 0.010974304068522484 0.8071946169772257 0.009635974304068522 0.004658385093167702
23 0.023286937901498928 0.807712215320911 0.005888650963597431 0.002587991718426501
4 0.006423982869379015 0.8178053830227743 0.011241970021413276 0.0036231884057971015
4 0.546306209850107 0.8372153209109731 0.030513918629550323 0.023291925465838508
23 0.023286937901498928 0.82324016563147 0.003747323340471092 0.003105590062111801
23 0.7237687366167024 0.8467908902691511 0.0016059957173447537 0.007246376811594203
4 0.9649357601713062 0.8553312629399586 0.011241970021413276 0.005693581780538302
23 0.7184154175588865 0.847567287784679 0.004282655246252677 0.009834368530020704
23 0.40471092077087795 0.8369565217391305 0.015524625267665952 0.005693581780538302
23 0.7301927194860813 0.8480848861283644 0.006959314775160599 0.009316770186335404
23 0.7130620985010707 0.847567287784679 0.004282655246252677 0.010351966873706004
4 0.6514989293361885 0.8460144927536232 0.01284796573875803 0.005175983436853002
23 0.8669700214132763 0.854296066252588 0.003747323340471092 0.006211180124223602
4 0.9635974304068522 0.8599896480331263 0.013383297644539615 0.0036231884057971015
23 0.02221627408993576 0.8291925465838509 0.009100642398286937 0.005693581780538302
23 0.8731263383297645 0.8633540372670807 0.008565310492505354 0.004140786749482402
4 0.006959314775160599 0.8343685300207039 0.011241970021413276 0.005693581780538302
23 0.9130085653104925 0.8677536231884058 0.003747323340471092 0.012422360248447204
23 0.021680942184154176 0.8374741200828157 0.008565310492505354 0.005693581780538302
23 0.9178265524625268 0.8682712215320911 0.0053533190578158455 0.010351966873706004
23 0.9028372591006424 0.8682712215320911 0.0021413276231263384 0.013457556935817806
23 0.9076552462526767 0.8690476190476191 0.004817987152034261 0.012422360248447204
4 0.0053533190578158455 0.8387681159420289 0.010706638115631691 0.005693581780538302
23 0.9274625267665952 0.8708592132505176 0.004817987152034261 0.009834368530020704
23 0.6892398286937902 0.8633540372670807 0.004817987152034261 0.007246376811594203
23 0.8744646680942184 0.8695652173913043 0.008565310492505354 0.004140786749482402
4 0.1975374732334047 0.8480848861283644 0.014989293361884369 0.007246376811594203
23 0.02221627408993576 0.8429089026915114 0.008565310492505354 0.0036231884057971015
23 0.022483940042826552 0.847567287784679 0.008565310492505354 0.006211180124223602
23 0.1421306209850107 0.028985507246376812 0.006959314775160599 0.007246376811594203
23 0.17157387580299785 0.030020703933747412 0.004817987152034261 0.005175983436853002
23 0.8841006423982869 0.8848343685300207 0.0053533190578158455 0.009834368530020704
23 0.8744646680942184 0.8850931677018633 0.0053533190578158455 0.011387163561076604
23 0.1319593147751606 0.030279503105590064 0.003747323340471092 0.005175983436853002
4 0.15738758029978586 0.031055900621118012 0.004282655246252677 0.009834368530020704
23 0.8953426124197003 0.8871635610766045 0.005888650963597431 0.008799171842650104
23 0.8798179871520343 0.8876811594202898 0.005888650963597431 0.009834368530020704
4 0.06049250535331906 0.8628364389233955 0.004817987152034261 0.009834368530020704
23 0.12259100642398287 0.8659420289855072 0.0053533190578158455 0.009316770186335404
4 0.15203426124197003 0.03157349896480331 0.004282655246252677 0.009834368530020704
23 0.17505353319057815 0.8680124223602484 0.006959314775160599 0.011387163561076604
23 0.1183083511777302 0.8662008281573499 0.0053533190578158455 0.009316770186335404
4 0.046038543897216275 0.8638716356107661 0.0032119914346895075 0.007246376811594203
23 0.1279443254817987 0.8664596273291926 0.0053533190578158455 0.010351966873706004
4 0.15952890792291222 0.8674948240165632 0.006959314775160599 0.012422360248447204
4 0.06852248394004283 0.864648033126294 0.004282655246252677 0.007763975155279503
4 0.034261241970021415 0.8638716356107661 0.0021413276231263384 0.005693581780538302
23 0.14293361884368308 0.8674948240165632 0.005888650963597431 0.009834368530020704
23 0.17987152034261242 0.8687888198757764 0.004282655246252677 0.008799171842650104
23 0.09207708779443255 0.8659420289855072 0.004817987152034261 0.011904761904761904
4 0.0867237687366167 0.8656832298136646 0.004817987152034261 0.010869565217391304
4 0.04068522483940043 0.864648033126294 0.004817987152034261 0.008799171842650104
4 0.0968950749464668 0.8664596273291926 0.004282655246252677 0.009834368530020704
23 0.139186295503212 0.8680124223602484 0.008029978586723769 0.013975155279503106
4 0.05299785867237687 0.8656832298136646 0.004817987152034261 0.010869565217391304
4 0.07922912205567452 0.8664596273291926 0.005888650963597431 0.011387163561076604
4 0.07334047109207709 0.8662008281573499 0.0053533190578158455 0.013457556935817806
23 0.3399357601713062 0.8850931677018633 0.007494646680942184 0.005175983436853002
23 0.26873661670235544 0.8843167701863354 0.009100642398286937 0.005175983436853002
4 0.2296573875802998 0.035196687370600416 0.009635974304068522 0.006211180124223602
23 0.14079229122055675 0.8809523809523809 0.0053533190578158455 0.009834368530020704
23 0.4397751605995717 0.8920807453416149 0.013918629550321198 0.007763975155279503
23 0.13329764453961457 0.8822463768115942 0.0032119914346895075 0.007763975155279503
23 0.9191648822269807 0.9094202898550725 0.009100642398286937 0.004658385093167702
23 0.2914882226980728 0.8892339544513458 0.008565310492505354 0.006211180124223602
23 0.2695396145610278 0.890527950310559 0.009635974304068522 0.006211180124223602
23 0.9170235546038544 0.9189958592132506 0.010171306209850108 0.004658385093167702
4 0.10867237687366167 0.032091097308488616 0.032655246252676656 0.03364389233954451
23 0.20396145610278374 0.03674948240165631 0.008565310492505354 0.004140786749482402
15 0.916220556745182 0.9459109730848861 0.009100642398286937 0.004658385093167702
23 0.1734475374732334 0.9213250517598344 0.007494646680942184 0.005175983436853002
23 0.6758565310492506 0.943064182194617 0.014453961456102784 0.004658385093167702
4 0.07655246252676659 0.9265010351966874 0.007494646680942184 0.008799171842650104
4 0.09341541755888651 0.9270186335403726 0.0032119914346895075 0.010869565217391304
4 0.2459850107066381 0.9321946169772257 0.013918629550321198 0.004140786749482402
4 0.09876873661670235 0.9277950310559007 0.004282655246252677 0.013457556935817806
23 0.17639186295503212 0.9303830227743272 0.006959314775160599 0.003105590062111801
4 0.08270877944325482 0.9272774327122153 0.0053533190578158455 0.011904761904761904
4 0.8846359743040685 0.9572981366459627 0.009100642398286937 0.017598343685300208
4 0.8733940042826552 0.9580745341614907 0.0053533190578158455 0.016045548654244308
4 0.9039079229122056 0.9596273291925466 0.0053533190578158455 0.011387163561076604
23 0.24411134903640258 0.9399585921325052 0.012312633832976445 0.006211180124223602
23 0.16006423982869378 0.9381469979296067 0.008029978586723769 0.005693581780538302
23 0.16193790149892934 0.947463768115942 0.0053533190578158455 0.007246376811594203
23 0.1745182012847966 0.9547101449275363 0.008565310492505354 0.004658385093167702
23 0.20369379014989294 0.04192546583850932 0.006423982869379015 0.003105590062111801
23 0.2044967880085653 0.04710144927536232 0.008029978586723769 0.0036231884057971015
23 0.5144539614561028 0.05822981366459627 0.014989293361884369 0.005693581780538302
23 0.2044967880085653 0.05331262939958592 0.010706638115631691 0.005175983436853002
23 0.20369379014989294 0.056935817805383024 0.006423982869379015 0.002070393374741201
4 0.2326017130620985 0.05848861283643892 0.010171306209850108 0.004140786749482402
23 0.05058886509635974 0.05434782608695652 0.004817987152034261 0.014492753623188406
4 0.10251605995717344 0.05719461697722567 0.010171306209850108 0.012939958592132506
23 0.20369379014989294 0.061076604554865424 0.007494646680942184 0.0036231884057971015
4 0.03506423982869379 0.05641821946169772 0.008565310492505354 0.015010351966873706
23 0.20289079229122056 0.06573498964803312 0.005888650963597431 0.003105590062111801
23 0.20369379014989294 0.07091097308488613 0.006423982869379015 0.002587991718426501
4 0.22243040685224838 0.07168737060041408 0.011777301927194861 0.005175983436853002
15 0.15444325481798715 0.07453416149068323 0.07012847965738758 0.06677018633540373
4 0.33217344753747324 0.08618012422360248 0.029978586723768737 0.027432712215320912
4 0.30005353319057815 0.08618012422360248 0.02569593147751606 0.029503105590062112
23 0.02569593147751606 0.07789855072463768 0.008565310492505354 0.005175983436853002
15 0.053265524625267666 0.08307453416149069 0.027301927194860815 0.023809523809523808
4 0.0832441113490364 0.08514492753623189 0.009635974304068522 0.004140786749482402
23 0.024892933618843684 0.08462732919254658 0.006959314775160599 0.004140786749482402
23 0.5851177730192719 0.10403726708074534 0.005888650963597431 0.010351966873706004
23 0.6017130620985011 0.10455486542443064 0.004282655246252677 0.008799171842650104
23 0.5778907922912205 0.1048136645962733 0.005888650963597431 0.009834368530020704
4 0.08244111349036402 0.08980331262939958 0.007494646680942184 0.003105590062111801
15 0.5404175588865097 0.10559006211180125 0.02462526766595289 0.019151138716356108
4 0.4718950749464668 0.10326086956521739 0.03158458244111349 0.035196687370600416
4 0.2221627408993576 0.09601449275362318 0.014453961456102784 0.008281573498964804
4 0.20663811563169165 0.09601449275362318 0.016595289079229122 0.006211180124223602
4 0.5099036402569593 0.10869565217391304 0.032655246252676656 0.029503105590062112
4 0.08404710920770878 0.09601449275362318 0.010706638115631691 0.005693581780538302
23 0.22082441113490364 0.1027432712215321 0.011241970021413276 0.004658385093167702
23 0.561830835117773 0.11982401656314699 0.01284796573875803 0.007246376811594203
4 0.38998929336188437 0.1167184265010352 0.035331905781584586 0.03157349896480331
23 0.22055674518201285 0.1110248447204969 0.009635974304068522 0.004140786749482402
4 0.055674518201284794 0.10947204968944099 0.005888650963597431 0.010869565217391304
4 0.06129550321199143 0.11128364389233955 0.005888650963597431 0.011904761904761904
15 0.09662740899357601 0.11594202898550725 0.02569593147751606 0.018633540372670808
23 0.5436295503211992 0.1343167701863354 0.015524625267665952 0.006211180124223602
23 0.5291755888650964 0.13535196687370601 0.01284796573875803 0.004140786749482402
4 0.01873661670235546 0.11956521739130435 0.008565310492505354 0.005693581780538302
4 0.1667558886509636 0.12836438923395446 0.005888650963597431 0.011387163561076604
4 0.159796573875803 0.1286231884057971 0.005888650963597431 0.010351966873706004
4 0.022751605995717343 0.1265527950310559 0.011241970021413276 0.0036231884057971015
4 0.45235546038543895 0.1431159420289855 0.023554603854389723 0.021739130434782608
4 0.015524625267665952 0.13457556935817805 0.0053533190578158455 0.006728778467908903
4 0.11215203426124197 0.145703933747412 0.010171306209850108 0.014492753623188406
23 0.2917558886509636 0.15165631469979296 0.008565310492505354 0.004658385093167702
15 0.06397216274089935 0.14751552795031056 0.017665952890792293 0.021739130434782608
23 0.29229122055674517 0.15786749482401657 0.004817987152034261 0.002587991718426501
23 0.29255888650963596 0.16200828157349897 0.005888650963597431 0.002587991718426501
23 0.03961456102783726 0.1545031055900621 0.007494646680942184 0.006211180124223602
4 0.4068522483940043 0.17003105590062112 0.004282655246252677 0.009316770186335404
23 0.2917558886509636 0.16770186335403728 0.007494646680942184 0.004140786749482402
15 0.4721627408993576 0.17391304347826086 0.023019271948608137 0.016563146997929608
4 0.9590471092077087 0.19073498964803312 0.048179871520342615 0.03364389233954451
15 0.32789079229122053 0.17883022774327123 0.03372591006423983 0.07919254658385093
23 0.03667023554603854 0.17054865424430643 0.007494646680942184 0.002587991718426501
4 0.7317987152034261 0.19435817805383024 0.03586723768736617 0.03260869565217391
4 0.916220556745182 0.20186335403726707 0.035331905781584586 0.039337474120082816
23 0.2914882226980728 0.18115942028985507 0.006959314775160599 0.0036231884057971015
23 0.278372591006424 0.18115942028985507 0.010706638115631691 0.005175983436853002
23 0.4057815845824411 0.18555900621118013 0.014453961456102784 0.008799171842650104
4 0.7695396145610278 0.19772256728778467 0.035331905781584586 0.032091097308488616
4 0.8824946466809421 0.20160455486542442 0.03854389721627409 0.039337474120082816
4 0.661134903640257 0.19461697722567287 0.031049250535331904 0.034161490683229816
4 0.8439507494646681 0.20186335403726707 0.03747323340471092 0.038302277432712216
4 0.6956638115631691 0.19746376811594202 0.042826552462526764 0.035196687370600416
4 0.808083511777302 0.20263975155279504 0.03158458244111349 0.028985507246376812
23 0.2917558886509636 0.18633540372670807 0.010171306209850108 0.005175983436853002
23 0.278372591006424 0.18633540372670807 0.008029978586723769 0.0036231884057971015
4 0.1838865096359743 0.1873706004140787 0.03747323340471092 0.043478260869565216
23 0.0655781584582441 0.20212215320910973 0.007494646680942184 0.010351966873706004
4 0.09421841541755889 0.2080745341614907 0.02676659528907923 0.030020703933747412
15 0.42933618843683086 0.2204968944099379 0.028372591006423982 0.026915113871635612
23 0.5302462526766595 0.22489648033126294 0.018201284796573874 0.007763975155279503
4 0.45985010706638113 0.2308488612836439 0.033190578158458245 0.03467908902691511
23 0.5310492505353319 0.23628364389233955 0.021413276231263382 0.008281573498964804
23 0.5299785867237687 0.24870600414078675 0.019271948608137045 0.007763975155279503
4 0.08913276231263384 0.2474120082815735 0.027837259100642397 0.024327122153209108
4 0.4470021413276231 0.26475155279503104 0.032655246252676656 0.03674948240165631
4 0.40364025695931477 0.26423395445134573 0.04229122055674518 0.034161490683229816
4 0.3624197002141328 0.26319875776397517 0.034261241970021415 0.039337474120082816
4 0.2502676659528908 0.2637163561076605 0.011241970021413276 0.0036231884057971015
4 0.24919700214132762 0.26837474120082816 0.007494646680942184 0.003105590062111801
4 0.28533190578158457 0.27044513457556935 0.03961456102783726 0.041407867494824016
4 0.3217344753747323 0.2732919254658385 0.034796573875803 0.04089026915113872
4 0.4799250535331906 0.28545548654244307 0.006959314775160599 0.015010351966873706
4 0.2497323340471092 0.2802795031055901 0.011777301927194861 0.005175983436853002
4 0.24892933618843682 0.2859730848861284 0.009100642398286937 0.0036231884057971015
4 0.24812633832976447 0.2968426501035197 0.008029978586723769 0.0036231884057971015
4 0.24839400428265523 0.3004658385093168 0.009100642398286937 0.004140786749482402
4 0.4724304068522484 0.3115942028985507 0.011777301927194861 0.006728778467908903
4 0.09100642398286937 0.3033126293995859 0.026231263383297645 0.030020703933747412
23 0.47002141327623126 0.322463768115942 0.007494646680942184 0.008281573498964804
4 0.44593147751605994 0.3216873706004141 0.006423982869379015 0.006211180124223602
23 0.47082441113490364 0.32608695652173914 0.006423982869379015 0.006211180124223602
4 0.24759100642398288 0.3216873706004141 0.008565310492505354 0.004658385093167702
4 0.44512847965738755 0.32919254658385094 0.010706638115631691 0.007763975155279503
23 0.47082441113490364 0.33126293995859213 0.008565310492505354 0.0036231884057971015
4 0.2470556745182013 0.3258281573498965 0.006423982869379015 0.004658385093167702
23 0.47002141327623126 0.3364389233954451 0.008565310492505354 0.004658385093167702
4 0.44486081370449676 0.33747412008281574 0.009100642398286937 0.008281573498964804
23 0.46975374732334046 0.34057971014492755 0.009100642398286937 0.002587991718426501
4 0.2470556745182013 0.338768115942029 0.009100642398286937 0.004658385093167702
23 0.05968950749464668 0.3359213250517598 0.0053533190578158455 0.011904761904761904
4 0.2470556745182013 0.3434265010351967 0.008029978586723769 0.004658385093167702
4 0.056745182012847964 0.34627329192546585 0.01284796573875803 0.006211180124223602
4 0.2459850107066381 0.35429606625258797 0.006423982869379015 0.002587991718426501
23 0.058886509635974305 0.35714285714285715 0.008029978586723769 0.011904761904761904
4 0.2459850107066381 0.3734472049689441 0.006959314775160599 0.003105590062111801
4 0.044967880085653104 0.38768115942028986 0.05513918629550321 0.048654244306418216
4 0.08886509635974305 0.40424430641821946 0.02676659528907923 0.03467908902691511
4 0.32735546038543895 0.4138198757763975 0.03640256959314775 0.03674948240165631