23 0.4789687924016282 0.13274932614555257 0.012211668928086838 0.013477088948787063
23 0.07055630936227951 0.31266846361185985 0.010854816824966078 0.03099730458221024
23 0.056309362279511534 0.3194070080862534 0.008141112618724558 0.03099730458221024
15 0.5203527815468114 0.1293800539083558 0.04748982360922659 0.08490566037735849
23 0.4623473541383989 0.15431266846361186 0.014925373134328358 0.0215633423180593
23 0.4827001356852103 0.14824797843665768 0.008819538670284939 0.01078167115902965
23 0.8568521031207599 0.0033692722371967657 0.008141112618724558 0.006738544474393531
4 0.8405698778833107 0.009433962264150943 0.016282225237449117 0.018867924528301886
23 0.4633649932157395 0.17048517520215634 0.012890094979647219 0.016172506738544475
23 0.4833785617367707 0.1623989218328841 0.009497964721845319 0.013477088948787063
4 0.05800542740841248 0.353099730458221 0.0101763907734057 0.013477088948787063
4 0.00508819538670285 0.37601078167115903 0.007462686567164179 0.022911051212938006
23 0.46573948439620083 0.18800539083557952 0.009497964721845319 0.01078167115902965
23 0.48473541383989144 0.18059299191374664 0.008819538670284939 0.012129380053908356
15 0.38670284938941657 0.22506738544474394 0.12347354138398914 0.18194070080862534
4 0.06105834464043419 0.36859838274932616 0.012890094979647219 0.016172506738544475
23 0.46777476255088196 0.204177897574124 0.010854816824966078 0.016172506738544475
4 0.06173677069199457 0.38477088948787064 0.009497964721845319 0.016172506738544475
4 0.2771370420624152 0.29784366576819404 0.011533242876526458 0.03504043126684636
23 0.4701492537313433 0.22439353099730458 0.010854816824966078 0.016172506738544475
4 0.06275440976933515 0.4036388140161725 0.009497964721845319 0.016172506738544475
15 0.12008141112618724 0.3807277628032345 0.060379918588873815 0.1280323450134771
23 0.27510176390773405 0.3288409703504043 0.013568521031207599 0.02021563342318059
4 0.06512890094979647 0.4191374663072776 0.009497964721845319 0.012129380053908356
23 0.47048846675712347 0.2486522911051213 0.012890094979647219 0.012129380053908356
23 0.21065128900949798 0.36859838274932616 0.009497964721845319 0.029649595687331536
23 0.2747625508819539 0.3477088948787062 0.012890094979647219 0.013477088948787063
4 0.06682496607869742 0.4380053908355795 0.0101763907734057 0.016172506738544475
7 0.01729986431478969 0.4716981132075472 0.03459972862957938 0.16442048517520216
4 0.0844640434192673 0.4555256064690027 0.011533242876526458 0.016172506738544475
23 0.16824966078697423 0.4272237196765499 0.013568521031207599 0.01752021563342318
4 0.26424694708276797 0.38746630727762804 0.011533242876526458 0.0215633423180593
4 0.2798507462686567 0.38140161725067384 0.013568521031207599 0.04716981132075472
23 0.20013568521031208 0.4278975741239892 0.005427408412483039 0.02021563342318059
23 0.19063772048846675 0.43463611859838275 0.0067842605156037995 0.022911051212938006
23 0.1723202170963365 0.44609164420485176 0.010854816824966078 0.012129380053908356
23 0.17299864314789687 0.4669811320754717 0.011533242876526458 0.014824797843665768
23 0.28867028493894165 0.42048517520215634 0.008819538670284939 0.03234501347708895
4 0.20997286295793757 0.45485175202156336 0.018995929443690638 0.02425876010781671
4 0.2364314789687924 0.4454177897574124 0.016282225237449117 0.0215633423180593
23 0.17672998643147897 0.48787061994609165 0.012890094979647219 0.013477088948787063
23 0.22795115332428764 0.47641509433962265 0.008819538670284939 0.02830188679245283
4 0.21065128900949798 0.48450134770889486 0.024423337856173677 0.02425876010781671
15 0.27137042062415195 0.45956873315363883 0.030529172320217096 0.05929919137466307
23 0.23710990502035278 0.4743935309973046 0.008141112618724558 0.029649595687331536
15 0.9016282225237449 0.19474393530997305 0.050203527815468114 0.13746630727762804
23 0.24796472184531887 0.4723719676549865 0.0101763907734057 0.029649595687331536
23 0.2968113975576662 0.4528301886792453 0.0101763907734057 0.012129380053908356
23 0.3144504748982361 0.44609164420485176 0.011533242876526458 0.016172506738544475
4 0.508819538670285 0.3692722371967655 0.008819538670284939 0.0215633423180593
23 0.17944369063772048 0.5087601078167115 0.011533242876526458 0.01752021563342318
23 0.5301899592944369 0.37129380053908356 0.009497964721845319 0.014824797843665768
23 0.3208955223880597 0.46024258760107817 0.008141112618724558 0.012129380053908356
23 0.29782903663500676 0.4716981132075472 0.0101763907734057 0.01078167115902965
23 0.6916553595658074 0.3113207547169811 0.014925373134328358 0.01752021563342318
23 0.3012211668928087 0.4831536388140162 0.013568521031207599 0.016172506738544475
23 0.3219131614654003 0.4777628032345013 0.011533242876526458 0.013477088948787063
23 0.5332428765264586 0.3894878706199461 0.011533242876526458 0.01752021563342318
4 0.5135685210312076 0.39824797843665766 0.014246947082767978 0.0215633423180593
23 0.7367706919945726 0.30390835579514824 0.0067842605156037995 0.025606469002695417
4 0.14721845318860244 0.5606469002695418 0.008141112618724558 0.029649595687331536
4 0.6974219810040706 0.3288409703504043 0.018995929443690638 0.022911051212938006
23 0.32530529172320216 0.49326145552560646 0.010854816824966078 0.016172506738544475
23 0.3018995929443691 0.5053908355795148 0.015603799185888738 0.01752021563342318
4 0.5098371777476255 0.41778975741239893 0.012211668928086838 0.018867924528301886
4 0.24830393487109906 0.5424528301886793 0.017639077340569877 0.02021563342318059
23 0.2635685210312076 0.5377358490566038 0.007462686567164179 0.02425876010781671
23 0.739145183175034 0.33827493261455527 0.009497964721845319 0.02830188679245283
4 0.2805291723202171 0.532345013477089 0.008141112618724558 0.029649595687331536
4 0.2727272727272727 0.5363881401617251 0.007462686567164179 0.02830188679245283
4 0.289348710990502 0.5296495956873315 0.0101763907734057 0.03638814016172507
4 0.7004748982360922 0.3632075471698113 0.014925373134328358 0.022911051212938006
23 0.5390094979647219 0.4420485175202156 0.012211668928086838 0.013477088948787063
23 0.21099050203527817 0.5889487870619946 0.011533242876526458 0.013477088948787063
23 0.2812075983717775 0.5640161725067385 0.0101763907734057 0.012129380053908356
4 0.5203527815468114 0.4669811320754717 0.014925373134328358 0.01752021563342318
23 0.5424016282225237 0.46024258760107817 0.010854816824966078 0.012129380053908356
23 0.3076662143826323 0.5606469002695418 0.0101763907734057 0.013477088948787063
23 0.3276797829036635 0.5525606469002695 0.012890094979647219 0.01752021563342318
23 0.2835820895522388 0.5774932614555256 0.008141112618724558 0.01078167115902965
15 0.2472862957937585 0.5943396226415094 0.032564450474898234 0.06199460916442048
4 0.5566485753052918 0.465633423180593 0.009497964721845319 0.029649595687331536
23 0.2126865671641791 0.6111859838274932 0.010854816824966078 0.012129380053908356
4 0.7425373134328358 0.3915094339622642 0.014246947082767978 0.01752021563342318
23 0.5210312075983717 0.48517520215633425 0.011533242876526458 0.016172506738544475
23 0.28426051560379917 0.589622641509434 0.013568521031207599 0.01752021563342318
15 0.4314789687924016 0.532345013477089 0.14993215739484397 0.3194070080862534
23 0.3276797829036635 0.5788409703504043 0.011533242876526458 0.013477088948787063
15 0.6238127544097694 0.4582210242587601 0.12279511533242876 0.16307277628032346
23 0.21472184531886024 0.6314016172506739 0.011533242876526458 0.016172506738544475
4 0.7438941655359566 0.41037735849056606 0.013568521031207599 0.02021563342318059
23 0.28697421981004073 0.605121293800539 0.012890094979647219 0.013477088948787063
4 0.5227272727272727 0.5134770889487871 0.012211668928086838 0.014824797843665768
23 0.21743554952510177 0.6462264150943396 0.011533242876526458 0.01752021563342318
7 0.035278154681139755 0.7338274932614556 0.07055630936227951 0.38409703504043125
4 0.2747625508819539 0.6347708894878706 0.013568521031207599 0.01752021563342318
15 0.13161465400271372 0.7115902964959568 0.018317503392130258 0.07142857142857142
15 0.9199457259158752 0.38140161725067384 0.05563093622795115 0.1522911051212938
4 0.5301899592944369 0.5478436657681941 0.014246947082767978 0.018867924528301886
23 0.7503392130257802 0.4609164420485175 0.013568521031207599 0.014824797843665768
23 0.337516960651289 0.6401617250673854 0.009497964721845319 0.014824797843665768
23 0.10719131614654002 0.204177897574124 0.012890094979647219 0.0215633423180593
4 0.5312075983717774 0.5673854447439353 0.012890094979647219 0.01752021563342318
23 0.33989145183175035 0.6570080862533693 0.0101763907734057 0.012129380053908356
23 0.5573270013568521 0.5801886792452831 0.0101763907734057 0.013477088948787063
4 0.6709633649932157 0.5377358490566038 0.013568521031207599 0.0215633423180593
23 0.32259158751696065 0.6859838274932615 0.008141112618724558 0.012129380053908356
4 0.5349389416553596 0.5970350404312669 0.013568521031207599 0.016172506738544475
23 0.3422659430122117 0.6792452830188679 0.010854816824966078 0.013477088948787063
23 0.2974898236092266 0.6981132075471698 0.010854816824966078 0.014824797843665768
4 0.6540027137042063 0.5525606469002695 0.012211668928086838 0.03773584905660377
4 0.13331071913161466 0.7796495956873315 0.018317503392130258 0.025606469002695417
23 0.5593622795115333 0.6004043126684636 0.012211668928086838 0.016172506738544475
23 0.04952510176390773 0.23450134770889489 0.012211668928086838 0.03369272237196765
23 0.3242876526458616 0.7035040431266847 0.008141112618724558 0.012129380053908356
23 0.3008819538670285 0.7136118598382749 0.013568521031207599 0.016172506738544475
4 0.5359565807327001 0.6152291105121294 0.013568521031207599 0.014824797843665768
23 0.3439620081411126 0.7014824797843666 0.013568521031207599 0.02021563342318059
23 0.32327001356852103 0.715633423180593 0.009497964721845319 0.012129380053908356
23 0.5617367706919946 0.6152291105121294 0.012890094979647219 0.018867924528301886
4 0.5376526458616011 0.6307277628032345 0.013568521031207599 0.01752021563342318
4 0.1455223880597015 0.7978436657681941 0.01967435549525102 0.022911051212938006
4 0.1255088195386703 0.807277628032345 0.01967435549525102 0.02425876010781671
23 0.3449796472184532 0.7142857142857143 0.012211668928086838 0.016172506738544475
23 0.6231343283582089 0.5990566037735849 0.009497964721845319 0.03638814016172507
23 0.06004070556309362 0.23315363881401618 0.008141112618724558 0.03369272237196765
23 0.3039348710990502 0.7371967654986523 0.013568521031207599 0.016172506738544475
23 0.5613975576662144 0.633423180592992 0.010854816824966078 0.012129380053908356
23 0.3276797829036635 0.7324797843665768 0.010854816824966078 0.01752021563342318
4 0.519674355495251 0.6516172506738545 0.016282225237449117 0.01752021563342318
23 0.3694029850746269 0.715633423180593 0.0101763907734057 0.013477088948787063
23 0.566146540027137 0.6495956873315364 0.015603799185888738 0.016172506738544475
23 0.760854816824966 0.5707547169811321 0.014246947082767978 0.018867924528301886
4 0.14755766621438263 0.8463611859838275 0.0203527815468114 0.05256064690026954
4 0.5145861601085482 0.6974393530997305 0.008141112618724558 0.03234501347708895
4 0.5040705563093623 0.7028301886792453 0.009497964721845319 0.03099730458221024
23 0.764246947082768 0.5950134770889488 0.012211668928086838 0.013477088948787063
23 0.4426729986431479 0.7331536388140162 0.008819538670284939 0.025606469002695417
4 0.4531886024423338 0.7297843665768194 0.009497964721845319 0.026954177897574125
23 0.4694708276797829 0.7230458221024259 0.007462686567164179 0.022911051212938006
23 0.46132971506105835 0.7264150943396226 0.007462686567164179 0.02830188679245283
23 0.4796472184531886 0.7216981132075472 0.008819538670284939 0.03234501347708895
4 0.43453188602442333 0.7432614555256065 0.007462686567164179 0.02830188679245283
4 0.13297150610583447 0.8827493261455526 0.0101763907734057 0.03773584905660377
15 0.08989145183175033 0.9157681940700808 0.04002713704206241 0.09838274932614555
4 0.7262550881953868 0.6543126684636119 0.018317503392130258 0.02021563342318059
23 0.3558344640434193 0.8113207547169812 0.0101763907734057 0.03234501347708895
23 0.34633649932157395 0.8160377358490566 0.0067842605156037995 0.03234501347708895
23 0.3381953867028494 0.8207547169811321 0.008141112618724558 0.026954177897574125
23 0.366010854816825 0.8106469002695418 0.008819538670284939 0.029649595687331536
23 0.3748303934871099 0.8079514824797843 0.007462686567164179 0.026954177897574125
23 0.501696065128901 0.7567385444743935 0.0067842605156037995 0.025606469002695417
23 0.5118724559023067 0.7540431266846361 0.0047489823609226595 0.0215633423180593
23 0.519674355495251 0.7513477088948787 0.005427408412483039 0.026954177897574125
23 0.5284938941655359 0.7473045822102425 0.008141112618724558 0.02830188679245283
15 0.47116689280868385 0.7809973045822103 0.03188602442333786 0.06334231805929919
4 0.14993215739484397 0.9177897574123989 0.024423337856173677 0.04043126684636118
4 0.7293080054274084 0.6778975741239892 0.02103120759837178 0.025606469002695417
23 0.17435549525101765 0.9184636118598383 0.014925373134328358 0.02021563342318059
4 0.3219131614654003 0.8564690026954178 0.021709633649932156 0.06064690026954178
4 0.3039348710990502 0.8645552560646901 0.018317503392130258 0.057951482479784364
4 0.21200814111261873 0.9063342318059299 0.016282225237449117 0.018867924528301886
4 0.1930122116689281 0.9150943396226415 0.016282225237449117 0.018867924528301886
23 0.24423337856173677 0.8955525606469003 0.015603799185888738 0.02021563342318059
4 0.510854816824966 0.7890835579514824 0.012890094979647219 0.013477088948787063
23 0.34260515603799185 0.860512129380054 0.009497964721845319 0.02830188679245283
23 0.23202170963364993 0.9137466307277629 0.008141112618724558 0.026954177897574125
23 0.2466078697421981 0.9117250673854448 0.010854816824966078 0.01752021563342318
23 0.11227951153324288 0.22574123989218328 0.0101763907734057 0.016172506738544475
23 0.1319538670284939 0.21765498652291104 0.014246947082767978 0.02021563342318059
23 0.7747625508819539 0.692722371967655 0.015603799185888738 0.01752021563342318
4 0.1787652645861601 0.9454177897574124 0.017639077340569877 0.0215633423180593
23 0.22421981004070557 0.9278975741239892 0.008141112618724558 0.02425876010781671
23 0.5356173677069199 0.8005390835579514 0.0067842605156037995 0.026954177897574125
23 0.5274762550881954 0.8059299191374663 0.010854816824966078 0.03234501347708895
23 0.5454545454545454 0.7985175202156334 0.008819538670284939 0.03099730458221024
4 0.44742198100407055 0.8402964959568733 0.008141112618724558 0.025606469002695417
23 0.5542740841248304 0.7951482479784366 0.008141112618724558 0.022911051212938006
23 0.5630936227951153 0.7931266846361186 0.008819538670284939 0.03099730458221024
23 0.5953188602442334 0.7904312668463612 0.0067842605156037995 0.022911051212938006
7 0.06987788331071913 0.9548517520215634 0.07055630936227951 0.0876010781671159
15 0.20963364993215738 0.9743935309973046 0.028493894165535955 0.04851752021563342
4 0.649932157394844 0.8032345013477089 0.0203527815468114 0.026954177897574125
4 0.5010176390773405 0.8726415094339622 0.014925373134328358 0.018867924528301886
4 0.48405698778833106 0.8800539083557951 0.0101763907734057 0.01752021563342318
23 0.7774762550881954 0.7681940700808625 0.0067842605156037995 0.02830188679245283
23 0.7866350067842606 0.7654986522911051 0.008819538670284939 0.03369272237196765
4 0.648236092265943 0.8402964959568733 0.0101763907734057 0.03234501347708895
23 0.6668928086838535 0.8423180592991913 0.012890094979647219 0.016172506738544475
23 0.824966078697422 0.784366576819407 0.009497964721845319 0.03369272237196765
4 0.7920624151967436 0.8133423180592992 0.018317503392130258 0.05525606469002695
23 0.5902306648575305 0.9036388140161725 0.008819538670284939 0.03234501347708895
23 0.48846675712347354 0.08086253369272237 0.014925373134328358 0.0215633423180593
15 0.5722523744911805 0.9171159029649596 0.011533242876526458 0.03638814016172507
15 0.739145183175034 0.018867924528301886 0.03459972862957938 0.03773584905660377
15 0.6601085481682497 0.04177897574123989 0.0773405698778833 0.08355795148247978
4 0.052917232021709636 0.28099730458221023 0.008141112618724558 0.03234501347708895
23 0.11295793758480326 0.2574123989218329 0.008141112618724558 0.03099730458221024
23 0.1383989145183175 0.2486522911051213 0.009497964721845319 0.026954177897574125
23 0.12143826322930801 0.2574123989218329 0.008141112618724558 0.03234501347708895
23 0.12991858887381275 0.25404312668463613 0.008819538670284939 0.029649595687331536
23 0.45793758480325647 0.11725067385444744 0.012211668928086838 0.016172506738544475
23 0.4793080054274084 0.11185983827493262 0.008819538670284939 0.014824797843665768
15 0.5976933514246947 0.0673854447439353 0.04477611940298507 0.1347708894878706
23 0.46132971506105835 0.1320754716981132 0.013568521031207599 0.01752021563342318