4 0.81328125 0.26426174496644295 0.022395833333333334 0.07550335570469799
4 0.30052083333333335 0.037751677852348994 0.035416666666666666 0.07550335570469799
4 0.3768229166666667 0.09060402684563758 0.01875 0.07046979865771812
7 0.5864583333333333 0.2231543624161074 0.05520833333333333 0.3674496644295302
4 0.1328125 0.02348993288590604 0.017708333333333333 0.04697986577181208
4 0.33567708333333335 0.14429530201342283 0.027083333333333334 0.07718120805369127
15 0.4591145833333333 0.2156040268456376 0.09010416666666667 0.2197986577181208
4 0.36432291666666666 0.16946308724832215 0.0234375 0.08389261744966443
4 0.8065104166666667 0.39848993288590606 0.025 0.0738255033557047
15 0.23177083333333334 0.174496644295302 0.09270833333333334 0.2516778523489933
4 0.14557291666666666 0.13758389261744966 0.016145833333333335 0.05704697986577181
7 0.6692708333333334 0.46560402684563756 0.08802083333333334 0.7583892617449665
7 0.8533854166666667 0.5629194630872483 0.08385416666666666 0.7080536912751678
7 0.75078125 0.5243288590604027 0.0859375 0.7416107382550335
4 0.4348958333333333 0.3884228187919463 0.0296875 0.09228187919463088
4 0.13984375 0.23993288590604026 0.019270833333333334 0.05704697986577181
4 0.15963541666666667 0.2802013422818792 0.018229166666666668 0.05536912751677853
4 0.2828125 0.3565436241610738 0.0265625 0.08557046979865772
4 0.17838541666666666 0.3053691275167785 0.016666666666666666 0.05704697986577181
4 0.4817708333333333 0.48573825503355705 0.025520833333333333 0.07885906040268456
4 0.11953125 0.3313758389261745 0.0265625 0.07214765100671142
4 0.09296875 0.3263422818791946 0.027604166666666666 0.09228187919463088
4 0.24140625 0.4085570469798658 0.016666666666666666 0.04194630872483222
4 0.055989583333333336 0.3162751677852349 0.024479166666666666 0.08053691275167785
4 0.20885416666666667 0.3959731543624161 0.014583333333333334 0.050335570469798654
4 0.17291666666666666 0.3875838926174497 0.028645833333333332 0.07885906040268456
4 0.9158854166666667 0.7919463087248322 0.0359375 0.09731543624161074
4 0.25807291666666665 0.4865771812080537 0.024479166666666666 0.08053691275167785
4 0.0796875 0.4228187919463087 0.028645833333333332 0.08557046979865772
7 0.42682291666666666 0.020134228187919462 0.06197916666666667 0.040268456375838924
4 0.8197916666666667 0.9672818791946308 0.029166666666666667 0.06208053691275168
7 0.596875 0.9605704697986577 0.09583333333333334 0.07550335570469799
4 0.6833333333333333 0.9907718120805369 0.020833333333333332 0.015100671140939598