4 0.4953893442622951 0.279126213592233 0.00819672131147541 0.04854368932038835
23 0.0194672131147541 0.6893203883495146 0.00665983606557377 0.03398058252427184
23 0.007684426229508197 0.6990291262135923 0.0056352459016393444 0.03398058252427184
23 0.013831967213114754 0.6941747572815534 0.004610655737704918 0.03398058252427184
23 0.7789446721311475 0.07281553398058252 0.0025614754098360654 0.03398058252427184
23 0.7815061475409836 0.07281553398058252 0.0025614754098360654 0.038834951456310676
4 0.829405737704918 0.1966019417475728 0.00973360655737705 0.05339805825242718
23 0.022540983606557378 0.8713592233009708 0.0030737704918032786 0.05339805825242718
23 0.030225409836065573 0.8689320388349514 0.003586065573770492 0.05825242718446602
23 0.02612704918032787 0.8737864077669902 0.0030737704918032786 0.05339805825242718
23 0.03432377049180328 0.866504854368932 0.0030737704918032786 0.05825242718446602
23 0.011526639344262296 0.8859223300970874 0.0030737704918032786 0.04854368932038835
23 0.015112704918032786 0.883495145631068 0.003586065573770492 0.06310679611650485
23 0.018442622950819672 0.8786407766990292 0.003586065573770492 0.05825242718446602
23 0.0038422131147540983 0.8907766990291263 0.003586065573770492 0.05339805825242718
23 0.00742827868852459 0.8883495145631068 0.0030737704918032786 0.05825242718446602
23 0.03867827868852459 0.8737864077669902 0.0025614754098360654 0.038834951456310676
4 0.5599385245901639 0.48058252427184467 0.003586065573770492 0.04854368932038835
4 0.030737704918032786 0.9271844660194175 0.0030737704918032786 0.05825242718446602
4 0.02663934426229508 0.9320388349514563 0.0030737704918032786 0.05825242718446602
4 0.03483606557377049 0.9247572815533981 0.003586065573770492 0.05339805825242718
4 0.0233094262295082 0.9344660194174758 0.003586065573770492 0.05339805825242718
4 0.9820696721311475 0.1383495145631068 0.006147540983606557 0.02912621359223301
4 0.004354508196721311 0.9490291262135923 0.003586065573770492 0.05339805825242718
4 0.012038934426229508 0.9441747572815534 0.0030737704918032786 0.04854368932038835
4 0.015625 0.941747572815534 0.0030737704918032786 0.04854368932038835
4 0.007940573770491803 0.9514563106796117 0.003586065573770492 0.05339805825242718
4 0.0389344262295082 0.9271844660194175 0.003586065573770492 0.05339805825242718
4 0.019723360655737706 0.941747572815534 0.003586065573770492 0.04854368932038835
4 0.532530737704918 0.5218446601941747 0.011270491803278689 0.05825242718446602
4 0.7266905737704918 0.3762135922330097 0.010245901639344262 0.04854368932038835
23 0.9828381147540983 0.17233009708737865 0.006147540983606557 0.03398058252427184
4 0.9070184426229508 0.24029126213592233 0.007172131147540984 0.11165048543689321
4 0.9008709016393442 0.24514563106796117 0.0056352459016393444 0.10194174757281553
4 0.9131659836065574 0.2354368932038835 0.0056352459016393444 0.11650485436893204
23 0.5268954918032787 0.5655339805825242 0.00665983606557377 0.038834951456310676
4 0.7507684426229508 0.3786407766990291 0.00973360655737705 0.05339805825242718
4 0.7989241803278688 0.35436893203883496 0.003586065573770492 0.05825242718446602
4 0.7881659836065574 0.3640776699029126 0.004098360655737705 0.06310679611650485
4 0.8942110655737705 0.30097087378640774 0.006147540983606557 0.03398058252427184
4 0.5276639344262295 0.6043689320388349 0.006147540983606557 0.03398058252427184
4 0.7425717213114754 0.42961165048543687 0.003586065573770492 0.05825242718446602
4 0.5435450819672131 0.5995145631067961 0.003586065573770492 0.019417475728155338
4 0.751280737704918 0.4320388349514563 0.0117827868852459 0.05339805825242718
4 0.5440573770491803 0.6383495145631068 0.004610655737704918 0.02912621359223301
4 0.7863729508196722 0.4368932038834951 0.0030737704918032786 0.038834951456310676
4 0.8119877049180327 0.4320388349514563 0.003586065573770492 0.02912621359223301
4 0.6688012295081968 0.5606796116504854 0.005122950819672131 0.03398058252427184
4 0.7520491803278688 0.5 0.011270491803278689 0.04854368932038835
4 0.5407274590163934 0.6844660194174758 0.005122950819672131 0.03398058252427184
4 0.8127561475409836 0.46116504854368934 0.003586065573770492 0.02912621359223301
4 0.8178790983606558 0.4563106796116505 0.006147540983606557 0.024271844660194174
4 0.7277151639344263 0.5461165048543689 0.010758196721311475 0.05339805825242718
4 0.7387295081967213 0.5606796116504854 0.006147540983606557 0.038834951456310676
4 0.576844262295082 0.6941747572815534 0.004098360655737705 0.02912621359223301
4 0.7525614754098361 0.5533980582524272 0.010758196721311475 0.05825242718446602
4 0.7315573770491803 0.6189320388349514 0.005122950819672131 0.08737864077669903
4 0.7248975409836066 0.6262135922330098 0.00665983606557377 0.09223300970873786
4 0.8030225409836066 0.5703883495145631 0.004098360655737705 0.024271844660194174
4 0.6613729508196722 0.7111650485436893 0.005122950819672131 0.05825242718446602
4 0.8032786885245902 0.5946601941747572 0.004098360655737705 0.02912621359223301
4 0.5589139344262295 0.8058252427184466 0.0025614754098360654 0.038834951456310676
4 0.5563524590163934 0.808252427184466 0.0030737704918032786 0.038834951456310676
4 0.7371926229508197 0.6796116504854369 0.004610655737704918 0.06310679611650485
4 0.7505122950819673 0.6771844660194175 0.00665983606557377 0.03398058252427184
4 0.8165983606557377 0.6480582524271845 0.006147540983606557 0.0970873786407767
4 0.751280737704918 0.7160194174757282 0.00665983606557377 0.02912621359223301
4 0.8117315573770492 0.6650485436893204 0.004098360655737705 0.07766990291262135
4 0.7371926229508197 0.7330097087378641 0.006147540983606557 0.03398058252427184
4 0.8949795081967213 0.6116504854368932 0.003586065573770492 0.04854368932038835
4 0.8399077868852459 0.662621359223301 0.006147540983606557 0.09223300970873786
4 0.8455430327868853 0.6577669902912622 0.0056352459016393444 0.10194174757281553
4 0.8501536885245902 0.6723300970873787 0.004610655737704918 0.07281553398058252
4 0.036885245901639344 0.5825242718446602 0.0025614754098360654 0.03398058252427184
4 0.24718237704918034 0.41262135922330095 0.0020491803278688526 0.038834951456310676
4 0.1175717213114754 0.5194174757281553 0.0025614754098360654 0.043689320388349516
4 0.10732581967213115 0.529126213592233 0.004098360655737705 0.024271844660194174
4 0.546875 0.16990291262135923 0.003586065573770492 0.04854368932038835
4 0.25025614754098363 0.41504854368932037 0.0025614754098360654 0.03398058252427184
4 0.12013319672131148 0.5218446601941747 0.0025614754098360654 0.038834951456310676
4 0.37781762295081966 0.308252427184466 0.0025614754098360654 0.038834951456310676
4 0.38037909836065575 0.3058252427184466 0.0025614754098360654 0.038834951456310676
4 0.6882684426229508 0.055825242718446605 0.0030737704918032786 0.038834951456310676
4 0.367827868852459 0.32281553398058255 0.005122950819672131 0.02912621359223301
4 0.7674180327868853 0.0048543689320388345 0.0030737704918032786 0.009708737864077669
4 0.7704918032786885 0.007281553398058253 0.0030737704918032786 0.014563106796116505
4 0.02535860655737705 0.6116504854368932 0.0020491803278688526 0.038834951456310676
4 0.24436475409836064 0.42961165048543687 0.003586065573770492 0.08737864077669903
23 0.26075819672131145 0.4344660194174757 0.004098360655737705 0.024271844660194174
4 0.1088627049180328 0.5703883495145631 0.00819672131147541 0.04854368932038835
4 0.36910860655737704 0.3592233009708738 0.008709016393442622 0.04854368932038835
23 0.022540983606557378 0.6529126213592233 0.0056352459016393444 0.04854368932038835
4 0.13242827868852458 0.5606796116504854 0.0030737704918032786 0.03398058252427184
23 0.010502049180327868 0.662621359223301 0.005122950819672131 0.038834951456310676
23 0.01639344262295082 0.6577669902912622 0.0056352459016393444 0.038834951456310676
23 0.004354508196721311 0.6674757281553398 0.00665983606557377 0.043689320388349516
23 0.7820184426229508 0.021844660194174758 0.0020491803278688526 0.038834951456310676
23 0.7794569672131147 0.02912621359223301 0.0030737704918032786 0.03398058252427184
23 0.2610143442622951 0.4587378640776699 0.004098360655737705 0.019417475728155338