23 0.2694672131147541 0.1786723163841808 0.007172131147540984 0.012711864406779662
23 0.2786885245901639 0.1765536723163842 0.006147540983606557 0.014124293785310734
23 0.12781762295081966 0.240819209039548 0.0030737704918032786 0.01694915254237288
23 0.13242827868852458 0.2401129943502825 0.004098360655737705 0.01977401129943503
4 0.4067622950819672 0.14124293785310735 0.00819672131147541 0.015536723163841809
15 0.30174180327868855 0.182909604519774 0.028688524590163935 0.0635593220338983
23 0.1288422131147541 0.2641242937853107 0.005122950819672131 0.01977401129943503
23 0.1244877049180328 0.2676553672316384 0.004610655737704918 0.01977401129943503
23 0.4077868852459016 0.163135593220339 0.007684426229508197 0.01694915254237288
23 0.4956454918032787 0.1306497175141243 0.007172131147540984 0.012711864406779662
4 0.46234631147540983 0.14548022598870056 0.007684426229508197 0.014124293785310734
23 0.28125 0.21680790960451976 0.00665983606557377 0.012711864406779662
15 0.43519467213114754 0.16031073446327684 0.04764344262295082 0.153954802259887
23 0.4964139344262295 0.14336158192090395 0.008709016393442622 0.015536723163841809
23 0.40855532786885246 0.1786723163841808 0.007684426229508197 0.01694915254237288
4 0.29405737704918034 0.2245762711864407 0.00665983606557377 0.012711864406779662
23 0.28125 0.22951977401129944 0.00665983606557377 0.015536723163841809
4 0.3048155737704918 0.22033898305084745 0.007684426229508197 0.012711864406779662
4 0.46311475409836067 0.16031073446327684 0.007172131147540984 0.014124293785310734
4 0.3393954918032787 0.2111581920903955 0.007172131147540984 0.038135593220338986
4 0.4018954918032787 0.19703389830508475 0.004610655737704918 0.02401129943502825
4 0.46285860655737704 0.18926553672316385 0.005122950819672131 0.022598870056497175
23 0.16623975409836064 0.3043785310734463 0.006147540983606557 0.012711864406779662
23 0.6600922131147541 0.12146892655367232 0.008709016393442622 0.015536723163841809
23 0.6677766393442623 0.12005649717514125 0.00665983606557377 0.014124293785310734
23 0.16675204918032788 0.3156779661016949 0.00665983606557377 0.011299435028248588
23 0.35271516393442626 0.24929378531073446 0.004610655737704918 0.03389830508474576
23 0.34349385245901637 0.2528248587570621 0.006147540983606557 0.0211864406779661
23 0.6608606557377049 0.134180790960452 0.008709016393442622 0.014124293785310734
4 0.4144467213114754 0.2309322033898305 0.006147540983606557 0.02401129943502825
23 0.6680327868852459 0.1327683615819209 0.006147540983606557 0.009887005649717515
4 0.3324795081967213 0.268361581920904 0.00973360655737705 0.0423728813559322
23 0.1675204918032787 0.3403954802259887 0.00665983606557377 0.015536723163841809
4 0.3673155737704918 0.2803672316384181 0.014344262295081968 0.025423728813559324
15 0.27894467213114754 0.346045197740113 0.02817622950819672 0.07909604519774012
23 0.5023053278688525 0.2711864406779661 0.00665983606557377 0.014124293785310734
23 0.5033299180327869 0.2831920903954802 0.007684426229508197 0.014124293785310734
4 0.2151639344262295 0.4018361581920904 0.010758196721311475 0.0480225988700565
33 0.18084016393442623 0.4180790960451977 0.03125 0.08333333333333333
4 0.33785860655737704 0.3834745762711864 0.0056352459016393444 0.0211864406779661
4 0.3301741803278688 0.3877118644067797 0.004610655737704918 0.0211864406779661
4 0.3081454918032787 0.3975988700564972 0.005122950819672131 0.0211864406779661
7 0.010245901639344262 0.519774011299435 0.020491803278688523 0.14689265536723164
4 0.29969262295081966 0.4152542372881356 0.01331967213114754 0.025423728813559324
4 0.11347336065573771 0.4887005649717514 0.011270491803278689 0.01977401129943503
4 0.28201844262295084 0.4336158192090395 0.007684426229508197 0.03672316384180791
23 0.14702868852459017 0.4957627118644068 0.007172131147540984 0.01694915254237288
23 0.14805327868852458 0.5190677966101694 0.007684426229508197 0.014124293785310734
4 0.13473360655737704 0.528954802259887 0.0117827868852459 0.022598870056497175
4 0.07530737704918032 0.5515536723163842 0.007172131147540984 0.03248587570621469
15 0.3360655737704918 0.4611581920903955 0.0548155737704918 0.134180790960452
15 0.10732581967213115 0.5706214689265536 0.03790983606557377 0.11299435028248588
15 0.28355532786885246 0.5056497175141242 0.0353483606557377 0.1228813559322034
4 0.15112704918032788 0.5769774011299436 0.011270491803278689 0.01694915254237288
4 0.1370389344262295 0.5833333333333334 0.01331967213114754 0.01694915254237288
4 0.078125 0.606638418079096 0.010245901639344262 0.018361581920903956
23 0.15292008196721313 0.5918079096045198 0.007684426229508197 0.014124293785310734
4 0.13780737704918034 0.6016949152542372 0.0117827868852459 0.01694915254237288
23 0.3360655737704918 0.5296610169491526 0.004610655737704918 0.015536723163841809
23 0.3411885245901639 0.530367231638418 0.004610655737704918 0.018361581920903956
23 0.15292008196721313 0.6045197740112994 0.007172131147540984 0.015536723163841809
23 0.07966188524590163 0.635593220338983 0.00665983606557377 0.015536723163841809
7 0.04175204918032787 0.1998587570621469 0.04815573770491803 0.07062146892655367
7 0.2041495901639344 0.1348870056497175 0.05635245901639344 0.0692090395480226
33 0.19057377049180327 0.6009887005649718 0.02459016393442623 0.0903954802259887
7 0.12192622950819672 0.1687853107344633 0.10809426229508197 0.09463276836158192
23 0.5765881147540983 0.4604519774011299 0.00819672131147541 0.014124293785310734
4 0.0932377049180328 0.6504237288135594 0.012807377049180328 0.01977401129943503
4 0.1293545081967213 0.6362994350282486 0.013831967213114754 0.026836158192090395
4 0.11321721311475409 0.6440677966101694 0.01485655737704918 0.025423728813559324
23 0.08376024590163934 0.655367231638418 0.004610655737704918 0.022598870056497175
23 0.10297131147540983 0.6483050847457628 0.005122950819672131 0.018361581920903956
23 0.04380122950819672 0.672316384180791 0.007684426229508197 0.014124293785310734
23 0.1413934426229508 0.6391242937853108 0.006147540983606557 0.011299435028248588
23 0.2802254098360656 0.58545197740113 0.004610655737704918 0.0211864406779661
23 0.5765881147540983 0.4703389830508475 0.00819672131147541 0.011299435028248588
23 0.2930327868852459 0.5833333333333334 0.0056352459016393444 0.01694915254237288
23 0.04431352459016393 0.6850282485875706 0.00819672131147541 0.015536723163841809
4 0.5386782786885246 0.4978813559322034 0.010758196721311475 0.018361581920903956
4 0.5514856557377049 0.4943502824858757 0.011270491803278689 0.015536723163841809
23 0.15471311475409835 0.6483050847457628 0.007172131147540984 0.014124293785310734
30 0.27177254098360654 0.6087570621468926 0.01331967213114754 0.04096045197740113
23 0.04456967213114754 0.6991525423728814 0.007684426229508197 0.015536723163841809
23 0.30225409836065575 0.6009887005649718 0.004610655737704918 0.015536723163841809
23 0.2817622950819672 0.6115819209039548 0.004610655737704918 0.012711864406779662
23 0.2948258196721312 0.606638418079096 0.004098360655737705 0.018361581920903956
23 0.6567622950819673 0.4717514124293785 0.003586065573770492 0.015536723163841809
23 0.6606045081967213 0.4717514124293785 0.004610655737704918 0.018361581920903956
4 0.6695696721311475 0.4682203389830508 0.00973360655737705 0.01977401129943503
23 0.056864754098360656 0.7090395480225988 0.007684426229508197 0.014124293785310734
4 0.22540983606557377 0.6461864406779662 0.008709016393442622 0.04519774011299435
23 0.24180327868852458 0.6412429378531074 0.00665983606557377 0.012711864406779662
4 0.5443135245901639 0.5353107344632768 0.00973360655737705 0.014124293785310734
23 0.6613729508196722 0.4915254237288136 0.004610655737704918 0.014124293785310734
4 0.670594262295082 0.4879943502824859 0.008709016393442622 0.015536723163841809
23 0.657530737704918 0.4943502824858757 0.004098360655737705 0.01694915254237288
23 0.3155737704918033 0.6285310734463276 0.006147540983606557 0.014124293785310734
7 0.02074795081967213 0.7507062146892656 0.04149590163934426 0.3347457627118644
30 0.27510245901639346 0.655367231638418 0.014344262295081968 0.0480225988700565
23 0.3168545081967213 0.6405367231638418 0.0056352459016393444 0.00847457627118644
23 0.28790983606557374 0.6532485875706214 0.004098360655737705 0.01977401129943503
4 0.5450819672131147 0.5536723163841808 0.010758196721311475 0.0211864406779661
23 0.04918032786885246 0.777542372881356 0.007684426229508197 0.01694915254237288
23 0.5630122950819673 0.6207627118644068 0.007172131147540984 0.015536723163841809
23 0.5627561475409836 0.634180790960452 0.006147540983606557 0.014124293785310734
15 0.6111680327868853 0.6193502824858758 0.04405737704918033 0.09745762711864407
15 0.6931352459016393 0.594632768361582 0.04252049180327869 0.09463276836158192
4 0.44825819672131145 0.6913841807909604 0.005122950819672131 0.018361581920903956
4 0.47207991803278687 0.6822033898305084 0.003586065573770492 0.01694915254237288
4 0.5176741803278688 0.66454802259887 0.0030737704918032786 0.015536723163841809
4 0.46849385245901637 0.6836158192090396 0.004610655737704918 0.018361581920903956
4 0.4969262295081967 0.672316384180791 0.004098360655737705 0.018361581920903956
4 0.5015368852459017 0.6709039548022598 0.004098360655737705 0.014124293785310734
4 0.48411885245901637 0.6772598870056498 0.004610655737704918 0.01977401129943503
4 0.4797643442622951 0.6807909604519774 0.0056352459016393444 0.022598870056497175
4 0.44364754098360654 0.6942090395480226 0.004098360655737705 0.02401129943502825
4 0.45235655737704916 0.6913841807909604 0.0025614754098360654 0.015536723163841809
4 0.4569672131147541 0.6892655367231638 0.003586065573770492 0.01694915254237288
4 0.4766905737704918 0.681497175141243 0.003586065573770492 0.01694915254237288
4 0.48924180327868855 0.6765536723163842 0.004098360655737705 0.01694915254237288
4 0.5133196721311475 0.6673728813559322 0.005122950819672131 0.01694915254237288
4 0.5061475409836066 0.6701977401129944 0.004098360655737705 0.018361581920903956
4 0.4643954918032787 0.6864406779661016 0.003586065573770492 0.01977401129943503
4 0.4600409836065574 0.6878531073446328 0.004098360655737705 0.018361581920903956
4 0.492827868852459 0.6751412429378532 0.0030737704918032786 0.01694915254237288
4 0.5212602459016393 0.66454802259887 0.004610655737704918 0.018361581920903956
4 0.529969262295082 0.6610169491525424 0.004610655737704918 0.018361581920903956
4 0.5253586065573771 0.6638418079096046 0.004098360655737705 0.018361581920903956
23 0.5499487704918032 0.6603107344632768 0.00665983606557377 0.014124293785310734
23 0.5653176229508197 0.6560734463276836 0.00819672131147541 0.009887005649717515
23 0.5507172131147541 0.6716101694915254 0.00665983606557377 0.01694915254237288
23 0.4526127049180328 0.7097457627118644 0.0030737704918032786 0.01694915254237288
23 0.5658299180327869 0.6652542372881356 0.00665983606557377 0.018361581920903956
23 0.47771516393442626 0.701271186440678 0.003586065573770492 0.015536723163841809
23 0.5020491803278688 0.692090395480226 0.004610655737704918 0.015536723163841809
23 0.48719262295081966 0.6977401129943502 0.0030737704918032786 0.01694915254237288
23 0.4979508196721312 0.693502824858757 0.004098360655737705 0.012711864406779662
23 0.5176741803278688 0.6857344632768362 0.004098360655737705 0.01694915254237288
23 0.5304815573770492 0.6807909604519774 0.004610655737704918 0.015536723163841809
23 0.444672131147541 0.7139830508474576 0.005122950819672131 0.018361581920903956
23 0.49026639344262296 0.6963276836158192 0.0030737704918032786 0.014124293785310734
23 0.4731045081967213 0.7040960451977402 0.004098360655737705 0.01977401129943503
23 0.5263831967213115 0.6836158192090396 0.003586065573770492 0.015536723163841809
23 0.5107581967213115 0.6899717514124294 0.0030737704918032786 0.014124293785310734
23 0.46951844262295084 0.7055084745762712 0.005122950819672131 0.022598870056497175
23 0.4574795081967213 0.71045197740113 0.005122950819672131 0.01977401129943503
23 0.4813012295081967 0.701271186440678 0.004610655737704918 0.015536723163841809
23 0.4610655737704918 0.7090395480225988 0.004098360655737705 0.012711864406779662
23 0.49462090163934425 0.6977401129943502 0.004610655737704918 0.012711864406779662
23 0.5225409836065574 0.6864406779661016 0.004610655737704918 0.015536723163841809
23 0.5148565573770492 0.6899717514124294 0.0030737704918032786 0.014124293785310734
23 0.4487704918032787 0.7153954802259888 0.004098360655737705 0.01977401129943503
23 0.4656762295081967 0.71045197740113 0.0030737704918032786 0.01977401129943503
23 0.4656762295081967 0.71045197740113 0.004098360655737705 0.022598870056497175
4 0.5507172131147541 0.684322033898305 0.006147540983606557 0.00847457627118644
23 0.49718237704918034 0.71045197740113 0.006147540983606557 0.009887005649717515
4 0.5450819672131147 0.693502824858757 0.006147540983606557 0.00847457627118644
23 0.5363729508196722 0.6970338983050848 0.007172131147540984 0.012711864406779662
23 0.45440573770491804 0.730225988700565 0.004098360655737705 0.01694915254237288
23 0.4462090163934426 0.7344632768361582 0.004610655737704918 0.018361581920903956
23 0.5525102459016393 0.6977401129943502 0.006147540983606557 0.00847457627118644
23 0.49334016393442626 0.7238700564971752 0.00665983606557377 0.011299435028248588
4 0.5368852459016393 0.7083333333333334 0.00665983606557377 0.012711864406779662
23 0.5450819672131147 0.7062146892655368 0.0056352459016393444 0.011299435028248588
23 0.5525102459016393 0.7076271186440678 0.0056352459016393444 0.011299435028248588
4 0.5038422131147541 0.7295197740112994 0.009221311475409836 0.012711864406779662
23 0.545594262295082 0.7161016949152542 0.004098360655737705 0.007062146892655367
23 0.17930327868852458 0.8637005649717514 0.004610655737704918 0.018361581920903956
23 0.2346311475409836 0.8439265536723164 0.006147540983606557 0.01977401129943503
23 0.20107581967213115 0.856638418079096 0.005122950819672131 0.0211864406779661
23 0.15445696721311475 0.875 0.0056352459016393444 0.01977401129943503
23 0.18493852459016394 0.8629943502824858 0.006147540983606557 0.022598870056497175
23 0.2387295081967213 0.8425141242937854 0.006147540983606557 0.018361581920903956
23 0.2461577868852459 0.8396892655367232 0.0056352459016393444 0.022598870056497175
23 0.2177254098360656 0.8502824858757062 0.003586065573770492 0.0211864406779661
23 0.1411372950819672 0.8799435028248588 0.005122950819672131 0.0211864406779661
23 0.1711065573770492 0.8686440677966102 0.004610655737704918 0.01694915254237288
23 0.22694672131147542 0.8467514124293786 0.004098360655737705 0.01694915254237288
23 0.15035860655737704 0.876412429378531 0.004610655737704918 0.0211864406779661
23 0.2146516393442623 0.8516949152542372 0.003586065573770492 0.0211864406779661
23 0.2305327868852459 0.8453389830508474 0.005122950819672131 0.018361581920903956
23 0.19492827868852458 0.8608757062146892 0.004098360655737705 0.018361581920903956
23 0.16265368852459017 0.8728813559322034 0.005122950819672131 0.01977401129943503
23 0.16726434426229508 0.8714689265536724 0.0056352459016393444 0.01977401129943503
23 0.24282786885245902 0.8418079096045198 0.003586065573770492 0.015536723163841809
23 0.25128073770491804 0.8389830508474576 0.006147540983606557 0.01977401129943503
23 0.15855532786885246 0.875 0.004610655737704918 0.0211864406779661
4 0.5532786885245902 0.7217514124293786 0.007684426229508197 0.012711864406779662
23 0.14626024590163936 0.8792372881355932 0.004610655737704918 0.01977401129943503
23 0.22182377049180327 0.8502824858757062 0.006147540983606557 0.018361581920903956
23 0.44774590163934425 0.7641242937853108 0.0030737704918032786 0.01694915254237288
23 0.45133196721311475 0.7627118644067796 0.004610655737704918 0.0211864406779661
23 0.5678790983606558 0.7175141242937854 0.007172131147540984 0.014124293785310734
23 0.5745389344262295 0.7161016949152542 0.007684426229508197 0.011299435028248588
23 0.4925717213114754 0.748587570621469 0.008709016393442622 0.014124293785310734
4 0.5158811475409836 0.742231638418079 0.00819672131147541 0.014124293785310734
4 0.5038422131147541 0.7464689265536724 0.010758196721311475 0.012711864406779662
4 0.5261270491803278 0.740819209039548 0.007684426229508197 0.01694915254237288
23 0.5942622950819673 0.7146892655367232 0.003586065573770492 0.01694915254237288
4 0.5394467213114754 0.7372881355932204 0.011270491803278689 0.015536723163841809
23 0.5983606557377049 0.7146892655367232 0.0056352459016393444 0.018361581920903956
23 0.4930840163934426 0.7620056497175142 0.00973360655737705 0.015536723163841809
4 0.5046106557377049 0.7634180790960452 0.009221311475409836 0.012711864406779662
4 0.5248463114754098 0.7556497175141242 0.00973360655737705 0.015536723163841809
23 0.548155737704918 0.7464689265536724 0.00665983606557377 0.014124293785310734
23 0.5330430327868853 0.7542372881355932 0.00665983606557377 0.012711864406779662
4 0.22131147540983606 0.8778248587570622 0.006147540983606557 0.02401129943502825
4 0.13755122950819673 0.9103107344632768 0.005122950819672131 0.02401129943502825
4 0.14216188524590165 0.9096045197740112 0.005122950819672131 0.022598870056497175
23 0.5993852459016393 0.7323446327683616 0.003586065573770492 0.01694915254237288
23 0.3004610655737705 0.8481638418079096 0.00819672131147541 0.015536723163841809
23 0.25537909836065575 0.865819209039548 0.0056352459016393444 0.0211864406779661
4 0.21670081967213115 0.8806497175141242 0.005122950819672131 0.025423728813559324
23 0.5179303278688525 0.7711864406779662 0.006147540983606557 0.012711864406779662
23 0.5256147540983607 0.768361581920904 0.006147540983606557 0.009887005649717515
23 0.5494364754098361 0.759180790960452 0.004610655737704918 0.009887005649717515
23 0.5332991803278688 0.7655367231638418 0.00665983606557377 0.011299435028248588
4 0.33094262295081966 0.8453389830508474 0.007172131147540984 0.015536723163841809
4 0.34093237704918034 0.8411016949152542 0.006147540983606557 0.009887005649717515
4 0.5053790983606558 0.778954802259887 0.010758196721311475 0.01977401129943503
4 0.04047131147540984 0.9661016949152542 0.015368852459016393 0.026836158192090395
23 0.32172131147540983 0.8601694915254238 0.007684426229508197 0.015536723163841809
23 0.34093237704918034 0.8524011299435028 0.00665983606557377 0.011299435028248588
23 0.3319672131147541 0.8573446327683616 0.00665983606557377 0.012711864406779662
23 0.20901639344262296 0.9110169491525424 0.004610655737704918 0.01977401129943503
23 0.257172131147541 0.8919491525423728 0.004098360655737705 0.018361581920903956
23 0.26075819672131145 0.8905367231638418 0.0056352459016393444 0.018361581920903956
23 0.13908811475409835 0.9392655367231638 0.004098360655737705 0.01977401129943503
23 0.14369877049180327 0.9378531073446328 0.006147540983606557 0.01977401129943503
23 0.2182377049180328 0.9088983050847458 0.005122950819672131 0.01977401129943503
23 0.13037909836065573 0.9427966101694916 0.003586065573770492 0.01694915254237288
4 0.3506659836065574 0.8601694915254238 0.006147540983606557 0.011299435028248588
4 0.359375 0.8580508474576272 0.00819672131147541 0.014124293785310734
23 0.33145491803278687 0.8693502824858758 0.00665983606557377 0.014124293785310734
23 0.32197745901639346 0.8728813559322034 0.00665983606557377 0.012711864406779662
4 0.366547131147541 0.855225988700565 0.006147540983606557 0.014124293785310734
23 0.3417008196721312 0.8665254237288136 0.007684426229508197 0.012711864406779662
4 0.4011270491803279 0.8538135593220338 0.007684426229508197 0.012711864406779662
4 0.39139344262295084 0.8573446327683616 0.007172131147540984 0.011299435028248588
23 0.3230020491803279 0.8848870056497176 0.006147540983606557 0.011299435028248588
7 0.5858094262295082 0.03672316384180791 0.15625 0.07344632768361582
23 0.32248975409836067 0.8954802259887006 0.007684426229508197 0.014124293785310734
23 0.19031762295081966 0.9477401129943502 0.007684426229508197 0.012711864406779662
23 0.3916495901639344 0.8700564971751412 0.00819672131147541 0.015536723163841809
23 0.40292008196721313 0.867231638418079 0.008709016393442622 0.014124293785310734
23 0.1913422131147541 0.961864406779661 0.007172131147540984 0.014124293785310734
23 0.2827868852459016 0.9364406779661016 0.003586065573770492 0.018361581920903956
23 0.29200819672131145 0.934322033898305 0.004098360655737705 0.018361581920903956
23 0.1915983606557377 0.9745762711864406 0.007172131147540984 0.015536723163841809
23 0.19569672131147542 0.1716101694915254 0.004098360655737705 0.018361581920903956
23 0.19979508196721313 0.1716101694915254 0.004610655737704918 0.0211864406779661
23 0.19236680327868852 0.9901129943502824 0.00819672131147541 0.012711864406779662
23 0.21746926229508196 0.16596045197740114 0.005122950819672131 0.018361581920903956
23 0.1831454918032787 0.17937853107344634 0.004610655737704918 0.01977401129943503
4 0.4582479508196721 0.0882768361581921 0.00665983606557377 0.015536723163841809
23 0.1885245901639344 0.19703389830508475 0.004098360655737705 0.018361581920903956
23 0.27843237704918034 0.1638418079096045 0.008709016393442622 0.01694915254237288
23 0.19646516393442623 0.19703389830508475 0.004098360655737705 0.01977401129943503
23 0.48258196721311475 0.08615819209039548 0.004098360655737705 0.018361581920903956
23 0.48770491803278687 0.08403954802259887 0.006147540983606557 0.01977401129943503
4 0.47848360655737704 0.08898305084745763 0.005122950819672131 0.01977401129943503
4 0.3629610655737705 0.1348870056497175 0.015368852459016393 0.025423728813559324