15 0.6774869109947644 0.4561664190193165 0.1424083769633508 0.21025260029717682
4 0.8921465968586387 0.3922734026745914 0.01099476439790576 0.01634472511144131
23 0.7473821989528796 0.44353640416047546 0.008900523560209424 0.01634472511144131
15 0.518848167539267 0.5193164933135216 0.14345549738219895 0.24591381872213966
4 0.40340314136125655 0.562407132243685 0.014136125654450262 0.014858841010401188
23 0.8997382198952879 0.41679049034175336 0.013089005235602094 0.02600297176820208
4 0.3405759162303665 0.5861812778603269 0.008376963350785341 0.010401188707280832
15 0.881151832460733 0.44353640416047546 0.029842931937172777 0.048291233283803865
23 0.9293193717277487 0.4427934621099554 0.023036649214659685 0.02674591381872214
23 0.9589005235602094 0.4338781575037147 0.015706806282722512 0.020059435364041606
4 0.6198952879581152 0.5390044576523031 0.005759162303664921 0.011144130757800892
4 0.46151832460732983 0.6043833580980683 0.007853403141361256 0.015601783060921248
15 0.3324607329842932 0.6463595839524517 0.10523560209424083 0.1277860326894502
4 0.7209424083769633 0.5352897473997028 0.009424083769633508 0.007429420505200594
4 0.38272251308900523 0.6430163447251115 0.005759162303664921 0.01634472511144131
4 0.7429319371727748 0.5352897473997028 0.0062827225130890054 0.01337295690936107
4 0.2858638743455497 0.6816493313521546 0.006806282722513089 0.014858841010401188
30 0.2617801047120419 0.700222882615156 0.018848167539267015 0.020059435364041606
15 0.9445026178010472 0.5055720653789004 0.031413612565445025 0.045319465081723624
15 0.893979057591623 0.524888558692422 0.033507853403141365 0.04977711738484398
4 0.2835078534031414 0.712109955423477 0.010471204188481676 0.008915304606240713
4 0.5547120418848167 0.6322436849925706 0.010471204188481676 0.008172362555720654
23 0.5952879581151832 0.62555720653789 0.010471204188481676 0.009658246656760773
4 0.33979057591623035 0.7031946508172363 0.01099476439790576 0.01188707280832095
23 0.7068062827225131 0.5932392273402675 0.013089005235602094 0.01411589895988113
23 0.7743455497382199 0.5728083209509658 0.016230366492146597 0.015601783060921248
23 0.5965968586387435 0.6341010401188707 0.009424083769633508 0.010401188707280832
23 0.7073298429319371 0.6014115898959881 0.012041884816753926 0.010401188707280832
15 0.6191099476439791 0.6333580980683506 0.03507853403141361 0.046805349182763745
15 0.6882198952879581 0.612555720653789 0.041884816753926704 0.04977711738484398
15 0.7560209424083769 0.5965824665676077 0.033507853403141365 0.04234769687964339
23 0.5973821989528796 0.649331352154532 0.009947643979057591 0.009658246656760773
23 0.599476439790576 0.6604754829123328 0.010471204188481676 0.011144130757800892
4 0.6866492146596859 0.638187221396731 0.009424083769633508 0.008172362555720654
23 0.6575916230366492 0.6478454680534919 0.0062827225130890054 0.014858841010401188
4 0.6201570680628272 0.6589895988112927 0.01099476439790576 0.010401188707280832
4 0.7544502617801047 0.6192421991084696 0.008900523560209424 0.010401188707280832
4 0.41727748691099475 0.7488855869242199 0.007853403141361256 0.017830609212481426
23 0.31073298429319374 0.07689450222882616 0.019895287958115182 0.021545319465081723
4 0.4094240837696335 0.7522288261515602 0.005759162303664921 0.01634472511144131
4 0.4387434554973822 0.7518573551263001 0.010471204188481676 0.019316493313521546
23 0.30287958115183244 0.8101783060921248 0.024083769633507852 0.02526002971768202
23 0.281151832460733 0.8183506686478454 0.02198952879581152 0.021545319465081723
4 0.7960732984293194 0.6939078751857355 0.007329842931937173 0.015601783060921248
30 0.29109947643979056 0.8525260029717682 0.016753926701570682 0.02451708766716196
30 0.3206806282722513 0.8436106983655275 0.016230366492146597 0.02526002971768202
15 0.8217277486910994 0.6998514115898959 0.03926701570680628 0.06537890044576523
4 0.8005235602094241 0.7228826151560178 0.006806282722513089 0.017830609212481426
23 0.7903141361256545 0.7269687964338781 0.01099476439790576 0.009658246656760773
4 0.36596858638743457 0.8699851411589896 0.0743455497382199 0.11218424962852898
23 0.2905759162303665 0.9034175334323923 0.02198952879581152 0.02897473997028232
4 0.8149214659685864 0.787890044576523 0.028272251308900525 0.045319465081723624
4 0.8549738219895288 0.7756315007429421 0.03455497382198953 0.05052005943536404
4 0.42905759162303664 0.9450222882615156 0.030890052356020943 0.046805349182763745
4 0.4725130890052356 0.9450222882615156 0.05287958115183246 0.08172362555720654
4 0.27958115183246074 0.9895988112927192 0.0356020942408377 0.019316493313521546
23 0.31413612565445026 0.09806835066864784 0.017277486910994764 0.019316493313521546
4 0.5465968586387434 0.9431649331352154 0.032984293193717276 0.045319465081723624
15 0.6782722513089006 0.9112184249628529 0.03664921465968586 0.060178306092124816
15 0.6387434554973822 0.9253343239227341 0.02931937172774869 0.043833580980683504
15 0.5924083769633508 0.9416790490341753 0.034031413612565446 0.04977711738484398
4 0.6562827225130891 0.9353640416047548 0.006806282722513089 0.01411589895988113
4 0.6989528795811518 0.923848439821694 0.006806282722513089 0.014858841010401188
4 0.6149214659685864 0.9491084695393759 0.004188481675392671 0.015601783060921248
4 0.24554973821989529 0.1263001485884101 0.0356020942408377 0.04903417533432392
23 0.318586387434555 0.11738484398216939 0.023036649214659685 0.021545319465081723
4 0.7329842931937173 0.005200594353640416 0.008376963350785341 0.010401188707280832
4 0.7400523560209424 0.002600297176820208 0.006806282722513089 0.005200594353640416
4 0.7523560209424084 0.0014858841010401188 0.0062827225130890054 0.0029717682020802376
23 0.6002617801047121 0.04049034175334324 0.02931937172774869 0.03268945022288262
4 0.7476439790575916 0.0029717682020802376 0.008376963350785341 0.005943536404160475
23 0.48429319371727747 0.07726597325408618 0.027225130890052355 0.03566121842496285
4 0.5798429319371727 0.075037147102526 0.006806282722513089 0.01634472511144131
4 0.5384816753926701 0.08803863298662705 0.008376963350785341 0.014858841010401188
23 0.01806282722513089 0.2511144130757801 0.011518324607329843 0.009658246656760773
4 0.2526178010471204 0.1812778603268945 0.034031413612565446 0.05052005943536404
4 0.3193717277486911 0.16270430906389302 0.0356020942408377 0.05200594353640416
23 0.0193717277486911 0.2637444279346211 0.008900523560209424 0.007429420505200594
4 0.8350785340314136 0.018202080237741457 0.0062827225130890054 0.01411589895988113
4 0.6431937172774869 0.07689450222882616 0.014659685863874346 0.02823179791976226
4 0.7693717277486911 0.04271916790490342 0.008900523560209424 0.018573551263001486
23 0.020680628272251308 0.2763744427934621 0.010471204188481676 0.010401188707280832
4 0.4583769633507853 0.14413075780089152 0.007329842931937173 0.01634472511144131
23 0.6795811518324607 0.07726597325408618 0.010471204188481676 0.02674591381872214
4 0.36544502617801045 0.17310549777117384 0.008900523560209424 0.017087667161961365
23 0.6670157068062827 0.08209509658246657 0.014136125654450262 0.022288261515601784
23 0.6918848167539267 0.07689450222882616 0.012565445026178011 0.02674591381872214
23 0.9327225130890052 0.004086181277860327 0.008376963350785341 0.008172362555720654
4 0.8175392670157068 0.043462109955423475 0.006806282722513089 0.01411589895988113
4 0.7607329842931937 0.0612927191679049 0.0062827225130890054 0.01337295690936107
4 0.8298429319371727 0.04049034175334324 0.004712041884816754 0.010401188707280832
4 0.7408376963350786 0.06797919762258543 0.007853403141361256 0.01337295690936107
4 0.7547120418848168 0.0638930163447251 0.007853403141361256 0.018573551263001486
4 0.8243455497382199 0.04271916790490342 0.005759162303664921 0.011144130757800892
4 0.7481675392670157 0.06575037147102526 0.006806282722513089 0.01411589895988113
4 0.812565445026178 0.048662704309063894 0.007853403141361256 0.01634472511144131
15 0.06361256544502618 0.274517087667162 0.03193717277486911 0.04903417533432392
23 0.02329842931937173 0.2867756315007429 0.01099476439790576 0.008172362555720654
4 0.2848167539267016 0.21025260029717682 0.011518324607329843 0.020059435364041606
23 0.9345549738219895 0.015973254086181277 0.007329842931937173 0.005943536404160475
4 0.5154450261780105 0.14227340267459138 0.007329842931937173 0.01634472511144131
23 0.5740837696335078 0.12964338781575038 0.026701570680628273 0.021545319465081723
23 0.025130890052356022 0.29829123328380386 0.009947643979057591 0.008915304606240713
4 0.08298429319371728 0.2815750371471025 0.008376963350785341 0.01634472511144131
23 0.8259162303664922 0.05980683506686479 0.005759162303664921 0.01411589895988113
23 0.9356020942408377 0.02674591381872214 0.009424083769633508 0.010401188707280832
23 0.819371727748691 0.06277860326894502 0.005759162303664921 0.01263001485884101
23 0.8337696335078534 0.05906389301634472 0.007853403141361256 0.014858841010401188
4 0.9107329842931937 0.03603268945022288 0.007329842931937173 0.021545319465081723
23 0.8151832460732984 0.06612184249628529 0.007329842931937173 0.017830609212481426
4 0.6976439790575916 0.10401188707280833 0.010471204188481676 0.01634472511144131
23 0.025392670157068063 0.3112927191679049 0.010471204188481676 0.008915304606240713
23 0.9350785340314136 0.03974739970282318 0.014136125654450262 0.01263001485884101
23 0.028272251308900525 0.32317979197622587 0.010471204188481676 0.009658246656760773
23 0.5717277486910994 0.16084695393759288 0.019895287958115182 0.020059435364041606
23 0.9382198952879581 0.05274888558692422 0.011518324607329843 0.011144130757800892
4 0.37277486910994767 0.2262258543833581 0.0062827225130890054 0.015601783060921248
23 0.028272251308900525 0.33469539375928675 0.008900523560209424 0.008172362555720654
23 0.9410994764397905 0.0638930163447251 0.009424083769633508 0.011144130757800892
23 0.6465968586387435 0.1563893016344725 0.015706806282722512 0.0274888558692422
23 0.6363874345549738 0.15973254086181277 0.014659685863874346 0.0237741456166419
23 0.031151832460732984 0.3465824665676077 0.010471204188481676 0.009658246656760773
4 0.6015706806282722 0.17682020802377416 0.011518324607329843 0.021545319465081723
4 0.6146596858638743 0.17904903417533433 0.012041884816753926 0.021545319465081723
23 0.032984293193717276 0.3584695393759287 0.009424083769633508 0.008915304606240713
15 0.07382198952879582 0.3491827637444279 0.030890052356020943 0.041604754829123326
23 0.9452879581151833 0.08766716196136701 0.008376963350785341 0.01337295690936107
15 0.5824607329842932 0.19947994056463597 0.03664921465968586 0.05052005943536404
15 0.4651832460732984 0.23551263001485884 0.14712041884816754 0.2013372956909361
4 0.6575916230366492 0.1827637444279346 0.012041884816753926 0.020059435364041606
4 0.09476439790575916 0.3525260029717682 0.006806282722513089 0.017830609212481426
23 0.03612565445026178 0.37184249628528976 0.008900523560209424 0.009658246656760773
4 0.3225130890052356 0.28603268945022287 0.008900523560209424 0.015601783060921248
4 0.6052356020942409 0.2024517087667162 0.008900523560209424 0.01634472511144131
4 0.9230366492146597 0.10735512630014858 0.010471204188481676 0.01634472511144131
15 0.22172774869109949 0.3220653789004458 0.09633507853403141 0.14041604754829123
23 0.03664921465968586 0.3837295690936107 0.008376963350785341 0.008172362555720654
23 0.9471204188481676 0.11218424962852898 0.01099476439790576 0.008915304606240713
4 0.381151832460733 0.2852897473997028 0.0062827225130890054 0.01337295690936107
15 0.7853403141361257 0.1686478454680535 0.09842931937172775 0.13224368499257058
23 0.03848167539267016 0.3952451708766716 0.009947643979057591 0.009658246656760773
23 0.9502617801047121 0.12518573551263001 0.008900523560209424 0.007429420505200594
23 0.04057591623036649 0.4060178306092125 0.010471204188481676 0.009658246656760773
4 0.8437172774869109 0.16790490341753342 0.0062827225130890054 0.014858841010401188
23 0.9520942408376963 0.13781575037147104 0.009424083769633508 0.010401188707280832
23 0.042146596858638745 0.41939078751857356 0.008376963350785341 0.008172362555720654
15 0.5905759162303665 0.2540861812778603 0.028272251308900525 0.041604754829123326
4 0.4099476439790576 0.3098068350668648 0.007853403141361256 0.01337295690936107
15 0.08691099476439791 0.41790490341753345 0.029842931937172777 0.04457652303120357
23 0.043455497382198956 0.43276374442793464 0.011518324607329843 0.010401188707280832
23 0.04554973821989529 0.4427934621099554 0.008900523560209424 0.008915304606240713
4 0.1044502617801047 0.4294205052005943 0.006806282722513089 0.018573551263001486
23 0.04738219895287958 0.45579494799405645 0.010471204188481676 0.009658246656760773
23 0.049214659685863874 0.4673105497771174 0.009424083769633508 0.01188707280832095
4 0.2476439790575916 0.4160475482912333 0.008900523560209424 0.015601783060921248
23 0.050523560209424084 0.47919762258543835 0.009947643979057591 0.008915304606240713
23 0.051570680628272254 0.49108469539375926 0.010471204188481676 0.010401188707280832
4 0.7363874345549738 0.28826151560178304 0.0062827225130890054 0.01337295690936107
4 0.3099476439790576 0.42050520059435365 0.010471204188481676 0.011144130757800892
15 0.09633507853403141 0.48959881129271915 0.030366492146596858 0.04457652303120357
23 0.05418848167539267 0.5029717682020802 0.01099476439790576 0.009658246656760773
4 0.38010471204188484 0.40713224368499257 0.009947643979057591 0.011144130757800892
15 0.8581151832460733 0.26448736998514116 0.033507853403141365 0.04977711738484398
4 0.11675392670157068 0.4962852897473997 0.008376963350785341 0.019316493313521546
23 0.05602094240837696 0.5156017830609212 0.010471204188481676 0.008172362555720654
4 0.6104712041884817 0.35178306092124817 0.008376963350785341 0.017087667161961365
4 0.874607329842932 0.27377414561664193 0.007853403141361256 0.01337295690936107
23 0.7154450261780104 0.32280832095096584 0.031413612565445025 0.033432392273402674
23 0.05837696335078534 0.5282317979197623 0.009424083769633508 0.01337295690936107
4 0.5193717277486911 0.40007429420505203 0.010471204188481676 0.01263001485884101
23 0.059947643979057594 0.5393759286775631 0.008900523560209424 0.009658246656760773
4 0.6227748691099476 0.3792719167904903 0.009424083769633508 0.007429420505200594
23 0.06230366492146597 0.5508915304606241 0.009424083769633508 0.008915304606240713
15 0.3094240837696335 0.4784546805349183 0.10052356020942409 0.12332838038632987
15 0.1044502617801047 0.5464338781575037 0.032984293193717276 0.04086181277860327
23 0.06465968586387434 0.562778603268945 0.008900523560209424 0.009658246656760773
15 0.8649214659685864 0.32392273402674593 0.025130890052356022 0.041604754829123326
4 0.35785340314136127 0.4769687964338782 0.009424083769633508 0.015601783060921248
4 0.2607329842931937 0.5144873699851411 0.0062827225130890054 0.01411589895988113
4 0.7269633507853404 0.37518573551263 0.0062827225130890054 0.01337295690936107
23 0.06544502617801047 0.575780089153046 0.009424083769633508 0.007429420505200594
4 0.8840314136125654 0.33320950965824664 0.007329842931937173 0.018573551263001486
23 0.05837696335078534 0.5891530460624071 0.017277486910994764 0.017087667161961365
15 0.39712041884816757 0.487741456166419 0.03507853403141361 0.046805349182763745
4 0.5696335078534032 0.43945022288261515 0.0062827225130890054 0.01263001485884101
4 0.41596858638743456 0.49962852897473997 0.007329842931937173 0.015601783060921248
23 0.060209424083769635 0.6084695393759286 0.017277486910994764 0.018573551263001486
4 0.7426701570680628 0.40416047548291234 0.010471204188481676 0.02451708766716196
4 0.29528795811518327 0.5419762258543833 0.011518324607329843 0.010401188707280832
4 0.44973821989528795 0.5066864784546805 0.007853403141361256 0.017087667161961365
15 0.8727748691099476 0.38670133729569095 0.032460732984293195 0.04903417533432392