23 0.10663627152988855 0.8240072202166066 0.00911854103343465 0.027978339350180504
4 0.10131712259371833 0.8271660649819494 0.010638297872340425 0.02707581227436823
4 0.14564336372847012 0.8158844765342961 0.021783181357649443 0.026173285198555957
4 0.6719858156028369 0.618231046931408 0.044072948328267476 0.06407942238267147
23 0.3465045592705167 0.7454873646209387 0.014690982776089158 0.02075812274368231
23 0.4387031408308004 0.06453068592057762 0.03090172239108409 0.03790613718411552
23 0.5835866261398176 0.6574909747292419 0.008611955420466059 0.01895306859205776
30 0.526595744680851 0.032490974729241874 0.013677811550151976 0.02256317689530686
4 0.4452887537993921 0.7184115523465704 0.013677811550151976 0.023465703971119134
4 0.1469098277608916 0.8312274368231047 0.02330293819655522 0.01895306859205776
15 0.38551165146909827 0.7436823104693141 0.034447821681864235 0.0703971119133574
23 0.12360688956433637 0.8483754512635379 0.034954407294832825 0.05144404332129964
4 0.4045086119554205 0.7418772563176895 0.0121580547112462 0.01444043321299639
30 0.3411854103343465 0.7666967509025271 0.012664640324214792 0.017148014440433214
4 0.8568895643363729 0.5735559566787004 0.022289766970618033 0.0351985559566787
30 0.3541033434650456 0.7657942238267148 0.00911854103343465 0.021660649819494584
30 0.6484295845997974 0.6543321299638989 0.013171225937183385 0.02527075812274368
4 0.5058257345491388 0.7089350180505415 0.012664640324214792 0.02707581227436823
23 0.41514690982776087 0.743231046931408 0.008611955420466059 0.01895306859205776
30 0.5881458966565349 0.6787003610108303 0.010638297872340425 0.023465703971119134
4 0.9924012158054711 0.5288808664259927 0.014184397163120567 0.02527075812274368
23 0.44680851063829785 0.7351083032490975 0.011144883485309016 0.010830324909747292
15 0.4756838905775076 0.7251805054151624 0.05065856129685917 0.1272563176895307
4 0.3639817629179331 0.7703068592057761 0.006585612968591692 0.018050541516245487
4 0.540273556231003 0.7080324909747292 0.027862208713272545 0.07310469314079422
4 0.44883485309017224 0.7445848375451264 0.012664640324214792 0.01444043321299639
4 0.044579533941236066 0.8989169675090253 0.016717325227963525 0.01895306859205776
23 0.5896656534954408 0.6949458483754513 0.014184397163120567 0.01263537906137184
15 0.06332320162107397 0.89485559566787 0.034954407294832825 0.0776173285198556
4 0.37968591691995945 0.09160649819494585 0.029381965552178316 0.04963898916967509
4 0.5737082066869301 0.7044223826714802 0.02684903748733536 0.048736462093862815
30 0.6514690982776089 0.6759927797833934 0.013677811550151976 0.021660649819494584
4 0.8606889564336373 0.6015342960288809 0.022289766970618033 0.036101083032490974
23 0.044832826747720364 0.9124548736462094 0.012664640324214792 0.015342960288808664
23 0.9622593718338399 0.5676895306859205 0.023809523809523808 0.08303249097472924
4 0.5524316109422492 0.027978339350180504 0.019756838905775075 0.0388086642599278
30 0.43667679837892603 0.7815884476534296 0.010131712259371834 0.029783393501805054
4 0.5747213779128673 0.7310469314079422 0.007598784194528876 0.021660649819494584
23 0.5618034447821681 0.7360108303249098 0.008611955420466059 0.02256317689530686
23 0.8487841945288754 0.6272563176895307 0.013171225937183385 0.017148014440433214
23 0.5544579533941236 0.7396209386281588 0.007598784194528876 0.021660649819494584
4 0.5486322188449848 0.7418772563176895 0.0070921985815602835 0.02075812274368231
4 0.5678824721377913 0.7355595667870036 0.008105369807497468 0.024368231046931407
4 0.36524822695035464 0.8122743682310469 0.015197568389057751 0.026173285198555957
4 0.5207700101317123 0.753158844765343 0.028875379939209727 0.08574007220216606
4 0.5352077001013171 0.7477436823104693 0.007598784194528876 0.02075812274368231
4 0.5823201621073961 0.7310469314079422 0.007598784194528876 0.019855595667870037
4 0.542806484295846 0.746841155234657 0.007598784194528876 0.01895306859205776
30 0.6550151975683891 0.7053249097472925 0.014184397163120567 0.02527075812274368
4 0.7375886524822695 0.677797833935018 0.09979736575481256 0.09566787003610108
23 0.6360182370820668 0.7197653429602888 0.0060790273556231 0.016245487364620937
23 0.45263424518743667 0.7892599277978339 0.013171225937183385 0.02527075812274368
4 0.34523809523809523 0.8298736462093863 0.013171225937183385 0.015342960288808664
23 0.6458966565349544 0.7161552346570397 0.010131712259371834 0.01895306859205776
23 0.6177811550151976 0.7360108303249098 0.00911854103343465 0.03429602888086643
23 0.5990374873353597 0.743231046931408 0.02077001013171226 0.04061371841155235
30 0.8166160081053698 0.6615523465703971 0.010131712259371834 0.01263537906137184
4 0.5871327254305978 0.753158844765343 0.006585612968591692 0.02075812274368231
4 0.5405268490374874 0.7707581227436823 0.006585612968591692 0.02075812274368231
23 0.547112462006079 0.7689530685920578 0.009625126646403243 0.023465703971119134
23 0.5600303951367781 0.7644404332129964 0.0070921985815602835 0.02256317689530686
23 0.5805471124620061 0.7572202166064982 0.00911854103343465 0.021660649819494584
4 0.5671225937183384 0.7626353790613718 0.0060790273556231 0.02075812274368231
23 0.5739614994934144 0.759927797833935 0.006585612968591692 0.01895306859205776
23 0.6388044579533941 0.7351083032490975 0.005572441742654508 0.016245487364620937
23 0.5536980749746707 0.7685018050541517 0.008611955420466059 0.02527075812274368
4 0.4318642350557244 0.8181407942238267 0.013677811550151976 0.015342960288808664
23 0.8695542046605876 0.6543321299638989 0.02077001013171226 0.048736462093862815
23 0.05116514690982776 0.9661552346570397 0.018743667679837893 0.05415162454873646
15 0.8520770010131712 0.6638086642599278 0.021783181357649443 0.042418772563176894
4 0.4440222897669706 0.8208483754512635 0.010131712259371834 0.013537906137184115
30 0.5010131712259371 0.052346570397111915 0.016210739614994935 0.026173285198555957
4 0.8156028368794326 0.6850180505415162 0.006585612968591692 0.017148014440433214
4 0.7011144883485309 0.7364620938628159 0.007598784194528876 0.02075812274368231
30 0.29711246200607905 0.13131768953068593 0.0182370820668693 0.03429602888086643
4 0.7426545086119554 0.7247292418772563 0.022796352583586626 0.02256317689530686
23 0.4440222897669706 0.8375451263537906 0.010131712259371834 0.02256317689530686
23 0.12411347517730496 0.9607400722021661 0.00911854103343465 0.02256317689530686
23 0.11322188449848024 0.9657039711191335 0.0070921985815602835 0.021660649819494584
23 0.977710233029382 0.6403429602888087 0.01165146909827761 0.01263537906137184
4 0.3528368794326241 0.8777075812274369 0.014184397163120567 0.018050541516245487
30 0.28419452887537994 0.13628158844765342 0.01773049645390071 0.032490974729241874
30 0.8277608915906788 0.6990072202166066 0.02330293819655522 0.024368231046931407
4 0.9954407294832827 0.6385379061371841 0.008105369807497468 0.04061371841155235
23 0.25835866261398177 0.1466606498194946 0.020263424518743668 0.029783393501805054
25 0.9870820668693009 0.6457581227436823 0.008611955420466059 0.03429602888086643
23 0.5243161094224924 0.822202166064982 0.011144883485309016 0.01444043321299639
4 0.6965552178318136 0.7576714801444043 0.008611955420466059 0.02256317689530686
4 0.5364741641337386 0.8185920577617328 0.0121580547112462 0.01444043321299639
23 0.8563829787234043 0.700812274368231 0.019250253292806486 0.04151624548736462
4 0.4452887537993921 0.8574007220216606 0.011144883485309016 0.019855595667870037
23 0.7451874366767984 0.7441335740072202 0.024822695035460994 0.032490974729241874
23 0.7826747720364742 0.7324007220216606 0.014184397163120567 0.02256317689530686
15 0.5055724417426545 0.8375451263537906 0.034447821681864235 0.0776173285198556
23 0.8036980749746707 0.7283393501805054 0.0070921985815602835 0.021660649819494584
23 0.7973657548125633 0.7314981949458483 0.006585612968591692 0.017148014440433214
4 0.3558763931104357 0.8989169675090253 0.015704154002026342 0.01895306859205776
23 0.4848024316109423 0.8506317689530686 0.010638297872340425 0.010830324909747292
4 0.5509118541033434 0.8276173285198556 0.0121580547112462 0.02075812274368231
23 0.9055217831813577 0.6953971119133574 0.027862208713272545 0.02888086642599278
23 0.9812563323201621 0.6701263537906137 0.008105369807497468 0.010830324909747292
23 0.8232016210739616 0.7310469314079422 0.014690982776089158 0.03790613718411552
4 0.5387537993920972 0.8388989169675091 0.009625126646403243 0.011732851985559567
23 0.8411854103343465 0.7242779783393501 0.015197568389057751 0.0388086642599278
23 0.44832826747720367 0.8740974729241877 0.0121580547112462 0.01263537906137184
4 0.48606889564336375 0.8605595667870036 0.011144883485309016 0.011732851985559567
23 0.5278622087132725 0.8474729241877257 0.014184397163120567 0.02707581227436823
23 0.7849544072948328 0.7518050541516246 0.013677811550151976 0.024368231046931407
23 0.799645390070922 0.75 0.007598784194528876 0.019855595667870037
23 0.8067375886524822 0.7481949458483754 0.0060790273556231 0.016245487364620937
4 0.4490881458966565 0.8844765342960289 0.007598784194528876 0.009927797833935019
4 0.4749240121580547 0.8759025270758123 0.0121580547112462 0.01263537906137184
23 0.9052684903748733 0.720216606498195 0.014184397163120567 0.0315884476534296
4 0.49721377912867276 0.8813176895306859 0.011144883485309016 0.016245487364620937
25 0.9924012158054711 0.6981046931407943 0.014184397163120567 0.027978339350180504
23 0.5159574468085106 0.05550541516245487 0.011144883485309016 0.026173285198555957
23 0.5311550151975684 0.053700361010830325 0.011144883485309016 0.024368231046931407
23 0.29609929078014185 0.14981949458483754 0.01165146909827761 0.01263537906137184
4 0.4002026342451874 0.11146209386281589 0.014184397163120567 0.02527075812274368
30 0.5055724417426545 0.07806859205776173 0.017223910840932118 0.023465703971119134
23 0.27710233029381964 0.16471119133574008 0.014184397163120567 0.02527075812274368
23 0.524822695035461 0.07536101083032491 0.006585612968591692 0.017148014440433214
23 0.33383991894630194 0.14936823104693142 0.010638297872340425 0.036101083032490974
4 0.6182877406281662 0.04557761732851986 0.02684903748733536 0.04061371841155235
23 0.12234042553191489 0.2342057761732852 0.016210739614994935 0.02256317689530686
23 0.2735562310030395 0.19088447653429602 0.019756838905775075 0.026173285198555957
23 0.42907801418439717 0.14034296028880866 0.023809523809523808 0.039711191335740074
23 0.27077001013171226 0.20667870036101083 0.013171225937183385 0.013537906137184115
15 0.5681357649442755 0.09386281588447654 0.0243161094224924 0.048736462093862815
15 0.6322188449848024 0.07626353790613719 0.028368794326241134 0.04783393501805054
4 0.3404255319148936 0.18682310469314078 0.007598784194528876 0.02075812274368231
4 0.6134751773049646 0.08438628158844766 0.011144883485309016 0.019855595667870037
4 0.6504559270516718 0.07220216606498195 0.010131712259371834 0.0351985559566787
23 0.71580547112462 0.04828519855595668 0.014184397163120567 0.01444043321299639
7 0.7786220871327254 0.026173285198555957 0.02684903748733536 0.03700361010830325
7 0.7355623100303952 0.043772563176895304 0.030395136778115502 0.042418772563176894
15 0.396403242147923 0.17915162454873645 0.057750759878419454 0.11010830324909747
23 0.4336372847011145 0.16606498194945848 0.025835866261398176 0.036101083032490974
4 0.7183383991894631 0.060018050541516245 0.012664640324214792 0.015342960288808664
23 0.6149949341438703 0.10018050541516245 0.013677811550151976 0.01444043321299639
4 0.8135764944275583 0.03429602888086643 0.03596757852077001 0.05054151624548736
30 0.7261904761904762 0.06859205776173286 0.015197568389057751 0.021660649819494584
4 0.8497973657548126 0.02527075812274368 0.008611955420466059 0.023465703971119134
4 0.19148936170212766 0.2752707581227437 0.013677811550151976 0.02527075812274368
23 0.1831306990881459 0.2793321299638989 0.0070921985815602835 0.021660649819494584
4 0.2188449848024316 0.2666967509025271 0.033941236068895646 0.03790613718411552
7 0.7591185410334347 0.06678700361010831 0.02684903748733536 0.036101083032490974
23 0.8999493414387031 0.015342960288808664 0.013171225937183385 0.02707581227436823
4 0.3485309017223911 0.22427797833935018 0.012664640324214792 0.024368231046931407
23 0.8903242147923 0.019855595667870037 0.012664640324214792 0.029783393501805054
23 0.8695542046605876 0.02888086642599278 0.011144883485309016 0.02707581227436823
23 0.8599290780141844 0.0351985559566787 0.009625126646403243 0.023465703971119134
23 0.36271529888551163 0.226985559566787 0.02077001013171226 0.03429602888086643
4 0.9338905775075987 0.016696750902527077 0.019756838905775075 0.033393501805054154
7 0.9184397163120568 0.02211191335740072 0.018743667679837893 0.03429602888086643
4 0.37968591691995945 0.2292418772563177 0.017223910840932118 0.02888086642599278
7 0.8439716312056738 0.05324909747292419 0.01773049645390071 0.02888086642599278
7 0.8994427558257345 0.036101083032490974 0.015704154002026342 0.01895306859205776
23 0.1339918946301925 0.3276173285198556 0.014184397163120567 0.02075812274368231
15 0.6334853090172239 0.1385379061371841 0.02330293819655522 0.030685920577617327
7 0.8617021276595744 0.05415162454873646 0.015197568389057751 0.016245487364620937
23 0.475177304964539 0.009025270758122744 0.0243161094224924 0.018050541516245487
4 0.8530901722391084 0.06904332129963899 0.02684903748733536 0.02256317689530686
23 0.6385511651469098 0.15433212996389892 0.015197568389057751 0.018050541516245487
4 0.7056737588652482 0.1322202166064982 0.03596757852077001 0.0703971119133574
7 0.912613981762918 0.05595667870036101 0.019756838905775075 0.021660649819494584
4 0.8933637284701115 0.0631768953068592 0.00911854103343465 0.02256317689530686
4 0.8700607902735562 0.07310469314079422 0.010638297872340425 0.02707581227436823
23 0.13804457953394123 0.3528880866425993 0.012664640324214792 0.016245487364620937
23 0.6294326241134752 0.16877256317689532 0.015197568389057751 0.018050541516245487
4 0.8457446808510638 0.08935018050541517 0.04913880445795339 0.058664259927797835
23 0.5737082066869301 0.19359205776173286 0.013677811550151976 0.030685920577617327
4 0.7408814589665653 0.13086642599277978 0.04002026342451875 0.10108303249097472
23 0.5851063829787234 0.19268953068592057 0.011144883485309016 0.013537906137184115
23 0.6491894630192503 0.16967509025270758 0.00911854103343465 0.02256317689530686
23 0.5481256332320162 0.20938628158844766 0.019756838905775075 0.021660649819494584
4 0.6562816616008106 0.16967509025270758 0.0070921985815602835 0.021660649819494584
4 0.6750253292806484 0.17057761732851986 0.02634245187436677 0.046028880866425995
23 0.5843465045592705 0.20803249097472923 0.008105369807497468 0.018050541516245487
23 0.5942249240121581 0.20397111913357402 0.007598784194528876 0.02256317689530686
23 0.563323201621074 0.22247292418772563 0.03951367781155015 0.032490974729241874
23 0.9065349544072948 0.0970216606498195 0.0070921985815602835 0.01895306859205776
30 0.49544072948328266 0.004512635379061372 0.0182370820668693 0.009025270758122744
4 0.9247720364741642 0.09205776173285199 0.014690982776089158 0.017148014440433214
15 0.8844984802431611 0.11101083032490974 0.03242147922998987 0.058664259927797835
4 0.8437183383991894 0.1263537906137184 0.016717325227963525 0.02256317689530686
4 0.47821681864235055 0.2703068592057762 0.015197568389057751 0.0388086642599278
23 0.4979736575481256 0.26534296028880866 0.010131712259371834 0.030685920577617327
23 0.9151469098277609 0.11101083032490974 0.008611955420466059 0.021660649819494584
23 0.8614488348530902 0.13447653429602888 0.013677811550151976 0.02075812274368231
23 0.6231003039513677 0.24232851985559567 0.01165146909827761 0.01444043321299639
4 0.7687436676798379 0.18682310469314078 0.009625126646403243 0.02527075812274368
30 0.4493414387031408 0.30866425992779783 0.02077001013171226 0.030685920577617327
4 0.8867781155015197 0.14846570397111913 0.04154002026342452 0.03429602888086643
4 0.8513171225937184 0.1638086642599278 0.03546099290780142 0.04693140794223827
23 0.5952380952380952 0.26173285198555957 0.019250253292806486 0.027978339350180504
23 0.6253799392097265 0.2608303249097473 0.011144883485309016 0.013537906137184115
4 0.9042553191489362 0.16335740072202165 0.009625126646403243 0.019855595667870037
23 0.9090678824721378 0.1615523465703971 0.007598784194528876 0.02075812274368231
4 0.44655521783181357 0.33754512635379064 0.02988855116514691 0.046028880866425995
23 0.8933637284701115 0.16832129963898917 0.015704154002026342 0.019855595667870037
4 0.7771023302938197 0.217057761732852 0.006585612968591692 0.02075812274368231
23 0.7864741641337386 0.21435018050541516 0.015197568389057751 0.02707581227436823
4 0.7983789260385005 0.21074007220216606 0.009625126646403243 0.024368231046931407
23 0.6887031408308004 0.2549638989169675 0.00911854103343465 0.01263537906137184
23 0.6068895643363729 0.2879061371841155 0.025835866261398176 0.03790613718411552
23 0.4351570415400203 0.36101083032490977 0.0121580547112462 0.013537906137184115
4 0.869807497467072 0.2003610108303249 0.04508611955420466 0.04963898916967509
4 0.6871833839918946 0.27120938628158847 0.006585612968591692 0.016245487364620937
4 0.9110942249240122 0.18637184115523467 0.013677811550151976 0.018050541516245487
23 0.7079533941236069 0.26353790613718414 0.0070921985815602835 0.021660649819494584
23 0.6968085106382979 0.2788808664259928 0.015197568389057751 0.03790613718411552
23 0.628419452887538 0.3082129963898917 0.02330293819655522 0.026173285198555957
4 0.461499493414387 0.3722924187725632 0.0425531914893617 0.05054151624548736
30 0.9128672745694022 0.20532490974729242 0.016717325227963525 0.02888086642599278
30 0.9336372847011145 0.19720216606498195 0.017223910840932118 0.02888086642599278
23 0.7348024316109423 0.2752707581227437 0.016210739614994935 0.03429602888086643
4 0.8733535967578521 0.22563176895306858 0.006585612968591692 0.018050541516245487
23 0.8682877406281662 0.22743682310469315 0.008105369807497468 0.01895306859205776
23 0.8799392097264438 0.22427797833935018 0.008611955420466059 0.02075812274368231
30 0.9002026342451874 0.21660649819494585 0.013171225937183385 0.02256317689530686
4 0.49670719351570414 0.01128158844765343 0.010638297872340425 0.010830324909747292
23 0.4736575481256332 0.3916967509025271 0.017223910840932118 0.02256317689530686
4 0.46023302938196553 0.4016245487364621 0.012664640324214792 0.017148014440433214
4 0.4754305977710233 0.40613718411552346 0.018743667679837893 0.02075812274368231
4 0.4457953394123607 0.42283393501805056 0.03090172239108409 0.06768953068592058
23 0.3421985815602837 0.4629963898916967 0.015197568389057751 0.029783393501805054
23 0.6218338399189463 0.3799638989169675 0.01165146909827761 0.021660649819494584
23 0.34599797365754814 0.49458483754512633 0.007598784194528876 0.021660649819494584
23 0.6337386018237082 0.38853790613718414 0.01165146909827761 0.02256317689530686
23 0.6243667679837892 0.4002707581227437 0.0121580547112462 0.021660649819494584
15 0.315096251266464 0.5266245487364621 0.06332320162107397 0.11462093862815885
23 0.6382978723404256 0.40974729241877256 0.013677811550151976 0.02527075812274368
23 0.048378926038500504 0.6340252707581228 0.016210739614994935 0.02256317689530686
23 0.3617021276595745 0.5171480144404332 0.013171225937183385 0.017148014440433214
23 0.6111955420466059 0.42554151624548736 0.014184397163120567 0.023465703971119134
23 0.6279128672745694 0.421028880866426 0.010638297872340425 0.021660649819494584
23 0.04331306990881459 0.6489169675090253 0.016210739614994935 0.02075812274368231
23 0.35131712259371833 0.5342960288808665 0.013171225937183385 0.017148014440433214
4 0.3637284701114488 0.5388086642599278 0.010638297872340425 0.013537906137184115
23 0.6030901722391084 0.4490072202166065 0.009625126646403243 0.021660649819494584
23 0.5919452887537994 0.453971119133574 0.010131712259371834 0.013537906137184115
4 0.9690982776089159 0.3145306859205776 0.04508611955420466 0.08212996389891697
23 0.3538500506585613 0.5505415162454874 0.011144883485309016 0.015342960288808664
4 0.9285714285714286 0.33303249097472926 0.041033434650455926 0.04963898916967509
4 0.2945795339412361 0.578971119133574 0.013677811550151976 0.02707581227436823
23 0.6020770010131712 0.46615523465703973 0.01773049645390071 0.02256317689530686
4 0.5868794326241135 0.47247292418772563 0.015197568389057751 0.027978339350180504
23 0.49949341438703143 0.5085740072202166 0.0425531914893617 0.036101083032490974
15 0.16767983789260385 0.634927797833935 0.034447821681864235 0.07581227436823104
15 0.3981762917933131 0.5505415162454874 0.057244174265450865 0.1092057761732852
4 0.36727456940222897 0.5631768953068592 0.009625126646403243 0.011732851985559567
4 0.538500506585613 0.5009025270758123 0.03596757852077001 0.05144404332129964
23 0.5709219858156028 0.49458483754512633 0.012664640324214792 0.036101083032490974
23 0.27583586626139817 0.6096570397111913 0.04305977710233029 0.058664259927797835
15 0.9199594731509625 0.36958483754512633 0.036980749746707196 0.058664259927797835
4 0.9399696048632219 0.3637184115523466 0.008611955420466059 0.018050541516245487
4 0.581306990881459 0.5004512635379061 0.013171225937183385 0.0388086642599278
23 0.1474164133738602 0.6665162454873647 0.014690982776089158 0.023465703971119134
4 0.7125126646403243 0.4584837545126354 0.013171225937183385 0.018050541516245487
30 0.4880952380952381 0.5433212996389891 0.011144883485309016 0.030685920577617327
23 0.02077001013171226 0.7260830324909747 0.01165146909827761 0.023465703971119134
15 0.9787234042553191 0.3641696750902527 0.03546099290780142 0.05776173285198556
15 0.6727456940222898 0.4851083032490975 0.07446808510638298 0.09566787003610108
4 0.2013677811550152 0.1407942238267148 0.03546099290780142 0.05054151624548736
23 0.71403242147923 0.4742779783393502 0.012664640324214792 0.019855595667870037
4 0.9450354609929078 0.4016245487364621 0.031914893617021274 0.05415162454873646
4 0.7160587639311043 0.48826714801444043 0.01165146909827761 0.01444043321299639
15 0.5182370820668692 0.5649819494584838 0.0182370820668693 0.033393501805054154
30 0.5055724417426545 0.5717509025270758 0.013171225937183385 0.024368231046931407
30 0.4868287740628166 0.5807761732851986 0.014184397163120567 0.026173285198555957
15 0.05825734549138804 0.7436823104693141 0.034954407294832825 0.0740072202166065
4 0.5759878419452887 0.5505415162454874 0.07497467071935157 0.08032490974729242
23 0.1770516717325228 0.15342960288808663 0.0182370820668693 0.0315884476534296
4 0.9739108409321175 0.4092960288808664 0.030395136778115502 0.05956678700361011
23 0.5030395136778115 0.5938628158844765 0.014690982776089158 0.02256317689530686
23 0.493161094224924 0.6033393501805054 0.016717325227963525 0.027978339350180504
4 0.35688956433637287 0.6601985559566786 0.04154002026342452 0.05956678700361011
23 0.09853090172239108 0.7590252707581228 0.004052684903748734 0.009927797833935019
4 0.41084093211752787 0.6435018050541517 0.037993920972644375 0.048736462093862815
23 0.513677811550152 0.02888086642599278 0.0121580547112462 0.013537906137184115
4 0.13728470111448834 0.7554151624548736 0.009625126646403243 0.013537906137184115
23 0.06306990881458967 0.7833935018050542 0.02988855116514691 0.026173285198555957
4 0.12563323201621074 0.7608303249097473 0.0121580547112462 0.016245487364620937
23 0.07725430597771023 0.7847472924187726 0.0010131712259371835 0.002707581227436823
4 0.7051671732522796 0.5478339350180506 0.04204660587639311 0.06046931407942238
15 0.6641337386018237 0.5649819494584838 0.04305977710233029 0.055054151624548735
23 0.06357649442755826 0.7964801444043321 0.03090172239108409 0.024368231046931407
23 0.06408308004052685 0.8055054151624549 0.03546099290780142 0.026173285198555957
23 0.03596757852077001 0.8176895306859205 0.0182370820668693 0.027978339350180504
23 0.8814589665653495 0.5058664259927798 0.015704154002026342 0.026173285198555957
23 0.9171732522796353 0.49323104693140796 0.05369807497467072 0.04332129963898917
25 0.8601823708206687 0.5157942238267148 0.03242147922998987 0.0315884476534296
4 0.40425531914893614 0.6949458483754513 0.06990881458966565 0.08844765342960288
23 0.9652988855116514 0.4833032490974729 0.013171225937183385 0.021660649819494584
30 0.36296859169199597 0.7143501805054152 0.01165146909827761 0.011732851985559567
15 0.07066869300911854 0.8343862815884476 0.0364741641337386 0.05144404332129964
4 0.601063829787234 0.6344765342960289 0.03343465045592705 0.08483754512635379
30 0.3617021276595745 0.7256317689530686 0.012664640324214792 0.01444043321299639