15 0.6936353829557713 0.5849923430321593 0.13915857605177995 0.20673813169984687
23 0.9225997842502697 0.10949464012251149 0.008090614886731391 0.016079632465543645
4 0.8648867313915858 0.09877488514548238 0.009708737864077669 0.019908116385911178
23 0.9061488673139159 0.10719754977029096 0.003236245954692557 0.01454823889739663
4 0.9174757281553398 0.6305513016845329 0.010248112189859764 0.016079632465543645
23 0.7642934196332255 0.6075803981623277 0.008629989212513484 0.016845329249617153
15 0.5245415318230853 0.5666156202143952 0.13861920172599784 0.2442572741194487
4 0.40183387270765913 0.5509188361408882 0.014023732470334413 0.013782542113323124
23 0.9185544768069039 0.6577335375191424 0.012405609492988134 0.026033690658499236
4 0.3352211434735707 0.5421133231240429 0.008090614886731391 0.009954058192955589
15 0.8940129449838188 0.6745788667687596 0.028586839266450916 0.04823889739663093
23 0.9406688241639698 0.6975497702909648 0.02319309600862999 0.026033690658499236
23 0.9716828478964401 0.7040581929555896 0.01564185544768069 0.01914241960183767
4 0.6173139158576052 0.6362940275650842 0.005393743257820928 0.011485451761102604
4 0.447680690399137 0.6202143950995406 0.007551240560949299 0.015313935681470138
15 0.3122977346278317 0.5964777947932619 0.10409924487594391 0.12327718223583461
4 0.7160194174757282 0.6830015313935681 0.009708737864077669 0.006891271056661562
4 0.36192017259978426 0.6186830015313936 0.005393743257820928 0.016845329249617153
4 0.7373247033441208 0.694104134762634 0.005933117583603021 0.013782542113323124
4 0.25836030204962246 0.607197549770291 0.006472491909385114 0.015313935681470138
30 0.23058252427184467 0.613323124042879 0.018878101402373247 0.01914241960183767
15 0.9398597626752967 0.7664624808575804 0.030744336569579287 0.0444104134762634
15 0.8861920172599784 0.7595712098009189 0.032362459546925564 0.04900459418070444
4 0.24865156418554477 0.6355283307810107 0.010787486515641856 0.008422664624808576
4 0.5310140237324703 0.694104134762634 0.010787486515641856 0.007656967840735069
23 0.5720064724919094 0.7075038284839203 0.010787486515641856 0.009188361408882083
4 0.3055555555555556 0.655436447166922 0.010787486515641856 0.011485451761102604
23 0.6877022653721683 0.7323889739663093 0.012944983818770227 0.013782542113323124
23 0.7583603020496225 0.7465543644716692 0.016720604099244876 0.01454823889739663
23 0.5711974110032363 0.7166921898928025 0.009169363538295576 0.009954058192955589
23 0.6863538295577131 0.7404287901990811 0.011866235167206042 0.009954058192955589
15 0.593042071197411 0.7274119448698315 0.034519956850053934 0.0451761102603369
15 0.6650485436893204 0.7415773353751914 0.042071197411003236 0.04747320061255743
15 0.7346278317152104 0.7603369065849923 0.03290183387270766 0.04134762633996937
23 0.5679611650485437 0.7316232771822359 0.009708737864077669 0.009188361408882083
23 0.5674217907227616 0.7438744257274119 0.010248112189859764 0.010719754977029096
4 0.6572276159654801 0.7656967840735069 0.009708737864077669 0.007656967840735069
23 0.6267529665587918 0.7603369065849923 0.005933117583603021 0.015313935681470138
4 0.5876483279395901 0.7526799387442573 0.010787486515641856 0.009954058192955589
4 0.7276159654800431 0.7813935681470138 0.008629989212513484 0.009954058192955589
4 0.3692017259978425 0.7385145482388974 0.007551240560949299 0.01761102603369066
23 0.43284789644012944 0.03407350689127105 0.019956850053937433 0.020673813169984685
4 0.360571736785329 0.7373660030627871 0.005393743257820928 0.016845329249617153
4 0.38915857605177995 0.751531393568147 0.010248112189859764 0.01914241960183767
23 0.2429881337648328 0.7404287901990811 0.023732470334412083 0.023736600306278714
23 0.22006472491909385 0.7373660030627871 0.022114347357065803 0.020673813169984685
4 0.7494606256742179 0.8744257274119449 0.007011866235167206 0.015313935681470138
30 0.22114347357065803 0.7752679938744257 0.016720604099244876 0.023736600306278714
30 0.25215749730312836 0.7813935681470138 0.016181229773462782 0.02450229709035222
15 0.7726537216828478 0.8931852986217458 0.037756202804746494 0.06508422664624809
4 0.7464940668824164 0.9046707503828484 0.005933117583603021 0.018376722817764167
23 0.7357065803667745 0.9035222052067381 0.011326860841423949 0.009188361408882083
4 0.2891046386192017 0.8300153139356815 0.07281553398058252 0.11026033690658499
23 0.20819848975188782 0.8246554364471669 0.021574973031283712 0.028330781010719754
4 0.7443365695792881 0.9747320061255743 0.02750809061488673 0.0451761102603369
4 0.7864077669902912 0.9785604900459418 0.034519956850053934 0.04134762633996937
4 0.33171521035598706 0.9341500765696784 0.030204962243797196 0.045941807044410414
4 0.3743257820927724 0.9490811638591118 0.05070118662351672 0.0681470137825421
4 0.17179072276159654 0.9165390505359877 0.03398058252427184 0.04900459418070444
23 0.4306903991370011 0.05627871362940275 0.017259978425026967 0.018376722817764167
4 0.4471413160733549 0.9823889739663093 0.03182308522114347 0.027565084226646247
15 0.4924487594390507 0.9934915773353752 0.03128371089536138 0.011485451761102604
4 0.3573354908306365 0.04938744257274119 0.03505933117583603 0.04823889739663093
4 0.947680690399137 0.17036753445635527 0.006472491909385114 0.01225114854517611
4 0.9406688241639698 0.16883614088820828 0.003236245954692557 0.013016845329249618
4 0.95361380798274 0.17151607963246554 0.004314994606256742 0.013782542113323124
4 0.9336569579288025 0.16807044410413477 0.006472491909385114 0.013016845329249618
23 0.430151024811219 0.07695252679938744 0.023732470334412083 0.020673813169984685
4 0.8605717367853291 0.17075038284839203 0.007011866235167206 0.01914241960183767
4 0.8678532901833873 0.17228177641653905 0.005393743257820928 0.01454823889739663
4 0.8807982740021575 0.17534456355283307 0.005393743257820928 0.015313935681470138
23 0.7222222222222222 0.1439509954058193 0.02912621359223301 0.03139356814701378
4 0.9447141316073355 0.1891271056661562 0.0048543689320388345 0.01454823889739663
4 0.8754045307443366 0.17496171516079634 0.007551240560949299 0.016845329249617153
4 0.9517259978425027 0.19104134762633998 0.0048543689320388345 0.01454823889739663
4 0.9306903991370011 0.18683001531393567 0.007011866235167206 0.016845329249617153
4 0.9377022653721683 0.1883614088820827 0.006472491909385114 0.013016845329249618
23 0.6005933117583603 0.12098009188361408 0.02696871628910464 0.03445635528330781
4 0.6936353829557713 0.16653905053598775 0.006472491909385114 0.016845329249617153
4 0.6502157497303128 0.15888208269525267 0.008090614886731391 0.015313935681470138
23 0.10598705501618123 0.05627871362940275 0.011866235167206042 0.009188361408882083
4 0.3505933117583603 0.1060490045941807 0.03344120819848975 0.04977029096477795
4 0.4199029126213592 0.12136294027565084 0.03505933117583603 0.05053598774885146
23 0.10409924487594391 0.06929555895865237 0.009169363538295576 0.006891271056661562
4 0.9549622437971953 0.23966309341500766 0.005393743257820928 0.01454823889739663
4 0.7545846817691478 0.2006125574272588 0.014023732470334413 0.028330781010719754
4 0.8851132686084142 0.2304747320061256 0.008090614886731391 0.018376722817764167
23 0.10248112189859762 0.08192955589586524 0.010248112189859764 0.009188361408882083
4 0.5590614886731392 0.17304747320061256 0.007011866235167206 0.016079632465543645
23 0.7899137001078749 0.21898928024502298 0.009708737864077669 0.02679938744257274
4 0.4617044228694714 0.15428790199081163 0.008629989212513484 0.01761102603369066
23 0.7764293419633226 0.2170750382848392 0.01348435814455232 0.0222052067381317
23 0.801779935275081 0.22473200612557429 0.011866235167206042 0.02679938744257274
4 0.9317691477885652 0.2553598774885146 0.005933117583603021 0.01454823889739663
4 0.872168284789644 0.2442572741194487 0.005933117583603021 0.013782542113323124
4 0.9444444444444444 0.25842266462480856 0.004314994606256742 0.010719754977029096
4 0.8514023732470335 0.24081163859111793 0.007551240560949299 0.013782542113323124
4 0.8656957928802589 0.2434915773353752 0.007011866235167206 0.018376722817764167
4 0.9385113268608414 0.25803981623277183 0.005393743257820928 0.011485451761102604
4 0.8589536138079827 0.24234303215926492 0.005933117583603021 0.01454823889739663
4 0.9252966558791802 0.25765696784073505 0.007551240560949299 0.016079632465543645
15 0.14455231930960086 0.10183767228177641 0.030744336569579287 0.04823889739663093
23 0.10221143473570658 0.09341500765696784 0.011326860841423949 0.007656967840735069
4 0.37459546925566345 0.15007656967840735 0.010787486515641856 0.019908116385911178
4 0.6146170442286947 0.1998468606431853 0.007011866235167206 0.016079632465543645
23 0.674487594390507 0.2170750382848392 0.02696871628910464 0.01914241960183767
23 0.1011326860841424 0.10566615620214395 0.010248112189859764 0.007656967840735069
4 0.16127292340884575 0.11868300153139356 0.008090614886731391 0.016079632465543645
23 0.93554476806904 0.27526799387442574 0.0048543689320388345 0.01454823889739663
23 0.9285329018338727 0.27450229709035223 0.005393743257820928 0.013016845329249618
23 0.9436353829557713 0.27833078101071973 0.007011866235167206 0.01454823889739663
23 0.9236785329018339 0.27603369065849925 0.006472491909385114 0.018376722817764167
4 0.8004314994606256 0.25382848392036755 0.009708737864077669 0.016079632465543645
23 0.09816612729234088 0.11830015313935681 0.010787486515641856 0.008422664624808576
23 0.09789644012944984 0.13131699846860642 0.010787486515641856 0.009188361408882083
23 0.6645091693635383 0.24578866768759572 0.019956850053937433 0.01914241960183767
4 0.4557713052858684 0.20980091883614088 0.005933117583603021 0.016079632465543645
23 0.09519956850053937 0.14241960183767227 0.009169363538295576 0.007656967840735069
23 0.7381337648327939 0.27909647779479324 0.015102481121898598 0.027565084226646247
23 0.7273462783171522 0.2771822358346095 0.014563106796116505 0.023736600306278714
23 0.09519956850053937 0.1554364471669219 0.010787486515641856 0.009188361408882083
4 0.6893203883495146 0.276416539050536 0.010787486515641856 0.021439509954058193
4 0.7014563106796117 0.2852220520673813 0.011326860841423949 0.021439509954058193
23 0.09385113268608414 0.16768759571209801 0.009169363538295576 0.008422664624808576
15 0.13565264293419632 0.17917304747320062 0.030204962243797196 0.04134762633996937
15 0.6653182308522114 0.2886676875957121 0.03559870550161812 0.04977029096477795
15 0.5428802588996764 0.2649310872894334 0.14455231930960086 0.19678407350689128
4 0.7421790722761596 0.3101071975497703 0.011326860841423949 0.019908116385911178
4 0.15507011866235168 0.19295558958652373 0.005933117583603021 0.018376722817764167
23 0.0935814455231931 0.18223583460949463 0.008629989212513484 0.009188361408882083
4 0.39212513484358147 0.24272588055130168 0.008629989212513484 0.016079632465543645
4 0.6866235167206041 0.30283307810107196 0.008629989212513484 0.016845329249617153
15 0.2858683926645092 0.22664624808575803 0.09439050701186623 0.13782542113323124
23 0.09115426105717368 0.194104134762634 0.008629989212513484 0.007656967840735069
4 0.44902912621359226 0.27105666156202146 0.005933117583603021 0.013782542113323124
15 0.8694714131607335 0.360260336906585 0.0970873786407767 0.12940275650842267
23 0.09007551240560949 0.2063552833078101 0.010248112189859764 0.008422664624808576
23 0.0895361380798274 0.21784073506891272 0.010787486515641856 0.009188361408882083
4 0.9261057173678533 0.3885911179173048 0.005933117583603021 0.015313935681470138
23 0.08764832793959007 0.23124042879019907 0.008629989212513484 0.007656967840735069
15 0.6596548004314995 0.3453292496171516 0.02750809061488673 0.04134762633996937
4 0.470873786407767 0.3093415007656968 0.007551240560949299 0.013782542113323124
15 0.1313376483279396 0.25229709035222053 0.02912621359223301 0.043644716692189896
23 0.08576051779935275 0.2450229709035222 0.011326860841423949 0.009954058192955589
23 0.08522114347357065 0.2557427258805513 0.008629989212513484 0.008422664624808576
4 0.14563106796116504 0.2722052067381317 0.005933117583603021 0.01914241960183767
23 0.08387270765911542 0.26914241960183766 0.010787486515641856 0.009188361408882083
23 0.0825242718446602 0.2813935681470138 0.009708737864077669 0.011485451761102604
4 0.28748651564185546 0.33078101071975496 0.008629989212513484 0.015313935681470138
23 0.08090614886731391 0.29326186830015316 0.010248112189859764 0.007656967840735069
23 0.07928802588996764 0.3055130168453293 0.010248112189859764 0.009188361408882083
4 0.7923408845738943 0.45176110260336905 0.005933117583603021 0.013016845329249618
4 0.3465480043149946 0.3663859111791731 0.010248112189859764 0.009954058192955589
15 0.12270765911542611 0.3265696784073507 0.0296655879180151 0.043644716692189896
23 0.0784789644012945 0.31852986217457885 0.011326860841423949 0.009188361408882083
4 0.4180151024811219 0.3885911179173048 0.010248112189859764 0.010719754977029096
15 0.9161272923408845 0.4892802450229709 0.032362459546925564 0.04900459418070444
4 0.1407766990291262 0.34341500765696786 0.007551240560949299 0.01914241960183767
23 0.07713052858683926 0.33116385911179175 0.010787486515641856 0.007656967840735069
4 0.6548004314994607 0.4506125574272588 0.008090614886731391 0.016845329249617153
4 0.9296116504854369 0.5068912710566615 0.007551240560949299 0.013782542113323124
23 0.7634843581445523 0.47434915773353753 0.03128371089536138 0.03215926493108729
23 0.07632146709816613 0.34494640122511483 0.009169363538295576 0.013016845329249618
4 0.5544768069039914 0.4513782542113323 0.010248112189859764 0.01225114854517611
23 0.07524271844660194 0.35643185298621743 0.008629989212513484 0.009188361408882083
4 0.6596548004314995 0.4831546707503829 0.009708737864077669 0.006891271056661562
23 0.0744336569579288 0.36868300153139355 0.009169363538295576 0.008422664624808576
15 0.33171521035598706 0.422281776416539 0.09978425026968717 0.11944869831546708
15 0.11650485436893204 0.38552833078101073 0.03290183387270766 0.039816232771822356
23 0.07389428263214672 0.3816998468606432 0.008629989212513484 0.009188361408882083
15 0.9077669902912622 0.5505359877488515 0.024271844660194174 0.04134762633996937
4 0.37918015102481123 0.4448698315467075 0.009169363538295576 0.015313935681470138
4 0.2756202804746494 0.4330015313935682 0.005393743257820928 0.01454823889739663
4 0.761596548004315 0.5313935681470138 0.005933117583603021 0.013016845329249618
23 0.0714670981661273 0.3943338437978561 0.009708737864077669 0.006891271056661562
4 0.9239482200647249 0.5692955589586524 0.006472491909385114 0.01914241960183767
23 0.06121898597626753 0.4039050535987749 0.017259978425026967 0.016079632465543645
15 0.41423948220064727 0.47511485451761104 0.034519956850053934 0.0451761102603369
4 0.593311758360302 0.5149310872894334 0.005933117583603021 0.01225114854517611
4 0.42961165048543687 0.49617151607963245 0.007011866235167206 0.015313935681470138
23 0.05825242718446602 0.4234303215926493 0.017259978425026967 0.01761102603369066
4 0.7694174757281553 0.5669984686064319 0.009708737864077669 0.02526799387442573
4 0.302319309600863 0.47664624808575806 0.011326860841423949 0.009954058192955589
4 0.8470873786407767 0.0930321592649311 0.005393743257820928 0.016079632465543645
4 0.8994066882416397 0.10336906584992343 0.008629989212513484 0.016079632465543645
4 0.4603559870550162 0.5199081163859112 0.007551240560949299 0.016845329249617153
4 0.9174757281553398 0.10681470137825422 0.005393743257820928 0.013782542113323124
23 0.8532901833872708 0.09418070444104135 0.007551240560949299 0.01761102603369066
4 0.8821467098166127 0.10068912710566616 0.007551240560949299 0.016079632465543645
15 0.8999460625674218 0.6152373660030628 0.03128371089536138 0.04900459418070444
23 0.9398597626752967 0.11217457886676876 0.0048543689320388345 0.015313935681470138
4 0.9350053937432579 0.11140888208269525 0.009169363538295576 0.016845329249617153
23 0.8708198489751888 0.09915773353751914 0.007011866235167206 0.01454823889739663