23 0.6949404761904762 0.024872448979591837 0.015625 0.01403061224489796
15 0.40401785714285715 0.10586734693877552 0.01711309523809524 0.03188775510204082
4 0.4177827380952381 0.10459183673469388 0.009672619047619048 0.02423469387755102
23 0.3716517857142857 0.13329081632653061 0.008928571428571428 0.025510204081632654
23 0.3939732142857143 0.14030612244897958 0.010416666666666666 0.02040816326530612
15 0.02269345238095238 0.28125 0.04538690476190476 0.05994897959183673
23 0.24516369047619047 0.2653061224489796 0.015625 0.012755102040816327
23 0.06510416666666667 0.32461734693877553 0.006696428571428571 0.01913265306122449
23 0.07217261904761904 0.3227040816326531 0.00744047619047619 0.021683673469387755
23 0.07849702380952381 0.32142857142857145 0.006696428571428571 0.02423469387755102
23 0.08519345238095238 0.3207908163265306 0.00744047619047619 0.02423469387755102
23 0.32998511904761907 0.2576530612244898 0.010416666666666666 0.011479591836734694
23 0.06770833333333333 0.34885204081632654 0.00744047619047619 0.02295918367346939
23 0.07477678571428571 0.3482142857142857 0.00818452380952381 0.02295918367346939
23 0.0818452380952381 0.34630102040816324 0.006696428571428571 0.02040816326530612
23 0.08816964285714286 0.34566326530612246 0.006696428571428571 0.021683673469387755
23 0.3318452380952381 0.29081632653061223 0.011160714285714286 0.012755102040816327
4 0.018229166666666668 0.40561224489795916 0.036458333333333336 0.09183673469387756
23 0.33556547619047616 0.3207908163265306 0.012648809523809524 0.01403061224489796
15 0.38504464285714285 0.30994897959183676 0.10416666666666667 0.25510204081632654
23 0.2507440476190476 0.3596938775510204 0.00744047619047619 0.017857142857142856
4 0.18340773809523808 0.3807397959183674 0.008928571428571428 0.02423469387755102
4 0.1636904761904762 0.38839285714285715 0.008928571428571428 0.021683673469387755
23 0.3385416666666667 0.3494897959183674 0.009672619047619048 0.01020408163265306
4 0.18638392857142858 0.41262755102040816 0.010416666666666666 0.01403061224489796
23 0.26004464285714285 0.39285714285714285 0.014136904761904762 0.017857142857142856
23 0.19940476190476192 0.4094387755102041 0.011160714285714286 0.011479591836734694
4 0.013764880952380952 0.4604591836734694 0.013392857142857142 0.02040816326530612
4 0.25632440476190477 0.41135204081632654 0.005952380952380952 0.016581632653061226
4 0.2697172619047619 0.40816326530612246 0.00744047619047619 0.01913265306122449
23 0.2630208333333333 0.4107142857142857 0.006696428571428571 0.017857142857142856
23 0.20461309523809523 0.42793367346938777 0.00744047619047619 0.021683673469387755
4 0.21168154761904762 0.4272959183673469 0.00818452380952381 0.02295918367346939
23 0.19382440476190477 0.4413265306122449 0.010416666666666666 0.02423469387755102
23 0.27827380952380953 0.42793367346938777 0.006696428571428571 0.02295918367346939
23 0.25892857142857145 0.43494897959183676 0.00744047619047619 0.02423469387755102
23 0.26525297619047616 0.4330357142857143 0.005952380952380952 0.01913265306122449
23 0.27232142857142855 0.4317602040816326 0.006696428571428571 0.02040816326530612
23 0.1722470238095238 0.4604591836734694 0.009672619047619048 0.021683673469387755
23 0.20572916666666666 0.45153061224489793 0.006696428571428571 0.017857142857142856
4 0.12425595238095238 0.47385204081632654 0.03125 0.0625
23 0.21279761904761904 0.4502551020408163 0.005952380952380952 0.017857142857142856
23 0.012648809523809524 0.5095663265306123 0.00744047619047619 0.021683673469387755
4 0.019345238095238096 0.5076530612244898 0.005952380952380952 0.021683673469387755
23 0.19605654761904762 0.4604591836734694 0.013392857142857142 0.01403061224489796
15 0.004464285714285714 0.517219387755102 0.008928571428571428 0.044642857142857144
23 0.20796130952380953 0.47066326530612246 0.005952380952380952 0.017857142857142856
23 0.21502976190476192 0.47066326530612246 0.005952380952380952 0.01913265306122449
23 0.28087797619047616 0.45408163265306123 0.005952380952380952 0.01913265306122449
23 0.27492559523809523 0.4559948979591837 0.006696428571428571 0.021683673469387755
23 0.26078869047619047 0.4604591836734694 0.006696428571428571 0.017857142857142856
23 0.26785714285714285 0.4585459183673469 0.005952380952380952 0.01913265306122449
23 0.1480654761904762 0.4917091836734694 0.00744047619047619 0.021683673469387755
23 0.16927083333333334 0.48596938775510207 0.008928571428571428 0.021683673469387755
23 0.28869047619047616 0.4534438775510204 0.00818452380952381 0.01913265306122449
4 0.19010416666666666 0.4815051020408163 0.017857142857142856 0.01913265306122449
23 0.17708333333333334 0.48533163265306123 0.00818452380952381 0.01913265306122449
23 0.01488095238095238 0.5389030612244898 0.008928571428571428 0.012755102040816327
23 0.4304315476190476 0.4406887755102041 0.011904761904761904 0.011479591836734694
4 0.390625 0.4534438775510204 0.008928571428571428 0.026785714285714284
23 0.43526785714285715 0.45663265306122447 0.009672619047619048 0.02423469387755102
23 0.39285714285714285 0.475765306122449 0.010416666666666666 0.02040816326530612
4 0.42782738095238093 0.4942602040816326 0.015625 0.016581632653061226
7 0.020089285714285716 0.6415816326530612 0.04017857142857143 0.17091836734693877
15 0.41592261904761907 0.5471938775510204 0.05431547619047619 0.09183673469387756
23 0.08370535714285714 0.6396683673469388 0.011904761904761904 0.012755102040816327
23 0.10974702380952381 0.6434948979591837 0.010416666666666666 0.011479591836734694
23 0.08482142857142858 0.6517857142857143 0.01488095238095238 0.01403061224489796
23 0.11235119047619048 0.6594387755102041 0.009672619047619048 0.01020408163265306
15 0.22953869047619047 0.6670918367346939 0.17857142857142858 0.2895408163265306
4 0.4166666666666667 0.642219387755102 0.01711309523809524 0.012755102040816327
23 0.05282738095238095 0.7480867346938775 0.006696428571428571 0.017857142857142856
23 0.046130952380952384 0.7512755102040817 0.006696428571428571 0.02040816326530612
23 0.06919642857142858 0.7461734693877551 0.00744047619047619 0.02295918367346939
23 0.0625 0.7487244897959183 0.00744047619047619 0.02423469387755102
4 0.4166666666666667 0.6536989795918368 0.01488095238095238 0.01403061224489796
23 0.08742559523809523 0.7589285714285714 0.006696428571428571 0.02040816326530612
23 0.08147321428571429 0.7621173469387755 0.006696428571428571 0.02295918367346939
23 0.07477678571428571 0.7665816326530612 0.00744047619047619 0.01913265306122449
23 0.06808035714285714 0.7691326530612245 0.006696428571428571 0.016581632653061226
4 0.10974702380952381 0.7799744897959183 0.034970238095238096 0.06760204081632654
4 0.08407738095238096 0.7876275510204082 0.018601190476190476 0.02423469387755102
15 0.41294642857142855 0.7079081632653061 0.06398809523809523 0.10204081632653061
4 0.06398809523809523 0.8086734693877551 0.01488095238095238 0.017857142857142856
7 0.034970238095238096 0.8252551020408163 0.034970238095238096 0.14668367346938777
4 0.08630952380952381 0.8131377551020408 0.020089285714285716 0.02295918367346939
23 0.06547619047619048 0.13392857142857142 0.00744047619047619 0.02040816326530612
23 0.06473214285714286 0.8239795918367347 0.014136904761904762 0.015306122448979591
4 0.06584821428571429 0.8386479591836735 0.014136904761904762 0.017857142857142856
23 0.06808035714285714 0.8539540816326531 0.01711309523809524 0.01403061224489796
23 0.5703125 0.7589285714285714 0.00818452380952381 0.025510204081632654
23 0.578125 0.7570153061224489 0.008928571428571428 0.02806122448979592
23 0.24367559523809523 0.8482142857142857 0.011160714285714286 0.026785714285714284
23 0.18266369047619047 0.11033163265306123 0.011904761904761904 0.012755102040816327
23 0.2526041666666667 0.8463010204081632 0.008928571428571428 0.026785714285714284
23 0.26785714285714285 0.8431122448979592 0.011160714285714286 0.030612244897959183
23 0.2604166666666667 0.8463010204081632 0.005952380952380952 0.02806122448979592
23 0.23251488095238096 0.8545918367346939 0.008928571428571428 0.021683673469387755
15 0.8694196428571429 0.6887755102040817 0.04241071428571429 0.05739795918367347
4 0.15029761904761904 0.8845663265306123 0.018601190476190476 0.02295918367346939
23 0.12202380952380952 0.8941326530612245 0.005952380952380952 0.017857142857142856
23 0.052455357142857144 0.14668367346938777 0.006696428571428571 0.01913265306122449
4 0.11495535714285714 0.8966836734693877 0.005952380952380952 0.017857142857142856
23 0.5952380952380952 0.7735969387755102 0.00744047619047619 0.021683673469387755
4 0.18526785714285715 0.8858418367346939 0.010416666666666666 0.03443877551020408
23 0.6179315476190477 0.7684948979591837 0.006696428571428571 0.021683673469387755
23 0.6101190476190477 0.7704081632653061 0.00818452380952381 0.021683673469387755
23 0.5308779761904762 0.7933673469387755 0.00818452380952381 0.02040816326530612
23 0.5870535714285714 0.7780612244897959 0.00744047619047619 0.02423469387755102
23 0.6030505952380952 0.7735969387755102 0.005952380952380952 0.02295918367346939
23 0.6276041666666666 0.767219387755102 0.009672619047619048 0.021683673469387755
23 0.05952380952380952 0.14604591836734693 0.006696428571428571 0.02040816326530612
23 0.5212053571428571 0.7997448979591837 0.011904761904761904 0.015306122448979591
15 0.0859375 0.920280612244898 0.050595238095238096 0.06760204081632654
15 0.0859375 0.920280612244898 0.05357142857142857 0.06887755102040816
4 0.47693452380952384 0.8188775510204082 0.011904761904761904 0.011479591836734694
23 0.3229166666666667 0.07653061224489796 0.006696428571428571 0.02040816326530612
4 0.24851190476190477 0.8883928571428571 0.008928571428571428 0.025510204081632654
23 0.5226934523809523 0.8182397959183674 0.01488095238095238 0.016581632653061226
23 0.9136904761904762 0.7155612244897959 0.005952380952380952 0.02295918367346939
4 0.5505952380952381 0.8150510204081632 0.031994047619047616 0.039540816326530615
4 0.23883928571428573 0.9017857142857143 0.010416666666666666 0.026785714285714284
23 0.5189732142857143 0.8380102040816326 0.006696428571428571 0.02423469387755102
23 0.3515625 0.07015306122448979 0.009672619047619048 0.02295918367346939
23 0.37537202380952384 0.06377551020408163 0.00744047619047619 0.021683673469387755
23 0.5122767857142857 0.8411989795918368 0.006696428571428571 0.021683673469387755
23 0.5264136904761905 0.8373724489795918 0.005952380952380952 0.01913265306122449
23 0.5040922619047619 0.84375 0.009672619047619048 0.02040816326530612
23 0.47767857142857145 0.8526785714285714 0.005952380952380952 0.016581632653061226
23 0.4851190476190476 0.8507653061224489 0.00744047619047619 0.021683673469387755
23 0.49702380952380953 0.8494897959183674 0.006696428571428571 0.015306122448979591
4 0.12313988095238096 0.954719387755102 0.00818452380952381 0.021683673469387755
23 0.24590773809523808 0.9279336734693877 0.008928571428571428 0.02295918367346939
4 0.16629464285714285 0.9496173469387755 0.052083333333333336 0.09056122448979592
23 0.23809523809523808 0.9311224489795918 0.00818452380952381 0.02423469387755102
4 0.2578125 0.9279336734693877 0.01636904761904762 0.03826530612244898
23 0.36049107142857145 0.07079081632653061 0.00744047619047619 0.026785714285714284
23 0.18377976190476192 0.1211734693877551 0.014136904761904762 0.012755102040816327
4 0.3984375 0.9323979591836735 0.020833333333333332 0.030612244897959183
23 0.18377976190476192 0.13137755102040816 0.018601190476190476 0.012755102040816327
4 0.41257440476190477 0.07206632653061225 0.01488095238095238 0.036989795918367346
23 0.18563988095238096 0.14158163265306123 0.017857142857142856 0.012755102040816327
23 0.37016369047619047 0.09119897959183673 0.006696428571428571 0.02295918367346939
23 0.06919642857142858 0.17346938775510204 0.00818452380952381 0.02040816326530612
23 0.05580357142857143 0.17729591836734693 0.005952380952380952 0.021683673469387755
23 0.3351934523809524 0.10140306122448979 0.00818452380952381 0.02295918367346939
23 0.0625 0.17665816326530612 0.006696428571428571 0.01913265306122449
23 0.38467261904761907 0.08928571428571429 0.006696428571428571 0.021683673469387755
23 0.34561011904761907 0.10204081632653061 0.006696428571428571 0.02040816326530612
23 0.6927083333333334 0.011479591836734694 0.013392857142857142 0.015306122448979591