4 0.07166230366492146 0.45251937984496127 0.03861256544502618 0.17054263565891473
4 0.44044502617801046 0.2063953488372093 0.016361256544502618 0.07945736434108527
30 0.46825916230366493 0.18992248062015504 0.03206806282722513 0.09689922480620156
23 0.39757853403141363 0.23837209302325582 0.015052356020942409 0.06589147286821706
23 0.5114528795811518 0.16085271317829458 0.015706806282722512 0.06782945736434108
23 0.45287958115183247 0.2005813953488372 0.017015706806282723 0.07170542635658915
4 0.5965314136125655 0.10368217054263566 0.021596858638743454 0.08527131782945736
30 0.49345549738219896 0.1744186046511628 0.02617801047120419 0.07945736434108527
23 0.5546465968586387 0.13372093023255813 0.014397905759162303 0.06589147286821706
23 0.5667539267015707 0.12693798449612403 0.016361256544502618 0.06589147286821706
4 0.5225785340314136 0.15891472868217055 0.014397905759162303 0.06589147286821706
23 0.4096858638743455 0.23837209302325582 0.015706806282722512 0.07751937984496124
15 0.6416884816753927 0.09593023255813954 0.05693717277486911 0.14728682170542637
30 0.4738219895287958 0.26744186046511625 0.029450261780104712 0.08333333333333333
30 0.49901832460732987 0.25193798449612403 0.0281413612565445 0.0755813953488372
23 0.4587696335078534 0.2810077519379845 0.017015706806282723 0.0755813953488372
23 0.4051047120418848 0.3187984496124031 0.015052356020942409 0.07170542635658915
4 0.5284685863874345 0.23449612403100775 0.017015706806282723 0.06589147286821706
4 0.4479712041884817 0.28972868217054265 0.01832460732984293 0.08139534883720931
23 0.5618455497382199 0.2131782945736434 0.016361256544502618 0.06976744186046512
23 0.5173429319371727 0.2441860465116279 0.015706806282722512 0.06976744186046512
23 0.4155759162303665 0.31492248062015504 0.0137434554973822 0.07170542635658915
4 0.3635471204188482 0.3507751937984496 0.024869109947643978 0.09302325581395349
23 0.5736256544502618 0.20736434108527133 0.01767015706806283 0.07364341085271318
15 0.33147905759162305 0.3905038759689923 0.05824607329842932 0.15891472868217055
7 0.0350130890052356 0.6094961240310077 0.0700261780104712 0.24612403100775193
23 0.48331151832460734 0.3556201550387597 0.018979057591623036 0.07945736434108527
23 0.4224476439790576 0.39728682170542634 0.01767015706806283 0.0755813953488372
23 0.46956806282722513 0.36627906976744184 0.017015706806282723 0.0755813953488372
4 0.4594240837696335 0.374031007751938 0.01963350785340314 0.07751937984496124
23 0.5307591623036649 0.32655038759689925 0.015706806282722512 0.06589147286821706
4 0.543520942408377 0.3178294573643411 0.015706806282722512 0.06976744186046512
23 0.5107984293193717 0.34108527131782945 0.016361256544502618 0.07170542635658915
23 0.4986910994764398 0.35174418604651164 0.01767015706806283 0.07751937984496124
4 0.5215968586387435 0.3381782945736434 0.016361256544502618 0.06782945736434108
4 0.5242146596858639 0.4263565891472868 0.017015706806282723 0.07364341085271318
23 0.44175392670157065 0.4874031007751938 0.02225130890052356 0.08333333333333333
23 0.5140706806282722 0.438953488372093 0.017015706806282723 0.07364341085271318
4 0.5350130890052356 0.42926356589147285 0.01767015706806283 0.06976744186046512
7 0.9640052356020943 0.14534883720930233 0.05301047120418848 0.20155038759689922
4 0.09554973821989529 0.7567829457364341 0.03599476439790576 0.15503875968992248
15 0.4816753926701571 0.499031007751938 0.06609947643979057 0.1569767441860465
4 0.9155759162303665 0.20445736434108527 0.03534031413612566 0.14534883720930233
7 0.046793193717277484 0.8333333333333334 0.07853403141361257 0.2248062015503876
23 0.449934554973822 0.5687984496124031 0.016361256544502618 0.07364341085271318
23 0.4407722513089005 0.5755813953488372 0.018979057591623036 0.0755813953488372
23 0.5307591623036649 0.5145348837209303 0.015706806282722512 0.07170542635658915
23 0.5395942408376964 0.5116279069767442 0.015052356020942409 0.07364341085271318
4 0.5215968586387435 0.5281007751937985 0.015706806282722512 0.07364341085271318
15 0.6148560209424084 0.4680232558139535 0.05955497382198953 0.1375968992248062
4 0.675065445026178 0.43023255813953487 0.02356020942408377 0.10465116279069768
4 0.6570680628272252 0.44573643410852715 0.026832460732984294 0.11046511627906977
4 0.6930628272251309 0.4253875968992248 0.026832460732984294 0.1124031007751938
15 0.39267015706806285 0.7015503875968992 0.05431937172774869 0.1434108527131783
4 0.3318062827225131 0.7441860465116279 0.02617801047120419 0.12015503875968993
4 0.3494764397905759 0.7374031007751938 0.028795811518324606 0.10465116279069768
23 0.46956806282722513 0.6560077519379846 0.01832460732984293 0.07945736434108527
23 0.5202879581151832 0.622093023255814 0.01832460732984293 0.08139534883720931
4 0.3151178010471204 0.7625968992248062 0.025523560209424083 0.1124031007751938
4 0.4793848167539267 0.6511627906976745 0.016361256544502618 0.06976744186046512
23 0.46007853403141363 0.6647286821705426 0.017015706806282723 0.07364341085271318
4 0.4895287958115183 0.6453488372093024 0.017015706806282723 0.07751937984496124
4 0.4993455497382199 0.6395348837209303 0.015052356020942409 0.07364341085271318
23 0.5320680628272252 0.6182170542635659 0.01767015706806283 0.06976744186046512
4 0.5710078534031413 0.5930232558139535 0.024214659685863876 0.09302325581395349
23 0.5114528795811518 0.6346899224806202 0.015706806282722512 0.06976744186046512
7 0.9721858638743456 0.37112403100775193 0.05431937172774869 0.20736434108527133
7 0.05955497382198953 0.9709302325581395 0.07068062827225131 0.05426356589147287
4 0.9410994764397905 0.5 0.03534031413612566 0.13565891472868216
7 0.5451570680628273 0.8837209302325582 0.16361256544502617 0.22868217054263565
23 0.4011780104712042 0.14534883720930233 0.017015706806282723 0.0755813953488372
23 0.5608638743455497 0.03682170542635659 0.01767015706806283 0.07170542635658915
23 0.3599476439790576 0.1744186046511628 0.016361256544502618 0.06976744186046512
4 0.4342277486910995 0.12403100775193798 0.0137434554973822 0.06976744186046512
23 0.3717277486910995 0.16666666666666666 0.01767015706806283 0.07751937984496124
23 0.5055628272251309 0.0755813953488372 0.01767015706806283 0.07945736434108527
23 0.5487565445026178 0.046511627906976744 0.0137434554973822 0.06589147286821706
30 0.4882198952879581 0.08914728682170543 0.0274869109947644 0.08527131782945736
23 0.39070680628272253 0.1560077519379845 0.016361256544502618 0.0755813953488372
4 0.5157068062827225 0.07073643410852713 0.016361256544502618 0.06589147286821706
30 0.462696335078534 0.10755813953488372 0.031413612565445025 0.09689922480620156
23 0.44535340314136124 0.12112403100775193 0.016361256544502618 0.0755813953488372