4 0.9585389930898321 0.669973544973545 0.01085883514313919 0.009259259259259259
7 0.6004442250740375 0.5545634920634921 0.1357354392892399 0.44642857142857145
4 0.4407699901283317 0.011904761904761904 0.010365251727541954 0.008597883597883597
4 0.042201382033563675 0.3587962962962963 0.020236920039486673 0.03042328042328042
4 0.9550839091806516 0.6908068783068783 0.011352418558736426 0.00992063492063492
4 0.06515301085883514 0.37665343915343913 0.046890424481737414 0.05952380952380952
23 0.4521224086870681 0.5320767195767195 0.005429417571569595 0.012566137566137565
23 0.4244817374136229 0.5228174603174603 0.006416584402764067 0.013888888888888888
23 0.41411648568608095 0.5205026455026455 0.005923000987166831 0.013888888888888888
4 0.562685093780849 0.5750661375661376 0.012339585389930898 0.02513227513227513
23 0.8894373149062191 0.6960978835978836 0.011846001974333662 0.009259259259259259
23 0.7317374136229022 0.12037037037037036 0.009378084896347482 0.017195767195767195
23 0.8877097729516288 0.7027116402116402 0.01085883514313919 0.009259259259259259
4 0.023692003948667325 0.3931878306878307 0.04096742349457058 0.0582010582010582
23 0.41609081934846986 0.5383597883597884 0.006416584402764067 0.01521164021164021
23 0.4267028627838105 0.5419973544973545 0.006416584402764067 0.013888888888888888
23 0.42102665350444224 0.5400132275132276 0.005923000987166831 0.01521164021164021
23 0.4109081934846989 0.5370370370370371 0.00839091806515301 0.017195767195767195
30 0.7428430404738401 0.12566137566137567 0.011352418558736426 0.017857142857142856
23 0.751974333662389 0.12962962962962962 0.00839091806515301 0.015873015873015872
4 0.057502467917077985 0.4212962962962963 0.04837117472852912 0.06018518518518518
23 0.7736920039486673 0.13822751322751323 0.008884501480750246 0.016534391534391533
30 0.7633267522211253 0.13425925925925927 0.01332675222112537 0.017195767195767195
4 0.879812438302073 0.7417328042328042 0.010365251727541954 0.010582010582010581
4 0.8149062191510366 0.718584656084656 0.011846001974333662 0.009259259259259259
23 0.1646100691016782 0.48842592592592593 0.006416584402764067 0.01455026455026455
23 0.15918065153010857 0.4871031746031746 0.006910167818361303 0.013888888888888888
23 0.17003948667324778 0.49107142857142855 0.006910167818361303 0.01455026455026455
23 0.1539980256663376 0.48544973544973546 0.006416584402764067 0.013227513227513227
23 0.14782823297137215 0.48313492063492064 0.007403751233958539 0.015873015873015872
7 0.9086870681145114 0.7562830687830688 0.11303060217176703 0.38227513227513227
4 0.0192497532082922 0.43716931216931215 0.0384995064165844 0.05555555555555555
7 0.6446199407699901 0.6636904761904762 0.11451135241855874 0.38756613756613756
7 0.7418558736426456 0.6990740740740741 0.03257650542941757 0.041666666666666664
7 0.7115004935834156 0.6888227513227513 0.1140177690029615 0.3862433862433862
7 0.843040473840079 0.7367724867724867 0.11747285291214216 0.39021164021164023
7 0.7761599210266535 0.7142857142857143 0.11500493583415597 0.3855820105820106
23 0.1510365251727542 0.5 0.006910167818361303 0.01521164021164021
23 0.1564659427443238 0.5026455026455027 0.006910167818361303 0.01455026455026455
4 0.05059230009871668 0.4652777777777778 0.046890424481737414 0.0582010582010582
23 0.16658440276406714 0.5069444444444444 0.005923000987166831 0.013888888888888888
23 0.16164856860809476 0.5052910052910053 0.005923000987166831 0.013888888888888888
4 0.5473840078973347 0.6441798941798942 0.005429417571569595 0.012566137566137565
23 0.5037018756169793 0.6292989417989417 0.005923000987166831 0.012566137566137565
23 0.4876604146100691 0.6236772486772487 0.005923000987166831 0.013888888888888888
23 0.4918558736426456 0.625 0.006416584402764067 0.012566137566137565
4 0.5352912142152023 0.640542328042328 0.005923000987166831 0.013888888888888888
4 0.5424481737413623 0.6431878306878307 0.006416584402764067 0.013227513227513227
4 0.5313425468904245 0.6398809523809523 0.005429417571569595 0.010582010582010581
23 0.4987660414610069 0.6283068783068783 0.006416584402764067 0.013227513227513227
23 0.7342053307008884 0.7182539682539683 0.011352418558736426 0.00992063492063492
23 0.8746298124383021 0.7708333333333334 0.011846001974333662 0.009259259259259259
23 0.5444225074037512 0.6610449735449735 0.006416584402764067 0.013227513227513227
23 0.5004935834155972 0.6455026455026455 0.006416584402764067 0.01455026455026455
23 0.5397334649555775 0.6593915343915344 0.006910167818361303 0.013888888888888888
23 0.4837117472852912 0.6398809523809523 0.006416584402764067 0.013227513227513227
23 0.4960513326752221 0.644510582010582 0.005923000987166831 0.012566137566137565
23 0.5190029615004936 0.6527777777777778 0.005923000987166831 0.013227513227513227
23 0.5041954590325765 0.6474867724867724 0.006416584402764067 0.01455026455026455
23 0.5143139190523198 0.6511243386243386 0.005923000987166831 0.012566137566137565
23 0.5318361303060217 0.6574074074074074 0.005923000987166831 0.011904761904761904
23 0.48741362290227047 0.6418650793650794 0.005923000987166831 0.012566137566137565
23 0.4797630799605133 0.6392195767195767 0.006910167818361303 0.01455026455026455
23 0.5278874629812438 0.656415343915344 0.006416584402764067 0.013227513227513227
23 0.7922013820335637 0.7556216931216931 0.011352418558736426 0.00992063492063492
4 0.13993089832181638 0.529431216931217 0.005429417571569595 0.013888888888888888
23 0.13548864758144127 0.5287698412698413 0.007403751233958539 0.013888888888888888
4 0.016535044422507403 0.48677248677248675 0.033070088845014806 0.056878306878306875
4 0.17398815399802567 0.5459656084656085 0.01085883514313919 0.008597883597883597
23 0.47309970384995065 0.66005291005291 0.011352418558736426 0.009259259259259259
23 0.1742349457058243 0.5529100529100529 0.012339585389930898 0.011243386243386243
15 0.15325765054294177 0.5479497354497355 0.033070088845014806 0.04298941798941799
4 0.3615498519249753 0.001984126984126984 0.012339585389930898 0.003968253968253968
15 0.4015301085883514 0.027777777777777776 0.052813425468904246 0.05555555555555555
23 0.5355380059230009 0.6881613756613757 0.010365251727541954 0.007936507936507936
23 0.47186574531095754 0.6666666666666666 0.012339585389930898 0.009259259259259259
23 0.4259624876604146 0.022156084656084655 0.012339585389930898 0.00992063492063492
23 0.5343040473840079 0.6944444444444444 0.01085883514313919 0.010582010582010581
23 0.4706317867719645 0.6729497354497355 0.011846001974333662 0.009259259259259259
4 0.45952615992102663 0.6696428571428571 0.011352418558736426 0.009259259259259259
15 0.5024679170779862 0.6891534391534392 0.06219151036525173 0.06613756613756613
23 0.5328232971372162 0.7007275132275133 0.008884501480750246 0.006613756613756613
23 0.799111549851925 0.7976190476190477 0.011846001974333662 0.00992063492063492
23 0.46964461994077 0.6802248677248677 0.010365251727541954 0.00992063492063492
23 0.3993089832181639 0.656084656084656 0.006910167818361303 0.013888888888888888
23 0.4091806515301086 0.6597222222222222 0.006910167818361303 0.013888888888888888
23 0.3891905231984205 0.6527777777777778 0.006910167818361303 0.015873015873015872
23 0.3943731490621915 0.654431216931217 0.006416584402764067 0.013227513227513227
23 0.40399802566633763 0.658068783068783 0.006416584402764067 0.013888888888888888
23 0.7828232971372162 0.7946428571428571 0.008884501480750246 0.008597883597883597
23 0.4138696939782823 0.6620370370370371 0.006910167818361303 0.01455026455026455
23 0.8632773938795657 0.8240740740740741 0.011352418558736426 0.00992063492063492
23 0.9390424481737414 0.8521825396825397 0.010365251727541954 0.008597883597883597
4 0.4563178677196446 0.6822089947089947 0.01085883514313919 0.009259259259259259
23 0.4671767028627838 0.6868386243386243 0.010365251727541954 0.008597883597883597
4 0.9370681145113524 0.8587962962962963 0.011352418558736426 0.007275132275132275
23 0.9252221125370188 0.8548280423280423 0.011352418558736426 0.008597883597883597
23 0.5296150049358341 0.7146164021164021 0.008884501480750246 0.007275132275132275
23 0.466436327739388 0.6941137566137566 0.009871668311944718 0.008597883597883597
4 0.3279861796643633 0.6448412698412699 0.031095755182625865 0.041005291005291
4 0.9360809476801579 0.8647486772486772 0.011846001974333662 0.009259259259259259
4 0.38153998025666336 0.6656746031746031 0.006910167818361303 0.013888888888888888
4 0.3719151036525173 0.6626984126984127 0.006910167818361303 0.01455026455026455
23 0.9239881539980257 0.8611111111111112 0.011846001974333662 0.009259259259259259
23 0.5288746298124383 0.7212301587301587 0.011352418558736426 0.009259259259259259
23 0.538746298124383 0.7255291005291006 0.011352418558736426 0.009259259259259259
23 0.3588351431391905 0.6623677248677249 0.010365251727541954 0.009259259259259259
23 0.45360315893385983 0.6964285714285714 0.011846001974333662 0.009259259259259259
23 0.46495557749259625 0.7003968253968254 0.009378084896347482 0.007275132275132275
4 0.34945705824284307 0.0016534391534391533 0.011846001974333662 0.0033068783068783067
4 0.9346001974333662 0.8723544973544973 0.011352418558736426 0.010582010582010581
4 0.7275419545903258 0.7979497354497355 0.009871668311944718 0.018518518518518517
23 0.922507403751234 0.8687169312169312 0.011352418558736426 0.010582010582010581
23 0.346248766041461 0.6653439153439153 0.010365251727541954 0.008597883597883597
23 0.3568608094768016 0.6689814814814815 0.011352418558736426 0.00992063492063492
23 0.46372161895360314 0.7073412698412699 0.008884501480750246 0.007275132275132275
23 0.45261599210266534 0.7040343915343915 0.011352418558736426 0.009259259259259259
23 0.9326258637709773 0.8786375661375662 0.011846001974333662 0.00992063492063492
23 0.3447680157946693 0.6729497354497355 0.011352418558736426 0.007936507936507936
23 0.9313919052319842 0.8855820105820106 0.01085883514313919 0.008597883597883597
23 0.9195459032576505 0.8829365079365079 0.011352418558736426 0.009259259259259259
23 0.3432872655478776 0.6805555555555556 0.009378084896347482 0.007936507936507936
4 0.9304047384007897 0.8928571428571429 0.01085883514313919 0.010582010582010581
4 0.5130799605133267 0.7437169312169312 0.005429417571569595 0.013888888888888888
4 0.49629812438302073 0.7384259259259259 0.007403751233958539 0.013888888888888888
4 0.5086377097729516 0.7427248677248677 0.00839091806515301 0.015873015873015872
30 0.08094768015794669 0.5892857142857143 0.05873642645607108 0.06415343915343916
4 0.5009871668311945 0.7407407407407407 0.007897334649555774 0.01521164021164021
30 0.13845014807502468 0.6117724867724867 0.06515301085883514 0.06812169312169312
23 0.37265547877591315 0.00992063492063492 0.009871668311944718 0.007936507936507936
30 0.197680157946693 0.6339285714285714 0.06465942744323791 0.06812169312169312
4 0.9286771964461994 0.8991402116402116 0.010365251727541954 0.00992063492063492
4 0.25246791707798616 0.6570767195767195 0.05725567620927937 0.07804232804232804
23 0.9168311944718658 0.8968253968253969 0.011352418558736426 0.00992063492063492
4 0.926949654491609 0.9050925925925926 0.011352418558736426 0.009259259259259259
23 0.3403257650542942 0.6960978835978836 0.009871668311944718 0.008597883597883597
4 0.9262092793682132 0.9117063492063492 0.009378084896347482 0.007936507936507936
23 0.34995064165844025 0.7056878306878307 0.01085883514313919 0.009259259259259259
23 0.9128825271470878 0.916005291005291 0.01085883514313919 0.007936507936507936
7 0.5740375123395854 0.08432539682539683 0.1964461994076999 0.10515873015873016
23 0.33711747285291216 0.7113095238095238 0.01085883514313919 0.009259259259259259
23 0.9116485686080947 0.9222883597883598 0.010365251727541954 0.008597883597883597
4 0.9230009871668312 0.9272486772486772 0.011352418558736426 0.009259259259259259
23 0.33588351431391905 0.7175925925925926 0.011352418558736426 0.010582010582010581
23 0.90893385982231 0.9358465608465608 0.011352418558736426 0.009259259259259259
4 0.6404244817374136 0.843584656084656 0.022704837117472853 0.03042328042328042
30 0.19002961500493584 0.6934523809523809 0.051826258637709774 0.062169312169312166
30 0.06465942744323791 0.6484788359788359 0.06465942744323791 0.06878306878306878
4 0.3585883514313919 0.010912698412698412 0.009871668311944718 0.00992063492063492
30 0.12783810463968412 0.6716269841269841 0.06762092793682133 0.06944444444444445
4 0.28603158933859824 0.7314814814814815 0.057749259624876606 0.07738095238095238
23 0.7611056268509379 0.906084656084656 0.005923000987166831 0.013888888888888888
4 0.7798617966436328 0.9126984126984127 0.005923000987166831 0.012566137566137565
23 0.7749259624876604 0.9110449735449735 0.004935834155972359 0.012566137566137565
23 0.7648075024679171 0.908068783068783 0.005429417571569595 0.012566137566137565
4 0.7704837117472852 0.91005291005291 0.004935834155972359 0.011243386243386243
23 0.3709279368213228 0.016203703703703703 0.01085883514313919 0.008597883597883597
4 0.23963474827245804 0.7242063492063492 0.056762092793682134 0.08664021164021164
23 0.3719151036525173 0.7771164021164021 0.009378084896347482 0.007936507936507936
23 0.46791707798617965 0.8138227513227513 0.005923000987166831 0.013888888888888888
23 0.022704837117472853 0.6537698412698413 0.007897334649555774 0.015873015873015872
23 0.46224086870681147 0.8115079365079365 0.006416584402764067 0.013227513227513227
4 0.42102665350444224 0.7976190476190477 0.027147087857847977 0.036375661375661374
4 0.45681145113524185 0.810515873015873 0.005923000987166831 0.013227513227513227
4 0.4726061204343534 0.8161375661375662 0.006416584402764067 0.013888888888888888
4 0.4355873642645607 0.040013227513227514 0.011846001974333662 0.00992063492063492
4 0.029615004935834157 0.6577380952380952 0.006910167818361303 0.01455026455026455
23 0.7492596248766041 0.9203042328042328 0.005429417571569595 0.011904761904761904
23 0.7630799605133267 0.9252645502645502 0.005923000987166831 0.01455026455026455
23 0.7448173741362291 0.9193121693121693 0.005923000987166831 0.013888888888888888
23 0.7527147087857848 0.9222883597883598 0.005429417571569595 0.012566137566137565
23 0.42349457058242845 0.036375661375661374 0.012833168805528134 0.010582010582010581
23 0.7309970384995064 0.9143518518518519 0.006416584402764067 0.01455026455026455
23 0.7403751233958539 0.9176587301587301 0.005923000987166831 0.013227513227513227
23 0.7685093780848964 0.9279100529100529 0.006416584402764067 0.01455026455026455
23 0.7361796643632774 0.9163359788359788 0.005923000987166831 0.013888888888888888
23 0.726061204343534 0.9133597883597884 0.005923000987166831 0.012566137566137565
23 0.7574037512339585 0.9246031746031746 0.005429417571569595 0.013227513227513227
23 0.646594274432379 0.8915343915343915 0.006910167818361303 0.015873015873015872
4 0.6502961500493584 0.8928571428571429 0.006416584402764067 0.01455026455026455
23 0.6552319842053307 0.894510582010582 0.006416584402764067 0.01455026455026455
23 0.37734452122408685 0.7962962962962963 0.009378084896347482 0.007936507936507936
23 0.38795656465942746 0.7999338624338624 0.009378084896347482 0.007275132275132275
23 0.3669792694965449 0.7926587301587301 0.009871668311944718 0.007936507936507936
23 0.7090325765054294 0.9166666666666666 0.010365251727541954 0.009259259259259259
23 0.494817374136229 0.8452380952380952 0.005923000987166831 0.013888888888888888
23 0.4901283316880553 0.843584656084656 0.006416584402764067 0.013888888888888888
23 0.5 0.8472222222222222 0.006910167818361303 0.01521164021164021
4 0.7850444225074038 0.9500661375661376 0.00839091806515301 0.017195767195767195
23 0.7554294175715696 0.9401455026455027 0.005429417571569595 0.011243386243386243
4 0.5251727541954591 0.857473544973545 0.006416584402764067 0.013888888888888888
4 0.5330700888450148 0.8604497354497355 0.005429417571569595 0.012566137566137565
23 0.7954096742349457 0.9546957671957672 0.006416584402764067 0.013227513227513227
4 0.7514807502467917 0.9388227513227513 0.005923000987166831 0.012566137566137565
4 0.007650542941757157 0.6722883597883598 0.007403751233958539 0.016534391534391533
23 0.7643139190523198 0.9441137566137566 0.006910167818361303 0.01521164021164021
4 0.7270483711747285 0.9308862433862434 0.004935834155972359 0.012566137566137565
4 0.7791214215202369 0.9494047619047619 0.005923000987166831 0.013888888888888888
23 0.7428430404738401 0.9365079365079365 0.005923000987166831 0.012566137566137565
23 0.7909674234945706 0.9537037037037037 0.005923000987166831 0.013888888888888888
4 0.7309970384995064 0.9322089947089947 0.006910167818361303 0.013888888888888888
4 0.7391411648568608 0.9348544973544973 0.005429417571569595 0.013227513227513227
4 0.7685093780848964 0.9457671957671958 0.005429417571569595 0.013227513227513227
4 0.7346989141164857 0.933531746031746 0.005429417571569595 0.012566137566137565
4 0.7470384995064165 0.9378306878306878 0.005923000987166831 0.011904761904761904
4 0.7593780848963475 0.9431216931216931 0.005429417571569595 0.011243386243386243
23 0.8815399802566634 0.9867724867724867 0.006910167818361303 0.013888888888888888
4 0.8862290227048372 0.9884259259259259 0.007897334649555774 0.015873015873015872
23 0.5417077986179665 0.8690476190476191 0.006416584402764067 0.013888888888888888
23 0.6692991115498519 0.9183201058201058 0.011846001974333662 0.00992063492063492
23 0.616238894373149 0.9017857142857143 0.011352418558736426 0.00992063492063492
23 0.07379072063178677 0.7093253968253969 0.006910167818361303 0.01455026455026455
15 0.8427936821322803 0.9692460317460317 0.07946692991115499 0.06018518518518518
23 0.6680651530108588 0.9272486772486772 0.011352418558736426 0.011243386243386243
4 0.8788252714708786 0.9976851851851852 0.006416584402764067 0.0033068783068783067
4 0.585883514313919 0.9004629629629629 0.006910167818361303 0.01455026455026455
23 0.5807008884501481 0.8988095238095238 0.007403751233958539 0.015873015873015872
15 0.017769002961500493 0.6964285714285714 0.03060217176702863 0.046296296296296294
23 0.5649062191510366 0.8938492063492064 0.01085883514313919 0.009259259259259259
4 0.5291214215202369 0.8809523809523809 0.004935834155972359 0.012566137566137565
23 0.42102665350444224 0.843584656084656 0.009871668311944718 0.007936507936507936
4 0.41115498519249755 0.83994708994709 0.009871668311944718 0.008597883597883597
23 0.43163869693978285 0.8472222222222222 0.010365251727541954 0.009259259259259259
23 0.4575518262586377 0.8578042328042328 0.01085883514313919 0.008597883597883597
23 0.4684106614017769 0.8624338624338624 0.009871668311944718 0.008597883597883597
23 0.6665844027640672 0.9341931216931217 0.01085883514313919 0.00992063492063492
4 0.22877591312931886 0.7784391534391535 0.027147087857847977 0.037037037037037035
23 0.5634254689042448 0.9007936507936508 0.009871668311944718 0.007936507936507936
4 0.46692991115498517 0.8700396825396826 0.010365251727541954 0.007936507936507936
4 0.34106614017769005 0.015873015873015872 0.029615004935834157 0.031746031746031744
23 0.36920039486673245 0.022486772486772486 0.01085883514313919 0.008597883597883597
4 0.27986179664363275 0.00496031746031746 0.028627838104639685 0.00992063492063492
23 0.611796643632774 0.9249338624338624 0.01085883514313919 0.00992063492063492
23 0.5614511352418559 0.9077380952380952 0.010365251727541954 0.00992063492063492
4 0.5992102665350444 0.9209656084656085 0.01085883514313919 0.00992063492063492
4 0.3571076011846002 0.018849206349206348 0.009378084896347482 0.008597883597883597
4 0.4654491609081935 0.8773148148148148 0.010365251727541954 0.009259259259259259
23 0.609822309970385 0.9318783068783069 0.010365251727541954 0.008597883597883597
23 0.5602171767028628 0.9146825396825397 0.009871668311944718 0.008597883597883597
4 0.5982230997038499 0.9289021164021164 0.011352418558736426 0.00992063492063492
4 0.45261599210266534 0.8799603174603174 0.009871668311944718 0.007936507936507936
23 0.46396841066140176 0.8842592592592593 0.010365251727541954 0.008597883597883597
23 0.5594768015794669 0.9212962962962963 0.010365251727541954 0.009259259259259259
23 0.6646100691016782 0.958994708994709 0.005923000987166831 0.012566137566137565
4 0.43460019743336625 0.04728835978835979 0.011846001974333662 0.00992063492063492
23 0.42226061204343535 0.04265873015873016 0.012833168805528134 0.00992063492063492
23 0.9886475814412635 0.2466931216931217 0.010365251727541954 0.008597883597883597
23 0.6594274432379073 0.957010582010582 0.007403751233958539 0.012566137566137565
4 0.596248766041461 0.9358465608465608 0.01085883514313919 0.009259259259259259
23 0.4627344521224087 0.8912037037037037 0.011352418558736426 0.00992063492063492
4 0.45162882527147086 0.8872354497354498 0.009378084896347482 0.007275132275132275
23 0.9972852912142152 0.25132275132275134 0.004442250740375123 0.009259259259259259
15 0.5352912142152023 0.9186507936507936 0.04343534057255676 0.0582010582010582
4 0.5579960513326753 0.9275793650793651 0.010365251727541954 0.010582010582010581
15 0.7482724580454096 0.9692460317460317 0.09772951628825272 0.06018518518518518
23 0.6626357354392892 0.97255291005291 0.006910167818361303 0.01455026455026455
23 0.5562685093780849 0.9345238095238095 0.011352418558736426 0.009259259259259259
23 0.6567127344521224 0.970568783068783 0.00839091806515301 0.015873015873015872
4 0.5821816386969397 0.9573412698412699 0.011352418558736426 0.008597883597883597
23 0.5004935834155972 0.9424603174603174 0.009871668311944718 0.007936507936507936
4 0.5503455083909181 0.9609788359788359 0.005429417571569595 0.012566137566137565
4 0.5091312931885489 0.9470899470899471 0.005429417571569595 0.012566137566137565
4 0.5459032576505429 0.9603174603174603 0.005923000987166831 0.013227513227513227
4 0.5550345508390918 0.9632936507936508 0.006416584402764067 0.013227513227513227
4 0.5377591312931885 0.9573412698412699 0.005923000987166831 0.013227513227513227
4 0.5422013820335637 0.9586640211640212 0.005923000987166831 0.013888888888888888
4 0.5155478775913129 0.9490740740740741 0.008884501480750246 0.017857142857142856
4 0.5340572556762093 0.9560185185185185 0.005923000987166831 0.011904761904761904
4 0.5217176702862784 0.9513888888888888 0.006416584402764067 0.013227513227513227
4 0.5254195459032577 0.9527116402116402 0.004935834155972359 0.011904761904761904
4 0.5293682132280355 0.9540343915343915 0.005429417571569595 0.011243386243386243
23 0.47704837117472854 0.941468253968254 0.009871668311944718 0.008597883597883597
23 0.47581441263573543 0.9480820105820106 0.009378084896347482 0.007936507936507936
23 0.46618953603158936 0.9444444444444444 0.01085883514313919 0.009259259259259259
23 0.368213228035538 0.02943121693121693 0.010365251727541954 0.009259259259259259
4 0.35636722606120436 0.02513227513227513 0.011846001974333662 0.011243386243386243
23 0.6697926949654491 0.13921957671957672 0.012339585389930898 0.011904761904761904
4 0.43336623889437315 0.05423280423280423 0.012833168805528134 0.00992063492063492
23 0.4202862783810464 0.0496031746031746 0.012833168805528134 0.011243386243386243
4 0.9871668311944719 0.25396825396825395 0.010365251727541954 0.009259259259259259
23 0.9960513326752222 0.2605820105820106 0.006910167818361303 0.010582010582010581
4 0.4318854886475814 0.06117724867724868 0.010365251727541954 0.007936507936507936
23 0.41954590325765057 0.056878306878306875 0.012833168805528134 0.010582010582010581
30 0.9846989141164857 0.2681878306878307 0.012339585389930898 0.016534391534391533
30 0.9948173741362291 0.2761243386243386 0.009378084896347482 0.0205026455026455
4 0.5695952615992103 0.12433862433862433 0.0384995064165844 0.052248677248677246
23 0.9829713721618953 0.27976190476190477 0.011352418558736426 0.009259259259259259
23 0.3667324777887463 0.06448412698412699 0.007897334649555774 0.017195767195767195
23 0.36056268509378087 0.06316137566137567 0.007403751233958539 0.01521164021164021
4 0.9814906219151036 0.2867063492063492 0.01085883514313919 0.009259259259259259
30 0.9923494570582428 0.29398148148148145 0.01332675222112537 0.017857142857142856
23 0.9802566633761106 0.29365079365079366 0.01085883514313919 0.008597883597883597
23 0.7591312931885489 0.21924603174603174 0.007897334649555774 0.017195767195767195
4 0.7808489634748272 0.22718253968253968 0.006416584402764067 0.013227513227513227
23 0.7588845014807503 0.2199074074074074 0.006416584402764067 0.013888888888888888
4 0.7751727541954591 0.22552910052910052 0.006910167818361303 0.015873015873015872
23 0.7031095755182626 0.19973544973544974 0.007897334649555774 0.01521164021164021
4 0.9787759131293189 0.30092592592592593 0.011352418558736426 0.010582010582010581
23 0.9768015794669299 0.30753968253968256 0.011846001974333662 0.010582010582010581
7 0.3585883514313919 0.1001984126984127 0.5404738400789734 0.2003968253968254
4 0.8084896347482725 0.24735449735449735 0.009871668311944718 0.009259259259259259
4 0.7956564659427443 0.24338624338624337 0.01085883514313919 0.007936507936507936
23 0.9563178677196447 0.30092592592592593 0.006416584402764067 0.01455026455026455
23 0.7941757156959526 0.25033068783068785 0.011352418558736426 0.008597883597883597
4 0.805528134254689 0.2605820105820106 0.010365251727541954 0.009259259259259259
23 0.7929417571569596 0.2566137566137566 0.011352418558736426 0.008597883597883597
4 0.6663376110562685 0.21197089947089948 0.010365251727541954 0.008597883597883597
23 0.8040473840078973 0.267526455026455 0.009871668311944718 0.007936507936507936
23 0.7917077986179665 0.2628968253968254 0.011846001974333662 0.010582010582010581
4 0.6764560710760118 0.22321428571428573 0.011846001974333662 0.009259259259259259
4 0.8020730503455084 0.2744708994708995 0.01085883514313919 0.00992063492063492
23 0.9452122408687068 0.3353174603174603 0.007403751233958539 0.015873015873015872
23 0.9375616979269497 0.3333333333333333 0.006416584402764067 0.01455026455026455
7 0.3556268509378085 0.12566137566137567 0.5483711747285291 0.23346560846560846
23 0.9851924975320829 0.3551587301587302 0.011352418558736426 0.009259259259259259
23 0.9948173741362291 0.35978835978835977 0.009378084896347482 0.009259259259259259
4 0.6599210266535045 0.23974867724867724 0.009378084896347482 0.007936507936507936
4 0.6591806515301086 0.24636243386243387 0.01085883514313919 0.008597883597883597
15 0.7253208292201382 0.2876984126984127 0.11549851924975321 0.15343915343915343
4 0.6194471865745311 0.25793650793650796 0.01678183613030602 0.01455026455026455
7 0.3447680157946693 0.16765873015873015 0.5459032576505429 0.24074074074074073
23 0.7764067127344522 0.33630952380952384 0.009871668311944718 0.008597883597883597
23 0.7754195459032577 0.3419312169312169 0.011352418558736426 0.007936507936507936
4 0.7741855873642646 0.3472222222222222 0.010365251727541954 0.009259259259259259
4 0.7734452122408687 0.35383597883597884 0.01085883514313919 0.00992063492063492
23 0.4553307008884501 0.24371693121693122 0.006910167818361303 0.013888888888888888
23 0.459279368213228 0.2457010582010582 0.006910167818361303 0.01455026455026455
23 0.7722112537018756 0.3601190476190476 0.012339585389930898 0.011243386243386243
23 0.42941757156959526 0.2371031746031746 0.006416584402764067 0.013888888888888888
23 0.4390424481737414 0.2404100529100529 0.006910167818361303 0.01521164021164021
23 0.42546890424481737 0.23644179894179895 0.005923000987166831 0.012566137566137565
23 0.43460019743336625 0.23974867724867724 0.005923000987166831 0.013227513227513227
30 0.620187561697927 0.3082010582010582 0.015301085883514315 0.021164021164021163
4 0.5466436327739388 0.2824074074074074 0.025172754195459033 0.03439153439153439
4 0.11994076999012833 0.1292989417989418 0.035538005923000986 0.047619047619047616
4 0.7704837117472852 0.3664021164021164 0.009378084896347482 0.007936507936507936
23 0.6833662388943732 0.07407407407407407 0.01085883514313919 0.010582010582010581
4 0.6732477788746298 0.3382936507936508 0.010365251727541954 0.009259259259259259
4 0.6858341559723593 0.3429232804232804 0.009871668311944718 0.008597883597883597
23 0.42250740375123397 0.2509920634920635 0.007897334649555774 0.013888888888888888
23 0.41929911154985194 0.24966931216931218 0.006416584402764067 0.013888888888888888
4 0.6263573543928924 0.32506613756613756 0.01085883514313919 0.008597883597883597
23 0.4267028627838105 0.2533068783068783 0.006910167818361303 0.01455026455026455
23 0.430898321816387 0.2552910052910053 0.006910167818361303 0.01521164021164021
23 0.434106614017769 0.2566137566137566 0.006416584402764067 0.01455026455026455
23 0.7386475814412635 0.36937830687830686 0.007403751233958539 0.013888888888888888
23 0.7329713721618953 0.3673941798941799 0.007897334649555774 0.013888888888888888
23 0.7430898321816387 0.37103174603174605 0.005923000987166831 0.013227513227513227
23 0.7477788746298124 0.3726851851851852 0.007897334649555774 0.013888888888888888
23 0.7206317867719645 0.3627645502645503 0.005429417571569595 0.01521164021164021
23 0.7095261599210266 0.359457671957672 0.006910167818361303 0.01455026455026455
23 0.7270483711747285 0.36574074074074076 0.00839091806515301 0.016534391534391533
23 0.6846001974333662 0.3505291005291005 0.011352418558736426 0.007936507936507936
23 0.6727541954590326 0.3462301587301587 0.01085883514313919 0.007936507936507936
23 0.7586377097729516 0.3773148148148148 0.007403751233958539 0.01521164021164021
23 0.751974333662389 0.37466931216931215 0.007403751233958539 0.015873015873015872
4 0.7147087857847977 0.36144179894179895 0.006910167818361303 0.01521164021164021
23 0.7045903257650543 0.3584656084656085 0.007403751233958539 0.016534391534391533
4 0.6712734452122409 0.35185185185185186 0.008884501480750246 0.007936507936507936
4 0.532329713721619 0.30224867724867727 0.005923000987166831 0.012566137566137565
4 0.6833662388943732 0.3578042328042328 0.009871668311944718 0.007936507936507936
4 0.4945705824284304 0.2900132275132275 0.03603158933859822 0.04828042328042328
4 0.09723593287265547 0.1527777777777778 0.021224086870681145 0.028439153439153438
4 0.6821322803553801 0.36342592592592593 0.01085883514313919 0.00992063492063492
23 0.7351924975320829 0.3845899470899471 0.005923000987166831 0.012566137566137565
4 0.7393879565646594 0.38591269841269843 0.005923000987166831 0.01521164021164021
4 0.7161895360315893 0.3776455026455027 0.006910167818361303 0.01455026455026455
23 0.7302566633761106 0.38326719576719576 0.006910167818361303 0.01521164021164021
23 0.7497532082922014 0.390542328042328 0.007403751233958539 0.01455026455026455
23 0.7240868706811451 0.3812830687830688 0.006910167818361303 0.01521164021164021
23 0.7549358341559723 0.3921957671957672 0.007897334649555774 0.01455026455026455
23 0.7443237907206318 0.38921957671957674 0.007897334649555774 0.015873015873015872
4 0.6038993089832182 0.3429232804232804 0.03603158933859822 0.047619047619047616
4 0.5291214215202369 0.31812169312169314 0.005429417571569595 0.011904761904761904
7 0.5841559723593287 0.04894179894179894 0.19792694965449162 0.09788359788359788
30 0.5656465942744324 0.33994708994708994 0.033070088845014806 0.05423280423280423
4 0.7467917077986179 0.4050925925925926 0.006416584402764067 0.013888888888888888
4 0.751974333662389 0.40773809523809523 0.006416584402764067 0.01455026455026455
4 0.7356860809476802 0.4017857142857143 0.006416584402764067 0.01521164021164021
23 0.5318361303060217 0.3333333333333333 0.01085883514313919 0.008597883597883597
23 0.53035538005923 0.3402777777777778 0.009871668311944718 0.008597883597883597
4 0.5130799605133267 0.3349867724867725 0.011846001974333662 0.023809523809523808
4 0.7223593287265548 0.41005291005291006 0.007403751233958539 0.01521164021164021
4 0.5844027640671273 0.36408730158730157 0.018756169792694965 0.017195767195767195
4 0.5276406712734452 0.3544973544973545 0.01085883514313919 0.007936507936507936
4 0.71964461994077 0.4262566137566138 0.006416584402764067 0.013888888888888888
23 0.7477788746298124 0.43683862433862436 0.01085883514313919 0.009259259259259259
23 0.7638203356367226 0.44345238095238093 0.01085883514313919 0.008597883597883597
4 0.5365251727541954 0.3707010582010582 0.010365251727541954 0.008597883597883597
15 0.5614511352418559 0.4001322751322751 0.032082922013820334 0.03505291005291005
23 0.4439782823297137 0.0023148148148148147 0.01332675222112537 0.004629629629629629
4 0.532329713721619 0.392526455026455 0.009378084896347482 0.007275132275132275
4 0.4550839091806515 0.003968253968253968 0.011846001974333662 0.007936507936507936
4 0.5313425468904245 0.3994708994708995 0.009871668311944718 0.009259259259259259
23 0.5609575518262586 0.4252645502645503 0.006910167818361303 0.01521164021164021
4 0.5661401776900297 0.4279100529100529 0.006416584402764067 0.013227513227513227
4 0.5503455083909181 0.42228835978835977 0.005429417571569595 0.01455026455026455
23 0.5560217176702863 0.42427248677248675 0.006416584402764067 0.013227513227513227
15 0.09995064165844028 0.26256613756613756 0.041954590325765054 0.051587301587301584
23 0.5278874629812438 0.41633597883597884 0.010365251727541954 0.008597883597883597
4 0.5375123395853899 0.42724867724867727 0.009378084896347482 0.007936507936507936
23 0.527147087857848 0.42328042328042326 0.011352418558736426 0.009259259259259259
4 0.5254195459032577 0.42956349206349204 0.01085883514313919 0.009259259259259259
4 0.5360315893385982 0.4341931216931217 0.011352418558736426 0.00992063492063492
4 0.574284304047384 0.45271164021164023 0.037018756169792694 0.0496031746031746
4 0.912142152023692 0.5830026455026455 0.011352418558736426 0.009259259259259259
4 0.5876110562685094 0.4712301587301587 0.009871668311944718 0.008597883597883597
23 0.5214708785784797 0.4487433862433862 0.008884501480750246 0.005952380952380952
23 0.9111549851924975 0.5902777777777778 0.011352418558736426 0.009259259259259259
23 0.5194965449160909 0.45634920634920634 0.011352418558736426 0.010582010582010581
4 0.5308489634748272 0.4603174603174603 0.012339585389930898 0.011904761904761904
23 0.9094274432379073 0.5962301587301587 0.010365251727541954 0.007936507936507936
23 0.44274432379072065 0.006283068783068783 0.011352418558736426 0.00992063492063492
4 0.45384995064165845 0.01025132275132275 0.010365251727541954 0.008597883597883597
23 0.3203356367226061 0.4041005291005291 0.007403751233958539 0.013888888888888888
23 0.3146594274432379 0.40244708994708994 0.005429417571569595 0.013888888888888888
23 0.30454096742349457 0.39914021164021163 0.007403751233958539 0.013888888888888888
23 0.30972359328726556 0.40145502645502645 0.006910167818361303 0.013227513227513227
4 0.053553800592300096 0.3151455026455027 0.0192497532082922 0.025793650793650792
4 0.07625863770977295 0.32936507936507936 0.04491609081934847 0.056216931216931214
30 0.5629318854886476 0.5046296296296297 0.03603158933859822 0.052248677248677246
4 0.9020236920039487 0.6332671957671958 0.010365251727541954 0.00992063492063492
4 0.8363770977295163 0.6117724867724867 0.010365251727541954 0.00992063492063492
4 0.04491609081934847 0.3353174603174603 0.020236920039486673 0.025793650793650792