4 0.9831780538302277 0.3377253814147018 0.0036231884057971015 0.0076282940360610264
7 0.614648033126294 0.4746879334257975 0.13664596273291926 0.46879334257975036
4 0.26242236024844723 0.08564493758668516 0.010869565217391304 0.009015256588072122
4 0.18141821946169773 0.11269070735090153 0.011387163561076604 0.010402219140083218
4 0.028467908902691512 0.6754507628294036 0.020703933747412008 0.0319001386962552
4 0.9873188405797102 0.35957004160887657 0.004140786749482402 0.008321775312066574
4 0.05641821946169772 0.6761442441054092 0.048654244306418216 0.06171983356449376
23 0.47023809523809523 0.555131761442441 0.005693581780538302 0.013176144244105409
23 0.4412525879917184 0.5655339805825242 0.006728778467908903 0.014563106796116505
23 0.4309006211180124 0.5703883495145631 0.006211180124223602 0.014563106796116505
15 0.05305383022774327 0.15915395284327324 0.025362318840579712 0.04022191400832178
4 0.587991718426501 0.5194174757281553 0.012422360248447204 0.026352288488210817
23 0.9334886128364389 0.40742024965325935 0.012422360248447204 0.009015256588072122
23 0.9345238095238095 0.41504854368932037 0.011387163561076604 0.009708737864077669
4 0.03364389233954451 0.7167128987517337 0.025362318840579712 0.05547850208044383
23 0.4396997929606625 0.5852981969486823 0.006728778467908903 0.0159500693481276
23 0.4505693581780538 0.5814840499306518 0.006728778467908903 0.014563106796116505
23 0.4446169772256729 0.5835644937586685 0.006211180124223602 0.0159500693481276
23 0.43426501035196685 0.5877253814147018 0.008281573498964804 0.018030513176144243
4 0.06599378881987578 0.7222607489597781 0.05020703933747412 0.06241331484049931
4 0.17028985507246377 0.12482662968099861 0.010869565217391304 0.009015256588072122
4 0.9420289855072463 0.45596393897364773 0.010869565217391304 0.010402219140083218
4 0.8737060041407867 0.4788488210818308 0.012422360248447204 0.009708737864077669
23 0.18969979296066253 0.7108183079056866 0.006728778467908903 0.015256588072122053
23 0.18452380952380953 0.713245492371706 0.006728778467908903 0.014563106796116505
23 0.19591097308488614 0.7094313453536755 0.007246376811594203 0.015256588072122053
23 0.17883022774327123 0.7153259361997226 0.006211180124223602 0.013869625520110958
23 0.17236024844720496 0.7174063800277393 0.007763975155279503 0.016643550624133148
7 0.9580745341614907 0.4500693481276006 0.08281573498964803 0.40221914008321774
4 0.04399585921325052 0.7621359223300971 0.027950310559006212 0.05131761442441054
7 0.6966873706004141 0.544382801664355 0.11542443064182195 0.4070735090152566
7 0.7991718426501035 0.510748959778086 0.034161490683229816 0.043689320388349516
7 0.7675983436853002 0.5221914008321775 0.11438923395445134 0.4056865464632455
7 0.9063146997929606 0.4764216366158114 0.11801242236024845 0.40984743411927876
7 0.8364389233954451 0.5013869625520111 0.11594202898550725 0.4056865464632455
23 0.18167701863354038 0.7305825242718447 0.007246376811594203 0.0159500693481276
23 0.18788819875776397 0.7291955617198336 0.007246376811594203 0.015256588072122053
4 0.07660455486542443 0.7673370319001387 0.04917184265010352 0.060332871012482664
23 0.19849896480331264 0.7264216366158114 0.006211180124223602 0.014563106796116505
23 0.19358178053830227 0.7281553398058253 0.006211180124223602 0.014563106796116505
4 0.599896480331263 0.5929264909847434 0.005693581780538302 0.013176144244105409
23 0.5543478260869565 0.608876560332871 0.006211180124223602 0.013176144244105409
23 0.5372670807453416 0.6147711511789181 0.006211180124223602 0.014563106796116505
23 0.5419254658385093 0.613384188626907 0.006728778467908903 0.013176144244105409
4 0.5874741200828157 0.598127600554785 0.006211180124223602 0.014563106796116505
4 0.5952380952380952 0.5953536754507628 0.006728778467908903 0.013869625520110958
4 0.5835921325051759 0.5998613037447988 0.005175983436853002 0.011095700416088766
23 0.5494306418219461 0.6113037447988904 0.006211180124223602 0.013869625520110958
23 0.007246376811594203 0.1820388349514563 0.007763975155279503 0.015256588072122053
30 0.1513975155279503 0.1341886269070735 0.03260869565217391 0.047156726768377254
23 0.7996894409937888 0.5336338418862691 0.011904761904761904 0.010402219140083218
23 0.94824016563147 0.48613037447988905 0.012422360248447204 0.009708737864077669
4 0.0033643892339544515 0.18446601941747573 0.006728778467908903 0.015256588072122053
23 0.012939958592132506 0.180998613037448 0.006211180124223602 0.013176144244105409
23 0.6037784679089027 0.6102635228848821 0.006728778467908903 0.013869625520110958
23 0.5574534161490683 0.625866851595007 0.006728778467908903 0.015256588072122053
23 0.5988612836438924 0.6119972260748959 0.006728778467908903 0.014563106796116505
23 0.5401138716356108 0.6324549237170597 0.006211180124223602 0.013869625520110958
23 0.5530538302277432 0.6279472954230236 0.006211180124223602 0.013176144244105409
23 0.5773809523809523 0.6199722607489597 0.005693581780538302 0.013869625520110958
23 0.5615942028985508 0.6251733703190014 0.006728778467908903 0.015256588072122053
23 0.5722049689440993 0.6217059639389736 0.006211180124223602 0.013176144244105409
23 0.5908385093167702 0.6154646324549237 0.006211180124223602 0.012482662968099861
23 0.5442546583850931 0.6317614424410541 0.006211180124223602 0.013176144244105409
23 0.5362318840579711 0.6345353675450763 0.007246376811594203 0.015256588072122053
23 0.5869565217391305 0.6175450762829403 0.006728778467908903 0.013869625520110958
23 0.8669772256728778 0.5280859916782247 0.011904761904761904 0.010402219140083218
4 0.024844720496894408 0.17926490984743412 0.021739130434782608 0.028432732316227463
4 0.18297101449275363 0.765256588072122 0.005693581780538302 0.014563106796116505
23 0.17857142857142858 0.7673370319001387 0.007246376811594203 0.014563106796116505
4 0.05512422360248447 0.811373092926491 0.03260869565217391 0.05547850208044383
4 0.22023809523809523 0.7569348127600555 0.011387163561076604 0.009015256588072122
23 0.5380434782608695 0.658113730929265 0.011904761904761904 0.009708737864077669
23 0.22308488612836438 0.7631761442441054 0.012939958592132506 0.011095700416088766
15 0.20186335403726707 0.7732316227461858 0.034161490683229816 0.04507628294036061
4 0.18426501035196688 0.12725381414701803 0.012422360248447204 0.011095700416088766
15 0.22696687370600413 0.11477115117891817 0.05434782608695652 0.08668515950069348
23 0.6058488612836439 0.641123439667129 0.010869565217391304 0.008321775312066574
23 0.5393374741200828 0.6647018030513177 0.012939958592132506 0.009708737864077669
23 0.2525879917184265 0.1050624133148405 0.012422360248447204 0.009708737864077669
23 0.6068840579710145 0.6480582524271845 0.011387163561076604 0.011095700416088766
23 0.5403726708074534 0.6716366158113731 0.012422360248447204 0.009708737864077669
4 0.5289855072463768 0.6761442441054092 0.011904761904761904 0.009708737864077669
15 0.5760869565217391 0.6647018030513177 0.06521739130434782 0.06865464632454923
23 0.6081780538302277 0.6546463245492372 0.009316770186335404 0.006934812760055479
23 0.8892339544513458 0.5620665742024965 0.012422360248447204 0.010402219140083218
23 0.5424430641821946 0.6789181692094314 0.010869565217391304 0.009708737864077669
23 0.46868530020703936 0.7049237170596394 0.006728778467908903 0.014563106796116505
23 0.47929606625258797 0.7014563106796117 0.006728778467908903 0.014563106796116505
23 0.4583333333333333 0.7083911234396671 0.007246376811594203 0.016643550624133148
23 0.463768115942029 0.7066574202496533 0.006211180124223602 0.013869625520110958
23 0.47386128364389235 0.7031900138696255 0.006728778467908903 0.014563106796116505
23 0.8731884057971014 0.5703883495145631 0.009316770186335404 0.009015256588072122
23 0.484472049689441 0.7004160887656034 0.007246376811594203 0.015256588072122053
23 0.9580745341614907 0.5426490984743412 0.011904761904761904 0.010402219140083218
4 0.531055900621118 0.6896671289875174 0.011387163561076604 0.009708737864077669
23 0.5427018633540373 0.6865464632454924 0.010869565217391304 0.009015256588072122
23 0.6105072463768116 0.6695561719833565 0.009316770186335404 0.0076282940360610264
23 0.5445134575569358 0.6938280166435506 0.010351966873706004 0.008321775312066574
4 0.39906832298136646 0.7430651872399445 0.03260869565217391 0.04230235783633842
4 0.4560041407867495 0.7253814147018031 0.006728778467908903 0.014563106796116505
4 0.44616977225672877 0.7295423023578363 0.007246376811594203 0.015256588072122053
23 0.6123188405797102 0.6761442441054092 0.011904761904761904 0.009708737864077669
23 0.6229296066252588 0.673370319001387 0.011904761904761904 0.009708737864077669
23 0.4337474120082816 0.7378640776699029 0.010869565217391304 0.009015256588072122
23 0.5339026915113871 0.7045769764216366 0.012422360248447204 0.009015256588072122
23 0.5458074534161491 0.7004160887656034 0.009834368530020704 0.0076282940360610264
4 0.17339544513457558 0.13522884882108183 0.011904761904761904 0.009708737864077669
4 0.8237577639751553 0.6113037447988904 0.010351966873706004 0.019417475728155338
23 0.42365424430641824 0.7493065187239945 0.010869565217391304 0.009015256588072122
23 0.43478260869565216 0.7454923717059639 0.011904761904761904 0.010402219140083218
23 0.5471014492753623 0.7080443828016644 0.009316770186335404 0.0076282940360610264
23 0.5357142857142857 0.7125520110957004 0.011904761904761904 0.009708737864077669
23 0.4252070393374741 0.7572815533980582 0.011904761904761904 0.008321775312066574
23 0.42675983436853004 0.765256588072122 0.009834368530020704 0.008321775312066574
4 0.6063664596273292 0.7073509015256588 0.005693581780538302 0.014563106796116505
4 0.5890269151138716 0.7139389736477115 0.007246376811594203 0.014563106796116505
4 0.6019668737060041 0.7097780859916782 0.008799171842650104 0.016643550624133148
30 0.1513975155279503 0.8602635228848821 0.06159420289855073 0.06657420249653259
4 0.593944099378882 0.7128987517337032 0.008281573498964804 0.0159500693481276
30 0.2127329192546584 0.841886269070735 0.06832298136645963 0.07004160887656033
23 0.19901656314699792 0.130374479889043 0.010351966873706004 0.0076282940360610264
30 0.27562111801242234 0.8214285714285714 0.06728778467908902 0.07073509015256588
4 0.33436853002070394 0.8054785020804438 0.05952380952380952 0.0811373092926491
23 0.42960662525879917 0.7815533980582524 0.010351966873706004 0.009015256588072122
23 0.442287784679089 0.7836338418862691 0.011387163561076604 0.009708737864077669
7 0.41200828157349895 0.061373092926490985 0.20652173913043478 0.10540915395284327
23 0.432712215320911 0.79750346740638 0.011387163561076604 0.009708737864077669
23 0.4340062111801242 0.8044382801664355 0.011904761904761904 0.011095700416088766
4 0.051759834368530024 0.18377253814147018 0.012422360248447204 0.009708737864077669
4 0.7608695652173914 0.7122052704576977 0.023291925465838508 0.0319001386962552
30 0.2908902691511387 0.8814147018030514 0.053830227743271224 0.0638002773925104
30 0.15890269151138717 0.9254507628294036 0.06728778467908902 0.07142857142857142
4 0.18659420289855072 0.1407766990291262 0.010351966873706004 0.010402219140083218
30 0.22567287784679088 0.9039528432732317 0.07039337474120083 0.07142857142857142
4 0.3936335403726708 0.8509015256588072 0.060041407867494824 0.07975034674063801
23 0.8954451345755694 0.687239944521498 0.006211180124223602 0.014563106796116505
4 0.9151138716356108 0.6806518723994452 0.006211180124223602 0.013176144244105409
23 0.9099378881987578 0.6823855755894591 0.005175983436853002 0.013176144244105409
23 0.8995859213250518 0.6865464632454924 0.005693581780538302 0.013176144244105409
4 0.9055383022774327 0.6848127600554785 0.005175983436853002 0.011789181692094313
23 0.1997929606625259 0.1369625520110957 0.011387163561076604 0.009015256588072122
4 0.3480848861283644 0.875866851595007 0.05848861283643892 0.09015256588072122
23 0.489648033126294 0.834257975034674 0.009834368530020704 0.008321775312066574
23 0.5916149068322981 0.8023578363384188 0.006211180124223602 0.014563106796116505
23 0.1224120082815735 0.9590846047156727 0.008281573498964804 0.016643550624133148
23 0.5854037267080745 0.8044382801664355 0.006728778467908903 0.013869625520110958
4 0.5424430641821946 0.8196948682385575 0.028467908902691512 0.03814147018030513
4 0.5799689440993789 0.8068654646324549 0.005693581780538302 0.013869625520110958
4 0.5965320910973085 0.8013176144244105 0.006728778467908903 0.014563106796116505
4 0.26837474120082816 0.11511789181692095 0.012422360248447204 0.010402219140083218
4 0.130175983436853 0.9580443828016644 0.007246376811594203 0.015256588072122053
23 0.889751552795031 0.7083911234396671 0.005693581780538302 0.012482662968099861
23 0.9045031055900621 0.7035367545076283 0.006211180124223602 0.015256588072122053
23 0.885351966873706 0.7108183079056866 0.006211180124223602 0.014563106796116505
23 0.8938923395445134 0.7080443828016644 0.005693581780538302 0.013176144244105409
23 0.25595238095238093 0.11997226074895978 0.013457556935817806 0.011095700416088766
23 0.8708592132505176 0.7156726768377254 0.006728778467908903 0.015256588072122053
23 0.8809523809523809 0.7122052704576977 0.005693581780538302 0.013869625520110958
23 0.910455486542443 0.70249653259362 0.006728778467908903 0.015256588072122053
23 0.8762939958592133 0.7135922330097088 0.006211180124223602 0.014563106796116505
23 0.8659420289855072 0.7180998613037448 0.006211180124223602 0.013176144244105409
23 0.8990683229813664 0.707004160887656 0.005175983436853002 0.013869625520110958
23 0.7849378881987578 0.7520804438280166 0.007246376811594203 0.016643550624133148
4 0.7888198757763976 0.7506934812760055 0.006728778467908903 0.015256588072122053
23 0.7939958592132506 0.7493065187239945 0.006728778467908903 0.015256588072122053
23 0.5018115942028986 0.848127600554785 0.009834368530020704 0.008321775312066574
23 0.5129399585921325 0.8443134535367545 0.009834368530020704 0.0076282940360610264
23 0.4906832298136646 0.8519417475728155 0.010351966873706004 0.0076282940360610264
23 0.8517080745341615 0.7326629680998613 0.010869565217391304 0.009015256588072122
23 0.6281055900621118 0.8131067961165048 0.006211180124223602 0.014563106796116505
23 0.6231884057971014 0.8148404993065187 0.006728778467908903 0.014563106796116505
23 0.6337991718426501 0.811373092926491 0.007246376811594203 0.0159500693481276
4 0.9340062111801242 0.7115117891816921 0.008281573498964804 0.018030513176144243
23 0.9032091097308489 0.7226074895977809 0.005693581780538302 0.011789181692094313
4 0.660455486542443 0.8037447988904299 0.006728778467908903 0.014563106796116505
4 0.6689958592132506 0.8009708737864077 0.005693581780538302 0.013176144244105409
23 0.9453933747412008 0.7087378640776699 0.006211180124223602 0.013869625520110958
4 0.8990683229813664 0.723994452149792 0.006211180124223602 0.013176144244105409
4 0.11568322981366459 0.9864771151178918 0.007246376811594203 0.016643550624133148
23 0.9127846790890269 0.7201803051317615 0.007246376811594203 0.0159500693481276
4 0.8737060041407867 0.7333564493758669 0.005175983436853002 0.013176144244105409
4 0.9283126293995859 0.7149791955617198 0.006211180124223602 0.014563106796116505
23 0.8902691511387164 0.7278085991678225 0.006211180124223602 0.013176144244105409
23 0.9409937888198758 0.7108183079056866 0.006211180124223602 0.014563106796116505
4 0.8775879917184265 0.7319694868238558 0.006728778467908903 0.014563106796116505
4 0.8861283643892339 0.7291955617198336 0.005175983436853002 0.013869625520110958
4 0.917184265010352 0.7187933425797504 0.005175983436853002 0.013869625520110958
4 0.8817287784679089 0.7305825242718447 0.005693581780538302 0.013176144244105409
4 0.8946687370600414 0.7260748959778086 0.006211180124223602 0.012482662968099861
4 0.9078674948240165 0.7226074895977809 0.005693581780538302 0.011789181692094313
23 0.6801242236024845 0.8030513176144244 0.006728778467908903 0.014563106796116505
23 0.8157349896480331 0.7610957004160888 0.012422360248447204 0.010402219140083218
23 0.7611283643892339 0.782246879334258 0.011904761904761904 0.010402219140083218
23 0.19047619047619047 0.9750346740638003 0.007246376811594203 0.015256588072122053
15 0.9798136645962733 0.7080443828016644 0.039337474120082816 0.10263522884882108
23 0.818064182194617 0.7704576976421637 0.011904761904761904 0.011789181692094313
4 0.7326604554865425 0.8016643550624133 0.007246376811594203 0.015256588072122053
23 0.7272256728778468 0.8037447988904299 0.007763975155279503 0.016643550624133148
15 0.13405797101449277 0.9882108183079057 0.032091097308488616 0.022191400832177532
23 0.7106625258799172 0.8099861303744799 0.011387163561076604 0.009708737864077669
4 0.6731366459627329 0.8224687933425797 0.005175983436853002 0.013176144244105409
23 0.5597826086956522 0.8616504854368932 0.010351966873706004 0.0076282940360610264
4 0.5491718426501035 0.8651178918169209 0.010351966873706004 0.008321775312066574
23 0.5709109730848861 0.8578363384188626 0.010869565217391304 0.009015256588072122
23 0.5988612836438924 0.8502080443828016 0.011387163561076604 0.009015256588072122
23 0.6105072463768116 0.8467406380027739 0.010351966873706004 0.008321775312066574
23 0.8193581780538303 0.7777392510402219 0.011387163561076604 0.010402219140083218
4 0.358695652173913 0.9330790568654647 0.028467908902691512 0.038834951456310676
23 0.7122153209109731 0.8172676837725381 0.010351966873706004 0.0076282940360610264
4 0.6120600414078675 0.8550624133148405 0.010869565217391304 0.008321775312066574
4 0.1710662525879917 0.1539528432732316 0.030020703933747412 0.03952843273231623
23 0.20056935817805382 0.14389736477115117 0.011387163561076604 0.009015256588072122
4 0.10610766045548654 0.1754507628294036 0.028985507246376812 0.040915395284327326
23 0.765527950310559 0.8065187239944521 0.011387163561076604 0.010402219140083218
23 0.712991718426501 0.8248959778085991 0.010869565217391304 0.009708737864077669
4 0.7525879917184265 0.811373092926491 0.011387163561076604 0.010402219140083218
4 0.014233954451345756 0.2087378640776699 0.028467908902691512 0.05131761442441054
4 0.18814699792960662 0.14875173370319 0.009834368530020704 0.009015256588072122
4 0.6133540372670807 0.8623439667128987 0.010869565217391304 0.009015256588072122
23 0.7665631469979296 0.8141470180305131 0.010869565217391304 0.009015256588072122
23 0.7142857142857143 0.8321775312066574 0.010351966873706004 0.008321775312066574
4 0.7546583850931677 0.8193481276005548 0.011904761904761904 0.010402219140083218
4 0.602743271221532 0.8737864077669902 0.010351966873706004 0.0076282940360610264
23 0.614648033126294 0.869625520110957 0.010869565217391304 0.009015256588072122
23 0.7160973084886129 0.8387656033287101 0.010869565217391304 0.009015256588072122
23 0.8271221532091098 0.8016643550624133 0.006211180124223602 0.013176144244105409
4 0.2701863354037267 0.12205270457697642 0.012422360248447204 0.010402219140083218
23 0.2572463768115942 0.12656033287101248 0.013457556935817806 0.010402219140083218
23 0.8216873706004141 0.8033980582524272 0.007763975155279503 0.013176144244105409
4 0.7554347826086957 0.8269764216366158 0.011387163561076604 0.009708737864077669
23 0.6159420289855072 0.8772538141470181 0.011904761904761904 0.010402219140083218
4 0.6045548654244306 0.8810679611650486 0.009834368530020704 0.0076282940360610264
23 0.03985507246376811 0.19972260748959778 0.006211180124223602 0.013176144244105409
23 0.04580745341614907 0.1979889042995839 0.008281573498964804 0.015256588072122053
15 0.693064182194617 0.8529819694868238 0.04503105590062112 0.060332871012482664
4 0.717391304347826 0.8453536754507628 0.010869565217391304 0.010402219140083218
15 0.9177018633540373 0.7784327323162274 0.10144927536231885 0.11719833564493759
23 0.8302277432712215 0.8155339805825242 0.007246376811594203 0.015256588072122053
23 0.718167701863354 0.8529819694868238 0.011904761904761904 0.009708737864077669
23 0.8242753623188406 0.8176144244105409 0.008799171842650104 0.016643550624133148
4 0.7507763975155279 0.8564493758668515 0.011904761904761904 0.009015256588072122
23 0.9981884057971014 0.786754507628294 0.002587991718426501 0.014563106796116505
23 0.994824016563147 0.7884882108183079 0.007763975155279503 0.015256588072122053
23 0.6702898550724637 0.8984049930651873 0.010351966873706004 0.0076282940360610264
4 0.7230848861283644 0.8814147018030514 0.005693581780538302 0.013176144244105409
4 0.6798654244306418 0.8966712898751734 0.005693581780538302 0.013176144244105409
4 0.7186853002070394 0.883495145631068 0.005693581780538302 0.013869625520110958
4 0.7282608695652174 0.880374479889043 0.006211180124223602 0.013869625520110958
4 0.7101449275362319 0.886615811373093 0.005693581780538302 0.013869625520110958
4 0.714544513457557 0.8848821081830791 0.006211180124223602 0.014563106796116505
4 0.6865942028985508 0.894244105409154 0.009316770186335404 0.01872399445214979
4 0.7060041407867494 0.8880027739251041 0.006211180124223602 0.012482662968099861
4 0.693064182194617 0.8921636615811374 0.006211180124223602 0.013869625520110958
4 0.6969461697722568 0.8907766990291263 0.005175983436853002 0.012482662968099861
4 0.7010869565217391 0.8893897364771152 0.005693581780538302 0.011789181692094313
23 0.6485507246376812 0.9136615811373093 0.010351966873706004 0.009015256588072122
4 0.9516045548654244 0.8172676837725381 0.009834368530020704 0.0076282940360610264
4 0.8954451345755694 0.8366851595006934 0.011387163561076604 0.011095700416088766
23 0.6495859213250518 0.920249653259362 0.009834368530020704 0.008321775312066574
23 0.639751552795031 0.9237170596393898 0.011387163561076604 0.009708737864077669
23 0.20263975155279504 0.15117891816920942 0.010869565217391304 0.009015256588072122
4 0.18995859213250518 0.1553398058252427 0.012422360248447204 0.011789181692094313
23 0.520703933747412 0.046463245492371706 0.012939958592132506 0.011789181692094313
4 0.27148033126293997 0.12968099861303745 0.012939958592132506 0.010402219140083218
23 0.2580227743271222 0.1341886269070735 0.013457556935817806 0.011095700416088766
4 0.27303312629399584 0.1369625520110957 0.010869565217391304 0.008321775312066574
23 0.2598343685300207 0.14147018030513175 0.013457556935817806 0.011095700416088766
4 0.4231366459627329 0.10124826629680998 0.03985507246376811 0.05409153952843273
23 0.21454451345755693 0.18446601941747573 0.008281573498964804 0.018030513176144243
23 0.2080745341614907 0.18723994452149792 0.007763975155279503 0.0159500693481276
23 0.6330227743271222 0.05894590846047157 0.008281573498964804 0.018030513176144243
4 0.656055900621118 0.05131761442441054 0.006211180124223602 0.013869625520110958
23 0.6330227743271222 0.059639389736477116 0.006728778467908903 0.014563106796116505
4 0.650103519668737 0.053744798890429955 0.007246376811594203 0.016643550624133148
23 0.5742753623188406 0.07940360610263524 0.008281573498964804 0.0159500693481276
7 0.25 0.20700416088765602 0.5 0.22399445214979197
4 0.6889233954451346 0.050970873786407765 0.010351966873706004 0.009708737864077669
4 0.6754658385093167 0.05617198335644938 0.011387163561076604 0.008321775312066574
23 0.84472049689441 0.0038141470180305132 0.007246376811594203 0.0076282940360610264
23 0.6770186335403726 0.06345353675450763 0.011904761904761904 0.009015256588072122
4 0.6912525879917184 0.0651872399445215 0.010869565217391304 0.009015256588072122
23 0.6783126293995859 0.0703883495145631 0.011904761904761904 0.009015256588072122
4 0.5452898550724637 0.11546463245492372 0.010869565217391304 0.009015256588072122
23 0.6925465838509317 0.07246879334257975 0.010351966873706004 0.0076282940360610264
23 0.6793478260869565 0.0769764216366158 0.012422360248447204 0.011095700416088766
4 0.5587474120082816 0.11858529819694869 0.012422360248447204 0.009015256588072122
4 0.6933229813664596 0.08009708737864078 0.011387163561076604 0.010402219140083218
23 0.8478260869565217 0.0384882108183079 0.007763975155279503 0.016643550624133148
23 0.8398033126293996 0.04195561719833565 0.006728778467908903 0.015256588072122053
7 0.25854037267080743 0.24653259361997226 0.5170807453416149 0.22954230235783635
23 0.8920807453416149 0.029472954230235784 0.011904761904761904 0.009708737864077669
23 0.9032091097308489 0.02669902912621359 0.010869565217391304 0.009015256588072122
4 0.5496894409937888 0.14528432732316227 0.009834368530020704 0.008321775312066574
4 0.5515010351966874 0.15187239944521497 0.011387163561076604 0.009015256588072122
15 0.6281055900621118 0.1449375866851595 0.12008281573498965 0.15950069348127602
4 0.5196687370600414 0.18966712898751734 0.017080745341614908 0.014563106796116505
7 0.26061076604554867 0.2923023578363384 0.5212215320910973 0.23647711511789182
23 0.6933229813664596 0.15464632454923716 0.010351966873706004 0.008321775312066574
23 0.6946169772256728 0.16054091539528434 0.011904761904761904 0.008321775312066574
4 0.6953933747412008 0.16608876560332872 0.010869565217391304 0.009015256588072122
4 0.6972049689440993 0.17267683772538142 0.011387163561076604 0.010402219140083218
23 0.3636128364389234 0.2881414701803051 0.006728778467908903 0.014563106796116505
23 0.3682712215320911 0.28744798890429957 0.007246376811594203 0.015256588072122053
23 0.6984989648033126 0.17926490984743412 0.012939958592132506 0.011095700416088766
23 0.33747412008281574 0.2999306518723994 0.006728778467908903 0.014563106796116505
23 0.3475672877846791 0.2964632454923717 0.007246376811594203 0.0159500693481276
23 0.333592132505176 0.30201109570041607 0.006211180124223602 0.013176144244105409
23 0.34316770186335405 0.29854368932038833 0.005693581780538302 0.013869625520110958
30 0.5393374741200828 0.2354368932038835 0.016045548654244308 0.021497919556171984
4 0.46195652173913043 0.2617891816920943 0.025879917184265012 0.036061026352288486
4 0.015786749482401656 0.4122746185852982 0.03157349896480331 0.05062413314840499
4 0.6992753623188406 0.1861997226074896 0.009834368530020704 0.008321775312066574
4 0.5996376811594203 0.22676837725381416 0.010869565217391304 0.009015256588072122
4 0.6125776397515528 0.2222607489597781 0.010351966873706004 0.009015256588072122
23 0.3364389233954451 0.31726768377253817 0.007763975155279503 0.014563106796116505
23 0.33281573498964806 0.31865464632454926 0.006728778467908903 0.014563106796116505
4 0.5515010351966874 0.2461858529819695 0.011387163561076604 0.009015256588072122
23 0.34109730848861286 0.3165742024965326 0.007246376811594203 0.015256588072122053
23 0.34575569358178054 0.3155339805825243 0.007246376811594203 0.0159500693481276
23 0.349120082815735 0.314493758668516 0.006728778467908903 0.015256588072122053
23 0.6713250517598344 0.21047156726768376 0.007246376811594203 0.014563106796116505
23 0.6651138716356108 0.2125520110957004 0.007763975155279503 0.014563106796116505
23 0.6757246376811594 0.20908460471567267 0.005693581780538302 0.013869625520110958
23 0.6809006211180124 0.2073509015256588 0.007763975155279503 0.014563106796116505
23 0.6521739130434783 0.21705963938973646 0.005693581780538302 0.0159500693481276
23 0.6407867494824017 0.22156726768377255 0.007246376811594203 0.015256588072122053
23 0.6594202898550725 0.2153259361997226 0.008281573498964804 0.017337031900138695
23 0.614648033126294 0.2302357836338419 0.011904761904761904 0.008321775312066574
23 0.6019668737060041 0.23439667128987518 0.011387163561076604 0.008321775312066574
23 0.6925465838509317 0.20423023578363383 0.007763975155279503 0.0159500693481276
23 0.6855590062111802 0.20665742024965325 0.007763975155279503 0.016643550624133148
4 0.6462215320910973 0.2194868238557559 0.007246376811594203 0.0159500693481276
23 0.6358695652173914 0.2236477115117892 0.007246376811594203 0.016643550624133148
4 0.602743271221532 0.2406380027739251 0.009316770186335404 0.008321775312066574
4 0.45652173913043476 0.2895284327323162 0.006211180124223602 0.013176144244105409
4 0.6159420289855072 0.23751733703190014 0.010351966873706004 0.0076282940360610264
4 0.41718426501035194 0.3040915395284327 0.03778467908902691 0.05062413314840499
4 0.005952380952380952 0.44902912621359226 0.011904761904761904 0.029819694868238558
4 0.6172360248447205 0.24375866851595007 0.011387163561076604 0.010402219140083218
23 0.2593167701863354 0.06657420249653259 0.011387163561076604 0.0062413314840499305
23 0.6736542443064182 0.22676837725381416 0.006211180124223602 0.013176144244105409
4 0.6783126293995859 0.22538141470180306 0.006211180124223602 0.0159500693481276
4 0.6537267080745341 0.23370319001386963 0.007246376811594203 0.015256588072122053
23 0.6687370600414079 0.22919556171983357 0.007246376811594203 0.0159500693481276
23 0.6894409937888198 0.2222607489597781 0.007763975155279503 0.015256588072122053
23 0.6622670807453416 0.23127600554785022 0.007246376811594203 0.0159500693481276
23 0.6948757763975155 0.22052704576976423 0.008281573498964804 0.015256588072122053
23 0.6840062111801242 0.22468793342579751 0.008281573498964804 0.016643550624133148
23 0.19125258799171843 0.08876560332871013 0.010869565217391304 0.005547850208044383
4 0.5375258799171843 0.2780859916782247 0.037267080745341616 0.049237170596393896
4 0.45962732919254656 0.30617198335644935 0.005693581780538302 0.012482662968099861
7 0.4078674948240166 0.036061026352288486 0.2039337474120083 0.07212205270457697
4 0.1777950310559006 0.09396671289875173 0.010351966873706004 0.0062413314840499305
30 0.5015527950310559 0.3016643550624133 0.034161490683229816 0.056865464632454926
4 0.692287784679089 0.23786407766990292 0.006728778467908903 0.014563106796116505
4 0.6979813664596274 0.23647711511789182 0.006728778467908903 0.015256588072122053
4 0.6809006211180124 0.24237170596393898 0.006728778467908903 0.0159500693481276
23 0.46790890269151136 0.31865464632454926 0.011387163561076604 0.009015256588072122
23 0.4692028985507246 0.3259361997226075 0.010351966873706004 0.008321775312066574
4 0.45134575569358176 0.3325242718446602 0.012422360248447204 0.024965325936199722
4 0.6718426501035196 0.2590152565880721 0.007763975155279503 0.0159500693481276
4 0.5276915113871635 0.3106796116504854 0.019151138716356108 0.018030513176144243
4 0.4720496894409938 0.3408460471567268 0.011387163561076604 0.008321775312066574
30 0.008540372670807454 0.16192787794729543 0.017080745341614908 0.029819694868238558
4 0.6754658385093167 0.27565880721220526 0.006728778467908903 0.014563106796116505
23 0.7052277432712215 0.26629680998613037 0.011387163561076604 0.009708737864077669
23 0.7223084886128365 0.26144244105409153 0.011387163561076604 0.009015256588072122
23 0.14906832298136646 0.10783633841886268 0.006211180124223602 0.012482662968099861
23 0.15527950310559005 0.10610263522884882 0.007246376811594203 0.013176144244105409
4 0.13768115942028986 0.11130374479889044 0.006728778467908903 0.012482662968099861
4 0.4862836438923395 0.34951456310679613 0.010869565217391304 0.009015256588072122
4 0.1322463768115942 0.11373092926490985 0.006728778467908903 0.013176144244105409
4 0.1431159420289855 0.10991678224687934 0.006211180124223602 0.012482662968099861
23 0.24818840579710144 0.07524271844660194 0.013975155279503106 0.011789181692094313
15 0.5201863354037267 0.35957004160887657 0.03364389233954451 0.036754507628294034
4 0.16744306418219462 0.10298196948682385 0.011387163561076604 0.010402219140083218
23 0.260351966873706 0.0717753120665742 0.013457556935817806 0.011095700416088766
4 0.4906832298136646 0.3723994452149792 0.009834368530020704 0.0076282940360610264
4 0.2717391304347826 0.06796116504854369 0.011904761904761904 0.009708737864077669
23 0.19202898550724637 0.09466019417475728 0.012422360248447204 0.010402219140083218
4 0.49249482401656314 0.37968099861303745 0.010351966873706004 0.009708737864077669
23 0.5295031055900621 0.3828016643550624 0.007246376811594203 0.0159500693481276
4 0.5351966873706004 0.3817614424410541 0.006211180124223602 0.013869625520110958
4 0.5186335403726708 0.38730929264909847 0.005693581780538302 0.015256588072122053
23 0.5245859213250518 0.3852288488210818 0.006728778467908903 0.013869625520110958
15 0.044772256728778465 0.5478502080443828 0.043478260869565216 0.05339805825242718
23 0.49585921325051757 0.39701803051317613 0.010869565217391304 0.009015256588072122
4 0.5087991718426501 0.40048543689320387 0.009834368530020704 0.008321775312066574
23 0.49767080745341613 0.4042995839112344 0.011904761904761904 0.009708737864077669
4 0.030279503105590064 0.1553398058252427 0.028467908902691512 0.033287101248266296
4 0.4984472049689441 0.41123439667128986 0.011387163561076604 0.009708737864077669
4 0.5100931677018633 0.4081137309292649 0.011904761904761904 0.010402219140083218
4 0.5520186335403726 0.3990984743411928 0.038302277432712216 0.05131761442441054
4 0.9112318840579711 0.2881414701803051 0.011904761904761904 0.009708737864077669
4 0.5711697722567288 0.4067267683772538 0.010351966873706004 0.008321775312066574
23 0.5020703933747412 0.43134535367545074 0.009316770186335404 0.0062413314840499305
23 0.9133022774327122 0.29542302357836336 0.011904761904761904 0.009708737864077669
23 0.5031055900621118 0.43966712898751736 0.011904761904761904 0.011095700416088766
4 0.5152691511387164 0.435506241331484 0.012939958592132506 0.011789181692094313
23 0.9140786749482401 0.30235783633841884 0.010869565217391304 0.008321775312066574
4 0.18064182194616976 0.10575589459084604 0.010351966873706004 0.008321775312066574
23 0.26216356107660455 0.07905686546463246 0.011904761904761904 0.010402219140083218
4 0.27380952380952384 0.07524271844660194 0.010869565217391304 0.009015256588072122
23 0.19332298136645962 0.1022884882108183 0.011387163561076604 0.010402219140083218
23 0.3007246376811594 0.5273925104022191 0.007246376811594203 0.014563106796116505
23 0.2947722567287785 0.5298196948682385 0.005693581780538302 0.014563106796116505
23 0.28442028985507245 0.5332871012482663 0.007246376811594203 0.014563106796116505
23 0.2898550724637681 0.532246879334258 0.007246376811594203 0.013869625520110958
4 0.022256728778467908 0.6272538141470181 0.020186335403726708 0.027045769764216365
4 0.04839544513457557 0.6251733703190014 0.046583850931677016 0.05825242718446602
30 0.5613354037267081 0.45457697642163664 0.037267080745341616 0.05409153952843273
4 0.9213250517598344 0.34153952843273233 0.010869565217391304 0.009708737864077669
4 0.852743271221532 0.36650485436893204 0.010869565217391304 0.009708737864077669
4 0.02199792960662526 0.651872399445215 0.020703933747412008 0.026352288488210817