23 0.3495440729483283 0.014124293785310734 0.0060790273556231 0.02824858757062147
4 0.5957446808510638 0.25 0.006585612968591692 0.062146892655367235
23 0.5906788247213779 0.2514124293785311 0.006585612968591692 0.06779661016949153
4 0.6443768996960486 0.3064971751412429 0.007598784194528876 0.04519774011299435
23 0.5845997973657548 0.24717514124293785 0.006585612968591692 0.062146892655367235
15 0.29584599797365757 0.02824858757062147 0.02735562310030395 0.05649717514124294
23 0.6502026342451874 0.3177966101694915 0.005572441742654508 0.0423728813559322
23 0.6388044579533941 0.3064971751412429 0.0060790273556231 0.0423728813559322
23 0.3161094224924012 0.007062146892655367 0.0070921985815602835 0.014124293785310734
23 0.331306990881459 0.01694915254237288 0.005065856129685917 0.03389830508474576
23 0.8675278622087133 0.53954802259887 0.008611955420466059 0.07344632768361582
4 0.6299392097264438 0.3093220338983051 0.006585612968591692 0.05084745762711865
4 0.5521783181357649 0.23587570621468926 0.006585612968591692 0.062146892655367235
23 0.5574974670719351 0.24152542372881355 0.0070921985815602835 0.06497175141242938
4 0.662613981762918 0.3502824858757062 0.006585612968591692 0.062146892655367235
4 0.8606889564336373 0.5621468926553672 0.0070921985815602835 0.06497175141242938
4 0.8031914893617021 0.5056497175141242 0.0060790273556231 0.06497175141242938
30 0.5678824721377913 0.2740112994350282 0.013677811550151976 0.07909604519774012
4 0.5957446808510638 0.3036723163841808 0.0060790273556231 0.04519774011299435
4 0.6436170212765957 0.3545197740112994 0.007598784194528876 0.0480225988700565
4 0.6329787234042553 0.3446327683615819 0.005572441742654508 0.04519774011299435
4 0.6375379939209727 0.3488700564971751 0.004559270516717325 0.04519774011299435
4 0.5906788247213779 0.3022598870056497 0.005065856129685917 0.04519774011299435
23 0.31965552178318135 0.038135593220338986 0.005065856129685917 0.04519774011299435
4 0.3105369807497467 0.03248587570621469 0.0060790273556231 0.05084745762711865
4 0.5843465045592705 0.307909604519774 0.0035460992907801418 0.03954802259887006
15 0.6137284701114488 0.3361581920903955 0.025835866261398176 0.15254237288135594
23 0.3282674772036474 0.05649717514124294 0.005065856129685917 0.04519774011299435
4 0.797112462006079 0.519774011299435 0.008105369807497468 0.059322033898305086
4 0.5800405268490375 0.3093220338983051 0.004052684903748734 0.0423728813559322
23 0.5759878419452887 0.3107344632768362 0.005065856129685917 0.0423728813559322
23 0.2735562310030395 0.0211864406779661 0.005065856129685917 0.0423728813559322
4 0.27760891590678827 0.026836158192090395 0.0060790273556231 0.05367231638418079
23 0.791033434650456 0.536723163841808 0.006585612968591692 0.05367231638418079
23 0.3465045592705167 0.1016949152542373 0.006585612968591692 0.05367231638418079
23 0.6593211752786221 0.4096045197740113 0.006585612968591692 0.05084745762711865
23 0.6476697061803445 0.4011299435028249 0.004559270516717325 0.0423728813559322
23 0.6514690982776089 0.4081920903954802 0.004559270516717325 0.03954802259887006
23 0.6426038500506586 0.3997175141242938 0.0060790273556231 0.0423728813559322
23 0.8490374873353597 0.6045197740112994 0.005065856129685917 0.0480225988700565
4 0.4288247213779129 0.19491525423728814 0.0070921985815602835 0.06497175141242938
4 0.4219858156028369 0.18785310734463276 0.008611955420466059 0.07062146892655367
23 0.7147922998986829 0.4759887005649718 0.0070921985815602835 0.05367231638418079
23 0.9328774062816616 0.690677966101695 0.006585612968591692 0.0480225988700565
4 0.6370314083080041 0.3997175141242938 0.0060790273556231 0.0480225988700565
4 0.6003039513677811 0.3686440677966102 0.0060790273556231 0.05649717514124294
4 0.5952380952380952 0.3644067796610169 0.0060790273556231 0.0480225988700565
30 0.3333333333333333 0.11016949152542373 0.01165146909827761 0.0847457627118644
30 0.26038500506585616 0.043785310734463276 0.014184397163120567 0.08757062146892655
23 0.2915400202634245 0.06779661016949153 0.004559270516717325 0.05367231638418079
23 0.7798885511651469 0.5480225988700564 0.006585612968591692 0.05649717514124294
30 0.32168186423505574 0.1016949152542373 0.0121580547112462 0.08192090395480225
4 0.5767477203647416 0.3516949152542373 0.004052684903748734 0.03672316384180791
23 0.2867274569402229 0.06638418079096045 0.005065856129685917 0.05649717514124294
23 0.29635258358662614 0.07627118644067797 0.005065856129685917 0.059322033898305086
23 0.581306990881459 0.3559322033898305 0.004559270516717325 0.03954802259887006
4 0.28191489361702127 0.062146892655367235 0.0060790273556231 0.05084745762711865
23 0.225177304964539 0.0211864406779661 0.006585612968591692 0.0423728813559322
30 0.544579533941236 0.326271186440678 0.013171225937183385 0.07909604519774012
23 0.24670719351570417 0.03531073446327684 0.008105369807497468 0.07062146892655367
4 0.31256332320162106 0.09745762711864407 0.006585612968591692 0.05649717514124294
4 0.2317629179331307 0.029661016949152543 0.008611955420466059 0.059322033898305086
4 0.30775075987841943 0.09322033898305085 0.005572441742654508 0.06497175141242938
23 0.23986828774062816 0.03248587570621469 0.007598784194528876 0.06497175141242938
23 0.5539513677811551 0.3375706214689266 0.008105369807497468 0.07909604519774012
4 0.21833839918946302 0.02824858757062147 0.010131712259371834 0.05649717514124294
23 0.9531408308004052 0.7330508474576272 0.007598784194528876 0.06497175141242938
23 0.9224924012158054 0.7090395480225988 0.0060790273556231 0.05084745762711865
23 0.85612968591692 0.6440677966101694 0.008105369807497468 0.07062146892655367
23 0.7223910840932117 0.5155367231638418 0.006585612968591692 0.062146892655367235
23 0.9283181357649443 0.7175141242937854 0.004559270516717325 0.04519774011299435
30 0.5656028368794326 0.3629943502824859 0.01165146909827761 0.0847457627118644
23 0.20921985815602837 0.022598870056497175 0.0060790273556231 0.04519774011299435
23 0.1947821681864235 0.01977401129943503 0.006585612968591692 0.03954802259887006
4 0.17401215805471124 0.012711864406779662 0.010638297872340425 0.025423728813559324
4 0.18768996960486323 0.018361581920903956 0.010638297872340425 0.03672316384180791
4 0.6560283687943262 0.4646892655367232 0.005572441742654508 0.05084745762711865
23 0.18085106382978725 0.014124293785310734 0.0060790273556231 0.02824858757062147
4 0.2016210739614995 0.029661016949152543 0.010131712259371834 0.059322033898305086
4 0.6484295845997974 0.4562146892655367 0.009625126646403243 0.059322033898305086
23 0.7950861195542046 0.6002824858757062 0.008105369807497468 0.07909604519774012
4 0.6405775075987842 0.4491525423728814 0.008105369807497468 0.05084745762711865
4 0.1590678824721378 0.00847457627118644 0.010131712259371834 0.01694915254237288
23 0.6737588652482269 0.4844632768361582 0.010638297872340425 0.09887005649717515
23 0.8475177304964538 0.655367231638418 0.005572441742654508 0.05649717514124294
23 0.7137791286727457 0.5268361581920904 0.006585612968591692 0.05367231638418079
30 0.5878926038500507 0.4025423728813559 0.011144883485309016 0.08192090395480225
23 0.7890070921985816 0.6002824858757062 0.005065856129685917 0.05367231638418079
23 0.5759878419452887 0.3912429378531073 0.004052684903748734 0.0423728813559322
23 0.5800405268490375 0.3954802259887006 0.004559270516717325 0.03954802259887006
4 0.6274062816616008 0.4533898305084746 0.005065856129685917 0.05649717514124294
23 0.603596757852077 0.4322033898305085 0.006585612968591692 0.05084745762711865
23 0.6334853090172239 0.461864406779661 0.005572441742654508 0.05649717514124294
4 0.6084093211752786 0.4406779661016949 0.0060790273556231 0.05649717514124294
30 0.6200607902735562 0.4576271186440678 0.011144883485309016 0.0847457627118644
4 0.9508611955420466 0.8022598870056498 0.006585612968591692 0.062146892655367235
4 0.6798378926038501 0.536723163841808 0.007598784194528876 0.05649717514124294
4 0.9440222897669707 0.8050847457627118 0.0070921985815602835 0.07062146892655367
30 0.26165146909827763 0.14548022598870056 0.012664640324214792 0.07344632768361582
23 0.25177304964539005 0.1384180790960452 0.00911854103343465 0.07062146892655367
23 0.27152988855116517 0.16101694915254236 0.008105369807497468 0.06779661016949153
4 0.934903748733536 0.8305084745762712 0.010131712259371834 0.0847457627118644
4 0.5245694022289767 0.4378531073446328 0.010638297872340425 0.0847457627118644
4 0.045339412360688953 0.014124293785310734 0.010638297872340425 0.02824858757062147
4 0.4518743667679838 0.3813559322033898 0.010638297872340425 0.09887005649717515
30 0.013677811550151976 0.009887005649717515 0.0121580547112462 0.01977401129943503
30 0.02634245187436677 0.018361581920903956 0.014184397163120567 0.03672316384180791
30 0.22922998986828774 0.21045197740112995 0.012664640324214792 0.07909604519774012
23 0.2375886524822695 0.22175141242937854 0.006585612968591692 0.05367231638418079
30 0.9437689969604863 0.9279661016949152 0.012664640324214792 0.07909604519774012
23 0.9275582573454914 0.9180790960451978 0.005065856129685917 0.04519774011299435
4 0.9321175278622087 0.9251412429378532 0.005065856129685917 0.05084745762711865
23 0.02735562310030395 0.05508474576271186 0.005572441742654508 0.05367231638418079
4 0.21200607902735563 0.2401129943502825 0.007598784194528876 0.062146892655367235
4 0.011398176291793313 0.0423728813559322 0.0060790273556231 0.05084745762711865
23 0.021783181357649443 0.052259887005649715 0.0070921985815602835 0.05367231638418079
30 0.47416413373860183 0.5056497175141242 0.013171225937183385 0.08192090395480225
30 0.49442755825734547 0.5268361581920904 0.012664640324214792 0.0847457627118644
4 0.7494934143870314 0.7796610169491526 0.0060790273556231 0.05367231638418079
30 0.7213779128672746 0.7528248587570622 0.010638297872340425 0.062146892655367235
4 0.7135258358662614 0.7443502824858758 0.006585612968591692 0.062146892655367235
23 0.5139311043566362 0.5508474576271186 0.00911854103343465 0.07344632768361582
23 0.754305977710233 0.786723163841808 0.0070921985815602835 0.062146892655367235
30 0.7327760891590679 0.768361581920904 0.0121580547112462 0.07344632768361582
4 0.504305977710233 0.5437853107344632 0.006585612968591692 0.05367231638418079
4 0.4652988855116515 0.5084745762711864 0.0060790273556231 0.05367231638418079
23 0.7006079027355623 0.7429378531073446 0.0070921985815602835 0.06497175141242938
30 0.232016210739615 0.2853107344632768 0.010638297872340425 0.07909604519774012
30 0.2206180344478217 0.2768361581920904 0.0121580547112462 0.07909604519774012
23 0.45997973657548125 0.5155367231638418 0.006585612968591692 0.05649717514124294
30 0.7201114488348531 0.827683615819209 0.010638297872340425 0.08192090395480225
30 0.7082066869300911 0.8163841807909604 0.014184397163120567 0.0903954802259887
4 0.22872340425531915 0.3601694915254237 0.005572441742654508 0.05367231638418079
23 0.22264437689969604 0.3587570621468927 0.0060790273556231 0.059322033898305086
4 0.6458966565349544 0.2584745762711864 0.007598784194528876 0.04519774011299435
4 0.6013171225937184 0.22175141242937854 0.004559270516717325 0.05084745762711865
23 0.6177811550151976 0.2401129943502825 0.006585612968591692 0.062146892655367235
4 0.6058763931104356 0.2288135593220339 0.005065856129685917 0.05084745762711865
23 0.6517223910840932 0.2740112994350282 0.005572441742654508 0.0480225988700565
23 0.6117021276595744 0.23728813559322035 0.0070921985815602835 0.062146892655367235
4 0.6565349544072948 0.2810734463276836 0.005572441742654508 0.05084745762711865
23 0.5643363728470111 0.1906779661016949 0.00911854103343465 0.06497175141242938
4 0.639564336372847 0.2669491525423729 0.005572441742654508 0.0423728813559322
4 0.6329787234042553 0.2612994350282486 0.007598784194528876 0.05084745762711865
7 0.3994427558257346 0.08192090395480225 0.09473150962512665 0.1638418079096045