4 0.10767696909272183 0.5421083627797408 0.01694915254237288 0.010011778563015312
7 0.8330009970089731 0.6060070671378092 0.06430707876370888 0.425206124852768
7 0.7465104685942173 0.5995288574793876 0.06929212362911266 0.428150765606596
7 0.9184945164506481 0.6142520612485277 0.06281156530408774 0.4299175500588928
4 0.10667996011964108 0.5512367491166078 0.015952143569292122 0.009422850412249705
4 0.849950149551346 0.08274440518256773 0.012462612163509471 0.0076560659599528855
23 0.1251246261216351 0.5683156654888104 0.011465603190428714 0.006478209658421673
4 0.13584247258225324 0.5739104829210836 0.004985044865403789 0.012956419316843345
23 0.3352442671984048 0.04122497055359246 0.006480558325024925 0.014723203769140165
23 0.11939182452642073 0.588339222614841 0.01694915254237288 0.01060070671378092
4 0.8606679960119641 0.6537102473498233 0.014456630109670987 0.008244994110718492
23 0.15304087736789632 0.6036513545347467 0.006480558325024925 0.013545347467608953
23 0.15902293120638086 0.6039458186101295 0.005483549351944167 0.014723203769140165
4 0.1016949152542373 0.5998233215547704 0.007976071784646061 0.019434628975265017
4 0.5530907278165503 0.6425206124852768 0.005982053838484547 0.013545347467608953
23 0.538135593220339 0.6566548881036514 0.009970089730807577 0.008244994110718492
23 0.472333000997009 0.6560659599528857 0.010967098703888335 0.006478209658421673
23 0.5383848454636092 0.6625441696113075 0.010967098703888335 0.005889281507656066
23 0.18020937188434696 0.6366313309776207 0.010967098703888335 0.006478209658421673
23 0.536889332003988 0.6684334511189635 0.011465603190428714 0.007067137809187279
23 0.4583748753738784 0.6625441696113075 0.012462612163509471 0.0076560659599528855
23 0.1792123629112662 0.6434040047114252 0.011964107676969093 0.005889281507656066
23 0.4715852442671984 0.6687279151943463 0.01296111665004985 0.0076560659599528855
23 0.6084247258225324 0.6843345111896348 0.004985044865403789 0.012956419316843345
4 0.536889332003988 0.6808009422850412 0.011465603190428714 0.007067137809187279
4 0.6196410767696909 0.6893404004711425 0.010468594217347957 0.005889281507656066
23 0.471086739780658 0.6775618374558304 0.010468594217347957 0.005889281507656066
23 0.45663010967098705 0.6822732626619552 0.01296111665004985 0.008244994110718492
4 0.471086739780658 0.6846289752650176 0.010468594217347957 0.005889281507656066
4 0.8791126620139581 0.7232037691401649 0.006979062811565304 0.014134275618374558
23 0.4703389830508475 0.6899293286219081 0.009970089730807577 0.006478209658421673
23 0.4556331006979063 0.6905182567726738 0.012462612163509471 0.0088339222614841
23 0.4411764705882353 0.6905182567726738 0.010967098703888335 0.007067137809187279
4 0.5356430707876371 0.699057714958775 0.010967098703888335 0.008244994110718492
23 0.46984047856430705 0.6964075382803298 0.010967098703888335 0.006478209658421673
23 0.4406779661016949 0.6993521790341578 0.011964107676969093 0.007067137809187279
4 0.4693419740777667 0.7046525323910483 0.011465603190428714 0.008244994110718492
4 0.5989531405782652 0.71849234393404 0.010967098703888335 0.0076560659599528855
4 0.5351445663010967 0.7173144876325088 0.010468594217347957 0.005889281507656066
23 0.5481056829511466 0.7181978798586572 0.011465603190428714 0.0076560659599528855
4 0.5982053838484547 0.724676089517079 0.010468594217347957 0.00530035335689046
23 0.32253240279162515 0.052120141342756186 0.010468594217347957 0.005889281507656066
7 0.9685942173479561 0.7570671378091873 0.045363908275174475 0.19434628975265017
23 0.5348953140578265 0.7226148409893993 0.010468594217347957 0.00530035335689046
23 0.4546360917248255 0.717020023557126 0.01296111665004985 0.0088339222614841
23 0.4436689930209372 0.7167255594817432 0.006480558325024925 0.014134275618374558
23 0.4356929212362911 0.7167255594817432 0.005483549351944167 0.013545347467608953
23 0.5481056829511466 0.7258539458186102 0.011465603190428714 0.0076560659599528855
4 0.5982053838484547 0.730565371024735 0.010468594217347957 0.00530035335689046
23 0.5343968095712861 0.7296819787985865 0.010967098703888335 0.00530035335689046
23 0.5478564307078764 0.7311542991755006 0.011465603190428714 0.005889281507656066
23 0.5979561316051845 0.7376325088339223 0.010468594217347957 0.00530035335689046
4 0.5201894317048853 0.734982332155477 0.011465603190428714 0.006478209658421673
23 0.5468594217347956 0.7376325088339223 0.012462612163509471 0.0076560659599528855
4 0.5082253240279162 0.7343934040047114 0.011465603190428714 0.005889281507656066
23 0.48205383848454636 0.7423439340400471 0.004985044865403789 0.012956419316843345
23 0.472333000997009 0.7414605418138988 0.006480558325024925 0.013545347467608953
4 0.5954636091724825 0.7523557126030624 0.010468594217347957 0.006478209658421673
23 0.47706879361914256 0.7426383981154299 0.005483549351944167 0.013545347467608953
23 0.5952143569292123 0.7582449941107184 0.009970089730807577 0.006478209658421673
23 0.0685443668993021 0.7164310954063604 0.010967098703888335 0.006478209658421673
4 0.3863409770687936 0.7573616018845701 0.011465603190428714 0.0076560659599528855
4 0.7068793619142573 0.7862190812720848 0.006480558325024925 0.014134275618374558
4 0.6620139581256231 0.7868080094228505 0.012462612163509471 0.0076560659599528855
23 0.613160518444666 0.7838633686690224 0.010967098703888335 0.007067137809187279
4 0.6044366899302094 0.7868080094228505 0.00448654037886341 0.012956419316843345
4 0.7936191425722832 0.8171378091872792 0.012462612163509471 0.007067137809187279
23 0.38085742771684944 0.06448763250883392 0.010468594217347957 0.00530035335689046
4 0.4666001994017946 0.7947585394581861 0.010967098703888335 0.005889281507656066
23 0.4661016949152542 0.8012367491166078 0.009970089730807577 0.005889281507656066
23 0.3442173479561316 0.7924028268551236 0.005483549351944167 0.013545347467608953
30 0.10019940179461616 0.7767962308598351 0.03339980059820538 0.05830388692579505
30 0.06405782652043869 0.7744405182567726 0.03489531405782652 0.05712603062426384
23 0.36465603190428714 0.8006478209658422 0.005483549351944167 0.014134275618374558
23 0.4661016949152542 0.8094817432273262 0.009970089730807577 0.00530035335689046
23 0.3544366899302094 0.06419316843345112 0.010967098703888335 0.006478209658421673
4 0.8850947158524427 0.8495288574793876 0.00448654037886341 0.011778563015312132
30 0.2809072781655035 0.8006478209658422 0.03339980059820538 0.05653710247349823
30 0.32452642073778665 0.8047703180212014 0.03489531405782652 0.05653710247349823
4 0.46585244267198406 0.8165488810365136 0.010468594217347957 0.006478209658421673
4 0.34346959122632104 0.8071260306242638 0.005982053838484547 0.014723203769140165
23 0.3644067796610169 0.8165488810365136 0.004985044865403789 0.012956419316843345
23 0.8482053838484547 0.10659599528857479 0.011465603190428714 0.006478209658421673
4 0.7559820538384845 0.8601295641931684 0.010967098703888335 0.00530035335689046
4 0.06430707876370888 0.04299175500588928 0.012462612163509471 0.007067137809187279
4 0.09646061814556331 0.8091872791519434 0.011964107676969093 0.0076560659599528855
23 0.30533399800598204 0.826266195524146 0.004985044865403789 0.011778563015312132
4 0.10892323030907278 0.8106595995288575 0.010967098703888335 0.006478209658421673
4 0.1084247258225324 0.8106595995288575 0.010468594217347957 0.005889281507656066
23 0.08300099700897308 0.8091872791519434 0.011964107676969093 0.007067137809187279
4 0.05358923230309073 0.8074204946996466 0.010967098703888335 0.005889281507656066
4 0.06655034895314058 0.808303886925795 0.010967098703888335 0.00530035335689046
15 0.8153040877367896 0.8713191990577149 0.10767696909272183 0.10011778563015312
4 0.8743768693918246 0.8769140164899882 0.010967098703888335 0.005889281507656066
23 0.47507477567298106 0.8445229681978799 0.009970089730807577 0.005889281507656066
4 0.22931206380857427 0.05742049469964664 0.010967098703888335 0.006478209658421673
23 0.957876370887338 0.8872202591283863 0.011964107676969093 0.007067137809187279
23 0.8741276171485544 0.8839811542991755 0.012462612163509471 0.0076560659599528855
23 0.480309072781655 0.8512956419316844 0.009970089730807577 0.005889281507656066
4 0.20613160518444665 0.8315665488810365 0.010967098703888335 0.007067137809187279
4 0.08325024925224327 0.8221436984687868 0.011964107676969093 0.008244994110718492
4 0.20613160518444665 0.8395170789163722 0.011465603190428714 0.005889281507656066
23 0.3693918245264207 0.0706713780918728 0.005982053838484547 0.011778563015312132
4 0.7559820538384845 0.8883981154299175 0.010468594217347957 0.006478209658421673
23 0.8808574277168495 0.9034157832744405 0.006480558325024925 0.013545347467608953
4 0.188185443668993 0.8474676089517079 0.006480558325024925 0.014134275618374558
4 0.193419740777667 0.8483510011778563 0.005982053838484547 0.013545347467608953
4 0.16575274177467597 0.8459952885747939 0.005483549351944167 0.014134275618374558
4 0.16126620139581258 0.8462897526501767 0.005483549351944167 0.012956419316843345
4 0.11640079760717846 0.8424617196702002 0.005483549351944167 0.012956419316843345
4 0.27367896311066797 0.8557126030624264 0.005982053838484547 0.013545347467608953
4 0.14980059820538386 0.8454063604240283 0.00448654037886341 0.012956419316843345
4 0.07377866400797607 0.8389281507656066 0.00448654037886341 0.012367491166077738
4 0.15478564307078763 0.8457008244994111 0.005483549351944167 0.012956419316843345
4 0.07901296111665004 0.8395170789163722 0.005483549351944167 0.014723203769140165
4 0.12138584247258226 0.8430506478209658 0.005483549351944167 0.012956419316843345
4 0.11191425722831505 0.842756183745583 0.005982053838484547 0.013545347467608953
4 0.26021934197407776 0.8551236749116607 0.006979062811565304 0.014134275618374558
4 0.12686939182452642 0.8439340400471143 0.005982053838484547 0.012367491166077738
4 0.089481555333998 0.8409893992932862 0.005483549351944167 0.014134275618374558
4 0.05134596211365902 0.8377502944640753 0.006480558325024925 0.013545347467608953
4 0.08449651046859422 0.8406949352179034 0.004985044865403789 0.013545347467608953
4 0.045862412761714856 0.8380447585394581 0.005982053838484547 0.013545347467608953
23 0.7432701894317049 0.8966431095406361 0.00448654037886341 0.011778563015312132
4 0.7377866400797607 0.8969375736160189 0.005483549351944167 0.012367491166077738
4 0.730309072781655 0.8969375736160189 0.005982053838484547 0.011778563015312132
4 0.7567298105682951 0.8989988221436984 0.004985044865403789 0.011778563015312132
23 0.8713858424725822 0.9131330977620731 0.011465603190428714 0.006478209658421673
4 0.768444666001994 0.9190223792697291 0.012462612163509471 0.007067137809187279
4 0.844715852442672 0.925206124852768 0.011465603190428714 0.007067137809187279
4 0.805333998005982 0.9225559481743227 0.010468594217347957 0.006478209658421673
23 0.8327517447657029 0.9249116607773852 0.01296111665004985 0.0076560659599528855
23 0.8190428713858424 0.9249116607773852 0.011964107676969093 0.008244994110718492
4 0.363160518444666 0.8878091872791519 0.005483549351944167 0.012956419316843345
23 0.7886340977068793 0.9240282685512368 0.005982053838484547 0.014134275618374558
23 0.7811565304087736 0.9234393404004712 0.007477567298105683 0.013545347467608953
23 0.7956131605184447 0.9257950530035336 0.007976071784646061 0.013545347467608953
4 0.7681954137587238 0.9249116607773852 0.011964107676969093 0.007067137809187279
4 0.0029910269192422734 0.8698468786808009 0.003988035892323031 0.012367491166077738
23 0.7836490528414756 0.9343345111896348 0.012462612163509471 0.0076560659599528855
4 0.014705882352941176 0.8713191990577149 0.006480558325024925 0.012956419316843345
4 0.7681954137587238 0.9337455830388692 0.012462612163509471 0.0076560659599528855
4 0.009222333000997009 0.8710247349823321 0.005483549351944167 0.012956419316843345
15 0.7387836490528414 0.9322732626619552 0.04685942173479561 0.05594817432273263
23 0.7961116650049851 0.9425795053003534 0.005982053838484547 0.014134275618374558
23 0.767198404785643 0.9405182567726738 0.010967098703888335 0.008244994110718492
4 0.7649551345962113 0.9522968197879859 0.005982053838484547 0.013545347467608953
23 0.6585244267198405 0.10159010600706714 0.009970089730807577 0.0076560659599528855
4 0.788135593220339 0.9679034157832744 0.004985044865403789 0.011778563015312132
4 0.7549850448654037 0.9690812720848057 0.004985044865403789 0.011778563015312132
4 0.7450149551345963 0.9687868080094229 0.005982053838484547 0.013545347467608953
4 0.7504985044865404 0.9693757361601885 0.006480558325024925 0.012367491166077738
4 0.7604685942173479 0.9702591283863369 0.005483549351944167 0.012956419316843345
4 0.2726819541375872 0.9305064782096584 0.005483549351944167 0.014134275618374558
23 0.773678963110668 0.9743816254416962 0.010967098703888335 0.005889281507656066
23 0.6570289132602194 0.1333922261484099 0.010468594217347957 0.005889281507656066
23 0.9426719840478565 0.1704946996466431 0.005483549351944167 0.012367491166077738
4 0.9965104685942173 0.17991755005889282 0.005982053838484547 0.0076560659599528855
4 0.788135593220339 0.17373380447585396 0.010967098703888335 0.005889281507656066
23 0.7761714855433699 0.17285041224970554 0.010468594217347957 0.00530035335689046
4 0.905284147557328 0.18875147232037692 0.011465603190428714 0.006478209658421673
4 0.7514955134596212 0.17785630153121318 0.005982053838484547 0.014134275618374558
4 0.859172482552343 0.1896348645465253 0.004985044865403789 0.012956419316843345
4 0.7756729810568295 0.18286219081272084 0.010967098703888335 0.006478209658421673
4 0.9067796610169492 0.1958186101295642 0.010967098703888335 0.005889281507656066
4 0.8673978065802592 0.19375736160188456 0.010468594217347957 0.005889281507656066
7 0.34346959122632104 0.15400471142520614 0.6066799601196411 0.1354534746760895
23 0.9177467597208375 0.2123085983510012 0.005982053838484547 0.013545347467608953
4 0.6966600199401795 0.20053003533568906 0.010967098703888335 0.007067137809187279
23 0.890827517447657 0.22703180212014135 0.010468594217347957 0.005889281507656066
23 0.8900797607178464 0.233510011778563 0.010967098703888335 0.00530035335689046
23 0.9688434695912264 0.25176678445229683 0.011964107676969093 0.008244994110718492
23 0.8893320039880359 0.24705535924617197 0.010967098703888335 0.0076560659599528855
23 0.7096211365902293 0.2411660777385159 0.010967098703888335 0.005889281507656066
23 0.8883349950149552 0.25647820965842166 0.009970089730807577 0.0076560659599528855
23 0.8883349950149552 0.26354534746760894 0.010967098703888335 0.00530035335689046
4 0.7240777666999003 0.2511778563015312 0.009970089730807577 0.005889281507656066
23 0.7086241276171485 0.2497055359246172 0.010468594217347957 0.00530035335689046
23 0.3220338983050847 0.004711425206124852 0.011964107676969093 0.006478209658421673
23 0.928963110667996 0.2862190812720848 0.005483549351944167 0.012367491166077738
4 0.884097706879362 0.284452296819788 0.00448654037886341 0.012956419316843345
15 0.8068295114656032 0.28032979976442873 0.1390827517447657 0.16666666666666666
23 0.7228315054835494 0.28003533568904593 0.011964107676969093 0.006478209658421673
23 0.9257228315054835 0.29770318021201414 0.004985044865403789 0.011189634864546525
4 0.7238285144566301 0.2876914016489988 0.009970089730807577 0.005889281507656066
4 0.7235792622133599 0.2953474676089517 0.011465603190428714 0.008244994110718492
23 0.9247258225324028 0.3136042402826855 0.005483549351944167 0.013545347467608953
4 0.7235792622133599 0.3030035335689046 0.011465603190428714 0.005889281507656066
23 0.37337986041874377 0.013250883392226149 0.006480558325024925 0.013545347467608953
23 0.3673978065802592 0.012661955241460542 0.006480558325024925 0.014723203769140165
4 0.8818544366899302 0.3194935217903416 0.005982053838484547 0.013545347467608953
4 0.7220837487537388 0.31007067137809186 0.009471585244267198 0.006478209658421673
23 0.40279162512462613 0.015606595995288575 0.011465603190428714 0.005889281507656066
4 0.7225822532402791 0.31772673733804474 0.00847457627118644 0.004711425206124852
23 0.38085742771684944 0.015017667844522967 0.005483549351944167 0.012367491166077738
4 0.46335992023928213 0.29917550058892817 0.014955134596211365 0.018256772673733806
4 0.7210867397806581 0.3280329799764429 0.01296111665004985 0.008244994110718492
4 0.7218344965104686 0.3336277974087161 0.011964107676969093 0.006478209658421673
4 0.9057826520438684 0.3492343934040047 0.005982053838484547 0.013545347467608953
4 0.7203389830508474 0.3486454652532391 0.010967098703888335 0.005889281507656066
4 0.940677966101695 0.3828032979976443 0.005483549351944167 0.013545347467608953
23 0.8367397806580259 0.3760306242638398 0.011964107676969093 0.007067137809187279
4 0.8529411764705882 0.37750294464075385 0.010967098703888335 0.005889281507656066
23 0.7385343968095713 0.36925795053003535 0.011964107676969093 0.0076560659599528855
4 0.6415752741774676 0.3627797408716137 0.010967098703888335 0.00530035335689046
4 0.7716849451645065 0.374263839811543 0.007477567298105683 0.014134275618374558
4 0.7776669990029911 0.3748527679623086 0.005982053838484547 0.014723203769140165
4 0.784147557328016 0.3760306242638398 0.005982053838484547 0.012956419316843345
23 0.8130608175473579 0.37838633686690226 0.005483549351944167 0.013545347467608953
23 0.7961116650049851 0.37691401648998824 0.00448654037886341 0.012367491166077738
23 0.8080757726819542 0.37838633686690226 0.004985044865403789 0.012956419316843345
4 0.6410767696909272 0.37043580683156657 0.00897308075772682 0.005889281507656066
23 0.6293619142572283 0.37308598351001176 0.006480558325024925 0.014134275618374558
23 0.40229312063808575 0.02326266195524146 0.010967098703888335 0.005889281507656066
30 0.11839481555333999 0.3386336866902238 0.018444666001994018 0.015901060070671377
23 0.10219341974077767 0.3401060070671378 0.011964107676969093 0.007067137809187279
4 0.10443668993020937 0.3539458186101296 0.005483549351944167 0.012956419316843345
30 0.11714855433698904 0.35571260306242636 0.01744765702891326 0.015901060070671377
23 0.09845463609172482 0.3539458186101296 0.004985044865403789 0.011778563015312132
4 0.3419740777666999 0.38191990577149587 0.009970089730807577 0.012367491166077738
4 0.3509471585244267 0.39369846878680803 0.010967098703888335 0.013545347467608953
4 0.11390827517447658 0.37779740871613665 0.009970089730807577 0.005889281507656066
23 0.1226321036889332 0.38191990577149587 0.005483549351944167 0.014723203769140165
23 0.6615154536390827 0.04976442873969376 0.009471585244267198 0.006478209658421673
23 0.6273678963110668 0.43492343934040045 0.006480558325024925 0.013545347467608953
23 0.40229312063808575 0.031507656065959955 0.010967098703888335 0.005889281507656066
23 0.6350947158524427 0.4634864546525324 0.005982053838484547 0.012956419316843345
4 0.3514456630109671 0.44287396937573614 0.00897308075772682 0.007067137809187279
23 0.8362412761714856 0.06978798586572438 0.005483549351944167 0.015312131919905771
23 0.3382352941176471 0.49793875147232036 0.011465603190428714 0.0076560659599528855