7 0.21321961620469082 0.3833619210977702 0.27238805970149255 0.1620926243567753
4 0.4693496801705757 0.5047169811320755 0.009594882729211088 0.02144082332761578
23 0.6871002132196162 0.6063464837049742 0.008528784648187633 0.018867924528301886
23 0.6769722814498934 0.6029159519725558 0.009594882729211088 0.022298456260720412
23 0.6950959488272921 0.6106346483704974 0.007995735607675906 0.018867924528301886
23 0.7038912579957356 0.6144939965694682 0.010127931769722815 0.01972555746140652
23 0.7113539445628998 0.6187821612349914 0.011727078891257996 0.02058319039451115
4 0.5199893390191898 0.5394511149228131 0.014925373134328358 0.015437392795883362
23 0.12526652452025586 0.3812178387650086 0.017590618336886993 0.018010291595197257
23 0.14152452025586354 0.38893653516295024 0.015458422174840085 0.018010291595197257
4 0.613272921108742 0.5951972555746141 0.013859275053304905 0.012864493996569469
23 0.9131130063965884 0.7294168096054888 0.00906183368869936 0.01972555746140652
4 0.9208422174840085 0.733704974271012 0.009594882729211088 0.02144082332761578
23 0.5756929637526652 0.5857632933104632 0.013859275053304905 0.0137221269296741
23 0.5908848614072495 0.5934819897084048 0.01279317697228145 0.012864493996569469
4 0.7062899786780383 0.6599485420240138 0.008528784648187633 0.02058319039451115
4 0.7489339019189766 0.684819897084048 0.00906183368869936 0.02058319039451115
7 0.23187633262260127 0.4695540308747856 0.43923240938166314 0.23499142367066894
23 0.9067164179104478 0.7615780445969125 0.009594882729211088 0.02058319039451115
4 0.6548507462686567 0.6539451114922813 0.00906183368869936 0.02058319039451115
4 0.9157782515991472 0.766295025728988 0.00906183368869936 0.02144082332761578
4 0.6359275053304904 0.6518010291595198 0.013859275053304905 0.015437392795883362
23 0.5002665245202559 0.6084905660377359 0.00906183368869936 0.016295025728987993
23 0.6508528784648188 0.6779588336192109 0.007995735607675906 0.022298456260720412
23 0.6673773987206824 0.6873927958833619 0.012260127931769723 0.014579759862778732
23 0.908315565031983 0.7958833619210978 0.013326226012793176 0.015437392795883362
4 0.4597547974413646 0.6123499142367067 0.013859275053304905 0.0137221269296741
4 0.906183368869936 0.8083190394511149 0.01279317697228145 0.0137221269296741
23 0.08448827292110875 0.4566895368782161 0.01652452025586354 0.014579759862778732
23 0.6545842217484008 0.7049742710120068 0.009594882729211088 0.02144082332761578
23 0.49227078891257997 0.635934819897084 0.008528784648187633 0.018010291595197257
23 0.6615138592750534 0.70926243567753 0.009594882729211088 0.02058319039451115
23 0.8121002132196162 0.7740137221269296 0.014392324093816631 0.0137221269296741
23 0.5074626865671642 0.6436535162950258 0.00906183368869936 0.018010291595197257
4 0.6769722814498934 0.7165523156089194 0.008528784648187633 0.02058319039451115
23 0.6697761194029851 0.7135506003430532 0.006929637526652452 0.018010291595197257
23 0.4997334754797441 0.6410806174957119 0.006929637526652452 0.014579759862778732
4 0.9040511727078892 0.8207547169811321 0.012260127931769723 0.014579759862778732
4 0.04904051172707889 0.45454545454545453 0.00906183368869936 0.02058319039451115
23 0.30570362473347545 0.5664665523156089 0.011727078891257996 0.011149228130360206
23 0.28411513859275056 0.5596054888507719 0.014925373134328358 0.014579759862778732
4 0.8097014925373134 0.79073756432247 0.013859275053304905 0.016295025728987993
4 0.1623134328358209 0.5124356775300172 0.013326226012793176 0.0137221269296741
23 0.17723880597014927 0.5197255574614065 0.015458422174840085 0.016295025728987993
23 0.9027185501066098 0.8323327615780446 0.011727078891257996 0.012864493996569469
23 0.6497867803837953 0.7298456260720412 0.009594882729211088 0.022298456260720412
23 0.6657782515991472 0.7367066895368782 0.009594882729211088 0.022298456260720412
23 0.6580490405117271 0.7341337907375644 0.00906183368869936 0.01972555746140652
23 0.6735074626865671 0.7409948542024014 0.011194029850746268 0.01972555746140652
15 0.5636993603411514 0.6972555746140652 0.12473347547974413 0.2006861063464837
23 0.900319829424307 0.8456260720411664 0.014392324093816631 0.017152658662092625
4 0.6204690831556503 0.7311320754716981 0.010127931769722815 0.022298456260720412
23 0.6279317697228145 0.7354202401372213 0.010127931769722815 0.01972555746140652
4 0.8051705756929638 0.815180102915952 0.017057569296375266 0.018010291595197257
23 0.8987206823027718 0.8563464837049742 0.01279317697228145 0.012864493996569469
23 0.48187633262260127 0.6813893653516295 0.008528784648187633 0.018010291595197257
23 0.4736140724946695 0.6788164665523156 0.008528784648187633 0.018867924528301886
4 0.644456289978678 0.7530017152658662 0.011727078891257996 0.012864493996569469
23 0.4661513859275053 0.6762435677530018 0.007995735607675906 0.018867924528301886
23 0.4912046908315565 0.6882504288164666 0.007995735607675906 0.018010291595197257
7 0.21721748400852878 0.5724699828473413 0.43443496801705755 0.23927958833619212
15 0.8344882729211087 0.8413379073756432 0.03251599147121535 0.036020583190394515
7 0.5914179104477612 0.06260720411663807 0.3640724946695096 0.12521440823327615
15 0.7547974413646056 0.8096054888507719 0.037846481876332626 0.044596912521440824
4 0.8960554371002132 0.8713550600343053 0.014392324093816631 0.0137221269296741
4 0.7966417910447762 0.11363636363636363 0.013326226012793176 0.012006861063464836
4 0.7201492537313433 0.8087478559176673 0.011194029850746268 0.0137221269296741
23 0.8947228144989339 0.8842195540308748 0.013326226012793176 0.015437392795883362
23 0.47174840085287845 0.7054030874785592 0.007995735607675906 0.02144082332761578
23 0.4954690831556503 0.7156946826758147 0.007462686567164179 0.018010291595197257
23 0.47867803837953093 0.7101200686106347 0.007462686567164179 0.015437392795883362
23 0.48587420042643925 0.7131217838765008 0.011194029850746268 0.01972555746140652
23 0.0042643923240938165 0.5115780445969125 0.008528784648187633 0.018010291595197257
23 0.6804371002132196 0.8044596912521441 0.010127931769722815 0.01972555746140652
23 0.6908315565031983 0.8087478559176673 0.007462686567164179 0.02058319039451115
4 0.8829957356076759 0.8979416809605489 0.008528784648187633 0.01972555746140652
23 0.9139125799573561 0.9146655231560892 0.01279317697228145 0.017152658662092625
4 0.10714285714285714 0.5686106346483705 0.013859275053304905 0.012864493996569469
4 0.39552238805970147 0.6938250428816467 0.013326226012793176 0.015437392795883362
23 0.0026652452025586353 0.524442538593482 0.005330490405117271 0.016295025728987993
23 0.48374200426439234 0.7371355060034306 0.007995735607675906 0.018010291595197257
23 0.4906716417910448 0.741852487135506 0.008528784648187633 0.018010291595197257
4 0.7308102345415778 0.8473413379073756 0.013859275053304905 0.014579759862778732
4 0.1044776119402985 0.5823327615780446 0.011727078891257996 0.014579759862778732
23 0.685501066098081 0.8374785591766724 0.010127931769722815 0.022298456260720412
23 0.6756396588486141 0.8340480274442539 0.009594882729211088 0.02058319039451115
23 0.5386460554371002 0.7881646655231561 0.008528784648187633 0.022298456260720412
4 0.4504264392324094 0.7512864493996569 0.01279317697228145 0.015437392795883362
4 0.8861940298507462 0.9481132075471698 0.01279317697228145 0.012006861063464836
7 0.21028784648187634 0.6672384219554031 0.4205756929637527 0.22984562607204118
4 0.6713752665245203 0.8756432246998285 0.01652452025586354 0.014579759862778732
4 0.6460554371002132 0.8657804459691252 0.015458422174840085 0.017152658662092625
4 0.8864605543710021 0.9695540308747856 0.015458422174840085 0.014579759862778732
23 0.5815565031982942 0.8451972555746141 0.011727078891257996 0.02058319039451115
23 0.6018123667377399 0.8537735849056604 0.010660980810234541 0.017152658662092625
23 0.5911513859275054 0.8507718696397941 0.010127931769722815 0.01972555746140652
23 0.4299040511727079 0.7984562607204116 0.013326226012793176 0.018010291595197257
4 0.8816631130063965 0.9944253859348199 0.014925373134328358 0.009433962264150943
23 0.6665778251599147 0.9073756432246999 0.01279317697228145 0.014579759862778732
4 0.6351279317697228 0.9043739279588336 0.011727078891257996 0.014579759862778732
23 0.6489872068230277 0.9112349914236707 0.013326226012793176 0.015437392795883362
23 0.6647121535181236 0.9198113207547169 0.013859275053304905 0.016295025728987993
4 0.4109808102345416 0.8130360205831904 0.012260127931769723 0.014579759862778732
4 0.056769722814498935 0.6625214408233276 0.014392324093816631 0.017152658662092625
23 0.11753731343283583 0.6895368782161235 0.010660980810234541 0.022298456260720412
4 0.024253731343283583 0.6492281303602059 0.013859275053304905 0.016295025728987993
23 0.06902985074626866 0.6693825042881647 0.00906183368869936 0.02058319039451115
23 0.14019189765458423 0.7088336192109777 0.010127931769722815 0.02058319039451115
4 0.13139658848614072 0.7058319039451115 0.011194029850746268 0.024013722126929673
4 0.5389125799573561 0.885934819897084 0.011727078891257996 0.012864493996569469
4 0.5932835820895522 0.9112349914236707 0.010127931769722815 0.02144082332761578
15 0.6188699360341151 0.9421097770154374 0.048507462686567165 0.06775300171526587
15 0.6644456289978679 0.9622641509433962 0.051705756929637525 0.07375643224699828
15 0.564498933901919 0.9219554030874786 0.05063965884861407 0.07289879931389365
7 0.20229211087420043 0.7675814751286449 0.40458422174840086 0.24528301886792453
4 0.6932302771855011 0.9948542024013722 0.014392324093816631 0.008576329331046312
4 0.21401918976545842 0.8181818181818182 0.014925373134328358 0.015437392795883362
23 0.3347547974413646 0.8825042881646655 0.009594882729211088 0.018010291595197257
4 0.3795309168443497 0.9026586620926244 0.013859275053304905 0.016295025728987993
23 0.31902985074626866 0.8773584905660378 0.007462686567164179 0.02058319039451115
23 0.31076759061833686 0.8739279588336192 0.009594882729211088 0.02058319039451115
23 0.35047974413646055 0.8910806174957119 0.009594882729211088 0.02144082332761578
23 0.3041044776119403 0.8709262435677531 0.010660980810234541 0.02058319039451115
23 0.2886460554371002 0.8644939965694682 0.009594882729211088 0.01972555746140652
23 0.3272921108742004 0.8812178387650086 0.010127931769722815 0.02144082332761578
4 0.2412046908315565 0.8447684391080618 0.010127931769722815 0.022298456260720412
4 0.2566631130063966 0.8516295025728988 0.008528784648187633 0.018010291595197257
4 0.050106609808102345 0.7624356775300172 0.008528784648187633 0.02144082332761578
23 0.26439232409381663 0.8546312178387651 0.009594882729211088 0.02058319039451115
4 0.27212153518123666 0.8580617495711835 0.007995735607675906 0.01972555746140652
4 0.2118869936034115 0.8323327615780446 0.013326226012793176 0.015437392795883362
23 0.23347547974413646 0.8413379073756432 0.008528784648187633 0.018867924528301886
23 0.24893390191897655 0.8481989708404802 0.00906183368869936 0.023156089193825044
4 0.12020255863539446 0.7924528301886793 0.008528784648187633 0.02058319039451115
23 0.13566098081023453 0.7993138936535163 0.007462686567164179 0.02058319039451115
23 0.08155650319829424 0.7761578044596913 0.008528784648187633 0.022298456260720412
23 0.18150319829424308 0.8190394511149228 0.00906183368869936 0.022298456260720412
4 0.1657782515991471 0.8130360205831904 0.007462686567164179 0.016295025728987993
23 0.11167377398720682 0.7898799313893653 0.009594882729211088 0.01972555746140652
4 0.17297441364605542 0.8164665523156089 0.00906183368869936 0.02144082332761578
23 0.024253731343283583 0.7521440823327615 0.007995735607675906 0.01972555746140652
4 0.2955756929637527 0.8692109777015438 0.007995735607675906 0.01972555746140652
23 0.3430170575692964 0.8893653516295026 0.010660980810234541 0.02058319039451115
4 0.0031982942430703624 0.7422813036020584 0.006396588486140725 0.023156089193825044
23 0.05730277185501066 0.766295025728988 0.010127931769722815 0.01972555746140652
23 0.15858208955223882 0.8108919382504288 0.008528784648187633 0.02144082332761578
23 0.08901918976545842 0.7808747855917667 0.007462686567164179 0.01972555746140652
4 0.142590618336887 0.8040308747855918 0.00906183368869936 0.018867924528301886
4 0.2806503198294243 0.8636363636363636 0.008528784648187633 0.02058319039451115
23 0.1497867803837953 0.807032590051458 0.006929637526652452 0.017152658662092625
4 0.12766524520255865 0.7975986277873071 0.009594882729211088 0.022298456260720412
23 0.01732409381663113 0.75 0.010127931769722815 0.023156089193825044
23 0.10394456289978678 0.7873070325900514 0.010127931769722815 0.02058319039451115
23 0.09541577825159915 0.7847341337907375 0.009594882729211088 0.01972555746140652
4 0.00906183368869936 0.7474271012006861 0.007995735607675906 0.01972555746140652
23 0.5615671641791045 0.9939965694682675 0.014392324093816631 0.010291595197255575
4 0.8664712153518124 0.17495711835334476 0.014392324093816631 0.014579759862778732
7 0.5852878464818764 0.08876500857632934 0.3678038379530917 0.17753001715265868
7 0.3267590618336887 0.016295025728987993 0.1439232409381663 0.032590051457975985
7 0.5780916844349681 0.12435677530017153 0.3683368869936034 0.20668953687821612
4 0.2894456289978678 0.00686106346483705 0.009594882729211088 0.0137221269296741
23 0.2798507462686567 0.0047169811320754715 0.010660980810234541 0.009433962264150943
4 0.34328358208955223 0.029159519725557463 0.010127931769722815 0.023156089193825044
23 0.26812366737739873 0.005574614065180103 0.010660980810234541 0.011149228130360206
23 0.25906183368869934 0.0038593481989708405 0.009594882729211088 0.007718696397941681
7 0.9069829424307037 0.28945111492281306 0.1849680170575693 0.11578044596912522
15 0.31130063965884863 0.036020583190394515 0.04744136460554371 0.06432246998284734
4 0.26625799573560766 0.01758147512864494 0.013859275053304905 0.016295025728987993
4 0.2502665245202559 0.01072041166380789 0.014392324093816631 0.015437392795883362
15 0.36727078891257997 0.06389365351629503 0.050106609808102345 0.06946826758147513
4 0.42590618336886993 0.10591766723842196 0.012260127931769723 0.015437392795883362
23 0.9538912579957356 0.3460548885077187 0.014925373134328358 0.01972555746140652
15 0.6513859275053305 0.25343053173241853 0.04797441364605544 0.06260720411663807
15 0.7446695095948828 0.2937392795883362 0.04797441364605544 0.06174957118353345
15 0.6980277185501066 0.274442538593482 0.051705756929637525 0.0634648370497427
23 0.12180170575692964 0.027015437392795882 0.011194029850746268 0.026586620926243566
23 0.07649253731343283 0.009005145797598629 0.00906183368869936 0.018010291595197257
23 0.0914179104477612 0.015008576329331046 0.010660980810234541 0.024871355060034305
23 0.09888059701492537 0.01972555746140652 0.011194029850746268 0.025728987993138937
23 0.9149786780383795 0.39408233276157806 0.01279317697228145 0.016295025728987993
4 0.9288379530916845 0.40051457975986277 0.014392324093816631 0.015437392795883362
23 0.9008528784648188 0.38893653516295024 0.01279317697228145 0.012864493996569469
4 0.9421641791044776 0.4065180102915952 0.013859275053304905 0.0137221269296741
4 0.8869936034115139 0.3833619210977702 0.013326226012793176 0.0137221269296741
4 0.11727078891257996 0.05188679245283019 0.009594882729211088 0.022298456260720412
23 0.5434434968017058 0.2388507718696398 0.013326226012793176 0.014579759862778732
23 0.5573027718550106 0.24571183533447685 0.015458422174840085 0.017152658662092625
4 0.5922174840085288 0.27530017152658665 0.013859275053304905 0.014579759862778732
23 0.1228678038379531 0.07461406518010291 0.009594882729211088 0.024013722126929673
4 0.13486140724946696 0.08061749571183534 0.010660980810234541 0.023156089193825044
23 0.6375266524520256 0.30017152658662094 0.01279317697228145 0.012006861063464836
23 0.5743603411513859 0.2727272727272727 0.011727078891257996 0.012864493996569469
23 0.24520255863539445 0.14150943396226415 0.010127931769722815 0.02058319039451115
23 0.292910447761194 0.1620926243567753 0.009594882729211088 0.02144082332761578
23 0.31609808102345416 0.17281303602058318 0.011194029850746268 0.023156089193825044
4 0.16471215351812366 0.10763293310463122 0.00906183368869936 0.018867924528301886
23 0.35634328358208955 0.19039451114922812 0.008528784648187633 0.02058319039451115
23 0.21082089552238806 0.12864493996569468 0.007462686567164179 0.01972555746140652
23 0.36433901918976547 0.1946826758147513 0.00906183368869936 0.02058319039451115
23 0.2603944562899787 0.14965694682675815 0.009594882729211088 0.02144082332761578
4 0.32569296375266527 0.17795883361921097 0.010127931769722815 0.022298456260720412
23 0.18043710021321963 0.1153516295025729 0.010127931769722815 0.022298456260720412
23 0.28411513859275056 0.15994854202401373 0.008528784648187633 0.016295025728987993
23 0.3070362473347548 0.17066895368782162 0.010127931769722815 0.02058319039451115
23 0.6351279317697228 0.31217838765008576 0.012260127931769723 0.0137221269296741
23 0.2529317697228145 0.14751286449399656 0.010127931769722815 0.022298456260720412
4 0.17164179104477612 0.11234991423670669 0.009594882729211088 0.023156089193825044
23 0.2998400852878465 0.1676672384219554 0.008528784648187633 0.02058319039451115
23 0.1958955223880597 0.12307032590051457 0.010660980810234541 0.023156089193825044
23 0.21908315565031983 0.13293310463121785 0.011194029850746268 0.02144082332761578
23 0.1878997867803838 0.12049742710120069 0.008528784648187633 0.02058319039451115
23 0.26839019189765456 0.15523156089193826 0.010127931769722815 0.02144082332761578
15 0.5474413646055437 0.27530017152658665 0.033582089552238806 0.04030874785591767
23 0.20335820895522388 0.1269296740994854 0.00906183368869936 0.01972555746140652
23 0.27611940298507465 0.15823327615780447 0.010127931769722815 0.022298456260720412
23 0.5719616204690832 0.2868782161234991 0.010660980810234541 0.011149228130360206
23 0.5884861407249466 0.2937392795883362 0.013326226012793176 0.012864493996569469
15 0.6124733475479744 0.30445969125214406 0.029850746268656716 0.04288164665523156
15 0.6636460554371002 0.3319039451114923 0.04744136460554371 0.0686106346483705
15 0.6639125799573561 0.33361921097770153 0.04477611940298507 0.060034305317324184
23 0.6324626865671642 0.32461406518010294 0.011194029850746268 0.012864493996569469
23 0.4088486140724947 0.2281303602058319 0.00906183368869936 0.02058319039451115
23 0.4187100213219616 0.23241852487135506 0.008528784648187633 0.022298456260720412
23 0.3997867803837953 0.22427101200686106 0.010660980810234541 0.02144082332761578
23 0.44269722814498935 0.2444253859348199 0.011194029850746268 0.022298456260720412
23 0.4349680170575693 0.24099485420240138 0.010127931769722815 0.02144082332761578
23 0.5850213219616205 0.3074614065180103 0.014392324093816631 0.014579759862778732
23 0.06609808102345416 0.08919382504288165 0.013326226012793176 0.015437392795883362
23 0.6311300639658849 0.338336192109777 0.011727078891257996 0.011149228130360206
23 0.9208422174840085 0.4648370497427101 0.013326226012793176 0.012864493996569469
7 0.2462686567164179 0.1783876500857633 0.27185501066098083 0.15780445969125215
4 0.0650319829424307 0.10934819897084049 0.013326226012793176 0.015437392795883362
23 0.4610874200426439 0.2890222984562607 0.00906183368869936 0.022298456260720412
4 0.47201492537313433 0.2933104631217839 0.009594882729211088 0.02144082332761578
4 0.6727078891257996 0.37993138936535165 0.014925373134328358 0.014579759862778732
23 0.6860341151385928 0.3902229845626072 0.013326226012793176 0.014579759862778732
23 0.6529850746268657 0.37607204116638077 0.009594882729211088 0.02144082332761578
4 0.6604477611940298 0.38078902229845624 0.009594882729211088 0.02144082332761578
23 0.6703091684434968 0.39236706689536877 0.013326226012793176 0.014579759862778732
4 0.7278784648187633 0.41723842195540306 0.013326226012793176 0.012864493996569469
23 0.17963752665245203 0.19425385934819897 0.010127931769722815 0.023156089193825044
4 0.7683901918976546 0.44897084048027447 0.014392324093816631 0.014579759862778732
4 0.4752132196162047 0.3241852487135506 0.01279317697228145 0.012864493996569469
4 0.5013326226012793 0.3353344768439108 0.01279317697228145 0.012864493996569469
23 0.5173240938166311 0.3460548885077187 0.009594882729211088 0.02144082332761578
4 0.5250533049040512 0.34991423670668953 0.009594882729211088 0.01972555746140652
15 0.416044776119403 0.305746140651801 0.04744136460554371 0.057461406518010294
23 0.3376865671641791 0.27530017152658665 0.013859275053304905 0.015437392795883362
23 0.35101279317697226 0.28130360205831906 0.013859275053304905 0.0137221269296741
23 0.142590618336887 0.19339622641509435 0.006929637526652452 0.018867924528301886
23 0.13486140724946696 0.18996569468267582 0.00906183368869936 0.02144082332761578
4 0.15804904051172708 0.2006861063464837 0.009594882729211088 0.02058319039451115
23 0.11833688699360341 0.1835334476843911 0.009594882729211088 0.02058319039451115
4 0.15031982942430705 0.19725557461406518 0.010127931769722815 0.02144082332761578
23 0.12686567164179105 0.18825042881646656 0.008528784648187633 0.01972555746140652
4 0.6319296375266524 0.40694682675814753 0.013326226012793176 0.015437392795883362
23 0.660181236673774 0.419811320754717 0.015458422174840085 0.017152658662092625
4 0.707089552238806 0.442967409948542 0.01279317697228145 0.0137221269296741
23 0.9261727078891258 0.5390222984562607 0.014392324093816631 0.014579759862778732
4 0.6447228144989339 0.4202401372212693 0.010127931769722815 0.022298456260720412
23 0.6292643923240938 0.41895368782161235 0.013859275053304905 0.015437392795883362
23 0.6575159914712153 0.4322469982847341 0.014392324093816631 0.0137221269296741
23 0.726545842217484 0.4644082332761578 0.01279317697228145 0.0137221269296741
23 0.9248400852878464 0.5510291595197255 0.011727078891257996 0.0137221269296741
23 0.050106609808102345 0.1753859348198971 0.014392324093816631 0.017152658662092625
4 0.03837953091684435 0.17152658662092624 0.0042643923240938165 0.012864493996569469
23 0.8462153518123667 0.5222984562607204 0.010127931769722815 0.023156089193825044
4 0.8590085287846482 0.5278730703259005 0.011194029850746268 0.025728987993138937
4 0.7673240938166311 0.48842195540308747 0.010660980810234541 0.023156089193825044
23 0.8302238805970149 0.5154373927958834 0.010127931769722815 0.023156089193825044
4 0.822228144989339 0.5128644939965694 0.010660980810234541 0.022298456260720412
23 0.8371535181236673 0.5192967409948542 0.00906183368869936 0.02058319039451115
23 0.814498933901919 0.5102915951972555 0.009594882729211088 0.02144082332761578
23 0.5647654584221748 0.40265866209262435 0.012260127931769723 0.014579759862778732
23 0.5791577825159915 0.4090909090909091 0.01279317697228145 0.014579759862778732
23 0.7033582089552238 0.46783876500857635 0.011727078891257996 0.0137221269296741
23 0.7244136460554371 0.4777015437392796 0.013859275053304905 0.010291595197255575
15 0.7899786780383795 0.5077186963979416 0.0314498933901919 0.0411663807890223
23 0.5906183368869936 0.4228130360205832 0.014392324093816631 0.014579759862778732
23 0.3803304904051173 0.33319039451114923 0.011727078891257996 0.008576329331046312
15 0.8829957356076759 0.5497427101200686 0.0314498933901919 0.03773584905660377
23 0.39925373134328357 0.34305317324185247 0.008528784648187633 0.018010291595197257
23 0.39152452025586354 0.33962264150943394 0.00906183368869936 0.018867924528301886
23 0.4144456289978678 0.35120068610634647 0.007995735607675906 0.018010291595197257
23 0.4216417910447761 0.3542024013722127 0.009594882729211088 0.018867924528301886
23 0.40671641791044777 0.34777015437392794 0.010660980810234541 0.02144082332761578
23 0.9573560767590619 0.5861921097770154 0.007995735607675906 0.01972555746140652
4 0.9488272921108742 0.5823327615780446 0.012260127931769723 0.024871355060034305
23 0.5700959488272921 0.42109777015437394 0.014925373134328358 0.016295025728987993
23 0.7014925373134329 0.48027444253859347 0.011727078891257996 0.011149228130360206
23 0.7217484008528785 0.49013722126929676 0.013326226012793176 0.0137221269296741
7 0.2294776119402985 0.28216123499142365 0.27611940298507465 0.16552315608919382
23 0.7539978678038379 0.5090051457975986 0.010127931769722815 0.01972555746140652
23 0.7627931769722814 0.5128644939965694 0.009594882729211088 0.02058319039451115
4 0.06982942430703624 0.21612349914236706 0.010127931769722815 0.023156089193825044
15 0.0423773987206823 0.2058319039451115 0.022388059701492536 0.04716981132075472
23 0.6998933901918977 0.49313893653516294 0.012260127931769723 0.014579759862778732
23 0.7204157782515992 0.5025728987993139 0.011727078891257996 0.012006861063464836
4 0.36673773987206826 0.362778730703259 0.012260127931769723 0.0137221269296741
23 0.6977611940298507 0.5051457975986278 0.010660980810234541 0.010291595197255575
23 0.7190831556503199 0.5171526586620926 0.01279317697228145 0.0137221269296741
23 0.9458955223880597 0.6187821612349914 0.00906183368869936 0.023156089193825044
15 0.4869402985074627 0.4223842195540309 0.07462686567164178 0.14493996569468268
4 0.5287846481876333 0.4403945111492281 0.013859275053304905 0.015437392795883362
23 0.16044776119402984 0.28602058319039453 0.014925373134328358 0.014579759862778732
4 0.17590618336886993 0.2928816466552316 0.013326226012793176 0.015437392795883362
4 0.695362473347548 0.5201543739279588 0.014392324093816631 0.015437392795883362
23 0.7153518123667377 0.5287307032590052 0.011727078891257996 0.011149228130360206
4 0.030650319829424306 0.2397084048027444 0.010660980810234541 0.012864493996569469
4 0.09115138592750532 0.2705831903945112 0.009594882729211088 0.02144082332761578
23 0.7137526652452025 0.5415951972555746 0.012260127931769723 0.014579759862778732
23 0.6926972281449894 0.532590051457976 0.012260127931769723 0.012864493996569469
4 0.7985074626865671 0.5797598627787307 0.009594882729211088 0.02144082332761578
4 0.8510127931769723 0.6024871355060034 0.007995735607675906 0.02058319039451115
23 0.8422174840085288 0.5994854202401372 0.010127931769722815 0.023156089193825044
4 0.7550639658848614 0.5630360205831904 0.00906183368869936 0.023156089193825044
4 0.43843283582089554 0.4262435677530017 0.015458422174840085 0.017152658662092625
4 0.13406183368869937 0.2950257289879931 0.009594882729211088 0.022298456260720412
4 0.11513859275053305 0.2890222984562607 0.010127931769722815 0.022298456260720412
4 0.14205756929637528 0.30017152658662094 0.009594882729211088 0.02144082332761578
23 0.15804904051172708 0.3074614065180103 0.00906183368869936 0.018867924528301886
23 0.047707889125799575 0.2607204116638079 0.013326226012793176 0.014579759862778732
4 0.14952025586353945 0.30445969125214406 0.00906183368869936 0.01972555746140652
23 0.028251599147121536 0.25343053173241853 0.010660980810234541 0.012864493996569469
23 0.1908315565031983 0.3259005145797599 0.01279317697228145 0.015437392795883362
23 0.7118869936034116 0.5531732418524872 0.011194029850746268 0.012006861063464836
23 0.69136460554371 0.5441680960548885 0.014392324093816631 0.015437392795883362
15 0.8699360341151386 0.6213550600343053 0.03251599147121535 0.038593481989708404
15 0.8187633262260128 0.6003430531732419 0.029850746268656716 0.036020583190394515
23 0.17670575692963753 0.32332761578044594 0.013326226012793176 0.015437392795883362
15 0.7742537313432836 0.5836192109777015 0.03464818763326226 0.038593481989708404
23 0.026652452025586353 0.2658662092624357 0.011194029850746268 0.012864493996569469
23 0.5178571428571429 0.48284734133790735 0.008528784648187633 0.01972555746140652
4 0.533315565031983 0.4892795883361921 0.008528784648187633 0.018867924528301886
23 0.7102878464818764 0.5664665523156089 0.012260127931769723 0.014579759862778732
4 0.525319829424307 0.48713550600343053 0.010127931769722815 0.02058319039451115
4 0.0738272921108742 0.29588336192109777 0.010127931769722815 0.022298456260720412
4 0.02478678038379531 0.2783018867924528 0.011727078891257996 0.014579759862778732
23 0.6876332622601279 0.5694682675814752 0.013326226012793176 0.014579759862778732
4 0.42857142857142855 0.4584048027444254 0.013326226012793176 0.0137221269296741
23 0.5602345415778252 0.5154373927958834 0.015458422174840085 0.016295025728987993
23 0.9365671641791045 0.6792452830188679 0.011727078891257996 0.023156089193825044
15 0.0423773987206823 0.29545454545454547 0.026119402985074626 0.048027444253859346
4 0.3728678038379531 0.44168096054888506 0.013326226012793176 0.015437392795883362
23 0.8272921108742004 0.6419382504288165 0.010127931769722815 0.02144082332761578
23 0.7052238805970149 0.5900514579759862 0.015458422174840085 0.016295025728987993
23 0.685501066098081 0.5819039451114922 0.012260127931769723 0.012864493996569469
23 0.7699893390191898 0.6192109777015438 0.009594882729211088 0.02058319039451115
4 0.7873134328358209 0.6265008576329331 0.009594882729211088 0.02058319039451115
23 0.802771855010661 0.6333619210977701 0.009594882729211088 0.022298456260720412
23 0.8182302771855011 0.6397941680960549 0.010127931769722815 0.01972555746140652
23 0.8462153518123667 0.6518010291595198 0.009594882729211088 0.01972555746140652
23 0.7622601279317697 0.6157804459691252 0.00906183368869936 0.024013722126929673
23 0.810501066098081 0.6372212692967409 0.009594882729211088 0.02058319039451115
23 0.795042643923241 0.6307890222984562 0.008528784648187633 0.02058319039451115
23 0.8382196162046909 0.6492281303602059 0.008528784648187633 0.02058319039451115
23 0.7779850746268657 0.6243567753001715 0.007462686567164179 0.016295025728987993