15 0.7848180677540778 0.23761609907120743 0.025721455457967377 0.06501547987616099
4 0.8259096612296111 0.27321981424148606 0.01819322459222083 0.02476780185758514
23 0.8820577164366374 0.293343653250774 0.00878293601003764 0.03869969040247678
23 0.8691969887076537 0.29411764705882354 0.008155583437892095 0.03715170278637771
23 0.9134253450439147 0.3018575851393189 0.008155583437892095 0.030959752321981424
4 0.20639899623588456 0.21671826625386997 0.009410288582183186 0.05572755417956656
4 0.22302383939774154 0.22058823529411764 0.01066499372647428 0.05417956656346749
4 0.14742785445420326 0.21671826625386997 0.01191969887076537 0.06346749226006192
4 0.13111668757841907 0.21517027863777088 0.013174404015056462 0.06191950464396285
23 0.8274780426599749 0.30727554179566563 0.01191969887076537 0.017027863777089782
23 0.7659974905897114 0.30572755417956654 0.012547051442910916 0.017027863777089782
23 0.5065872020075283 0.2724458204334365 0.006273525721455458 0.029411764705882353
4 0.7976787954830615 0.3142414860681115 0.00878293601003764 0.03560371517027864
23 0.5163111668757842 0.28560371517027866 0.0075282308657465494 0.032507739938080496
23 0.8773525721455459 0.3444272445820433 0.010037641154328732 0.01393188854489164
23 0.6075909661229612 0.31191950464396284 0.00878293601003764 0.015479876160990712
23 0.767879548306148 0.33436532507739936 0.011292346298619825 0.01393188854489164
23 0.5464240903387704 0.30727554179566563 0.0056461731493099125 0.03560371517027864
23 0.5564617314930991 0.3080495356037152 0.005018820577164366 0.034055727554179564
23 0.5868883312421581 0.3126934984520124 0.010037641154328732 0.01238390092879257
23 0.6260978670012547 0.31811145510835914 0.01066499372647428 0.017027863777089782
23 0.6668757841907151 0.3328173374613003 0.014429109159347553 0.01393188854489164
4 0.6856963613550816 0.336687306501548 0.015683814303638646 0.021671826625386997
23 0.8792346298619824 0.37074303405572756 0.01191969887076537 0.017027863777089782
23 0.6370765370138017 0.33900928792569657 0.013174404015056462 0.015479876160990712
23 0.47992471769134254 0.3219814241486068 0.014429109159347553 0.021671826625386997
23 0.5777917189460476 0.3351393188854489 0.010037641154328732 0.015479876160990712
23 0.5947302383939774 0.3397832817337461 0.010037641154328732 0.009287925696594427
23 0.6176286072772899 0.3428792569659443 0.013801756587202008 0.018575851393188854
15 0.9162484316185696 0.38544891640866874 0.021957340025094103 0.0696594427244582
15 0.35915934755332496 0.3219814241486068 0.12296110414052698 0.18421052631578946
23 0.877038895859473 0.3931888544891641 0.013801756587202008 0.010835913312693499
15 0.15809284818067754 0.30495356037151705 0.03136762860727729 0.07585139318885449
23 0.13613550815558345 0.30959752321981426 0.006900878293601004 0.043343653250773995
4 0.8773525721455459 0.41640866873065013 0.00878293601003764 0.01238390092879257
23 0.6957340025094103 0.39473684210526316 0.012547051442910916 0.015479876160990712
23 0.45671267252195735 0.38235294117647056 0.013801756587202008 0.02321981424148607
23 0.7208281053952321 0.42105263157894735 0.014429109159347553 0.02786377708978328
23 0.696047678795483 0.4195046439628483 0.010037641154328732 0.007739938080495356
4 0.7399623588456713 0.42569659442724456 0.013801756587202008 0.02321981424148607
23 0.13488080301129235 0.37229102167182665 0.009410288582183186 0.043343653250773995
23 0.1618569636135508 0.37770897832817335 0.0075282308657465494 0.03560371517027864
23 0.14962358845671267 0.37693498452012386 0.010037641154328732 0.043343653250773995
23 0.4548306148055207 0.4241486068111455 0.01191969887076537 0.020123839009287926
23 0.4560853199498118 0.4504643962848297 0.014429109159347553 0.018575851393188854
23 0.6734629861982434 0.4791021671826625 0.0075282308657465494 0.032507739938080496
4 0.18224592220828106 0.4373065015479876 0.01066499372647428 0.06037151702786378
4 0.20545796737766625 0.44272445820433437 0.011292346298619825 0.058823529411764705
4 0.22082810539523212 0.45975232198142413 0.006273525721455458 0.03869969040247678
23 0.43224592220828106 0.49613003095975233 0.010037641154328732 0.010835913312693499
23 0.4479297365119197 0.4984520123839009 0.011292346298619825 0.017027863777089782
23 0.4319322459222083 0.5201238390092879 0.01191969887076537 0.017027863777089782
23 0.4473023839397742 0.5255417956656346 0.009410288582183186 0.007739938080495356
23 0.09849435382685069 0.48374613003095973 0.01191969887076537 0.015479876160990712
23 0.11668757841907151 0.4868421052631579 0.013174404015056462 0.010835913312693499
23 0.21957340025094102 0.5046439628482973 0.006900878293601004 0.030959752321981424
23 0.43099121706398996 0.5456656346749226 0.01066499372647428 0.015479876160990712
23 0.11637390213299875 0.5054179566563467 0.013174404015056462 0.021671826625386997
23 0.44761606022584693 0.5487616099071208 0.0075282308657465494 0.010835913312693499
23 0.09880803011292347 0.5061919504643962 0.01631116687578419 0.018575851393188854
15 0.1991844416562108 0.5270897832817337 0.027603513174404015 0.06811145510835913
23 0.44887076537013804 0.5673374613003096 0.010037641154328732 0.01393188854489164
15 0.7233375156838143 0.6052631578947368 0.07214554579673776 0.29102167182662536
15 0.5589711417816813 0.5851393188854489 0.15809284818067754 0.38854489164086686
23 0.43099121706398996 0.5696594427244582 0.009410288582183186 0.01393188854489164
23 0.4473023839397742 0.5936532507739938 0.00878293601003764 0.01393188854489164
23 0.4316185696361355 0.5928792569659442 0.01066499372647428 0.009287925696594427
15 0.36637390213299875 0.5874613003095975 0.06838143036386449 0.17956656346749225
23 0.4294228356336261 0.6137770897832817 0.0075282308657465494 0.009287925696594427
23 0.4457340025094103 0.6168730650154799 0.009410288582183186 0.015479876160990712
15 0.2797992471769134 0.5952012383900929 0.04015056461731493 0.14086687306501547
23 0.0959849435382685 0.5743034055727554 0.014429109159347553 0.017027863777089782
4 0.11386449184441656 0.576625386996904 0.013801756587202008 0.015479876160990712
23 0.18851944792973652 0.5874613003095975 0.010037641154328732 0.047987616099071206
4 0.17534504391468006 0.5944272445820433 0.0075282308657465494 0.05263157894736842
4 0.15934755332496864 0.5928792569659442 0.013174404015056462 0.06037151702786378
23 0.42785445420326224 0.6400928792569659 0.010037641154328732 0.01238390092879257
23 0.4454203262233375 0.6424148606811145 0.010037641154328732 0.01393188854489164
23 0.6627979924717692 0.6718266253869969 0.012547051442910916 0.020123839009287926
23 0.4294228356336261 0.6586687306501547 0.0075282308657465494 0.010835913312693499
23 0.44385194479297363 0.6664086687306502 0.00878293601003764 0.01393188854489164
23 0.4269134253450439 0.684984520123839 0.011292346298619825 0.01393188854489164
23 0.44385194479297363 0.6904024767801857 0.0075282308657465494 0.015479876160990712
23 0.4400878293601004 0.7113003095975232 0.0075282308657465494 0.015479876160990712
23 0.2907779171894605 0.7608359133126935 0.009410288582183186 0.05572755417956656
23 0.3055207026348808 0.7654798761609907 0.010037641154328732 0.05727554179566564
4 0.2757214554579674 0.7623839009287926 0.01066499372647428 0.05572755417956656
23 0.05426599749058971 0.7546439628482973 0.00878293601003764 0.04953560371517028
4 0.01944792973651192 0.7685758513931888 0.011292346298619825 0.04489164086687306
23 0.7659974905897114 0.12074303405572756 0.020075282308657464 0.029411764705882353
4 0.46204516938519447 0.09907120743034056 0.016938519447929738 0.02631578947368421
15 0.8221455457967378 0.15557275541795665 0.01756587202007528 0.06191950464396285
23 0.7641154328732748 0.1540247678018576 0.018820577164366373 0.021671826625386997
23 0.3114805520702635 0.09907120743034056 0.010037641154328732 0.04489164086687306