23 0.263573543928924 0.06841831425598335 0.01579466929911155 0.007804370447450572
15 0.7690029615004936 0.5101456815816857 0.05972359328726555 0.061394380853277836
15 0.8304540967423495 0.5059833506763788 0.057749259624876606 0.058792924037460975
4 0.5999506416584403 0.5241935483870968 0.009378084896347482 0.019250780437044746
4 0.6655972359328727 0.5195109261186265 0.007897334649555774 0.01664932362122789
23 0.6850937808489634 0.5184703433922997 0.007403751233958539 0.014568158168574402
4 0.6300592300098716 0.5231529656607701 0.00839091806515301 0.01768990634755463
23 0.6549851924975321 0.5210718002081165 0.008884501480750246 0.01664932362122789
4 0.5306021717670286 0.5306971904266389 0.008884501480750246 0.016129032258064516
4 0.5202369200394866 0.5314776274713839 0.005923000987166831 0.015608740894901144
23 0.675715695952616 0.5200312174817898 0.008884501480750246 0.02029136316337149
4 0.5918065153010859 0.5267950052029137 0.006910167818361303 0.01664932362122789
4 0.5414610069101679 0.5306971904266389 0.006416584402764067 0.016129032258064516
23 0.49950641658440276 0.5340790842872009 0.005923000987166831 0.01716961498439126
4 0.5653998025666338 0.5291363163371487 0.007403751233958539 0.01664932362122789
4 0.5747778874629812 0.5286160249739854 0.009378084896347482 0.019250780437044746
4 0.4642152023692004 0.5366805411030177 0.005429417571569595 0.015608740894901144
23 0.5076505429417572 0.5338189386056191 0.007897334649555774 0.018210197710718003
4 0.6409180651530109 0.5239334027055151 0.010365251727541954 0.01716961498439126
4 0.4745804540967424 0.536420395421436 0.008884501480750246 0.018730489073881373
23 0.5140671273445212 0.5343392299687825 0.007897334649555774 0.018210197710718003
23 0.21372161895360317 0.56789802289282 0.007403751233958539 0.013527575442247659
23 0.22902270483711748 0.5671175858480749 0.006416584402764067 0.013007284079084287
23 0.24407699901283317 0.5658168574401665 0.00839091806515301 0.013527575442247659
23 0.2596248766041461 0.5647762747138397 0.008884501480750246 0.015088449531737774
23 0.2675222112537019 0.5642559833506764 0.008884501480750246 0.01404786680541103
23 0.22087857847976308 0.56789802289282 0.007897334649555774 0.013527575442247659
23 0.2361796643632774 0.5671175858480749 0.007403751233958539 0.014568158168574402
23 0.10217176702862783 0.577003121748179 0.01826258637709773 0.007804370447450572
23 0.2519743336623889 0.5663371488033299 0.008884501480750246 0.015088449531737774
4 0.1031589338598223 0.5884495317377731 0.01579466929911155 0.008844953173777315
4 0.9684106614017769 0.5247138397502601 0.013820335636722606 0.007804370447450572
7 0.5750246791707798 0.5559313215400624 0.324284304047384 0.05827263267429761
23 0.2702369200394867 0.5788241415192508 0.005429417571569595 0.012486992715920915
23 0.23519249753208293 0.581945889698231 0.004935834155972359 0.012486992715920915
23 0.2430898321816387 0.5814255983350677 0.009871668311944718 0.009885535900104058
23 0.2643139190523198 0.5803850156087409 0.005923000987166831 0.011446409989594173
23 0.2502467917077986 0.5816857440166493 0.004442250740375123 0.01404786680541103
23 0.2292694965449161 0.5835067637877211 0.006910167818361303 0.011966701352757543
23 0.25863770977295164 0.581165452653486 0.007403751233958539 0.010926118626430802
23 0.2539486673247779 0.581945889698231 0.004442250740375123 0.012486992715920915
23 0.21643632773938795 0.5850676378772113 0.006910167818361303 0.012486992715920915
23 0.22334649555774927 0.5848074921956296 0.005923000987166831 0.011446409989594173
4 0.10340572556762093 0.5988553590010406 0.013820335636722606 0.007804370447450572
23 0.17867719644619942 0.08064516129032258 0.006416584402764067 0.018210197710718003
23 0.19274432379072062 0.07960457856399583 0.007403751233958539 0.01664932362122789
4 0.18608094768015795 0.08064516129032258 0.007403751233958539 0.015608740894901144
4 0.20557749259624877 0.07934443288241415 0.008884501480750246 0.015608740894901144
23 0.21520236920039487 0.0785639958376691 0.007403751233958539 0.015608740894901144
23 0.19891411648568608 0.07986472424557753 0.005429417571569595 0.01664932362122789
23 0.15918065153010857 0.6256503642039543 0.00839091806515301 0.01664932362122789
15 0.23272458045409675 0.6217481789802289 0.07156959526159921 0.05567117585848075
15 0.08810463968410662 0.6501040582726326 0.051826258637709774 0.09157127991675339
7 0.711253701875617 0.608480749219563 0.2611056268509378 0.060353798126951096
4 0.2746791707798618 0.6488033298647242 0.017275419545903257 0.008324661810613945
4 0.5552813425468904 0.6311134235171696 0.006910167818361303 0.015088449531737774
23 0.542694965449161 0.6326742976066597 0.007403751233958539 0.016129032258064516
4 0.5481243830207305 0.632414151925078 0.005923000987166831 0.015608740894901144
23 0.12438302073050346 0.673777315296566 0.01332675222112537 0.006243496357960458
23 0.2058242843040474 0.668054110301769 0.004935834155972359 0.013007284079084287
23 0.24086870681145114 0.6654526534859522 0.005429417571569595 0.015608740894901144
23 0.5140671273445212 0.6454214360041624 0.006416584402764067 0.015088449531737774
4 0.5209772951628825 0.644901144640999 0.006910167818361303 0.015088449531737774
23 0.25468904244817375 0.6646722164412071 0.005923000987166831 0.012486992715920915
23 0.23568608094768015 0.6662330905306972 0.006910167818361303 0.015088449531737774
23 0.527147087857848 0.6451612903225806 0.005429417571569595 0.015088449531737774
23 0.21125370187561698 0.6683142559833507 0.005429417571569595 0.01404786680541103
23 0.2235932872655479 0.6675338189386056 0.006416584402764067 0.01404786680541103
23 0.2295162882527147 0.6670135275754423 0.006416584402764067 0.013527575442247659
23 0.24876604146100692 0.6657127991675338 0.005923000987166831 0.013007284079084287
4 0.5340572556762093 0.6446409989594173 0.006416584402764067 0.016129032258064516
23 0.2731984205330701 0.6641519250780437 0.006416584402764067 0.013007284079084287
23 0.2611056268509378 0.6651925078043704 0.005923000987166831 0.015088449531737774
23 0.2665350444225074 0.6649323621227887 0.004935834155972359 0.013007284079084287
23 0.2169299111549852 0.6685744016649323 0.005429417571569595 0.013527575442247659
23 0.5246791707798618 0.6584287200832466 0.006416584402764067 0.015608740894901144
23 0.22729516288252716 0.6818418314255983 0.006416584402764067 0.015088449531737774
23 0.24210266535044422 0.6808012486992716 0.006910167818361303 0.01404786680541103
23 0.2682625863770977 0.6792403746097815 0.005923000987166831 0.015088449531737774
23 0.1961994076999013 0.6847034339229969 0.007403751233958539 0.013527575442247659
23 0.25567620927936824 0.6805411030176899 0.006416584402764067 0.011966701352757543
23 0.21890424481737414 0.6834027055150884 0.007897334649555774 0.014568158168574402
23 0.2746791707798618 0.6792403746097815 0.00839091806515301 0.014568158168574402
23 0.2115004935834156 0.6841831425598335 0.005923000987166831 0.01664932362122789
23 0.2502467917077986 0.681321540062435 0.005923000987166831 0.01404786680541103
23 0.2623395853899309 0.6805411030176899 0.007403751233958539 0.013527575442247659
23 0.20384995064165845 0.6849635796045785 0.007403751233958539 0.015608740894901144
23 0.2346989141164857 0.6828824141519251 0.008884501480750246 0.015608740894901144
7 0.7152023692003948 0.6542663891779397 0.253208292201382 0.06503642039542143
4 0.971618953603159 0.6355359001040582 0.016288252714708785 0.009885535900104058
23 0.5787265547877591 0.6727367325702394 0.01678183613030602 0.008324661810613945
4 0.5483711747285291 0.6755983350676379 0.012833168805528134 0.007284079084287201
4 0.5614511352418559 0.6750780437044746 0.012339585389930898 0.006763787721123829
15 0.42003948667324775 0.6925078043704475 0.16683119447186576 0.17065556711758584
4 0.9501480750246791 0.6618106139438086 0.013820335636722606 0.007804370447450572
7 0.9163376110562685 0.6646722164412071 0.06367226061204344 0.23881373569198752
23 0.9654491609081934 0.6618106139438086 0.013820335636722606 0.007284079084287201
4 0.10686080947680159 0.7281477627471384 0.009378084896347482 0.015608740894901144
23 0.6256169792694966 0.691207075962539 0.01332675222112537 0.005723204994797087
23 0.9518756169792695 0.6701352757544224 0.013820335636722606 0.005723204994797087
4 0.9669299111549852 0.6693548387096774 0.015301085883514315 0.007804370447450572
23 0.6248766041461007 0.6969302809573361 0.01332675222112537 0.006763787721123829
4 0.3314412635735439 0.7242455775234131 0.01332675222112537 0.006763787721123829
4 0.04911154985192497 0.10327783558792925 0.027640671273445213 0.03329864724245578
4 0.6256169792694966 0.7055150884495317 0.016288252714708785 0.008324661810613945
7 0.7314906219151036 0.7000520291363164 0.19693978282329713 0.054110301768990635
7 0.8669792694965449 0.6901664932362123 0.05725567620927937 0.18834547346514047
23 0.6061204343534057 0.7130593132154006 0.007897334649555774 0.01664932362122789
4 0.6140177690029615 0.7122788761706556 0.005923000987166831 0.015088449531737774
4 0.5984698914116485 0.7140998959417274 0.006910167818361303 0.015608740894901144
4 0.5172754195459033 0.7211238293444329 0.014313919052319843 0.008844953173777315
23 0.7053307008884502 0.05567117585848075 0.006910167818361303 0.01404786680541103
4 0.17102665350444224 0.7479188345473465 0.007897334649555774 0.015608740894901144
4 0.01209279368213228 0.1077003121748179 0.02418558736426456 0.029136316337148804
23 0.7161895360315893 0.05593132154006244 0.005923000987166831 0.014568158168574402
23 0.7295162882527148 0.05489073881373569 0.004935834155972359 0.014568158168574402
4 0.6029121421520237 0.7263267429760666 0.014807502467917079 0.007804370447450572
23 0.7413622902270484 0.055411030176899065 0.005923000987166831 0.016129032258064516
23 0.7534550839091807 0.05489073881373569 0.007403751233958539 0.01716961498439126
4 0.07601184600197433 0.7817377731529657 0.013820335636722606 0.008844953173777315
4 0.17300098716683118 0.777315296566077 0.007897334649555774 0.015088449531737774
4 0.3341559723593287 0.7762747138397502 0.01678183613030602 0.009885535900104058
15 0.12462981243830207 0.7926638917793964 0.08489634748272458 0.11654526534859522
7 0.728035538005923 0.7604058272632674 0.2226061204343534 0.0712799167533819
15 0.5204837117472852 0.07492195629552549 0.04343534057255676 0.03954214360041623
4 0.07847976307996052 0.8116545265348595 0.014807502467917079 0.008844953173777315
4 0.5078973346495558 0.7835587929240374 0.016288252714708785 0.009365244536940686
23 0.4244817374136229 0.7926638917793964 0.006910167818361303 0.01768990634755463
4 0.626604146100691 0.06997918834547347 0.010365251727541954 0.013007284079084287
23 0.6868213228035538 0.06581685744016649 0.005923000987166831 0.01768990634755463
4 0.593040473840079 0.07284079084287201 0.00839091806515301 0.01664932362122789
4 0.6048864758144127 0.07232049947970863 0.007897334649555774 0.016129032258064516
4 0.0851431391905232 0.8449531737773153 0.007403751233958539 0.015608740894901144
4 0.6150049358341559 0.07180020811654526 0.009378084896347482 0.015088449531737774
23 0.6581934846989141 0.06841831425598335 0.007403751233958539 0.014568158168574402
23 0.6695459032576505 0.06763787721123829 0.007897334649555774 0.018210197710718003
4 0.6372161895360315 0.07075962539021852 0.007403751233958539 0.014568158168574402
23 0.461253701875617 0.0837669094693028 0.006910167818361303 0.01404786680541103
23 0.5589832181638696 0.07674297606659729 0.006910167818361303 0.01664932362122789
4 0.5760118460019743 0.07544224765868887 0.005923000987166831 0.016129032258064516
23 0.5686080947680158 0.07622268470343392 0.007403751233958539 0.01768990634755463
23 0.3751233958538993 0.09053069719042664 0.007897334649555774 0.01768990634755463
23 0.30231984205330703 0.09599375650364204 0.007403751233958539 0.016129032258064516
23 0.36525172754195456 0.09131113423517169 0.009378084896347482 0.015608740894901144
23 0.3980750246791708 0.08896982310093653 0.007403751233958539 0.015608740894901144
23 0.4146100691016782 0.0876690946930281 0.005923000987166831 0.015608740894901144
23 0.43163869693978285 0.08662851196670135 0.007403751233958539 0.014568158168574402
23 0.4494076999012833 0.08532778355879292 0.00839091806515301 0.014568158168574402
4 0.162142152023692 0.854318418314256 0.014313919052319843 0.008324661810613945
23 0.4726061204343534 0.0837669094693028 0.007403751233958539 0.01404786680541103
23 0.48445212240868707 0.08272632674297607 0.008884501480750246 0.014568158168574402
23 0.38252714708785784 0.09027055150884496 0.007403751233958539 0.014568158168574402
23 0.40399802566633763 0.08870967741935484 0.006416584402764067 0.01664932362122789
23 0.390177690029615 0.09001040582726327 0.008884501480750246 0.015608740894901144
23 0.35241855873642647 0.09287200832466182 0.007403751233958539 0.01716961498439126
23 0.4410167818361303 0.08636836628511967 0.007897334649555774 0.015088449531737774
4 0.11426456071076012 0.8639438085327783 0.007897334649555774 0.01664932362122789
23 0.12314906219151037 0.863423517169615 0.006416584402764067 0.015088449531737774
23 0.12882527147087858 0.8629032258064516 0.004935834155972359 0.013527575442247659
23 0.10587364264560711 0.8647242455775234 0.006910167818361303 0.014568158168574402
23 0.14856860809476802 0.8616024973985432 0.007403751233958539 0.016129032258064516
23 0.09871668311944719 0.8655046826222684 0.005923000987166831 0.015608740894901144
23 0.09254689042448173 0.8660249739854319 0.007403751233958539 0.014568158168574402
23 0.1359822309970385 0.8639438085327783 0.00839091806515301 0.015608740894901144
23 0.30824284304047384 0.09651404786680541 0.005923000987166831 0.016129032258064516
4 0.06071076011846002 0.8709677419354839 0.026159921026653505 0.027575442247658687
15 0.8988153998025666 0.8124349635796045 0.057749259624876606 0.057752341311134235
23 0.33070088845014806 0.09573361082206035 0.007403751233958539 0.018210197710718003
7 0.5557749259624877 0.8504162330905307 0.6090819348469891 0.08428720083246619
23 0.9343534057255676 0.8259625390218522 0.007897334649555774 0.01664932362122789
4 0.9415103652517275 0.8257023933402705 0.007403751233958539 0.01664932362122789
23 0.8576011846001974 0.05801248699271592 0.007897334649555774 0.015088449531737774
7 0.9735932872655478 0.8277835587929241 0.051826258637709774 0.09157127991675339
23 0.7302566633761106 0.06893860561914672 0.006416584402764067 0.014568158168574402
23 0.7179170779861797 0.07023933402705515 0.004442250740375123 0.013007284079084287
23 0.7065646594274433 0.0712799167533819 0.006416584402764067 0.011446409989594173
23 0.8341559723593287 0.06191467221644121 0.005923000987166831 0.01664932362122789
23 0.7418558736426456 0.0694588969823101 0.004442250740375123 0.011446409989594173
23 0.7539486673247778 0.06867845993756504 0.004935834155972359 0.011446409989594173
4 0.07477788746298124 0.9227367325702394 0.035538005923000986 0.04058272632674298
7 0.5609575518262586 0.890738813735692 0.6169792694965449 0.08688865764828303
4 0.19151036525172754 0.9190946930280958 0.040473840078973346 0.04526534859521332
15 0.9370681145113524 0.8662851196670135 0.007897334649555774 0.01716961498439126
23 0.9447186574531096 0.8673257023933403 0.007897334649555774 0.015088449531737774
15 0.9030108588351431 0.8785119667013528 0.059230009871668314 0.05931321540062435
4 0.020236920039486673 0.12695109261186263 0.007897334649555774 0.015608740894901144
23 0.24062191510365252 0.9523933402705516 0.006416584402764067 0.015088449531737774
23 0.8521717670286278 0.9094693028095734 0.014313919052319843 0.007804370447450572
23 0.22754195459032575 0.9627991675338189 0.004442250740375123 0.014568158168574402
23 0.8519249753208292 0.9172736732570239 0.013820335636722606 0.007804370447450572
4 0.22137216189536033 0.963579604578564 0.007897334649555774 0.014568158168574402
4 0.23420533070088845 0.9633194588969823 0.00839091806515301 0.015608740894901144
7 0.5076505429417572 0.9435483870967742 0.5034550839091807 0.07492195629552549
4 0.23000987166831194 0.11316337148803329 0.006416584402764067 0.01404786680541103
23 0.8203356367226061 0.9253381893860562 0.006416584402764067 0.013527575442247659
23 0.8262586377097729 0.9250780437044746 0.005429417571569595 0.013527575442247659
23 0.9106614017769002 0.9190946930280958 0.007403751233958539 0.013527575442247659
23 0.8134254689042448 0.926378772112383 0.007403751233958539 0.01716961498439126
23 0.839832181638697 0.9245577523413111 0.007403751233958539 0.015088449531737774
23 0.8331688055281342 0.9250780437044746 0.007403751233958539 0.015088449531737774
4 0.9202862783810464 0.918834547346514 0.007403751233958539 0.015608740894901144
23 0.8854886475814413 0.9216961498439126 0.007403751233958539 0.014568158168574402
4 0.9027640671273445 0.9206555671175859 0.006910167818361303 0.015088449531737774
4 0.21865745310957552 0.9846514047866806 0.040473840078973346 0.029656607700312174
7 0.5088845014807503 0.9732049947970863 0.5044422507403751 0.05254942767950052
4 0.041954590325765054 0.14880332986472425 0.04244817374136229 0.04214360041623309
23 0.20829220138203355 0.1386576482830385 0.009378084896347482 0.015608740894901144
23 0.23099703849950642 0.13709677419354838 0.006910167818361303 0.015608740894901144
23 0.2388943731490622 0.136576482830385 0.007403751233958539 0.014568158168574402
23 0.24555774925962487 0.13605619146722164 0.007403751233958539 0.01768990634755463
23 0.21890424481737414 0.13813735691987514 0.006910167818361303 0.015088449531737774
23 0.19817374136229024 0.1404786680541103 0.006416584402764067 0.014568158168574402
4 0.18460019743336623 0.1422996878251821 0.006416584402764067 0.01768990634755463
7 0.5811944718657454 0.11394380853277836 0.6056268509378084 0.0858480749219563
23 0.1910167818361303 0.14281997918834546 0.00839091806515301 0.018730489073881373
4 0.1895360315893386 0.16155046826222685 0.034550839091806514 0.04214360041623309
4 0.14708785784797632 0.16571279916753381 0.033070088845014806 0.03694068678459938
15 0.9318854886475815 0.11290322580645161 0.0562685093780849 0.062434963579604576
15 0.24506416584402765 0.18262226847034338 0.043928923988154 0.04266389177939646
4 0.2722112537018756 0.18938605619146723 0.006910167818361303 0.016129032258064516
4 0.06293188548864759 0.20967741935483872 0.04343534057255676 0.04422476586888657
4 0.14363277393879564 0.2047346514047867 0.03603158933859822 0.047866805411030174
4 0.1838598223099704 0.20317377731529657 0.040473840078973346 0.043704474505723206
7 0.6280848963474828 0.1755983350676379 0.37956564659427444 0.07440166493236212
23 0.03282329713721619 0.22008324661810613 0.006910167818361303 0.01664932362122789
23 0.021470878578479763 0.2211238293444329 0.005923000987166831 0.014568158168574402
23 0.22704837117472854 0.21227887617065558 0.006910167818361303 0.014568158168574402
23 0.21915103652517276 0.21305931321540061 0.006910167818361303 0.014568158168574402
4 0.2611056268509378 0.2211238293444329 0.00839091806515301 0.018730489073881373
23 0.2773938795656466 0.22008324661810613 0.007897334649555774 0.018210197710718003
23 0.2694965449160908 0.22138397502601456 0.006910167818361303 0.019771071800208116
23 0.09254689042448173 0.24765868886576484 0.007403751233958539 0.015608740894901144
4 0.9550839091806516 0.18522372528616024 0.014807502467917079 0.009365244536940686
23 0.10019743336623889 0.24895941727367327 0.007897334649555774 0.01716961498439126
23 0.31836130306021715 0.23699271592091573 0.008884501480750246 0.013007284079084287
23 0.32576505429417574 0.23673257023933403 0.008884501480750246 0.015608740894901144
23 0.3420533070088845 0.2356919875130073 0.00839091806515301 0.015608740894901144
23 0.33292201382033565 0.23647242455775233 0.005923000987166831 0.01404786680541103
23 0.7045903257650543 0.2099375650364204 0.00839091806515301 0.016129032258064516
23 0.7692497532082923 0.20577523413111343 0.006910167818361303 0.01768990634755463
23 0.7788746298124383 0.20551508844953173 0.01085883514313919 0.02081165452653486
23 0.3351431391905232 0.25026014568158167 0.007403751233958539 0.013527575442247659
23 0.34180651530108586 0.2497398543184183 0.00839091806515301 0.013527575442247659
23 0.35389930898321814 0.2505202913631634 0.006910167818361303 0.01716961498439126
23 0.3203356367226061 0.2533818938605619 0.007897334649555774 0.014568158168574402
23 0.32749259624876603 0.25286160249739853 0.007897334649555774 0.013527575442247659
23 0.359822309970385 0.25104058272632673 0.00839091806515301 0.015088449531737774
23 0.1870681145113524 0.04630593132154006 0.014313919052319843 0.008324661810613945
23 0.7068114511352419 0.2297086368366285 0.00839091806515301 0.015088449531737774
15 0.8613030602171767 0.22684703433922998 0.08933859822309971 0.1987513007284079
15 0.9380552813425469 0.222684703433923 0.05725567620927937 0.062434963579604576
23 0.4062191510365252 0.2695109261186264 0.008884501480750246 0.018730489073881373
4 0.30824284304047384 0.2882414151925078 0.007403751233958539 0.01716961498439126
4 0.29442250740375125 0.29318418314255984 0.005923000987166831 0.011446409989594173
7 0.6369693978282329 0.27055150884495316 0.3741362290227048 0.07075962539021852
4 0.4220138203356367 0.28902185223725285 0.014807502467917079 0.008844953173777315
23 0.4422507403751234 0.2879812695109261 0.014807502467917079 0.008844953173777315
7 0.5737907206317868 0.03303850156087409 0.6095755182625864 0.06607700312174818
23 0.4437314906219151 0.2957856399583767 0.01678183613030602 0.007804370447450572
23 0.4442250740375123 0.30332986472424556 0.01579466929911155 0.006763787721123829
23 0.26184600197433366 0.04630593132154006 0.014313919052319843 0.008324661810613945
23 0.4459526159921027 0.3082726326742976 0.017769002961500493 0.004682622268470343
7 0.12561697926949655 0.056711758584807495 0.11204343534057255 0.032778355879292405
23 0.44471865745310957 0.313735691987513 0.015301085883514315 0.008844953173777315
23 0.4797630799605133 0.3142559833506764 0.0192497532082922 0.01040582726326743
23 0.44545903257650543 0.32232049947970864 0.013820335636722606 0.007804370447450572
23 0.7889930898321816 0.2976066597294485 0.007897334649555774 0.014568158168574402
23 0.48000987166831194 0.32232049947970864 0.014807502467917079 0.007284079084287201
23 0.46100691016781836 0.32830385015608743 0.0192497532082922 0.007804370447450572
4 0.09304047384007898 0.35796045785639957 0.005429417571569595 0.01404786680541103
4 0.06934846989141165 0.35978147762747137 0.006416584402764067 0.01404786680541103
4 0.16855873642645608 0.3524973985431842 0.006416584402764067 0.013007284079084287
4 0.1029121421520237 0.35744016649323623 0.005429417571569595 0.013007284079084287
4 0.08144126357354393 0.35926118626430803 0.007403751233958539 0.01664932362122789
4 0.1428923988153998 0.35509885535900104 0.007403751233958539 0.011446409989594173
4 0.1209279368213228 0.35665972944849117 0.005429417571569595 0.013007284079084287
4 0.15325765054294177 0.35457856399583765 0.006910167818361303 0.013007284079084287
4 0.13030602171767028 0.35639958376690944 0.006910167818361303 0.013007284079084287
23 0.061697926949654494 0.36160249739854317 0.007403751233958539 0.011966701352757543
4 0.18163869693978282 0.3577003121748179 0.012833168805528134 0.008324661810613945
23 0.46100691016781836 0.3374089490114464 0.01826258637709773 0.008324661810613945
23 0.7119940769990128 0.32049947970863685 0.00839091806515301 0.016129032258064516
4 0.790720631786772 0.3155567117585848 0.009378084896347482 0.016129032258064516
23 0.06564659427443238 0.06425598335067638 0.006416584402764067 0.01716961498439126
4 0.05898321816386969 0.06477627471383975 0.007403751233958539 0.015608740894901144
4 0.1813919052319842 0.36758584807492195 0.014313919052319843 0.007804370447450572
4 0.06688055281342548 0.3839750260145682 0.014313919052319843 0.006763787721123829
4 0.43854886475814414 0.35978147762747137 0.007897334649555774 0.01768990634755463
4 0.06910167818361303 0.39308012486992716 0.015301085883514315 0.008324661810613945
4 0.9294175715695953 0.33428720083246616 0.007403751233958539 0.014568158168574402
15 0.3595755182625864 0.3779916753381894 0.15695952615992104 0.16805411030176898
4 0.18484698914116485 0.39203954214360043 0.012339585389930898 0.005723204994797087
7 0.6416584402764067 0.3660249739854318 0.3706811451135242 0.06347554630593132
23 0.18460019743336623 0.40036420395421435 0.012833168805528134 0.007284079084287201
4 0.06934846989141165 0.4112903225806452 0.013820335636722606 0.007284079084287201
4 0.18435340572556763 0.4105098855359001 0.014313919052319843 0.007804370447450572
15 0.029615004935834157 0.07258064516129033 0.047877591312931886 0.04162330905306972
4 0.07107601184600197 0.42351716961498437 0.014807502467917079 0.008844953173777315
23 0.44151036525172754 0.4001040582726327 0.007403751233958539 0.01716961498439126
4 0.07107601184600197 0.4357440166493236 0.014313919052319843 0.006243496357960458
4 0.1870681145113524 0.427159209157128 0.012339585389930898 0.006763787721123829
4 0.1870681145113524 0.4375650364203954 0.012833168805528134 0.007284079084287201
4 0.07329713721618954 0.4482310093652445 0.014807502467917079 0.008844953173777315
23 0.9718657453109576 0.38423517169614985 0.00839091806515301 0.01716961498439126
23 0.7778874629812438 0.40036420395421435 0.007897334649555774 0.016129032258064516
4 0.1885488647581441 0.44797086368366285 0.01085883514313919 0.005723204994797087
23 0.26283316880552815 0.058792924037460975 0.014807502467917079 0.008844953173777315
15 0.9076999012833169 0.39672216441207075 0.12537018756169793 0.11082206035379813
23 0.07206317867719644 0.4596774193548387 0.013820335636722606 0.007804370447450572
23 0.7179170779861797 0.41389177939646205 0.007897334649555774 0.01404786680541103
4 0.1880552813425469 0.4596774193548387 0.01332675222112537 0.006763787721123829
4 0.07453109575518263 0.4695629552549428 0.014807502467917079 0.007804370447450572
4 0.1717670286278381 0.4695629552549428 0.006910167818361303 0.01404786680541103
4 0.15029615004935834 0.4713839750260146 0.006416584402764067 0.01404786680541103
4 0.11920039486673248 0.4737252861602497 0.007403751233958539 0.015088449531737774
4 0.19002961500493584 0.46878251821019773 0.012339585389930898 0.005723204994797087
4 0.16090819348469892 0.4708636836628512 0.005923000987166831 0.013527575442247659
4 0.14116485686080948 0.47294484911550466 0.005429417571569595 0.013527575442247659
4 0.09279368213228036 0.47658688865764826 0.007403751233958539 0.014568158168574402
4 0.13129318854886476 0.47398543184183145 0.006416584402764067 0.015608740894901144
4 0.10636722606120434 0.4760665972944849 0.005429417571569595 0.013527575442247659
23 0.07403751233958539 0.4804890738813736 0.015301085883514315 0.007804370447450572
4 0.40004935834155975 0.46279916753381894 0.007897334649555774 0.01664932362122789
4 0.3763573543928924 0.4695629552549428 0.00839091806515301 0.01664932362122789
7 0.6483218163869694 0.45499479708636836 0.3790720631786772 0.06555671175858481
23 0.9750740375123396 0.440426638917794 0.009871668311944718 0.016129032258064516
4 0.9701382033563672 0.45915712799167535 0.005923000987166831 0.013527575442247659