15 0.6977611940298507 0.5036644951140065 0.03304904051172708 0.06270358306188925
4 0.15191897654584222 0.38802931596091206 0.03304904051172708 0.05130293159609121
15 0.04157782515991471 0.35993485342019543 0.03624733475479744 0.04804560260586319
15 0.7745202558635395 0.5647394136807817 0.04317697228144989 0.05537459283387622
4 0.9027185501066098 0.6083061889250815 0.028251599147121536 0.04560260586319218
7 0.8315565031982942 0.5916123778501629 0.051705756929637525 0.16449511400651465
23 0.3312899786780384 0.46620521172638435 0.041044776119402986 0.03175895765472313
15 0.9429637526652452 0.6425081433224755 0.04904051172707889 0.08306188925081433
4 0.8992537313432836 0.6522801302931596 0.033582089552238806 0.04315960912052117
7 0.5439765458422174 0.5830618892508144 0.042643923240938165 0.11319218241042345
15 0.34888059701492535 0.5570032573289903 0.028251599147121536 0.03664495114006515
23 0.1337953091684435 0.5162866449511401 0.01652452025586354 0.041530944625407164
23 0.14365671641791045 0.5215798045602605 0.014925373134328358 0.04560260586319218
23 0.1535181236673774 0.5248371335504886 0.014392324093816631 0.04560260586319218
4 0.24946695095948826 0.5639250814332247 0.05863539445628998 0.038273615635179156
7 0.746268656716418 0.7259771986970684 0.04051172707889126 0.11074918566775244
4 0.2958422174840085 0.6229641693811075 0.04317697228144989 0.03908794788273615
7 0.6516524520255863 0.04030944625407166 0.07729211087420043 0.03420195439739414
4 0.38113006396588484 0.6539087947882736 0.027185501066098083 0.041530944625407164
4 0.13992537313432835 0.6131921824104235 0.15458422174840086 0.1734527687296417
23 0.2523987206823028 0.6530944625407166 0.062366737739872065 0.04234527687296417
15 0.5378464818763327 0.7308631921824105 0.0826226012793177 0.06514657980456026
4 0.9853411513859275 0.12947882736156352 0.025053304904051173 0.019543973941368076
4 0.013592750533049041 0.5924267100977199 0.014925373134328358 0.03908794788273615
4 0.026918976545842216 0.5989413680781759 0.022388059701492536 0.035830618892508145
4 0.04584221748400853 0.6091205211726385 0.022388059701492536 0.03420195439739414
4 0.47707889125799574 0.7276058631921825 0.03464818763326226 0.048859934853420196
15 0.9560234541577826 0.8802931596091205 0.01812366737739872 0.038273615635179156
23 0.93363539445629 0.8745928338762216 0.019189765458422176 0.03175895765472313
4 0.2462686567164179 0.6954397394136808 0.05810234541577825 0.05537459283387622
4 0.9176439232409381 0.8811074918566775 0.027185501066098083 0.05130293159609121
4 0.1878997867803838 0.6954397394136808 0.03251599147121535 0.0496742671009772
4 0.3019722814498934 0.7296416938110749 0.041044776119402986 0.033387622149837134
7 0.42937100213219614 0.7785016286644951 0.08848614072494669 0.06188925081433225
4 0.3464818763326226 0.757328990228013 0.025053304904051173 0.038273615635179156
23 0.047707889125799575 0.6767100977198697 0.050106609808102345 0.04560260586319218
7 0.6119402985074627 0.8293973941368078 0.06982942430703624 0.05456026058631922
4 0.3678038379530917 0.7646579804560261 0.024520255863539446 0.033387622149837134
7 0.5245202558635395 0.8082247557003257 0.08955223880597014 0.06514657980456026
23 0.011194029850746268 0.6811889250814332 0.022388059701492536 0.07573289902280131
4 0.9208422174840085 0.9283387622149837 0.04317697228144989 0.05537459283387622
15 0.9458955223880597 0.9543973941368078 0.022921108742004266 0.05374592833876222
4 0.3150319829424307 0.8082247557003257 0.042643923240938165 0.035830618892508145
15 0.5940831556503199 0.8859934853420195 0.036780383795309166 0.05863192182410423
23 0.04157782515991471 0.737785016286645 0.03891257995735608 0.08224755700325732
4 0.35287846481876334 0.8224755700325733 0.03571428571428571 0.05130293159609121
15 0.47814498933901917 0.8570846905537459 0.03411513859275053 0.06026058631921824
15 0.5101279317697228 0.8664495114006515 0.03304904051172708 0.05863192182410423
15 0.9432302771855011 0.9869706840390879 0.017590618336886993 0.024429967426710098
4 0.2126865671641791 0.8078175895765473 0.026652452025586353 0.03908794788273615
4 0.26519189765458423 0.8228827361563518 0.027185501066098083 0.06026058631921824
4 0.9029850746268657 0.9947068403908795 0.0255863539445629 0.008957654723127036
4 0.41044776119402987 0.8819218241042345 0.02398720682302772 0.05211726384364821
4 0.3896588486140725 0.8843648208469055 0.025053304904051173 0.04478827361563518
4 0.5447761194029851 0.9478827361563518 0.03411513859275053 0.03664495114006515
4 0.7102878464818764 0.07043973941368079 0.02398720682302772 0.030944625407166124
4 0.9800106609808102 0.15920195439739412 0.03891257995735608 0.05130293159609121
15 0.6780383795309168 0.13884364820846906 0.06130063965884861 0.05781758957654723
4 0.8001066098081023 0.1783387622149837 0.02185501066098081 0.035830618892508145
4 0.8280916844349681 0.18973941368078176 0.036780383795309166 0.052931596091205214
4 0.7731876332622601 0.18811074918566775 0.0255863539445629 0.038273615635179156
4 0.9928038379530917 0.2691368078175896 0.013326226012793176 0.05456026058631922
4 0.7886460554371002 0.21294788273615636 0.022388059701492536 0.04478827361563518
4 0.597547974413646 0.1746742671009772 0.026652452025586353 0.0496742671009772
4 0.81636460554371 0.23941368078175895 0.03891257995735608 0.05618892508143322
4 0.6066098081023454 0.2186482084690554 0.0255863539445629 0.050488599348534204
15 0.6924307036247335 0.24429967426710097 0.08688699360341151 0.10749185667752444
15 0.30597014925373134 0.15920195439739412 0.029850746268656716 0.04560260586319218
23 0.9088486140724946 0.3249185667752443 0.013859275053304905 0.03501628664495114
4 0.6210021321961621 0.254071661237785 0.039445628997867806 0.06270358306188925
4 0.8006396588486141 0.30985342019543977 0.04637526652452026 0.03501628664495114
4 0.8933901918976546 0.3464983713355049 0.03304904051172708 0.038273615635179156
4 0.8539445628997868 0.3554560260586319 0.03304904051172708 0.050488599348534204
4 0.8736673773987207 0.36237785016286644 0.023454157782515993 0.03420195439739414
4 0.820362473347548 0.3497557003257329 0.03411513859275053 0.04234527687296417
4 0.994136460554371 0.41327361563517917 0.010660980810234541 0.052931596091205214
4 0.5754264392324094 0.2980456026058632 0.025053304904051173 0.05374592833876222
4 0.5431769722814499 0.30415309446254074 0.029850746268656716 0.043973941368078175
4 0.5908848614072495 0.32206840390879476 0.02398720682302772 0.05211726384364821
4 0.38859275053304904 0.2780944625407166 0.02185501066098081 0.03175895765472313
4 0.412046908315565 0.2911237785016287 0.01812366737739872 0.029315960912052116
7 0.6785714285714286 0.3794788273615635 0.07889125799573561 0.05781758957654723
4 0.054104477611940295 0.21294788273615636 0.021321961620469083 0.03175895765472313
23 0.27025586353944564 0.2915309446254072 0.05223880597014925 0.03420195439739414
4 0.03624733475479744 0.24674267100977199 0.033582089552238806 0.04804560260586319
23 0.939498933901919 0.5093648208469055 0.02771855010660981 0.035830618892508145
4 0.32062899786780386 0.36563517915309446 0.029850746268656716 0.06921824104234528