23 0.7492997198879552 0.13851351351351351 0.007703081232492998 0.024324324324324326
23 0.7566526610644257 0.14121621621621622 0.0070028011204481795 0.01891891891891892
23 0.7818627450980392 0.15067567567567566 0.009103641456582634 0.022972972972972974
23 0.7951680672268907 0.15608108108108107 0.00980392156862745 0.025675675675675677
23 0.7139355742296919 0.14527027027027026 0.01330532212885154 0.02837837837837838
23 0.9226190476190477 0.17972972972972973 0.01050420168067227 0.024324324324324326
4 0.9558823529411765 0.20540540540540542 0.04411764705882353 0.07567567567567568
23 0.8186274509803921 0.18986486486486487 0.01050420168067227 0.012162162162162163
23 0.822829131652661 0.20472972972972972 0.011904761904761904 0.016216216216216217
23 0.11589635854341737 0.11216216216216217 0.007703081232492998 0.024324324324324326
23 0.1092436974789916 0.11283783783783784 0.00980392156862745 0.02837837837837838
23 0.24054621848739496 0.1358108108108108 0.012605042016806723 0.031081081081081083
23 0.25210084033613445 0.13986486486486485 0.00980392156862745 0.02837837837837838
4 0.792016806722689 0.22297297297297297 0.05182072829131653 0.09054054054054055
4 0.6228991596638656 0.20337837837837838 0.018207282913165267 0.04054054054054054
4 0.761204481792717 0.23445945945945945 0.01610644257703081 0.022972972972972974
4 0.9485294117647058 0.3033783783783784 0.04061624649859944 0.07972972972972973
4 0.8546918767507002 0.29864864864864865 0.049019607843137254 0.0891891891891892
4 0.8998599439775911 0.3054054054054054 0.049019607843137254 0.0918918918918919
7 0.06092436974789916 0.1945945945945946 0.03991596638655462 0.22972972972972974
23 0.41316526610644255 0.24864864864864866 0.012605042016806723 0.02702702702702703
4 0.42331932773109243 0.2527027027027027 0.01050420168067227 0.025675675675675677
4 0.11414565826330532 0.22162162162162163 0.01330532212885154 0.02027027027027027
4 0.1134453781512605 0.26756756756756755 0.04551820728291316 0.08378378378378379
4 0.14425770308123248 0.27702702702702703 0.00980392156862745 0.025675675675675677
23 0.18557422969187676 0.3033783783783784 0.008403361344537815 0.024324324324324326
23 0.19222689075630253 0.3054054054054054 0.0070028011204481795 0.025675675675675677
23 0.18137254901960784 0.3236486486486487 0.01750700280112045 0.01756756756756757
23 0.24544817927170867 0.34459459459459457 0.011904761904761904 0.032432432432432434
23 0.18067226890756302 0.3385135135135135 0.014705882352941176 0.014864864864864866
7 0.11659663865546219 0.4905405405405405 0.04831932773109244 0.2
23 0.5052521008403361 0.05405405405405406 0.011204481792717087 0.024324324324324326
23 0.5164565826330533 0.05675675675675676 0.012605042016806723 0.01756756756756757
23 0.5679271708683473 0.06418918918918919 0.01330532212885154 0.016216216216216217
23 0.5416666666666666 0.060810810810810814 0.00980392156862745 0.01891891891891892
23 0.5336134453781513 0.062162162162162166 0.01050420168067227 0.012162162162162163
23 0.569327731092437 0.0777027027027027 0.014705882352941176 0.016216216216216217
23 0.41491596638655465 0.9533783783783784 0.009103641456582634 0.024324324324324326
23 0.4226190476190476 0.956081081081081 0.00980392156862745 0.021621621621621623
23 0.4334733893557423 0.9614864864864865 0.011204481792717087 0.01756756756756757
23 0.8588935574229691 0.14391891891891892 0.011904761904761904 0.03783783783783784
23 0.9047619047619048 0.15 0.01050420168067227 0.031081081081081083
4 0.6228991596638656 0.11486486486486487 0.021708683473389355 0.031081081081081083
15 0.8277310924369747 0.14797297297297296 0.04201680672268908 0.0891891891891892
30 0.7654061624649859 0.13986486486486485 0.012605042016806723 0.016216216216216217