7 0.23619791666666667 0.6134840871021775 0.26875 0.09296482412060302
4 0.49635416666666665 0.5799832495812395 0.0078125 0.019262981574539362
23 0.7169270833333333 0.550251256281407 0.0067708333333333336 0.017587939698492462
23 0.70703125 0.5527638190954773 0.007291666666666667 0.020938023450586266
23 0.7252604166666666 0.5494137353433836 0.00625 0.017587939698492462
23 0.7341145833333333 0.5481574539363484 0.008333333333333333 0.017587939698492462
23 0.7419270833333333 0.5477386934673367 0.009895833333333333 0.018425460636515914
4 0.55 0.5833333333333334 0.0140625 0.01256281407035176
23 0.018229166666666668 0.6775544388609716 0.0067708333333333336 0.019262981574539362
23 0.011458333333333333 0.6804857621440537 0.00625 0.021775544388609715
23 0.15546875 0.6608040201005025 0.016145833333333335 0.01423785594639866
23 0.17213541666666668 0.6591289782244556 0.0140625 0.01507537688442211
4 0.6471354166666666 0.5812395309882747 0.013020833333333334 0.009212730318257957
23 0.95 0.535175879396985 0.007291666666666667 0.018425460636515914
4 0.9578125 0.5347571189279732 0.007291666666666667 0.020100502512562814
23 0.6109375 0.5942211055276382 0.013020833333333334 0.010050251256281407
23 0.6265625 0.5921273031825796 0.011979166666666667 0.010050251256281407
4 0.03515625 0.13651591289782244 0.014583333333333334 0.01256281407035176
4 0.048177083333333336 0.13442211055276382 0.0140625 0.01340033500837521
4 0.74609375 0.5879396984924623 0.0067708333333333336 0.019262981574539362
4 0.790625 0.5866834170854272 0.007291666666666667 0.019262981574539362
7 0.2721354166666667 0.6817420435510888 0.43697916666666664 0.12227805695142378
23 0.9510416666666667 0.5678391959798995 0.0078125 0.018425460636515914
4 0.6979166666666666 0.6113902847571189 0.007291666666666667 0.019262981574539362
4 0.9604166666666667 0.567001675041876 0.0067708333333333336 0.020100502512562814
4 0.6802083333333333 0.6201842546063652 0.013020833333333334 0.011725293132328308
23 0.546875 0.657035175879397 0.0078125 0.01423785594639866
23 0.6994791666666667 0.635678391959799 0.005729166666666666 0.020938023450586266
23 0.7166666666666667 0.6352596314907872 0.011458333333333333 0.011725293132328308
23 0.9598958333333333 0.5984087102177554 0.0125 0.011725293132328308
4 0.0020833333333333333 0.14824120603015076 0.004166666666666667 0.020100502512562814
4 0.5109375 0.6834170854271356 0.013020833333333334 0.010050251256281407
4 0.9606770833333333 0.6109715242881072 0.011979166666666667 0.010887772194304857
23 0.13463541666666667 0.7529313232830821 0.015625 0.010887772194304857
23 0.23098958333333333 0.1109715242881072 0.00625 0.018425460636515914
23 0.7088541666666667 0.6582914572864321 0.0078125 0.019262981574539362
23 0.5458333333333333 0.6867671691792295 0.0067708333333333336 0.01675041876046901
23 0.7161458333333334 0.6578726968174204 0.0078125 0.018425460636515914
23 0.8674479166666667 0.6323283082077052 0.013541666666666667 0.010887772194304857
23 0.5611979166666666 0.6850921273031826 0.0078125 0.015912897822445562
4 0.7317708333333334 0.6561976549413735 0.0067708333333333336 0.019262981574539362
23 0.7244791666666667 0.6574539363484088 0.005208333333333333 0.017587939698492462
23 0.5536458333333333 0.6871859296482412 0.005729166666666666 0.01340033500837521
4 0.007291666666666667 0.14865996649916247 0.005729166666666666 0.020100502512562814
4 0.9614583333333333 0.6231155778894473 0.011458333333333333 0.011725293132328308
4 0.10182291666666667 0.7709380234505863 0.007291666666666667 0.019262981574539362
23 0.36041666666666666 0.7282244556113903 0.011458333333333333 0.008375209380234505
23 0.33932291666666664 0.7345058626465661 0.0140625 0.011725293132328308
4 0.22239583333333332 0.11390284757118928 0.0078125 0.021775544388609715
4 0.8690104166666667 0.6490787269681743 0.0125 0.01256281407035176
4 0.21796875 0.7600502512562815 0.0125 0.010050251256281407
23 0.23307291666666666 0.7583752093802345 0.014583333333333334 0.01256281407035176
23 0.9627604166666667 0.6348408710217756 0.0109375 0.010050251256281407
4 0.31614583333333335 0.09840871021775545 0.007291666666666667 0.019262981574539362
23 0.7098958333333333 0.6834170854271356 0.007291666666666667 0.020938023450586266
23 0.7260416666666667 0.6809045226130653 0.007291666666666667 0.020938023450586266
23 0.7182291666666667 0.682998324958124 0.007291666666666667 0.018425460636515914
23 0.7338541666666667 0.6804857621440537 0.009375 0.018425460636515914
4 0.24322916666666666 0.11139028475711893 0.0067708333333333336 0.019262981574539362
15 0.62421875 0.7022613065326633 0.109375 0.17587939698492464
23 0.9638020833333333 0.6482412060301508 0.013020833333333334 0.01340033500837521
4 0.17526041666666667 0.1226968174204355 0.005729166666666666 0.017587939698492462
4 0.6833333333333333 0.7014237855946399 0.0078125 0.020100502512562814
4 0.28932291666666665 0.10427135678391959 0.0078125 0.020100502512562814
4 0.14791666666666667 0.12814070351758794 0.007291666666666667 0.022613065326633167
23 0.6911458333333333 0.7010050251256281 0.008333333333333333 0.017587939698492462
4 0.8700520833333333 0.6742043551088778 0.015625 0.01423785594639866
23 0.9643229166666667 0.6591289782244556 0.011979166666666667 0.010050251256281407
4 0.0484375 0.14614740368509213 0.013020833333333334 0.010887772194304857
4 0.0359375 0.14824120603015076 0.0140625 0.01675041876046901
23 0.54609375 0.7340871021775545 0.0067708333333333336 0.01675041876046901
23 0.5380208333333333 0.7361809045226131 0.0067708333333333336 0.017587939698492462
4 0.7098958333333333 0.7077051926298158 0.0109375 0.010050251256281407
23 0.5307291666666667 0.7382747068676717 0.00625 0.017587939698492462
23 0.55625 0.7349246231155779 0.00625 0.01675041876046901
15 0.03828125 0.8237018425460636 0.05572916666666667 0.2537688442211055
7 0.2791666666666667 0.7847571189279732 0.434375 0.1273031825795645
15 0.9026041666666667 0.681323283082077 0.030208333333333334 0.02931323283082077
7 0.5044270833333333 0.07077051926298157 0.3640625 0.10804020100502512
15 0.8229166666666666 0.6972361809045227 0.035416666666666666 0.036013400335008376
4 0.9653645833333333 0.673785594639866 0.013541666666666667 0.010887772194304857
4 0.7096354166666666 0.03685092127303183 0.0125 0.011725293132328308
4 0.7911458333333333 0.7160804020100503 0.010416666666666666 0.010887772194304857
23 0.9666666666666667 0.6863484087102177 0.0125 0.011725293132328308
23 0.5421875 0.7613065326633166 0.005729166666666666 0.020100502512562814
23 0.5661458333333333 0.757537688442211 0.005729166666666666 0.01675041876046901
23 0.5494791666666666 0.7621440536013401 0.00625 0.01423785594639866
23 0.5567708333333333 0.7608877721943048 0.009375 0.018425460636515914
23 0.06979166666666667 0.8496649916247906 0.0140625 0.01423785594639866
23 0.7541666666666667 0.7340871021775545 0.008333333333333333 0.017587939698492462
23 0.7645833333333333 0.7324120603015075 0.005729166666666666 0.019262981574539362
4 0.9591145833333333 0.7051926298157454 0.0067708333333333336 0.018425460636515914
23 0.9908854166666666 0.7035175879396985 0.011458333333333333 0.01423785594639866
4 0.17994791666666668 0.8421273031825796 0.013020833333333334 0.009212730318257957
4 0.4700520833333333 0.7939698492462312 0.011979166666666667 0.01256281407035176
23 0.07135416666666666 0.8630653266331658 0.0109375 0.01256281407035176
23 0.5598958333333334 0.7839195979899497 0.00625 0.01675041876046901
23 0.5671875 0.7843383584589615 0.0067708333333333336 0.01675041876046901
4 0.809375 0.7449748743718593 0.013020833333333334 0.010887772194304857
4 0.18020833333333333 0.8563651591289783 0.010416666666666666 0.01256281407035176
23 0.7658854166666667 0.7617252931323283 0.008333333333333333 0.020100502512562814
23 0.7559895833333333 0.7642378559463987 0.0078125 0.018425460636515914
23 0.62109375 0.7994137353433836 0.00625 0.020938023450586266
4 0.5325520833333334 0.8153266331658291 0.011458333333333333 0.01256281407035176
4 0.9729166666666667 0.7491624790619765 0.011979166666666667 0.009212730318257957
15 0.12890625 0.14154103852596314 0.0171875 0.03936348408710218
15 0.09270833333333334 0.14782244556113902 0.01875 0.04187604690117253
7 0.28802083333333334 0.8785594639865997 0.43385416666666665 0.11809045226130653
4 0.7611979166666667 0.8044388609715243 0.015625 0.010887772194304857
4 0.7359375 0.809463986599665 0.014583333333333334 0.01340033500837521
4 0.9778645833333334 0.7688442211055276 0.014583333333333334 0.010887772194304857
23 0.67265625 0.8270519262981575 0.009895833333333333 0.018425460636515914
23 0.69296875 0.8237018425460636 0.009375 0.01507537688442211
23 0.6825520833333333 0.8270519262981575 0.008333333333333333 0.017587939698492462
4 0.05078125 0.1574539363484087 0.0125 0.01507537688442211
4 0.03697916666666667 0.16038525963149078 0.011979166666666667 0.011725293132328308
23 0.52421875 0.8697654941373534 0.0125 0.01507537688442211
4 0.9791666666666666 0.7956448911222781 0.0140625 0.008375209380234505
23 0.7638020833333333 0.8358458961474037 0.011979166666666667 0.011725293132328308
23 0.04973958333333333 0.9652428810720268 0.007291666666666667 0.019262981574539362
4 0.7346354166666667 0.8509212730318257 0.010416666666666666 0.01256281407035176
23 0.7484375 0.8496649916247906 0.0125 0.011725293132328308
23 0.76484375 0.8484087102177554 0.0125 0.01256281407035176
4 0.51015625 0.8940536013400335 0.011458333333333333 0.011725293132328308
4 0.15442708333333333 0.9560301507537688 0.013020833333333334 0.01340033500837521
23 0.21536458333333333 0.9463986599664992 0.008854166666666666 0.020100502512562814
4 0.12161458333333333 0.9623115577889447 0.0125 0.01256281407035176
23 0.16692708333333334 0.9556113902847572 0.007291666666666667 0.019262981574539362
4 0.9817708333333334 0.8211892797319933 0.011458333333333333 0.010050251256281407
23 0.24036458333333333 0.9514237855946399 0.008333333333333333 0.018425460636515914
4 0.23177083333333334 0.9539363484087102 0.009375 0.021775544388609715
4 0.6427083333333333 0.8886097152428811 0.0109375 0.010050251256281407
23 0.05182291666666667 0.9895309882747069 0.0067708333333333336 0.019262981574539362
4 0.69765625 0.88107202680067 0.008333333333333333 0.019262981574539362
4 0.9825520833333333 0.8479899497487438 0.013020833333333334 0.010887772194304857
15 0.7278645833333334 0.8944723618090452 0.04375 0.05778894472361809
15 0.77421875 0.8881909547738693 0.04583333333333333 0.06532663316582915
15 0.6736979166666667 0.907035175879397 0.0453125 0.06281407035175879
4 0.9091145833333333 0.8706030150753769 0.008854166666666666 0.020938023450586266
23 0.9169270833333333 0.86892797319933 0.007291666666666667 0.018425460636515914
4 0.9380208333333333 0.8655778894472361 0.007291666666666667 0.01675041876046901
7 0.29453125 0.9560301507537688 0.43385416666666665 0.08626465661641541
4 0.9846354166666667 0.873534338358459 0.011979166666666667 0.010050251256281407
4 0.8075520833333333 0.9045226130653267 0.013020833333333334 0.011725293132328308
4 0.9861979166666667 0.8877721943048577 0.014583333333333334 0.011725293132328308
23 0.7841145833333333 0.9380234505862647 0.007291666666666667 0.018425460636515914
4 0.7927083333333333 0.9380234505862647 0.008854166666666666 0.021775544388609715
4 0.037760416666666664 0.17294807370184254 0.0109375 0.01340033500837521
23 0.45598958333333334 0.9953936348408711 0.008854166666666666 0.007537688442211055
4 0.50078125 0.9928810720268006 0.013020833333333334 0.01256281407035176
23 0.44036458333333334 0.9970686767169179 0.0067708333333333336 0.0041876046901172526
23 0.43203125 0.9974874371859297 0.008854166666666666 0.0033500837520938024
23 0.47239583333333335 0.9937185929648241 0.008333333333333333 0.010887772194304857
23 0.44895833333333335 0.9962311557788944 0.009375 0.005862646566164154
23 0.46484375 0.9953936348408711 0.009895833333333333 0.007537688442211055
4 0.051041666666666666 0.1708542713567839 0.013541666666666667 0.01507537688442211
7 0.23984375 0.13986599664991625 0.16510416666666666 0.052763819095477386
15 0.86875 0.9204355108877722 0.13541666666666666 0.06113902847571189
4 0.031510416666666666 0.08500837520938023 0.015625 0.011725293132328308
4 0.044270833333333336 0.08249581239530988 0.011979166666666667 0.010887772194304857
4 0.78671875 0.055695142378559465 0.013541666666666667 0.011725293132328308
4 0.052083333333333336 0.18341708542713567 0.013541666666666667 0.01507537688442211
4 0.0390625 0.18634840871021777 0.009895833333333333 0.010887772194304857
4 0.18229166666666666 0.16792294807370184 0.011458333333333333 0.010050251256281407
23 0.1421875 0.1754606365159129 0.011458333333333333 0.011725293132328308
23 0.15703125 0.17294807370184254 0.0109375 0.011725293132328308
23 0.17057291666666666 0.1708542713567839 0.011979166666666667 0.011725293132328308
4 0.053385416666666664 0.19556113902847572 0.013020833333333334 0.01423785594639866
4 0.040364583333333336 0.19891122278056952 0.0109375 0.010887772194304857
7 0.5088541666666667 0.12437185929648241 0.3651041666666667 0.10720268006700168
4 0.04010416666666667 0.2106365159128978 0.011458333333333333 0.01423785594639866
4 0.05364583333333333 0.20812395309882747 0.013541666666666667 0.01340033500837521
4 0.084375 0.20644891122278056 0.008333333333333333 0.019262981574539362
4 0.04088541666666667 0.22236180904522612 0.0140625 0.017587939698492462
4 0.054947916666666666 0.22152428810720268 0.013020833333333334 0.01256281407035176
7 0.25416666666666665 0.19053601340033502 0.14166666666666666 0.049413735343383586
4 0.043229166666666666 0.23534338358458962 0.0109375 0.017587939698492462
4 0.05572916666666667 0.23492462311557788 0.013020833333333334 0.01256281407035176
4 0.05651041666666667 0.2466499162479062 0.011458333333333333 0.01423785594639866
4 0.04375 0.24958123953098826 0.0125 0.010887772194304857
7 0.5125 0.1721105527638191 0.365625 0.11306532663316583
15 0.13619791666666667 0.2365996649916248 0.06927083333333334 0.09798994974874371
4 0.22265625 0.22278056951423786 0.007291666666666667 0.021775544388609715
23 0.21276041666666667 0.22529313232830822 0.008333333333333333 0.019262981574539362
4 0.27786458333333336 0.21733668341708542 0.0078125 0.020938023450586266
15 0.07786458333333333 0.2529313232830821 0.0203125 0.04438860971524288
23 0.20234375 0.2319932998324958 0.008333333333333333 0.021775544388609715
23 0.19348958333333333 0.23450586264656617 0.0067708333333333336 0.020938023450586266
4 0.10546875 0.08082077051926298 0.00625 0.017587939698492462
4 0.05807291666666667 0.25879396984924624 0.013541666666666667 0.01507537688442211
4 0.04348958333333333 0.2613065326633166 0.011979166666666667 0.01256281407035176
7 0.85625 0.1323283082077052 0.19895833333333332 0.06448911222780569
4 0.0453125 0.27386934673366836 0.0109375 0.010887772194304857
4 0.058333333333333334 0.2721943048576214 0.0109375 0.011725293132328308
15 0.25 0.2416247906197655 0.043229166666666666 0.05443886097152429
4 0.20494791666666667 0.25 0.0125 0.01340033500837521
4 0.1890625 0.2529313232830821 0.013541666666666667 0.01256281407035176
15 0.3072916666666667 0.23534338358458962 0.0453125 0.05862646566164154
4 0.04505208333333333 0.2864321608040201 0.011979166666666667 0.01256281407035176
4 0.37005208333333334 0.24078726968174205 0.0109375 0.01256281407035176
23 0.07369791666666667 0.2914572864321608 0.013020833333333334 0.011725293132328308
4 0.08671875 0.28936348408710216 0.0125 0.01340033500837521
23 0.059375 0.2948073701842546 0.011458333333333333 0.01340033500837521
4 0.045572916666666664 0.09505862646566164 0.013541666666666667 0.01507537688442211
23 0.9036458333333334 0.1624790619765494 0.013541666666666667 0.015912897822445562
4 0.0328125 0.09798994974874371 0.014583333333333334 0.01423785594639866
23 0.06901041666666667 0.3082077051926298 0.013541666666666667 0.011725293132328308
7 0.5 0.03768844221105527 0.359375 0.07537688442211055
15 0.6075520833333333 0.2483249581239531 0.043229166666666666 0.052763819095477386
15 0.7015625 0.23283082077051925 0.04375 0.05108877721943048
15 0.6549479166666666 0.24120603015075376 0.04739583333333333 0.052763819095477386
23 0.07526041666666666 0.34003350083752093 0.008854166666666666 0.024288107202680067
23 0.0296875 0.3479899497487437 0.0067708333333333336 0.018425460636515914
23 0.04479166666666667 0.3463149078726968 0.008854166666666666 0.022613065326633167
23 0.05260416666666667 0.34673366834170855 0.009375 0.023450586264656615
15 0.0875 0.09463986599664992 0.025 0.04355108877721943
15 0.12578125 0.08835845896147404 0.0234375 0.04690117252931323
23 0.8786458333333333 0.22780569514237856 0.011458333333333333 0.01340033500837521
4 0.8927083333333333 0.22654941373534337 0.013541666666666667 0.01256281407035176
23 0.86484375 0.23115577889447236 0.011979166666666667 0.010050251256281407
4 0.90625 0.22403685092127304 0.013020833333333334 0.010050251256281407
4 0.85078125 0.23450586264656617 0.0125 0.010050251256281407
4 0.07630208333333334 0.36515912897822445 0.007291666666666667 0.020938023450586266
23 0.5059895833333333 0.2960636515912898 0.0125 0.010887772194304857
23 0.5200520833333333 0.2943886097152429 0.014583333333333334 0.01340033500837521
7 0.22838541666666667 0.07160804020100503 0.15625 0.07788944723618091
4 0.5583333333333333 0.3015075376884422 0.013020833333333334 0.010887772194304857
23 0.08645833333333333 0.38274706867671693 0.0078125 0.022613065326633167
4 0.09895833333333333 0.3814907872696817 0.008333333333333333 0.020938023450586266
23 0.6052083333333333 0.29857621440536014 0.011979166666666667 0.009212730318257957
23 0.54140625 0.309463986599665 0.0109375 0.010050251256281407
23 0.21276041666666667 0.37520938023450584 0.008333333333333333 0.018425460636515914
23 0.2609375 0.36683417085427134 0.0078125 0.019262981574539362
23 0.28411458333333334 0.3639028475711893 0.008854166666666666 0.020938023450586266
4 0.13203125 0.38944723618090454 0.007291666666666667 0.017587939698492462
23 0.32473958333333336 0.3572026800670017 0.0067708333333333336 0.019262981574539362
23 0.17864583333333334 0.3823283082077052 0.005729166666666666 0.018425460636515914
23 0.33307291666666666 0.3563651591289782 0.007291666666666667 0.019262981574539362
23 0.22838541666666667 0.3739530988274707 0.0078125 0.019262981574539362
4 0.29401041666666666 0.3630653266331658 0.008333333333333333 0.020100502512562814
23 0.14817708333333332 0.3877721943048576 0.0078125 0.020100502512562814
23 0.2520833333333333 0.37018425460636517 0.007291666666666667 0.01423785594639866
23 0.2755208333333333 0.36683417085427134 0.008333333333333333 0.018425460636515914
23 0.60546875 0.3111390284757119 0.011458333333333333 0.010887772194304857
23 0.22109375 0.3760469011725293 0.0078125 0.020100502512562814
4 0.13932291666666666 0.3898659966499162 0.0078125 0.021775544388609715
23 0.2682291666666667 0.36809045226130654 0.0067708333333333336 0.019262981574539362
23 0.16354166666666667 0.3860971524288107 0.008333333333333333 0.020938023450586266
23 0.18697916666666667 0.38190954773869346 0.009375 0.020100502512562814
23 0.15598958333333332 0.38819095477386933 0.0067708333333333336 0.019262981574539362
23 0.23671875 0.3743718592964824 0.008333333333333333 0.019262981574539362
15 0.5174479166666667 0.32705192629815744 0.030729166666666665 0.03350083752093802
23 0.17135416666666667 0.3852596314907873 0.007291666666666667 0.018425460636515914
23 0.24453125 0.3731155778894472 0.008333333333333333 0.020100502512562814
23 0.5424479166666667 0.32370184254606366 0.010416666666666666 0.008375209380234505
23 0.5591145833333333 0.32077051926298156 0.0125 0.009212730318257957
15 0.5833333333333334 0.3165829145728643 0.027083333333333334 0.03685092127303183
15 0.6359375 0.3128140703517588 0.0421875 0.05862646566164154
15 0.63671875 0.3144891122278057 0.040625 0.05025125628140704
23 0.6057291666666667 0.32370184254606366 0.010416666666666666 0.010050251256281407
23 0.3809895833333333 0.36180904522613067 0.007291666666666667 0.019262981574539362
23 0.39088541666666665 0.3601340033500838 0.00625 0.020938023450586266
23 0.37161458333333336 0.36348408710217756 0.008854166666666666 0.019262981574539362
23 0.4153645833333333 0.3576214405360134 0.009375 0.020938023450586266
23 0.4075520833333333 0.35887772194304857 0.008333333333333333 0.019262981574539362
23 0.5588541666666667 0.33500837520938026 0.013541666666666667 0.011725293132328308
23 0.03802083333333333 0.42797319932998323 0.0125 0.011725293132328308
23 0.6078125 0.3371021775544389 0.011458333333333333 0.008375209380234505
4 0.03411458333333333 0.11055276381909548 0.0109375 0.01423785594639866
23 0.8994791666666667 0.28936348408710216 0.0125 0.009212730318257957
7 0.22161458333333334 0.4082914572864322 0.26927083333333335 0.08877721943048576
4 0.04609375 0.10845896147403684 0.014583333333333334 0.01256281407035176
4 0.04140625 0.44681742043551087 0.0125 0.011725293132328308
23 0.44192708333333336 0.3877721943048576 0.0067708333333333336 0.020938023450586266
4 0.45286458333333335 0.38567839195979897 0.0078125 0.019262981574539362
4 0.6546875 0.35175879396984927 0.0140625 0.011725293132328308
23 0.6690104166666667 0.35343383584589616 0.0125 0.010887772194304857
23 0.6359375 0.3592964824120603 0.0078125 0.019262981574539362
4 0.64375 0.3592964824120603 0.0078125 0.019262981574539362
4 0.14765625 0.09463986599664992 0.0078125 0.017587939698492462
23 0.6549479166666666 0.36432160804020103 0.0125 0.010887772194304857
4 0.7130208333333333 0.3546901172529313 0.0125 0.009212730318257957
23 0.16432291666666668 0.45979899497487436 0.0078125 0.020938023450586266
4 0.75703125 0.36055276381909546 0.013541666666666667 0.011725293132328308
4 0.4622395833333333 0.4120603015075377 0.011979166666666667 0.010050251256281407
4 0.48880208333333336 0.4074539363484087 0.011979166666666667 0.010050251256281407
23 0.50546875 0.4082914572864322 0.007291666666666667 0.020100502512562814
4 0.51328125 0.4074539363484087 0.0078125 0.017587939698492462
15 0.4041666666666667 0.4288107202680067 0.04375 0.04690117252931323
23 0.3263020833333333 0.445142378559464 0.013020833333333334 0.011725293132328308
23 0.33958333333333335 0.44304857621440535 0.013020833333333334 0.010050251256281407
23 0.13046875 0.4798994974874372 0.005208333333333333 0.018425460636515914
23 0.12265625 0.48115577889447236 0.0067708333333333336 0.020100502512562814
4 0.14609375 0.47822445561139026 0.0078125 0.018425460636515914
23 0.10625 0.4849246231155779 0.0078125 0.018425460636515914
4 0.13828125 0.4794807370184255 0.008333333333333333 0.019262981574539362
4 0.0049479166666666664 0.12144053601340034 0.005208333333333333 0.017587939698492462
23 0.11510416666666666 0.48408710217755446 0.0067708333333333336 0.018425460636515914
4 0.6231770833333333 0.3990787269681742 0.0125 0.011725293132328308
23 0.6518229166666667 0.3953098827470687 0.0140625 0.01423785594639866
4 0.6997395833333333 0.38944723618090454 0.011979166666666667 0.010887772194304857
23 0.9203125 0.3538525963149079 0.013541666666666667 0.011725293132328308
4 0.6377604166666667 0.4041038525963149 0.0078125 0.020100502512562814
23 0.6236979166666666 0.41164154103852596 0.013020833333333334 0.011725293132328308
23 0.6520833333333333 0.40787269681742044 0.013541666666666667 0.010887772194304857
23 0.7221354166666667 0.39824120603015073 0.011979166666666667 0.010887772194304857
23 0.9216145833333333 0.3655778894472362 0.0109375 0.010887772194304857
23 0.0421875 0.5159128978224455 0.013020833333333334 0.01340033500837521
4 0.025260416666666667 0.5196817420435511 0.013541666666666667 0.01340033500837521
23 0.84375 0.38358458961474035 0.0078125 0.020938023450586266
4 0.8567708333333334 0.3814907872696817 0.008854166666666666 0.023450586264656615
4 0.7645833333333333 0.3969849246231156 0.008333333333333333 0.020938023450586266
23 0.8278645833333333 0.38651591289782244 0.0078125 0.020938023450586266
4 0.8200520833333333 0.38860971524288107 0.008854166666666666 0.020100502512562814
23 0.83515625 0.3860971524288107 0.007291666666666667 0.019262981574539362
23 0.8122395833333333 0.3907035175879397 0.007291666666666667 0.020100502512562814
23 0.5611979166666666 0.4334170854271357 0.011458333333333333 0.011725293132328308
23 0.5755208333333334 0.43090452261306533 0.011979166666666667 0.011725293132328308
23 0.7018229166666666 0.41457286432160806 0.0109375 0.010887772194304857
23 0.7231770833333333 0.41164154103852596 0.013020833333333334 0.007537688442211055
15 0.7895833333333333 0.402428810720268 0.028125 0.03433835845896147
23 0.5890625 0.4367671691792295 0.013541666666666667 0.011725293132328308
23 0.37786458333333334 0.47361809045226133 0.0109375 0.005862646566164154
15 0.8833333333333333 0.38819095477386933 0.029166666666666667 0.03015075376884422
23 0.3971354166666667 0.4719430485762144 0.0067708333333333336 0.01675041876046901
23 0.3893229166666667 0.4731993299832496 0.007291666666666667 0.017587939698492462
23 0.4127604166666667 0.47110552763819097 0.00625 0.01675041876046901
23 0.4200520833333333 0.46984924623115576 0.008333333333333333 0.01675041876046901
23 0.4049479166666667 0.4723618090452261 0.008854166666666666 0.019262981574539362
23 0.959375 0.3793969849246231 0.00625 0.018425460636515914
4 0.9505208333333334 0.38107202680067004 0.010416666666666666 0.022613065326633167
23 0.5697916666666667 0.44681742043551087 0.0140625 0.01340033500837521
23 0.7026041666666667 0.4271356783919598 0.011458333333333333 0.008375209380234505
23 0.7234375 0.4242043551088777 0.0125 0.010050251256281407
7 0.22890625 0.5121440536013401 0.27239583333333334 0.09547738693467336
23 0.7567708333333333 0.423785594639866 0.008333333333333333 0.017587939698492462
23 0.765625 0.4221105527638191 0.0078125 0.018425460636515914
4 0.06901041666666667 0.5418760469011725 0.0078125 0.020938023450586266
15 0.041666666666666664 0.5481574539363484 0.018229166666666668 0.04355108877721943
15 0.010677083333333334 0.554857621440536 0.021354166666666667 0.046063651591289785
23 0.70390625 0.43927973199329984 0.011458333333333333 0.011725293132328308
23 0.7247395833333333 0.4367671691792295 0.0109375 0.009212730318257957
4 0.046875 0.12102177554438862 0.013541666666666667 0.01340033500837521
4 0.37161458333333336 0.5083752093802345 0.011458333333333333 0.010887772194304857
23 0.7046875 0.4518425460636516 0.010416666666666666 0.007537688442211055
4 0.033854166666666664 0.12311557788944724 0.014583333333333334 0.01423785594639866
23 0.7265625 0.45058626465661644 0.011979166666666667 0.010887772194304857
23 0.9557291666666666 0.4154103852596315 0.007291666666666667 0.021775544388609715
15 0.49453125 0.4949748743718593 0.06302083333333333 0.13149078726968175
4 0.5364583333333334 0.48785594639866 0.013020833333333334 0.011725293132328308
23 0.16692708333333334 0.5544388609715243 0.0140625 0.011725293132328308
4 0.18229166666666666 0.551926298157454 0.0125 0.011725293132328308
4 0.7057291666666666 0.4669179229480737 0.013541666666666667 0.01256281407035176
23 0.7260416666666667 0.4635678391959799 0.011458333333333333 0.008375209380234505
4 0.03671875 0.5850083752093802 0.0125 0.010050251256281407
23 0.009895833333333333 0.5912897822445561 0.013541666666666667 0.01340033500837521
4 0.10026041666666667 0.5791457286432161 0.0078125 0.019262981574539362
23 0.72734375 0.47571189279731996 0.011458333333333333 0.011725293132328308
23 0.7059895833333333 0.4794807370184255 0.011458333333333333 0.010050251256281407
4 0.8127604166666667 0.4631490787269682 0.0078125 0.019262981574539362
4 0.865625 0.45435510887772196 0.00625 0.019262981574539362
23 0.85703125 0.4564489112227806 0.0078125 0.020938023450586266
4 0.76953125 0.4719430485762144 0.007291666666666667 0.021775544388609715
4 0.45078125 0.525963149078727 0.014583333333333334 0.01340033500837521
4 0.14479166666666668 0.5778894472361809 0.007291666666666667 0.020938023450586266
4 0.12630208333333334 0.5824958123953099 0.008333333333333333 0.020100502512562814
4 0.153125 0.5778894472361809 0.007291666666666667 0.020100502512562814
23 0.16927083333333334 0.5753768844221105 0.007291666666666667 0.017587939698492462
23 0.058333333333333334 0.5946398659966499 0.0125 0.010887772194304857
4 0.1609375 0.5774706867671692 0.007291666666666667 0.018425460636515914
23 0.03723958333333333 0.5992462311557789 0.013541666666666667 0.010887772194304857
4 0.01796875 0.6025963149078727 0.013020833333333334 0.011725293132328308
23 0.203125 0.5737018425460636 0.011458333333333333 0.01256281407035176
23 0.728125 0.48743718592964824 0.010416666666666666 0.009212730318257957
23 0.7072916666666667 0.49120603015075376 0.013541666666666667 0.01256281407035176
15 0.8869791666666667 0.46063651591289784 0.030208333333333334 0.031825795644891124
15 0.8359375 0.4702680067001675 0.027604166666666666 0.02931323283082077
23 0.18984375 0.5795644891122278 0.011979166666666667 0.01256281407035176
15 0.79140625 0.4803182579564489 0.03229166666666667 0.03098827470686767
23 0.03854166666666667 0.6118090452261307 0.013020833333333334 0.009212730318257957
23 0.5356770833333333 0.5326633165829145 0.0067708333333333336 0.018425460636515914
4 0.5513020833333333 0.5301507537688442 0.0067708333333333336 0.017587939698492462
23 0.7294270833333333 0.5008375209380235 0.011458333333333333 0.011725293132328308
4 0.5434895833333333 0.5322445561139029 0.008333333333333333 0.018425460636515914
4 0.08984375 0.6122278056951423 0.0078125 0.020100502512562814
4 0.03984375 0.6239530988274706 0.013541666666666667 0.011725293132328308
23 0.709375 0.5159128978224455 0.0125 0.010887772194304857
4 0.44895833333333335 0.5607202680067002 0.0125 0.010050251256281407
23 0.5815104166666667 0.5385259631490787 0.014583333333333334 0.01256281407035176
23 0.9604166666666667 0.47613065326633164 0.009375 0.021775544388609715
15 0.016666666666666666 0.6365159128978225 0.0203125 0.04271356783919598
15 0.061197916666666664 0.6298157453936348 0.022395833333333334 0.04355108877721943
4 0.39453125 0.5766331658291457 0.0125 0.011725293132328308
23 0.8526041666666667 0.5033500837520938 0.008333333333333333 0.019262981574539362
23 0.7299479166666667 0.5251256281407035 0.014583333333333334 0.01256281407035176
23 0.7104166666666667 0.5284757118927973 0.011458333333333333 0.010050251256281407
23 0.7953125 0.5150753768844221 0.0078125 0.018425460636515914
4 0.8130208333333333 0.5121440536013401 0.0078125 0.018425460636515914
23 0.8283854166666667 0.509212730318258 0.007291666666666667 0.020938023450586266
23 0.8440104166666667 0.5067001675041876 0.008333333333333333 0.017587939698492462
23 0.871875 0.5020938023450586 0.0078125 0.017587939698492462
23 0.7875 0.5163316582914573 0.007291666666666667 0.022613065326633167
23 0.8361979166666667 0.5087939698492462 0.0078125 0.018425460636515914
23 0.8208333333333333 0.5113065326633166 0.0067708333333333336 0.019262981574539362
23 0.8643229166666667 0.5041876046901173 0.0067708333333333336 0.019262981574539362
23 0.8036458333333333 0.5150753768844221 0.00625 0.01507537688442211