7 0.9469246031746031 0.3265864332603939 0.08035714285714286 0.14770240700218817
7 0.31547619047619047 0.04649890590809628 0.07341269841269842 0.09299781181619256
7 0.7715773809523809 0.2412472647702407 0.0744047619047619 0.1586433260393873
23 0.7318948412698413 0.23851203501094093 0.006944444444444444 0.024070021881838075
23 0.7361111111111112 0.24179431072210067 0.00744047619047619 0.022975929978118162
23 0.8058035714285714 0.2861050328227571 0.006448412698412698 0.02188183807439825
23 0.8095238095238095 0.2899343544857768 0.005952380952380952 0.02516411378555799
23 0.8030753968253969 0.3057986870897155 0.006448412698412698 0.0175054704595186
23 0.808531746031746 0.3085339168490153 0.005456349206349206 0.0175054704595186
23 0.7157738095238095 0.2647702407002188 0.008928571428571428 0.015317286652078774
23 0.6989087301587301 0.25547045951859954 0.00992063492063492 0.015317286652078774
23 0.6882440476190477 0.24945295404814005 0.007936507936507936 0.015317286652078774
23 0.6783234126984127 0.24726477024070023 0.008928571428571428 0.01312910284463895
23 0.8928571428571429 0.3676148796498906 0.005456349206349206 0.0175054704595186
23 0.8874007936507936 0.36597374179431075 0.005456349206349206 0.019693654266958426
23 0.6537698412698413 0.23851203501094093 0.006448412698412698 0.02188183807439825
4 0.6488095238095238 0.23687089715536105 0.005952380952380952 0.02188183807439825
23 0.8797123015873016 0.3648796498905908 0.010416666666666666 0.0175054704595186
23 0.8010912698412699 0.3227571115973742 0.00496031746031746 0.0175054704595186
23 0.7073412698412699 0.2713347921225383 0.00744047619047619 0.010940919037199124
23 0.6877480158730159 0.26258205689277897 0.00992063492063492 0.014223194748358862
23 0.6989087301587301 0.2685995623632385 0.008928571428571428 0.016411378555798686
23 0.7767857142857143 0.31291028446389496 0.008928571428571428 0.01312910284463895
23 0.8060515873015873 0.3287746170678337 0.005952380952380952 0.0175054704595186
23 0.6760912698412699 0.2576586433260394 0.00992063492063492 0.015317286652078774
4 0.8142361111111112 0.3336980306345733 0.008928571428571428 0.012035010940919038
23 0.8606150793650794 0.3588621444201313 0.00744047619047619 0.019693654266958426
23 0.8653273809523809 0.362691466083151 0.006448412698412698 0.018599562363238512
23 0.6684027777777778 0.25437636761487964 0.006944444444444444 0.014223194748358862
23 0.7934027777777778 0.32330415754923414 0.00744047619047619 0.010940919037199124
23 0.6614583333333334 0.2527352297592998 0.00992063492063492 0.0175054704595186
23 0.705109126984127 0.28227571115973743 0.005952380952380952 0.01312910284463895
23 0.6862599206349206 0.27297592997811815 0.00992063492063492 0.01312910284463895
4 0.8249007936507936 0.34956236323851203 0.013888888888888888 0.038293216630196934
4 0.8373015873015873 0.3599562363238512 0.006944444444444444 0.020787746170678335
15 0.7259424603174603 0.30087527352297594 0.03373015873015873 0.05579868708971553
4 0.6986607142857143 0.2855579868708972 0.006944444444444444 0.02188183807439825
4 0.6937003968253969 0.2828227571115974 0.00744047619047619 0.019693654266958426
23 0.7048611111111112 0.2926695842450766 0.00744047619047619 0.009846827133479213
4 0.6572420634920635 0.27078774617067836 0.010912698412698412 0.0175054704595186
23 0.5190972222222222 0.20021881838074398 0.00992063492063492 0.009846827133479213
23 0.5101686507936508 0.19693654266958424 0.006944444444444444 0.010940919037199124
23 0.5002480158730159 0.19091903719912473 0.009424603174603174 0.01312910284463895
23 0.4898313492063492 0.18654266958424506 0.007936507936507936 0.012035010940919038
4 0.7041170634920635 0.3041575492341357 0.00992063492063492 0.01312910284463895
23 0.527281746031746 0.20842450765864332 0.010416666666666666 0.01312910284463895
15 0.800843253968254 0.3588621444201313 0.03273809523809524 0.05689277899343545
23 0.4806547619047619 0.18271334792122537 0.009424603174603174 0.0175054704595186
23 0.45262896825396826 0.16849015317286653 0.008928571428571428 0.015317286652078774
23 0.4618055555555556 0.17341356673960612 0.010416666666666666 0.014223194748358862
23 0.470734126984127 0.17943107221006566 0.008432539682539682 0.01312910284463895
4 0.8712797619047619 0.399890590809628 0.016865079365079364 0.02735229759299781
4 0.3864087301587302 0.1351203501094092 0.01240079365079365 0.016411378555798686
4 0.40922619047619047 0.1487964989059081 0.014384920634920634 0.018599562363238512
4 0.43700396825396826 0.1652078774617068 0.015376984126984126 0.024070021881838075
23 0.5481150793650794 0.2275711159737418 0.008928571428571428 0.014223194748358862
23 0.517609126984127 0.21334792122538293 0.007936507936507936 0.010940919037199124
23 0.5267857142857143 0.21827133479212255 0.008432539682539682 0.012035010940919038
23 0.5084325396825397 0.20787746170678337 0.007936507936507936 0.010940919037199124
23 0.4992559523809524 0.20404814004376368 0.008928571428571428 0.01312910284463895
23 0.5545634920634921 0.23468271334792123 0.005952380952380952 0.018599562363238512
23 0.9900793650793651 0.47428884026258206 0.005952380952380952 0.018599562363238512
23 0.9947916666666666 0.4775711159737418 0.006448412698412698 0.022975929978118162
23 0.45188492063492064 0.17943107221006566 0.009424603174603174 0.015317286652078774
23 0.47941468253968256 0.19420131291028447 0.009424603174603174 0.014223194748358862
4 0.4697420634920635 0.18927789934354486 0.009424603174603174 0.014223194748358862
23 0.24330357142857142 0.06564551422319474 0.012896825396825396 0.019693654266958426
23 0.28918650793650796 0.09080962800875274 0.006448412698412698 0.019693654266958426
4 0.421875 0.1652078774617068 0.009424603174603174 0.012035010940919038
23 0.4915674603174603 0.20459518599562362 0.005952380952380952 0.018599562363238512
4 0.6436011904761905 0.2882932166301969 0.007936507936507936 0.022975929978118162
4 0.48660714285714285 0.20295404814004375 0.005952380952380952 0.019693654266958426
4 0.6530257936507936 0.29431072210065645 0.00744047619047619 0.02516411378555799
23 0.546875 0.23851203501094093 0.00744047619047619 0.012035010940919038
23 0.5066964285714286 0.21827133479212255 0.00992063492063492 0.01312910284463895
4 0.5701884920634921 0.25547045951859954 0.0248015873015873 0.04923413566739606
4 0.2418154761904762 0.07494529540481401 0.011904761904761904 0.016411378555798686
23 0.4779265873015873 0.2062363238512035 0.008928571428571428 0.012035010940919038
23 0.1909722222222222 0.04923413566739606 0.011408730158730158 0.018599562363238512
4 0.43080357142857145 0.18107221006564553 0.009424603174603174 0.01312910284463895
23 0.4412202380952381 0.18708971553610504 0.008928571428571428 0.01312910284463895
23 0.4211309523809524 0.17560175054704596 0.00992063492063492 0.01312910284463895
30 0.3960813492063492 0.16192560175054704 0.01240079365079365 0.018599562363238512
30 0.4089781746031746 0.1701312910284464 0.013888888888888888 0.018599562363238512
4 0.8648313492063492 0.4206783369803063 0.010416666666666666 0.014223194748358862
4 0.513640873015873 0.22921225382932167 0.007936507936507936 0.024070021881838075
4 0.3841765873015873 0.1586433260393873 0.011408730158730158 0.014223194748358862
4 0.4947916666666667 0.21991247264770242 0.005952380952380952 0.018599562363238512
23 0.5223214285714286 0.23468271334792123 0.007936507936507936 0.019693654266958426
23 0.49950396825396826 0.2237417943107221 0.00496031746031746 0.0175054704595186
30 0.5317460317460317 0.2412472647702407 0.011904761904761904 0.015317286652078774
23 0.5528273809523809 0.2538293216630197 0.005952380952380952 0.018599562363238512
4 0.1902281746031746 0.05579868708971553 0.008928571428571428 0.010940919037199124
4 0.8082837301587301 0.3966083150984683 0.011904761904761904 0.014223194748358862
4 0.4771825396825397 0.21444201312910285 0.010416666666666666 0.014223194748358862
23 0.4871031746031746 0.2210065645514223 0.008928571428571428 0.015317286652078774
23 0.20734126984126985 0.06838074398249452 0.010416666666666666 0.015317286652078774
23 0.43973214285714285 0.1963894967177243 0.007936507936507936 0.012035010940919038
23 0.4290674603174603 0.19146608315098468 0.010416666666666666 0.01312910284463895
23 0.4193948412698413 0.18599562363238512 0.00992063492063492 0.014223194748358862
30 0.5441468253968254 0.25820568927789933 0.010416666666666666 0.028446389496717725
23 0.9360119047619048 0.47811816192560175 0.00992063492063492 0.014223194748358862
23 0.18898809523809523 0.06728665207877461 0.00992063492063492 0.0175054704595186
4 0.9191468253968254 0.4688183807439825 0.006448412698412698 0.020787746170678335
23 0.9285714285714286 0.47538293216630195 0.006944444444444444 0.02188183807439825
15 0.8373015873015873 0.425054704595186 0.051587301587301584 0.11269146608315099
23 0.5186011904761905 0.25 0.00992063492063492 0.016411378555798686
23 0.5530753968253969 0.2696936542669584 0.008928571428571428 0.010940919037199124
23 0.43898809523809523 0.20842450765864332 0.008928571428571428 0.015317286652078774
23 0.40228174603174605 0.18927789934354486 0.00992063492063492 0.015317286652078774
23 0.3923611111111111 0.18599562363238512 0.00992063492063492 0.016411378555798686
23 0.732390873015873 0.3796498905908096 0.008432539682539682 0.01312910284463895
23 0.7415674603174603 0.38457330415754926 0.007936507936507936 0.010940919037199124
23 0.7232142857142857 0.37472647702407 0.009424603174603174 0.012035010940919038
23 0.43700396825396826 0.21936542669584244 0.00992063492063492 0.014223194748358862
23 0.75 0.3916849015317287 0.006448412698412698 0.018599562363238512
15 0.4573412698412698 0.23085339168490154 0.027777777777777776 0.07221006564551423
23 0.7408234126984127 0.3955142231947484 0.009424603174603174 0.015317286652078774
23 0.7311507936507936 0.3916849015317287 0.007936507936507936 0.009846827133479213
23 0.722718253968254 0.38785557986870894 0.00992063492063492 0.012035010940919038
23 0.43625992063492064 0.2314004376367615 0.007936507936507936 0.012035010940919038
23 0.8097718253968254 0.43708971553610504 0.010416666666666666 0.016411378555798686
23 0.705109126984127 0.3851203501094092 0.005456349206349206 0.02188183807439825
23 0.6954365079365079 0.38074398249452956 0.005952380952380952 0.0175054704595186
23 0.7098214285714286 0.3900437636761488 0.005456349206349206 0.0175054704595186
23 0.7001488095238095 0.38457330415754926 0.006448412698412698 0.02188183807439825
23 0.7661210317460317 0.4206783369803063 0.008928571428571428 0.014223194748358862
23 0.6904761904761905 0.37910284463894967 0.005456349206349206 0.0175054704595186
23 0.7140376984126984 0.39223194748358864 0.00496031746031746 0.0175054704595186
23 0.6470734126984127 0.35667396061269147 0.006448412698412698 0.0175054704595186
23 0.7529761904761905 0.41466083150984684 0.005456349206349206 0.018599562363238512
23 0.6651785714285714 0.3687089715536105 0.006448412698412698 0.0175054704595186
23 0.6574900793650794 0.36433260393873085 0.008928571428571428 0.01312910284463895
23 0.9052579365079365 0.5016411378555798 0.008928571428571428 0.01312910284463895
23 0.7276785714285714 0.40426695842450766 0.006448412698412698 0.0175054704595186
23 0.4350198412698413 0.2434354485776805 0.008432539682539682 0.01312910284463895
23 0.7313988095238095 0.4075492341356674 0.005456349206349206 0.015317286652078774
23 0.7182539682539683 0.40043763676148797 0.005456349206349206 0.015317286652078774
23 0.7371031746031746 0.4102844638949672 0.006944444444444444 0.016411378555798686
23 0.7224702380952381 0.4037199124726477 0.005456349206349206 0.0175054704595186
23 0.6691468253968254 0.3785557986870897 0.005952380952380952 0.018599562363238512
15 0.9203869047619048 0.5169584245076586 0.024305555555555556 0.0700218818380744
23 0.765625 0.43435448577680524 0.007936507936507936 0.012035010940919038
23 0.6731150793650794 0.38457330415754926 0.006448412698412698 0.018599562363238512
23 0.9035218253968254 0.5120350109409191 0.010416666666666666 0.014223194748358862
15 0.7864583333333334 0.44803063457330417 0.02976190476190476 0.06455142231947483
23 0.6840277777777778 0.3916849015317287 0.00496031746031746 0.016411378555798686
23 0.6783234126984127 0.38840262582056895 0.005456349206349206 0.014223194748358862
23 0.43452380952380953 0.25547045951859954 0.008928571428571428 0.01312910284463895
4 0.6520337301587301 0.3774617067833698 0.007936507936507936 0.019693654266958426
23 0.8648313492063492 0.49671772428884026 0.008928571428571428 0.015317286652078774
23 0.8556547619047619 0.49179431072210067 0.009424603174603174 0.015317286652078774
4 0.6934523809523809 0.4020787746170678 0.005952380952380952 0.018599562363238512
23 0.8102678571428571 0.46772428884026257 0.005456349206349206 0.0175054704595186
4 0.6884920634920635 0.4009846827133479 0.006944444444444444 0.02188183807439825
4 0.6971726190476191 0.40536105032822756 0.005952380952380952 0.020787746170678335
4 0.7073412698412699 0.41083150984682715 0.00496031746031746 0.0175054704595186
4 0.6587301587301587 0.38457330415754926 0.005952380952380952 0.019693654266958426
23 0.8050595238095238 0.4649890590809628 0.005952380952380952 0.018599562363238512
4 0.7115575396825397 0.41466083150984684 0.006448412698412698 0.020787746170678335
4 0.7023809523809523 0.4102844638949672 0.00496031746031746 0.0175054704595186
4 0.8263888888888888 0.4786652078774617 0.006448412698412698 0.022975929978118162
23 0.8147321428571429 0.4737417943107221 0.006448412698412698 0.020787746170678335
23 0.8201884920634921 0.4764770240700219 0.005952380952380952 0.020787746170678335
4 0.7299107142857143 0.42778993435448576 0.006944444444444444 0.020787746170678335
4 0.7160218253968254 0.4212253829321663 0.005952380952380952 0.018599562363238512
4 0.6624503968253969 0.39223194748358864 0.005952380952380952 0.020787746170678335
4 0.7202380952380952 0.425054704595186 0.005456349206349206 0.0175054704595186
4 0.7249503968253969 0.4272428884026258 0.006448412698412698 0.015317286652078774
4 0.7346230158730159 0.4327133479212254 0.006448412698412698 0.020787746170678335
4 0.7624007936507936 0.44912472647702406 0.010912698412698412 0.016411378555798686
4 0.6669146825396826 0.39879649890590807 0.005456349206349206 0.019693654266958426
23 0.9015376984126984 0.5300875273522976 0.00992063492063492 0.01312910284463895
23 0.8459821428571429 0.5010940919037199 0.009424603174603174 0.014223194748358862
4 0.9595734126984127 0.5645514223194749 0.00744047619047619 0.02516411378555799
4 0.6706349206349206 0.40536105032822756 0.00496031746031746 0.019693654266958426
23 0.8536706349206349 0.5060175054704595 0.00496031746031746 0.016411378555798686
4 0.675843253968254 0.4097374179431072 0.005456349206349206 0.020787746170678335
4 0.6800595238095238 0.41301969365426694 0.005456349206349206 0.0175054704595186
23 0.8623511904761905 0.5142231947483589 0.005952380952380952 0.018599562363238512
23 0.857390873015873 0.512582056892779 0.006944444444444444 0.020787746170678335
23 0.9007936507936508 0.5399343544857768 0.009424603174603174 0.01312910284463895
4 0.8812003968253969 0.5289934354485777 0.012896825396825396 0.038293216630196934
4 0.871031746031746 0.524617067833698 0.01240079365079365 0.038293216630196934
23 0.9372519841269841 0.562363238512035 0.006944444444444444 0.020787746170678335
23 0.9322916666666666 0.5596280087527352 0.00744047619047619 0.02188183807439825
23 0.6860119047619048 0.42396061269146607 0.005952380952380952 0.020787746170678335
4 0.652281746031746 0.4102844638949672 0.007936507936507936 0.019693654266958426
23 0.8447420634920635 0.5169584245076586 0.005952380952380952 0.019693654266958426
23 0.8578869047619048 0.5268052516411379 0.00992063492063492 0.010940919037199124
23 0.9697420634920635 0.5913566739606126 0.008928571428571428 0.0175054704595186
23 0.9776785714285714 0.5968271334792122 0.010416666666666666 0.014223194748358862
4 0.7172619047619048 0.45568927789934355 0.005456349206349206 0.019693654266958426
4 0.7224702380952381 0.4589715536105033 0.004464285714285714 0.019693654266958426
4 0.6145833333333334 0.40043763676148797 0.015376984126984126 0.018599562363238512
4 0.7095734126984127 0.4551422319474836 0.009424603174603174 0.01312910284463895
4 0.5992063492063492 0.3966083150984683 0.015376984126984126 0.019693654266958426
4 0.683531746031746 0.44529540481400437 0.00496031746031746 0.0175054704595186
23 0.6748511904761905 0.4414660831509847 0.00744047619047619 0.018599562363238512
4 0.9575892857142857 0.5984682713347921 0.015873015873015872 0.04157549234135667
15 0.2361111111111111 0.2024070021881838 0.060515873015873016 0.09409190371991247
4 0.5674603174603174 0.387308533916849 0.01240079365079365 0.0175054704595186
4 0.5540674603174603 0.38293216630196936 0.01488095238095238 0.018599562363238512
15 0.9702380952380952 0.6143326039387309 0.017361111111111112 0.02954048140043764
4 0.6369047619047619 0.43216630196936545 0.010912698412698412 0.02516411378555799
4 0.18700396825396826 0.18490153172866522 0.010912698412698412 0.015317286652078774
4 0.9890873015873016 0.6280087527352297 0.020833333333333332 0.05689277899343545
4 0.7130456349206349 0.474835886214442 0.006944444444444444 0.02188183807439825
23 0.5434027777777778 0.38293216630196936 0.006448412698412698 0.020787746170678335
23 0.5337301587301587 0.3774617067833698 0.005952380952380952 0.02188183807439825
4 0.5386904761904762 0.38019693654266956 0.005456349206349206 0.020787746170678335
23 0.7078373015873016 0.47428884026258206 0.008432539682539682 0.022975929978118162
30 0.8606150793650794 0.561816192560175 0.013392857142857142 0.018599562363238512
30 0.8382936507936508 0.5508752735229759 0.00992063492063492 0.028446389496717725
4 0.71875 0.4863238512035011 0.006448412698412698 0.020787746170678335
4 0.6733630952380952 0.46225382932166303 0.00744047619047619 0.02516411378555799
4 0.6808035714285714 0.4660831509846827 0.00496031746031746 0.016411378555798686
23 0.8459821428571429 0.5596280087527352 0.00744047619047619 0.020787746170678335
4 0.5518353174603174 0.3977024070021882 0.012896825396825396 0.016411378555798686
4 0.6192956349206349 0.4349015317286652 0.008432539682539682 0.020787746170678335
23 0.8504464285714286 0.561816192560175 0.006448412698412698 0.019693654266958426
4 0.5952380952380952 0.42286652078774617 0.005952380952380952 0.019693654266958426
23 0.9556051587301587 0.6208971553610503 0.010912698412698412 0.0175054704595186
4 0.605406746031746 0.43161925601750545 0.009424603174603174 0.010940919037199124
7 0.1001984126984127 0.2592997811816193 0.2003968253968254 0.5185995623632386
4 0.19866071428571427 0.2089715536105033 0.01636904761904762 0.02735229759299781
23 0.8705357142857143 0.5787746170678337 0.009424603174603174 0.016411378555798686
23 0.8794642857142857 0.5847921225382933 0.00992063492063492 0.016411378555798686
23 0.42063492063492064 0.3347921225382932 0.010912698412698412 0.018599562363238512
4 0.4330357142857143 0.3413566739606127 0.013392857142857142 0.0175054704595186
4 0.5875496031746031 0.4261487964989059 0.007936507936507936 0.03172866520787746
23 0.4114583333333333 0.3293216630196937 0.010912698412698412 0.018599562363238512
23 0.53125 0.399890590809628 0.005456349206349206 0.018599562363238512
23 0.5409226190476191 0.40536105032822756 0.006448412698412698 0.022975929978118162
23 0.1644345238095238 0.19912472647702406 0.006448412698412698 0.022975929978118162
4 0.5359623015873016 0.4037199124726477 0.006448412698412698 0.022975929978118162
23 0.47445436507936506 0.3730853391684901 0.006448412698412698 0.020787746170678335
23 0.4697420634920635 0.3703501094091904 0.006944444444444444 0.020787746170678335
4 0.46478174603174605 0.3687089715536105 0.005952380952380952 0.018599562363238512
4 0.9756944444444444 0.650984682713348 0.007936507936507936 0.022975929978118162
4 0.45907738095238093 0.36925601750547044 0.008432539682539682 0.03172866520787746
23 0.2740575396825397 0.2696936542669584 0.006448412698412698 0.019693654266958426
23 0.26959325396825395 0.2675054704595186 0.005952380952380952 0.02188183807439825
23 0.16517857142857142 0.21553610503282275 0.008928571428571428 0.012035010940919038
23 0.45163690476190477 0.37527352297593 0.006448412698412698 0.022975929978118162
4 0.41121031746031744 0.35393873085339167 0.009424603174603174 0.0350109409190372
4 0.2490079365079365 0.2685995623632385 0.011904761904761904 0.015317286652078774
23 0.466765873015873 0.39059080962800874 0.006944444444444444 0.019693654266958426
23 0.4722222222222222 0.39332603938730853 0.006448412698412698 0.018599562363238512
4 0.46279761904761907 0.38949671772428884 0.006944444444444444 0.019693654266958426
4 0.2482638888888889 0.27571115973741794 0.010912698412698412 0.0175054704595186
23 0.16294642857142858 0.23030634573304157 0.009424603174603174 0.01312910284463895
30 0.9632936507936508 0.6712253829321663 0.017361111111111112 0.047045951859956234
23 0.8638392857142857 0.6176148796498906 0.008928571428571428 0.01312910284463895
23 0.8551587301587301 0.6143326039387309 0.00992063492063492 0.014223194748358862
23 0.45461309523809523 0.3982494529540481 0.00496031746031746 0.019693654266958426
4 0.4494047619047619 0.3955142231947484 0.006448412698412698 0.022975929978118162
23 0.8546626984126984 0.6241794310722101 0.009424603174603174 0.01312910284463895
23 0.15947420634920634 0.24179431072210067 0.006944444444444444 0.019693654266958426
23 0.8635912698412699 0.6312910284463895 0.00992063492063492 0.015317286652078774
4 0.40625 0.3796498905908096 0.010416666666666666 0.014223194748358862
15 0.9159226190476191 0.6646608315098468 0.0441468253968254 0.07986870897155361
4 0.5828373015873016 0.4824945295404814 0.00992063492063492 0.016411378555798686
4 0.2914186507936508 0.32439824945295404 0.007936507936507936 0.019693654266958426
4 0.46403769841269843 0.4206783369803063 0.008928571428571428 0.03282275711159737
4 0.2874503968253968 0.32330415754923414 0.005952380952380952 0.019693654266958426
4 0.29737103174603174 0.3298687089715536 0.008432539682539682 0.022975929978118162
4 0.30158730158730157 0.3320568927789934 0.009424603174603174 0.022975929978118162
4 0.27232142857142855 0.3172866520787746 0.01488095238095238 0.019693654266958426
23 0.5071924603174603 0.44638949671772427 0.008432539682539682 0.01312910284463895
23 0.45262896825396826 0.4163019693654267 0.005456349206349206 0.0175054704595186
4 0.4476686507936508 0.41466083150984684 0.00496031746031746 0.019693654266958426
23 0.45783730158730157 0.4206783369803063 0.005952380952380952 0.019693654266958426
23 0.1597222222222222 0.2587527352297593 0.008432539682539682 0.014223194748358862
4 0.2452876984126984 0.3068927789934354 0.011408730158730158 0.018599562363238512
4 0.9608134920634921 0.7024070021881839 0.014384920634920634 0.0175054704595186
23 0.5059523809523809 0.45678336980306344 0.008928571428571428 0.014223194748358862
4 0.2710813492063492 0.33260393873085337 0.011904761904761904 0.015317286652078774
4 0.2442956349206349 0.3189277899343545 0.011408730158730158 0.016411378555798686
4 0.8650793650793651 0.6613785557986871 0.006944444444444444 0.02188183807439825
23 0.2847222222222222 0.34190371991247265 0.005952380952380952 0.018599562363238512
23 0.28893849206349204 0.34463894967177244 0.006944444444444444 0.024070021881838075
4 0.8702876984126984 0.6652078774617067 0.006944444444444444 0.020787746170678335
23 0.2931547619047619 0.3479212253829322 0.006448412698412698 0.020787746170678335
23 0.3033234126984127 0.3533916849015317 0.007936507936507936 0.020787746170678335
23 0.29836309523809523 0.3517505470459519 0.006448412698412698 0.0175054704595186
4 0.2795138888888889 0.3424507658643326 0.006944444444444444 0.022975929978118162
23 0.9605654761904762 0.7171772428884027 0.00992063492063492 0.015317286652078774
23 0.9516369047619048 0.7144420131291028 0.010912698412698412 0.015317286652078774
23 0.2951388888888889 0.362691466083151 0.011408730158730158 0.016411378555798686
4 0.9347718253968254 0.7155361050328227 0.01240079365079365 0.015317286652078774
4 0.4568452380952381 0.4524070021881838 0.005456349206349206 0.020787746170678335
23 0.2837301587301587 0.35940919037199126 0.010416666666666666 0.015317286652078774
4 0.44990079365079366 0.45568927789934355 0.008432539682539682 0.03172866520787746
23 0.39632936507936506 0.4272428884026258 0.008432539682539682 0.02516411378555799
15 0.22842261904761904 0.33698030634573306 0.039186507936507936 0.16192560175054704
23 0.9330357142857143 0.725929978118162 0.00992063492063492 0.015317286652078774
4 0.9605654761904762 0.7407002188183808 0.008432539682539682 0.014223194748358862
15 0.20461309523809523 0.3265864332603939 0.036210317460317464 0.15536105032822758
4 0.3841765873015873 0.43052516411378555 0.010416666666666666 0.03172866520787746
23 0.1736111111111111 0.3172866520787746 0.011408730158730158 0.015317286652078774
4 0.3132440476190476 0.3938730853391685 0.00992063492063492 0.028446389496717725
23 0.4595734126984127 0.47428884026258206 0.004464285714285714 0.019693654266958426
23 0.455109126984127 0.47319474835886216 0.003968253968253968 0.016411378555798686
4 0.44246031746031744 0.4660831509846827 0.005456349206349206 0.019693654266958426
4 0.43179563492063494 0.4611597374179431 0.00496031746031746 0.016411378555798686
4 0.9590773809523809 0.7527352297592997 0.00992063492063492 0.01312910284463895
23 0.9312996031746031 0.737417943107221 0.008432539682539682 0.010940919037199124
23 0.43700396825396826 0.4655361050328228 0.007936507936507936 0.020787746170678335
23 0.8107638888888888 0.6728665207877462 0.006448412698412698 0.02188183807439825
4 0.25148809523809523 0.36925601750547044 0.007936507936507936 0.024070021881838075
23 0.1654265873015873 0.32166301969365424 0.008432539682539682 0.022975929978118162
23 0.15848214285714285 0.3200218818380744 0.00992063492063492 0.014223194748358862
23 0.8055555555555556 0.6772428884026258 0.00744047619047619 0.024070021881838075
23 0.9312996031746031 0.7461706783369803 0.010416666666666666 0.012035010940919038
23 0.17261904761904762 0.3298687089715536 0.010416666666666666 0.014223194748358862
4 0.9580853174603174 0.7620350109409191 0.010912698412698412 0.0175054704595186
4 0.39360119047619047 0.4551422319474836 0.005456349206349206 0.02188183807439825
15 0.9094742063492064 0.7385120350109409 0.029265873015873016 0.05798687089715536
23 0.2390873015873016 0.36980306345733044 0.010416666666666666 0.014223194748358862
4 0.31374007936507936 0.41192560175054704 0.010912698412698412 0.016411378555798686
23 0.3871527777777778 0.4535010940919037 0.005952380952380952 0.02188183807439825
23 0.453125 0.49015317286652077 0.006448412698412698 0.0175054704595186
4 0.4476686507936508 0.487964989059081 0.006448412698412698 0.022975929978118162
23 0.4575892857142857 0.49452954048140046 0.006448412698412698 0.0175054704595186
4 0.16121031746031747 0.33533916849015316 0.011904761904761904 0.018599562363238512
23 0.17137896825396826 0.34080962800875275 0.008928571428571428 0.016411378555798686
4 0.24603174603174602 0.38183807439824946 0.007936507936507936 0.024070021881838075
23 0.8110119047619048 0.6936542669584245 0.006448412698412698 0.02188183807439825
23 0.2378472222222222 0.38074398249452956 0.010416666666666666 0.014223194748358862
23 0.14930555555555555 0.33315098468271337 0.006944444444444444 0.019693654266958426
4 0.9275793650793651 0.7609409190371991 0.006448412698412698 0.022975929978118162
4 0.4412202380952381 0.49452954048140046 0.008432539682539682 0.02954048140043764
4 0.42956349206349204 0.4896061269146608 0.004464285714285714 0.016411378555798686
23 0.4340277777777778 0.49179431072210067 0.005952380952380952 0.0175054704595186
23 0.9459325396825397 0.7800875273522976 0.010912698412698412 0.0175054704595186
4 0.24925595238095238 0.3982494529540481 0.005456349206349206 0.0175054704595186
4 0.3913690476190476 0.4786652078774617 0.006448412698412698 0.022975929978118162
4 0.7633928571428571 0.6843544857768052 0.011904761904761904 0.0350109409190372
4 0.7956349206349206 0.7029540481400438 0.011904761904761904 0.015317286652078774
23 0.23859126984126985 0.3977024070021882 0.012896825396825396 0.0175054704595186
4 0.7413194444444444 0.675601750547046 0.010416666666666666 0.015317286652078774
4 0.7487599206349206 0.6821663019693655 0.006944444444444444 0.0262582056892779
4 0.7862103174603174 0.7035010940919038 0.01240079365079365 0.036105032822757115
23 0.42782738095238093 0.5087527352297593 0.006448412698412698 0.018599562363238512
4 0.4322916666666667 0.5114879649890591 0.006944444444444444 0.019693654266958426
15 0.2785218253968254 0.42778993435448576 0.06498015873015874 0.1422319474835886
4 0.7770337301587301 0.7029540481400438 0.006944444444444444 0.024070021881838075
4 0.8296130952380952 0.7319474835886215 0.010912698412698412 0.0175054704595186
23 0.23511904761904762 0.4059080962800875 0.008928571428571428 0.016411378555798686
4 0.2435515873015873 0.41301969365426694 0.009424603174603174 0.014223194748358862
23 0.14484126984126985 0.36214442013129106 0.006448412698412698 0.019693654266958426
15 0.6532738095238095 0.6449671772428884 0.19047619047619047 0.41466083150984684
23 0.23387896825396826 0.41575492341356673 0.010912698412698412 0.016411378555798686
4 0.24330357142857142 0.42286652078774617 0.010416666666666666 0.018599562363238512
23 0.3169642857142857 0.4682713347921225 0.00992063492063492 0.012035010940919038
4 0.21031746031746032 0.41301969365426694 0.00992063492063492 0.01312910284463895
4 0.9446924603174603 0.8167396061269147 0.031746031746031744 0.06345733041575492
23 0.30778769841269843 0.4688183807439825 0.009424603174603174 0.014223194748358862
4 0.5699404761904762 0.6137855579868708 0.00992063492063492 0.01312910284463895
4 0.2333829365079365 0.4288840262582057 0.012896825396825396 0.0175054704595186
23 0.24206349206349206 0.4349015317286652 0.010912698412698412 0.015317286652078774
23 0.4523809523809524 0.550328227571116 0.011408730158730158 0.02516411378555799
23 0.4427083333333333 0.5464989059080962 0.011904761904761904 0.02516411378555799
23 0.3162202380952381 0.4803063457330416 0.008928571428571428 0.012035010940919038
4 0.16493055555555555 0.3982494529540481 0.009424603174603174 0.028446389496717725
23 0.4330357142857143 0.5454048140043763 0.007936507936507936 0.02735229759299781
4 0.20907738095238096 0.4223194748358862 0.007936507936507936 0.010940919037199124
4 0.8360615079365079 0.7691466083150985 0.013392857142857142 0.04157549234135667
23 0.19990079365079366 0.4195842450765864 0.010416666666666666 0.015317286652078774
4 0.8955853174603174 0.8041575492341356 0.010912698412698412 0.016411378555798686
4 0.23214285714285715 0.44091903719912473 0.010416666666666666 0.01312910284463895
23 0.7943948412698413 0.75 0.010416666666666666 0.014223194748358862
23 0.30580357142857145 0.4824945295404814 0.010912698412698412 0.022975929978118162
23 0.24156746031746032 0.44693654266958427 0.010912698412698412 0.01312910284463895
23 0.19146825396825398 0.4206783369803063 0.006944444444444444 0.019693654266958426
23 0.18700396825396826 0.4190371991247265 0.006944444444444444 0.02188183807439825
4 0.7683531746031746 0.7401531728665208 0.005952380952380952 0.018599562363238512
4 0.19915674603174602 0.43052516411378555 0.00992063492063492 0.015317286652078774
23 0.30580357142857145 0.4912472647702407 0.008432539682539682 0.014223194748358862
4 0.7713293650793651 0.74945295404814 0.005952380952380952 0.015317286652078774
4 0.566468253968254 0.6449671772428884 0.011408730158730158 0.0175054704595186
4 0.7752976190476191 0.7598468271334792 0.009424603174603174 0.03391684901531729
23 0.19766865079365079 0.4420131291028446 0.010416666666666666 0.01312910284463895
4 0.30505952380952384 0.5021881838074398 0.00992063492063492 0.016411378555798686
15 0.40575396825396826 0.5656455142231948 0.04712301587301587 0.10284463894967177
4 0.23239087301587302 0.4699124726477024 0.010416666666666666 0.01312910284463895
4 0.2140376984126984 0.4600656455142232 0.009424603174603174 0.015317286652078774
23 0.22271825396825398 0.4649890590809628 0.007936507936507936 0.012035010940919038
4 0.9407242063492064 0.8610503282275711 0.013392857142857142 0.036105032822757115
23 0.2442956349206349 0.4775711159737418 0.008928571428571428 0.015317286652078774
23 0.26860119047619047 0.49452954048140046 0.005456349206349206 0.024070021881838075
23 0.2785218253968254 0.5010940919037199 0.006448412698412698 0.020787746170678335
4 0.9146825396825397 0.8512035010940919 0.03670634920634921 0.07768052516411379
23 0.2837301587301587 0.5038293216630197 0.005952380952380952 0.02188183807439825
4 0.7807539682539683 0.7784463894967177 0.008432539682539682 0.024070021881838075
4 0.26339285714285715 0.4950765864332604 0.007936507936507936 0.024070021881838075
4 0.2569444444444444 0.49288840262582057 0.007936507936507936 0.024070021881838075
23 0.2604166666666667 0.5158643326039387 0.006448412698412698 0.02516411378555799
4 0.25471230158730157 0.5164113785557987 0.008928571428571428 0.02735229759299781
23 0.751984126984127 0.7904814004376368 0.00744047619047619 0.020787746170678335
23 0.7554563492063492 0.8096280087527352 0.006448412698412698 0.016411378555798686
4 0.9052579365079365 0.9075492341356673 0.032242063492063495 0.0525164113785558
23 0.7346230158730159 0.8205689277899344 0.00744047619047619 0.024070021881838075
23 0.753968253968254 0.8315098468271335 0.007936507936507936 0.024070021881838075
23 0.7299107142857143 0.8178336980306345 0.00496031746031746 0.018599562363238512
23 0.7626488095238095 0.8358862144420132 0.00744047619047619 0.0262582056892779
23 0.7467757936507936 0.8271334792122538 0.006448412698412698 0.022975929978118162
4 0.7247023809523809 0.8178336980306345 0.006448412698412698 0.02188183807439825
4 0.9330357142857143 0.9332603938730853 0.010912698412698412 0.015317286652078774
4 0.9315476190476191 0.9425601750547046 0.010912698412698412 0.0175054704595186
23 0.7301587301587301 0.8419037199124726 0.006448412698412698 0.022975929978118162
4 0.8896329365079365 0.9294310722100656 0.006944444444444444 0.018599562363238512
4 0.7185019841269841 0.8364332603938731 0.005952380952380952 0.020787746170678335
23 0.7470238095238095 0.8522975929978118 0.007936507936507936 0.024070021881838075
23 0.7251984126984127 0.8413566739606126 0.006944444444444444 0.02188183807439825
15 0.8521825396825397 0.912472647702407 0.08234126984126984 0.13457330415754923
4 0.9305555555555556 0.9556892778993435 0.010912698412698412 0.01312910284463895
4 0.9290674603174603 0.9638949671772429 0.010912698412698412 0.0175054704595186
23 0.26264880952380953 0.6050328227571116 0.012896825396825396 0.0175054704595186
23 0.7185019841269841 0.8594091903719913 0.008432539682539682 0.01312910284463895
23 0.8869047619047619 0.9529540481400438 0.00744047619047619 0.020787746170678335
4 0.6830357142857143 0.8533916849015317 0.005952380952380952 0.020787746170678335
4 0.6485615079365079 0.8364332603938731 0.006448412698412698 0.018599562363238512
4 0.667906746031746 0.8473741794310722 0.00744047619047619 0.020787746170678335
4 0.6378968253968254 0.8315098468271335 0.00744047619047619 0.018599562363238512
4 0.6733630952380952 0.8512035010940919 0.006448412698412698 0.024070021881838075
4 0.2269345238095238 0.6055798687089715 0.014384920634920634 0.020787746170678335
4 0.5674603174603174 0.7932166301969366 0.006944444444444444 0.022975929978118162
4 0.20064484126984128 0.5924507658643327 0.017361111111111112 0.0262582056892779
4 0.6574900793650794 0.8435448577680525 0.008432539682539682 0.022975929978118162
4 0.6329365079365079 0.8304157549234136 0.006448412698412698 0.022975929978118162
23 0.8851686507936508 0.9688183807439825 0.007936507936507936 0.020787746170678335
23 0.6118551587301587 0.8183807439824945 0.004464285714285714 0.0175054704595186
23 0.6274801587301587 0.8282275711159738 0.006448412698412698 0.02188183807439825
23 0.6163194444444444 0.8222100656455142 0.006448412698412698 0.020787746170678335
23 0.607390873015873 0.8172866520787746 0.005952380952380952 0.018599562363238512
4 0.5974702380952381 0.812910284463895 0.00744047619047619 0.022975929978118162
4 0.6024305555555556 0.8156455142231948 0.006448412698412698 0.022975929978118162
23 0.6205357142857143 0.8254923413566739 0.006448412698412698 0.022975929978118162
4 0.9119543650793651 0.9792122538293216 0.033234126984126984 0.03938730853391685
4 0.22569444444444445 0.6198030634573304 0.015376984126984126 0.02188183807439825
4 0.17485119047619047 0.5940919037199125 0.010912698412698412 0.03172866520787746
23 0.6247519841269841 0.8473741794310722 0.006944444444444444 0.02188183807439825
4 0.7016369047619048 0.8960612691466083 0.006448412698412698 0.022975929978118162
4 0.7333829365079365 0.9146608315098468 0.006944444444444444 0.022975929978118162
4 0.2244543650793651 0.6351203501094091 0.013392857142857142 0.0175054704595186
23 0.7219742063492064 0.9108315098468271 0.011408730158730158 0.016411378555798686
23 0.17113095238095238 0.6132385120350109 0.01240079365079365 0.018599562363238512
4 0.22247023809523808 0.649343544857768 0.014384920634920634 0.02188183807439825
15 0.19444444444444445 0.6389496717724289 0.03968253968253968 0.08643326039387308
4 0.6867559523809523 0.9102844638949672 0.010416666666666666 0.01312910284463895
23 0.16989087301587302 0.6263676148796499 0.012896825396825396 0.018599562363238512
4 0.8313492063492064 0.9808533916849015 0.03571428571428571 0.036105032822757115
4 0.2214781746031746 0.6657549234135668 0.015873015873015872 0.022975929978118162
4 0.16517857142857142 0.6362144420131292 0.01240079365079365 0.016411378555798686
4 0.6857638888888888 0.9223194748358862 0.008928571428571428 0.015317286652078774
4 0.2197420634920635 0.6783369803063457 0.01488095238095238 0.020787746170678335
4 0.16245039682539683 0.6559080962800875 0.013888888888888888 0.022975929978118162
4 0.21875 0.6947483588621444 0.015376984126984126 0.02188183807439825
15 0.7110615079365079 0.9567833698030634 0.05803571428571429 0.08424507658643327
23 0.6728670634920635 0.9480306345733042 0.009424603174603174 0.015317286652078774
23 0.6631944444444444 0.9507658643326039 0.011408730158730158 0.016411378555798686
4 0.6783234126984127 0.9655361050328227 0.00744047619047619 0.0175054704595186
4 0.7408234126984127 0.9978118161925602 0.009424603174603174 0.002188183807439825
4 0.6822916666666666 0.9715536105032823 0.006944444444444444 0.0262582056892779
4 0.5783730158730159 0.9195842450765864 0.005952380952380952 0.02188183807439825
4 0.5719246031746031 0.9173960612691466 0.00744047619047619 0.024070021881838075
4 0.5243055555555556 0.8944201312910285 0.006448412698412698 0.022975929978118162
4 0.53125 0.8982494529540481 0.006944444444444444 0.0262582056892779
4 0.6922123015873016 0.9961706783369803 0.013392857142857142 0.005470459518599562
4 0.4126984126984127 0.8512035010940919 0.00992063492063492 0.03282275711159737
23 0.4466765873015873 0.8730853391684902 0.006944444444444444 0.022975929978118162
23 0.4174107142857143 0.8594091903719913 0.006448412698412698 0.022975929978118162
23 0.3365575396825397 0.8161925601750547 0.00744047619047619 0.019693654266958426
23 0.3256448412698413 0.8112691466083151 0.007936507936507936 0.022975929978118162
23 0.3306051587301587 0.8140043763676149 0.00744047619047619 0.020787746170678335
23 0.34598214285714285 0.8233041575492341 0.008432539682539682 0.02188183807439825
23 0.3410218253968254 0.8205689277899344 0.005456349206349206 0.0175054704595186
7 0.8628472222222222 0.26641137855579866 0.07936507936507936 0.14989059080962802
23 0.41617063492063494 0.8791028446389497 0.006944444444444444 0.02188183807439825
23 0.4739583333333333 0.9108315098468271 0.006448412698412698 0.02188183807439825
23 0.45634920634920634 0.9031728665207878 0.00744047619047619 0.020787746170678335
23 0.3933531746031746 0.8687089715536105 0.005456349206349206 0.02188183807439825
23 0.4253472222222222 0.8977024070021882 0.008432539682539682 0.010940919037199124
23 0.4176587301587302 0.8944201312910285 0.009424603174603174 0.012035010940919038
23 0.4523809523809524 0.9168490153172867 0.010416666666666666 0.016411378555798686
7 0.6731150793650794 0.16684901531728666 0.1314484126984127 0.2100656455142232
15 0.28596230158730157 0.8550328227571116 0.036210317460317464 0.06564551422319474
23 0.3149801587301587 0.8741794310722101 0.008432539682539682 0.009846827133479213
23 0.30679563492063494 0.8708971553610503 0.009424603174603174 0.014223194748358862
7 0.3447420634920635 0.8960612691466083 0.06101190476190476 0.06783369803063458
23 0.251984126984127 0.8484682713347921 0.006448412698412698 0.019693654266958426
23 0.25669642857142855 0.8522975929978118 0.005952380952380952 0.019693654266958426
23 0.31374007936507936 0.8856673960612691 0.008432539682539682 0.01312910284463895
23 0.3055555555555556 0.8823851203501094 0.008928571428571428 0.01312910284463895