4 0.9654737903225806 0.5606531881804043 0.011592741935483871 0.007776049766718507
23 0.03225806451612903 0.08942457231726283 0.006048387096774193 0.016329704510108865
4 0.4140625 0.6127527216174183 0.011088709677419355 0.00933125972006221
23 0.024193548387096774 0.09059097978227061 0.007056451612903226 0.01866251944012442
4 0.9657258064516129 0.5715396578538102 0.010080645161290322 0.008553654743390357
4 0.3482862903225806 0.6244167962674961 0.011088709677419355 0.01088646967340591
4 0.17061491935483872 0.640357698289269 0.011088709677419355 0.00933125972006221
23 0.01663306451612903 0.09136858475894245 0.00655241935483871 0.019440124416796267
4 0.1358366935483871 0.6438569206842923 0.011592741935483871 0.01010886469673406
4 0.765625 0.5960342146189735 0.009576612903225807 0.00933125972006221
7 0.2623487903225806 0.6609642301710731 0.5151209677419355 0.08320373250388803
23 0.8482862903225806 0.6166407465007776 0.012600806451612902 0.008553654743390357
23 0.8485383064516129 0.6275272161741835 0.012096774193548387 0.00933125972006221
23 0.7507560483870968 0.03965785381026438 0.006048387096774193 0.019440124416796267
23 0.7298387096774194 0.041601866251944015 0.00655241935483871 0.017107309486780714
23 0.7227822580645161 0.041990668740279936 0.00655241935483871 0.01866251944012442
7 0.2620967741935484 0.713452566096423 0.5115927419354839 0.08864696734059098
4 0.7164818548387096 0.6765163297045101 0.00655241935483871 0.017107309486780714
23 0.7096774193548387 0.04393468118195956 0.006048387096774193 0.014774494556765163
23 0.7157258064516129 0.04354587869362364 0.00655241935483871 0.017884914463452566
23 0.7429435483870968 0.04121306376360809 0.005544354838709678 0.015552099533437015
4 0.6459173387096774 0.692846034214619 0.010080645161290322 0.013219284603421462
23 0.9241431451612904 0.028771384136858476 0.011592741935483871 0.01010886469673406
30 0.8757560483870968 0.03265940902021773 0.015625 0.02255054432348367
15 0.7774697580645161 0.7072317262830482 0.025705645161290324 0.04821150855365474
23 0.9700100806451613 0.6955676516329704 0.012096774193548387 0.01166407465007776
7 0.26033266129032256 0.7593312597200622 0.5045362903225806 0.08709175738724728
30 0.7752016129032258 0.04315707620528771 0.014112903225806451 0.02177293934681182
23 0.4092741935483871 0.7682737169517885 0.011592741935483871 0.006998444790046656
4 0.3936491935483871 0.7702177293934681 0.012600806451612902 0.01010886469673406
4 0.24621975806451613 0.7822706065318819 0.012600806451612902 0.00933125972006221
23 0.7711693548387096 0.7422239502332815 0.012096774193548387 0.013219284603421462
23 0.7857862903225806 0.7414463452566097 0.012096774193548387 0.013219284603421462
15 0.84375 0.04082426127527216 0.039818548387096774 0.06842923794712286
23 0.3939012096774194 0.7826594090202177 0.011088709677419355 0.01010886469673406
23 0.4095262096774194 0.78149300155521 0.010584677419354838 0.012441679626749611
4 0.1028225806451613 0.8118195956454122 0.006048387096774193 0.01866251944012442
23 0.9720262096774194 0.7430015552099534 0.011088709677419355 0.01010886469673406
23 0.4105342741935484 0.7947122861586314 0.011088709677419355 0.012441679626749611
23 0.3933971774193548 0.7958786936236392 0.011592741935483871 0.01166407465007776
23 0.4110383064516129 0.8087091757387247 0.011088709677419355 0.00933125972006221
4 0.045110887096774195 0.8561430793157077 0.007056451612903226 0.01866251944012442
30 0.30317540322580644 0.8398133748055988 0.012600806451612902 0.02410575427682737
23 0.31930443548387094 0.8409797822706065 0.011088709677419355 0.01088646967340591
23 0.5730846774193549 0.8258164852255054 0.012096774193548387 0.01010886469673406
15 0.7721774193548387 0.8129860031104199 0.14415322580645162 0.09797822706065319
4 0.03125 0.8759720062208398 0.010584677419354838 0.01010886469673406
4 0.019153225806451613 0.8775272161741835 0.011592741935483871 0.01010886469673406
7 0.1585181451612903 0.8662519440124417 0.15221774193548387 0.06298600311041991
4 0.043850806451612906 0.8763608087091758 0.01310483870967742 0.01088646967340591
4 0.31048387096774194 0.8635303265940902 0.005040322580645161 0.015552099533437015
23 0.6698588709677419 0.8351477449455676 0.011088709677419355 0.008553654743390357
23 0.8482862903225806 0.8277604976671851 0.010080645161290322 0.008553654743390357
23 0.6701108870967742 0.8452566096423018 0.011088709677419355 0.00933125972006221
23 0.4760584677419355 0.8623639191290824 0.011088709677419355 0.00933125972006221
23 0.48966733870967744 0.8619751166407466 0.010584677419354838 0.01010886469673406
23 0.40650201612903225 0.869751166407465 0.009576612903225807 0.01010886469673406
23 0.4180947580645161 0.8685847589424572 0.012600806451612902 0.00933125972006221
23 0.8490423387096774 0.8378693623639192 0.011088709677419355 0.008553654743390357
15 0.6227318548387096 0.8569206842923794 0.07106854838709678 0.13919129082426127
23 0.3107358870967742 0.8837480559875583 0.006048387096774193 0.017884914463452566
4 0.6706149193548387 0.8561430793157077 0.011592741935483871 0.00933125972006221
23 0.4904233870967742 0.8720839813374806 0.009072580645161291 0.007776049766718507
23 0.4196068548387097 0.8786936236391913 0.010584677419354838 0.007776049766718507
30 0.3868447580645161 0.8837480559875583 0.012600806451612902 0.02410575427682737
4 0.9299395161290323 0.8405909797822706 0.011592741935483871 0.00933125972006221
23 0.9415322580645161 0.8394245723172629 0.011088709677419355 0.01166407465007776
30 0.47505040322580644 0.8790824261275272 0.01310483870967742 0.020995334370139968
30 0.4049899193548387 0.8860808709175739 0.013608870967741936 0.02332814930015552
23 0.41985887096774194 0.8888024883359253 0.010584677419354838 0.007776049766718507
23 0.4904233870967742 0.8837480559875583 0.011592741935483871 0.01010886469673406
15 0.9014616935483871 0.04704510108864697 0.025201612903225805 0.04665629860031104
23 0.9417842741935484 0.8495334370139969 0.011592741935483871 0.01010886469673406
4 0.9304435483870968 0.8506998444790047 0.011088709677419355 0.01010886469673406
23 0.9422883064516129 0.8604199066874028 0.011592741935483871 0.01088646967340591
4 0.930695564516129 0.8615863141524106 0.011592741935483871 0.01010886469673406
4 0.8240927419354839 0.8709175738724728 0.011592741935483871 0.01010886469673406
23 0.7232862903225806 0.06298600311041991 0.00655241935483871 0.016329704510108865
23 0.751008064516129 0.060653188180404355 0.006048387096774193 0.016329704510108865
23 0.7575604838709677 0.06026438569206843 0.006048387096774193 0.017884914463452566
23 0.7167338709677419 0.06337480559875583 0.006048387096774193 0.016329704510108865
4 0.14868951612903225 0.9331259720062208 0.012096774193548387 0.01166407465007776
23 0.9425403225806451 0.8705287713841369 0.010584677419354838 0.008553654743390357
4 0.9309475806451613 0.8724727838258165 0.011592741935483871 0.01010886469673406
23 0.7303427419354839 0.06337480559875583 0.00655241935483871 0.017107309486780714
23 0.7439516129032258 0.06220839813374806 0.006048387096774193 0.017107309486780714
23 0.7104334677419355 0.06493001555209954 0.00655241935483871 0.017107309486780714
23 0.9314516129032258 0.8825816485225505 0.011088709677419355 0.01010886469673406
23 0.9430443548387096 0.8814152410575428 0.011088709677419355 0.00933125972006221
15 0.7442036290322581 0.9024105754276828 0.046875 0.060653188180404355
15 0.4770665322580645 0.9253499222395023 0.046875 0.06531881804043546
15 0.40725806451612906 0.9335147744945568 0.047379032258064516 0.06842923794712286
23 0.876008064516129 0.05287713841368585 0.011592741935483871 0.00933125972006221
23 0.9432963709677419 0.8915241057542769 0.010584677419354838 0.01010886469673406
23 0.9432963709677419 0.8915241057542769 0.011088709677419355 0.01010886469673406
4 0.9322076612903226 0.8934681181959565 0.011088709677419355 0.00933125972006221
15 0.7923387096774194 0.9078538102643857 0.030745967741935484 0.041990668740279936
23 0.9163306451612904 0.8993001555209953 0.010584677419354838 0.007776049766718507
23 0.8911290322580645 0.9035769828926905 0.006048387096774193 0.016329704510108865
23 0.8848286290322581 0.9051321928460342 0.00655241935483871 0.015552099533437015
23 0.8984375 0.9039657853810265 0.006048387096774193 0.017884914463452566
23 0.8777721774193549 0.9055209953343701 0.006048387096774193 0.017884914463452566
23 0.9049899193548387 0.9039657853810265 0.005544354838709678 0.015552099533437015
23 0.944304435483871 0.9024105754276828 0.011592741935483871 0.01088646967340591
23 0.944304435483871 0.9024105754276828 0.011088709677419355 0.008553654743390357
23 0.9322076612903226 0.9035769828926905 0.011592741935483871 0.01010886469673406
23 0.9170866935483871 0.9094090202177294 0.011088709677419355 0.00933125972006221
7 0.04586693548387097 0.9611197511664075 0.055443548387096774 0.07620528771384137
23 0.9445564516129032 0.9125194401244168 0.011592741935483871 0.008553654743390357
7 0.1123991935483871 0.9642301710730948 0.05241935483870968 0.06998444790046657
23 0.9445564516129032 0.9125194401244168 0.011088709677419355 0.00933125972006221
23 0.9319556451612904 0.9144634525660964 0.011088709677419355 0.00933125972006221
4 0.43825604838709675 0.9541213063763608 0.010584677419354838 0.00933125972006221
4 0.5090725806451613 0.9486780715396579 0.011592741935483871 0.01010886469673406
23 0.6512096774193549 0.9385692068429238 0.00655241935483871 0.017107309486780714
23 0.626008064516129 0.9412908242612753 0.00655241935483871 0.017884914463452566
23 0.9175907258064516 0.9202954898911353 0.010584677419354838 0.007776049766718507
23 0.8853326612903226 0.9226283048211509 0.007056451612903226 0.017884914463452566
23 0.9059979838709677 0.9210730948678072 0.005544354838709678 0.016329704510108865
23 0.8989415322580645 0.921850699844479 0.006048387096774193 0.01866251944012442
23 0.8918850806451613 0.9230171073094868 0.00655241935483871 0.01866251944012442
7 0.2651209677419355 0.94751166407465 0.22782258064516128 0.10342146189735614
23 0.8782762096774194 0.9241835147744946 0.006048387096774193 0.017107309486780714
23 0.8722278225806451 0.9245723172628305 0.005544354838709678 0.016329704510108865
4 0.8646673387096774 0.9253499222395023 0.006048387096774193 0.017884914463452566
23 0.8765120967741935 0.06531881804043546 0.011088709677419355 0.007776049766718507
7 0.40473790322580644 0.1057542768273717 0.2006048387096774 0.06765163297045101
23 0.7648689516129032 0.07776049766718507 0.007056451612903226 0.017107309486780714
4 0.7109375 0.08203732503888025 0.007056451612903226 0.019440124416796267
4 0.8170362903225806 0.0734836702954899 0.010584677419354838 0.00933125972006221
23 0.7376512096774194 0.08048211508553654 0.00655241935483871 0.017884914463452566
23 0.7512600806451613 0.07931570762052877 0.005544354838709678 0.013996889580093312
23 0.7447076612903226 0.08009331259720062 0.006048387096774193 0.016329704510108865
23 0.758820564516129 0.07892690513219285 0.006048387096774193 0.01866251944012442
4 0.7174899193548387 0.08203732503888025 0.007560483870967742 0.01866251944012442
4 0.7245463709677419 0.08242612752721618 0.00655241935483871 0.017107309486780714
4 0.7310987903225806 0.08203732503888025 0.00655241935483871 0.019440124416796267
23 0.8762600806451613 0.07542768273716952 0.009576612903225807 0.008553654743390357
4 0.6973286290322581 0.09486780715396578 0.011592741935483871 0.01010886469673406
4 0.9007056451612904 0.0797045101088647 0.011088709677419355 0.00933125972006221
4 0.6688508064516129 0.11975116640746501 0.011088709677419355 0.01088646967340591
23 0.6101310483870968 0.13374805598755832 0.010584677419354838 0.00933125972006221
23 0.6685987903225806 0.13141524105754276 0.011592741935483871 0.01088646967340591
7 0.4175907258064516 0.15629860031104198 0.17036290322580644 0.06376360808709176
4 0.6696068548387096 0.1423017107309487 0.010080645161290322 0.008553654743390357
23 0.6096270161290323 0.1469673405909798 0.009576612903225807 0.008553654743390357
23 0.5965221774193549 0.14813374805598756 0.011592741935483871 0.012441679626749611
15 0.27595766129032256 0.17690513219284604 0.03881048387096774 0.10186625194401244
23 0.3125 0.17884914463452567 0.010584677419354838 0.008553654743390357
23 0.6106350806451613 0.16018662519440124 0.011592741935483871 0.01010886469673406
23 0.5819052419354839 0.1625194401244168 0.011088709677419355 0.01010886469673406
23 0.5970262096774194 0.161353032659409 0.010080645161290322 0.008553654743390357
23 0.6696068548387096 0.15863141524105753 0.011088709677419355 0.01010886469673406
4 0.6529737903225806 0.15979782270606532 0.012600806451612902 0.00933125972006221
23 0.31275201612903225 0.18973561430793157 0.011592741935483871 0.00933125972006221
23 0.6116431451612904 0.1734059097978227 0.010584677419354838 0.00933125972006221
23 0.5975302419354839 0.17457231726283048 0.012096774193548387 0.01088646967340591
23 0.31350806451612906 0.19906687402799378 0.012600806451612902 0.00933125972006221
4 0.25705645161290325 0.21423017107309486 0.008064516129032258 0.02021772939346812
15 0.8497983870967742 0.17573872472783825 0.04032258064516129 0.06920684292379471
23 0.38432459677419356 0.2165629860031104 0.011592741935483871 0.00933125972006221
4 0.6713709677419355 0.19401244167962675 0.011088709677419355 0.00933125972006221
4 0.8200604838709677 0.19284603421461896 0.006048387096774193 0.017884914463452566
23 0.38432459677419356 0.23055987558320373 0.010080645161290322 0.008553654743390357
15 0.7502520161290323 0.21423017107309486 0.11391129032258064 0.17573872472783825
23 0.38533266129032256 0.24377916018662518 0.011592741935483871 0.008553654743390357
4 0.8442540322580645 0.2177293934681182 0.009072580645161291 0.01010886469673406
4 0.6731350806451613 0.23289269051321929 0.011088709677419355 0.01010886469673406
23 0.647429435483871 0.23561430793157076 0.011592741935483871 0.00933125972006221
4 0.6590221774193549 0.23483670295489892 0.011592741935483871 0.01088646967340591
4 0.4007056451612903 0.2667185069984448 0.011088709677419355 0.01088646967340591
23 0.6595262096774194 0.24650077760497668 0.011088709677419355 0.01010886469673406
4 0.2789818548387097 0.2772161741835148 0.011592741935483871 0.01088646967340591
23 0.6736391129032258 0.24611197511664074 0.011088709677419355 0.00933125972006221
23 0.2938508064516129 0.03382581648522551 0.011592741935483871 0.00933125972006221
23 0.6731350806451613 0.26166407465007774 0.011088709677419355 0.01010886469673406
4 0.8263608870967742 0.2531104199066874 0.007560483870967742 0.019440124416796267
30 0.024949596774193547 0.31959564541213065 0.049899193548387094 0.06687402799377916
23 0.7757056451612904 0.0038880248833592537 0.006048387096774193 0.007776049766718507
15 0.8530745967741935 0.27060653188180406 0.04133064516129032 0.07542768273716952
4 0.4969758064516129 0.307153965785381 0.013608870967741936 0.013219284603421462
30 0.7875504032258065 0.00505443234836703 0.014616935483870967 0.01010886469673406
23 0.037298387096774195 0.05948678071539658 0.005544354838709678 0.016329704510108865
23 0.030745967741935484 0.060653188180404355 0.006048387096774193 0.017884914463452566
4 0.6905241935483871 0.2986003110419907 0.011592741935483871 0.01166407465007776
30 0.019153225806451613 0.061430793157076204 0.015120967741935484 0.02332814930015552
23 0.5211693548387096 0.020995334370139968 0.011088709677419355 0.00933125972006221
23 0.8014112903225806 0.0042768273716951785 0.007056451612903226 0.008553654743390357
4 0.5 0.3378693623639191 0.011088709677419355 0.01088646967340591
30 0.026965725806451613 0.38141524105754276 0.053931451612903226 0.06298600311041991
4 0.8389616935483871 0.31609642301710733 0.007056451612903226 0.017884914463452566
23 0.5498991935483871 0.348755832037325 0.010584677419354838 0.00933125972006221
15 0.3538306451612903 0.37169517884914466 0.12651209677419356 0.19284603421461896
23 0.5506552419354839 0.35964230171073097 0.011088709677419355 0.007776049766718507
4 0.5015120967741935 0.3681959564541213 0.011088709677419355 0.01088646967340591
23 0.5506552419354839 0.369751166407465 0.010584677419354838 0.008553654743390357
23 0.5509072580645161 0.3798600311041991 0.011592741935483871 0.01010886469673406
23 0.5020161290322581 0.38374805598755835 0.010584677419354838 0.00933125972006221
7 0.40095766129032256 0.03771384136858476 0.20514112903225806 0.061430793157076204
23 0.014112903225806451 0.43273716951788493 0.011592741935483871 0.00933125972006221
23 0.028729838709677418 0.43157076205287714 0.012096774193548387 0.00933125972006221
23 0.5514112903225806 0.390746500777605 0.011592741935483871 0.008553654743390357
23 0.9586693548387096 0.36003110419906686 0.01310483870967742 0.01088646967340591
23 0.041834677419354836 0.442846034214619 0.012096774193548387 0.01088646967340591
23 0.0045362903225806455 0.44673405909797825 0.009072580645161291 0.01166407465007776
4 0.029233870967741934 0.4447900466562986 0.011088709677419355 0.00933125972006221
23 0.015120967741935484 0.44556765163297046 0.011088709677419355 0.008553654743390357
23 0.06401209677419355 0.44245723172628304 0.007056451612903226 0.017884914463452566
4 0.5035282258064516 0.40863141524105756 0.011592741935483871 0.00933125972006221
4 0.8344254032258065 0.3864696734059098 0.01310483870967742 0.008553654743390357
23 0.5524193548387096 0.4109642301710731 0.009576612903225807 0.00933125972006221
4 0.029737903225806453 0.4572317262830482 0.011088709677419355 0.01010886469673406
4 0.04233870967741935 0.4560653188180404 0.01310483870967742 0.01166407465007776
4 0.015625 0.45878693623639194 0.011592741935483871 0.00933125972006221
23 0.004284274193548387 0.4607309486780715 0.008568548387096774 0.01010886469673406
23 0.5524193548387096 0.4226283048211509 0.010584677419354838 0.01010886469673406
23 0.29435483870967744 0.05015552099533437 0.011592741935483871 0.01010886469673406
23 0.5531754032258065 0.43273716951788493 0.011088709677419355 0.01010886469673406
23 0.5209173387096774 0.03421461897356143 0.011088709677419355 0.008553654743390357
23 0.4518649193548387 0.4642301710730949 0.007056451612903226 0.015552099533437015
4 0.47908266129032256 0.4618973561430793 0.005040322580645161 0.015552099533437015
23 0.4720262096774194 0.463452566096423 0.005544354838709678 0.014774494556765163
23 0.4579133064516129 0.4646189735614308 0.00655241935483871 0.017107309486780714
23 0.4241431451612903 0.46734059097978226 0.007056451612903226 0.017107309486780714
23 0.43825604838709675 0.4661741835147745 0.00655241935483871 0.01866251944012442
23 0.43170362903225806 0.46734059097978226 0.00655241935483871 0.019440124416796267
23 0.4448084677419355 0.4661741835147745 0.007056451612903226 0.017884914463452566
7 0.5330141129032258 0.4599533437013997 0.05141129032258065 0.3926905132192846
15 0.02066532258064516 0.5038880248833593 0.04133064516129032 0.07465007776049767
4 0.2769657258064516 0.484447900466563 0.011592741935483871 0.00933125972006221
23 0.553679435483871 0.46384136858475894 0.010080645161290322 0.00933125972006221
23 0.4085181451612903 0.47783825816485226 0.010584677419354838 0.01166407465007776
4 0.04435483870967742 0.5073872472783826 0.006048387096774193 0.017884914463452566
4 0.2920866935483871 0.48950233281493 0.010584677419354838 0.00933125972006221
4 0.13180443548387097 0.5042768273716952 0.010584677419354838 0.008553654743390357
23 0.39037298387096775 0.48405909797822705 0.010584677419354838 0.00933125972006221
4 0.2767137096774194 0.4937791601866252 0.011592741935483871 0.00933125972006221
23 0.4793346774193548 0.48289269051321926 0.006048387096774193 0.016329704510108865
23 0.4526209677419355 0.48522550544323484 0.005040322580645161 0.013219284603421462
4 0.48639112903225806 0.4832814930015552 0.005040322580645161 0.015552099533437015
23 0.46622983870967744 0.4848367029548989 0.005040322580645161 0.016329704510108865
23 0.4727822580645161 0.484447900466563 0.00655241935483871 0.017884914463452566
23 0.44506048387096775 0.48639191290824263 0.0045362903225806455 0.016329704510108865
23 0.43850806451612906 0.48716951788491447 0.005040322580645161 0.015552099533437015
23 0.4319556451612903 0.48833592534992226 0.0045362903225806455 0.016329704510108865
23 0.4591733870967742 0.4860031104199067 0.006048387096774193 0.01866251944012442
23 0.6801915322580645 0.024494556765163298 0.009576612903225807 0.01010886469673406
23 0.4163306451612903 0.4918351477449456 0.012096774193548387 0.008553654743390357
23 0.39087701612903225 0.4941679626749611 0.011088709677419355 0.00933125972006221
23 0.2774697580645161 0.5038880248833593 0.010080645161290322 0.007776049766718507
15 0.08644153225806452 0.5241057542768274 0.07006048387096774 0.1368584758942457
15 0.1814516129032258 0.5163297045101088 0.0690524193548387 0.13452566096423016
4 0.40423387096774194 0.5023328149300156 0.009072580645161291 0.008553654743390357
23 0.3911290322580645 0.505054432348367 0.011592741935483871 0.00933125972006221
23 0.4168346774193548 0.5027216174183515 0.011592741935483871 0.00933125972006221
4 0.2779737903225806 0.5147744945567652 0.012600806451612902 0.00933125972006221
23 0.26638104838709675 0.5159409020217729 0.010080645161290322 0.008553654743390357
7 0.9783266129032258 0.46267496111975115 0.04233870967741935 0.7340590979782271
7 0.9213709677419355 0.468895800933126 0.06653225806451613 0.7247278382581649
4 0.003780241935483871 0.5454898911353032 0.006048387096774193 0.02021772939346812
4 0.40549395161290325 0.5139968895800933 0.012096774193548387 0.00933125972006221
4 0.41607862903225806 0.5128304821150855 0.012600806451612902 0.00933125972006221
4 0.1328125 0.536547433903577 0.011592741935483871 0.00933125972006221
4 0.39264112903225806 0.5155520995334371 0.013608870967741936 0.008553654743390357
4 0.015120967741935484 0.5478227060653188 0.010080645161290322 0.01088646967340591
4 0.4871471774193548 0.5097200622083982 0.006048387096774193 0.017107309486780714
23 0.028729838709677418 0.5474339035769828 0.010584677419354838 0.01010886469673406
4 0.04284274193548387 0.5462674961119751 0.011088709677419355 0.01010886469673406
4 0.3918850806451613 0.526049766718507 0.009576612903225807 0.01010886469673406
4 0.7116935483870968 0.5038880248833593 0.007560483870967742 0.01866251944012442
23 0.922883064516129 0.008553654743390357 0.011088709677419355 0.008553654743390357
23 0.9087701612903226 0.010497667185069984 0.011088709677419355 0.00933125972006221
23 0.8742439516129032 0.013608087091757388 0.011592741935483871 0.01166407465007776
23 0.39163306451612906 0.536158631415241 0.010080645161290322 0.008553654743390357
4 0.9629536290322581 0.48989113530326595 0.010584677419354838 0.01010886469673406
4 0.27595766129032256 0.5454898911353032 0.007056451612903226 0.02021772939346812
4 0.4879032258064516 0.5291601866251944 0.00655241935483871 0.017107309486780714
15 0.45514112903225806 0.5346034214618973 0.05897177419354839 0.06765163297045101
23 0.8939012096774194 0.012830482115085537 0.011592741935483871 0.00933125972006221
4 0.39314516129032256 0.5458786936236392 0.011592741935483871 0.007776049766718507
23 0.9629536290322581 0.5031104199066874 0.012096774193548387 0.01088646967340591
4 0.39138104838709675 0.557153965785381 0.010080645161290322 0.00933125972006221
4 0.4881552419354839 0.5501555209953344 0.006048387096774193 0.015552099533437015
4 0.9634576612903226 0.5163297045101088 0.010080645161290322 0.008553654743390357
7 0.876008064516129 0.5272161741835147 0.056451612903225805 0.45178849144634525
7 0.8102318548387096 0.5373250388802489 0.05443548387096774 0.44090202177293936
4 0.9642137096774194 0.5295489891135303 0.011592741935483871 0.00933125972006221
7 0.6733870967741935 0.5536547433903577 0.05695564516129032 0.4494556765163297
7 0.6055947580645161 0.5590979782270606 0.052923387096774195 0.44556765163297046
7 0.7389112903225806 0.5486003110419907 0.05796370967741935 0.4463452566096423
23 0.8382056451612904 0.5458786936236392 0.012600806451612902 0.01010886469673406