4 0.19326818675352878 0.474609375 0.004885993485342019 0.013020833333333334
23 0.24592833876221498 0.4658203125 0.003800217155266015 0.009765625
4 0.04533116178067318 0.5071614583333334 0.008143322475570033 0.006510416666666667
23 0.8246471226927253 0.361328125 0.009229098805646038 0.005208333333333333
4 0.8650922909880565 0.3548177083333333 0.005971769815418024 0.005208333333333333
4 0.41286644951140067 0.4427083333333333 0.00760043431053203 0.0032552083333333335
4 0.26302931596091206 0.474609375 0.007057546145494028 0.006510416666666667
23 0.9514115092290988 0.34375 0.008143322475570033 0.0078125
4 0.8257328990228013 0.3688151041666667 0.008143322475570033 0.006510416666666667
23 0.8672638436482085 0.3623046875 0.007057546145494028 0.005208333333333333
4 0.41286644951140067 0.4485677083333333 0.005971769815418024 0.00390625
23 0.247014115092291 0.4814453125 0.005971769815418024 0.004557291666666667
4 0.11672095548317046 0.5113932291666666 0.016829533116178068 0.018880208333333332
23 0.41340933767643867 0.455078125 0.005971769815418024 0.0032552083333333335
23 0.8268186753528773 0.3766276041666667 0.009771986970684038 0.005859375
4 0.31623235613463624 0.4736328125 0.003800217155266015 0.008463541666666666
4 0.49294245385450597 0.44140625 0.008143322475570033 0.005208333333333333
23 0.8672638436482085 0.37109375 0.006514657980456026 0.005208333333333333
23 0.247828447339848 0.4892578125 0.008143322475570033 0.004557291666666667
4 0.17019543973941367 0.50390625 0.003257328990228013 0.010416666666666666
4 0.1967969598262758 0.5016276041666666 0.0054288816503800215 0.011067708333333334
4 0.41368078175895767 0.4622395833333333 0.006514657980456026 0.00390625
23 0.8279044516829533 0.3857421875 0.007057546145494028 0.005208333333333333
23 0.248371335504886 0.4957682291666667 0.007057546145494028 0.00390625
30 0.26465798045602607 0.4951171875 0.015743756786102063 0.026041666666666668
23 0.493756786102063 0.453125 0.008686210640608035 0.006510416666666667
23 0.4150380021715527 0.46875 0.005971769815418024 0.004557291666666667
23 0.250814332247557 0.501953125 0.007057546145494028 0.004557291666666667
23 0.31704668838219324 0.4912109375 0.004885993485342019 0.010416666666666666
23 0.11672095548317046 0.53125 0.003257328990228013 0.009765625
23 0.4163952225841477 0.4742838541666667 0.005971769815418024 0.0032552083333333335
23 0.251085776330076 0.5084635416666666 0.005971769815418024 0.00390625
23 0.9568403908794788 0.3763020833333333 0.008686210640608035 0.007161458333333333
4 0.4807274701411509 0.466796875 0.004343105320304018 0.009114583333333334
23 0.4747557003257329 0.4677734375 0.003800217155266015 0.010416666666666666
4 0.0502171552660152 0.5491536458333334 0.008686210640608035 0.00390625
23 0.4172095548317047 0.4807942708333333 0.005971769815418024 0.0032552083333333335
23 0.19163952225841477 0.5289713541666666 0.006514657980456026 0.010416666666666666
23 0.9579261672095548 0.3834635416666667 0.008686210640608035 0.005859375
4 0.4169381107491857 0.4873046875 0.006514657980456026 0.004557291666666667
4 0.8729641693811075 0.4020182291666667 0.006514657980456026 0.0032552083333333335
4 0.8311617806731814 0.4108072916666667 0.008143322475570033 0.005859375
4 0.32030401737242126 0.5078125 0.003800217155266015 0.01171875
23 0.11753528773072747 0.546875 0.0054288816503800215 0.012369791666666666
4 0.26194353963083605 0.5201822916666666 0.010857763300760043 0.0078125
23 0.9587404994571118 0.3896484375 0.00760043431053203 0.004557291666666667
23 0.1786102062975027 0.5393880208333334 0.004885993485342019 0.009114583333333334
23 0.1734527687296417 0.5403645833333334 0.003800217155266015 0.011067708333333334
30 0.4731270358306189 0.4840494791666667 0.008143322475570033 0.013671875
4 0.4185667752442997 0.4951171875 0.007057546145494028 0.00390625
4 0.494028230184582 0.4807942708333333 0.003800217155266015 0.011067708333333334
23 0.48832790445168295 0.482421875 0.003257328990228013 0.008463541666666666
23 0.4826275787187839 0.4840494791666667 0.003257328990228013 0.009765625
23 0.9606406080347448 0.3961588541666667 0.008143322475570033 0.005208333333333333
4 0.4188382193268187 0.5009765625 0.005971769815418024 0.00390625
4 0.3352334419109663 0.5208333333333334 0.02062975027144408 0.022135416666666668
4 0.3990228013029316 0.5094401041666666 0.019543973941368076 0.0234375
23 0.9619978284473398 0.40234375 0.00760043431053203 0.004557291666666667
23 0.4191096634093377 0.5068359375 0.004885993485342019 0.0026041666666666665
4 0.36699239956568946 0.5166015625 0.021172638436482084 0.025390625
23 0.13979370249728557 0.560546875 0.004343105320304018 0.010416666666666666
23 0.1446796959826276 0.5602213541666666 0.003257328990228013 0.008463541666666666
23 0.15065146579804561 0.5592447916666666 0.003257328990228013 0.009114583333333334
4 0.15689467969598261 0.5579427083333334 0.003257328990228013 0.009114583333333334
4 0.27931596091205213 0.5354817708333334 0.01737242128121607 0.01171875
23 0.1780673181324647 0.5553385416666666 0.004343105320304018 0.010416666666666666
23 0.4782844733984799 0.4986979166666667 0.003257328990228013 0.0078125
23 0.4731270358306189 0.5 0.005971769815418024 0.009765625
23 0.48425624321389793 0.4983723958333333 0.003257328990228013 0.0078125
23 0.48859934853420195 0.4973958333333333 0.003257328990228013 0.008463541666666666
23 0.9598262757871878 0.41015625 0.00760043431053203 0.005208333333333333
23 0.4204668838219327 0.5143229166666666 0.003800217155266015 0.0026041666666666665
4 0.2934310532030402 0.5426432291666666 0.003800217155266015 0.009114583333333334
23 0.9628121606948968 0.416015625 0.007057546145494028 0.006510416666666667
4 0.30157437567861023 0.5462239583333334 0.005971769815418024 0.015625
23 0.16829533116178066 0.572265625 0.003800217155266015 0.008463541666666666
23 0.14305103148751358 0.5777994791666666 0.0054288816503800215 0.011067708333333334
23 0.18186753528773072 0.5709635416666666 0.003257328990228013 0.009765625
23 0.9630836047774158 0.4225260416666667 0.006514657980456026 0.005859375
23 0.1490228013029316 0.5771484375 0.004885993485342019 0.009765625
23 0.16259500542888164 0.5751953125 0.006514657980456026 0.011067708333333334
4 0.2738870792616721 0.5559895833333334 0.008143322475570033 0.004557291666666667
4 0.28555917480998916 0.5546875 0.007057546145494028 0.004557291666666667
23 0.41069489685124866 0.5315755208333334 0.007057546145494028 0.004557291666666667
23 0.9660694896851248 0.4280598958333333 0.00760043431053203 0.005859375
4 0.2757871878393051 0.5631510416666666 0.004343105320304018 0.0032552083333333335
23 0.41150922909880566 0.5377604166666666 0.006514657980456026 0.00390625
4 0.4769272529858849 0.525390625 0.009771986970684038 0.007161458333333333
4 0.2888165038002172 0.5611979166666666 0.008686210640608035 0.00390625
4 0.4245385450597177 0.5361328125 0.0054288816503800215 0.0032552083333333335
4 0.48832790445168295 0.5240885416666666 0.00760043431053203 0.004557291666666667
23 0.3004885993485342 0.5628255208333334 0.00760043431053203 0.005208333333333333
4 0.4248099891422367 0.5419921875 0.006514657980456026 0.0032552083333333335
23 0.41313789359391967 0.544921875 0.008686210640608035 0.004557291666666667
23 0.23724212812160694 0.578125 0.010857763300760043 0.005859375
4 0.48914223669923995 0.5302734375 0.005971769815418024 0.004557291666666667
4 0.4769272529858849 0.5335286458333334 0.005971769815418024 0.00390625
23 0.17019543973941367 0.591796875 0.004885993485342019 0.010416666666666666
23 0.1767100977198697 0.5911458333333334 0.004885993485342019 0.009765625
23 0.24674267100977199 0.5804036458333334 0.003257328990228013 0.008463541666666666
4 0.21308360477741586 0.5882161458333334 0.003800217155266015 0.0078125
23 0.4250814332247557 0.5485026041666666 0.006514657980456026 0.0032552083333333335
30 0.36400651465798045 0.5602213541666666 0.03854505971769816 0.041666666666666664
23 0.4142236699239957 0.5504557291666666 0.005971769815418024 0.0032552083333333335
4 0.6726384364820847 0.5055338541666666 0.006514657980456026 0.004557291666666667
4 0.4258957654723127 0.5550130208333334 0.006514657980456026 0.00390625
23 0.4158523344191097 0.5576171875 0.006514657980456026 0.00390625
4 0.23941368078175895 0.5950520833333334 0.009771986970684038 0.018229166666666668
4 0.6742671009771987 0.5130208333333334 0.00760043431053203 0.004557291666666667
23 0.255157437567861 0.5934244791666666 0.003257328990228013 0.009114583333333334
23 0.26167209554831705 0.5927734375 0.003800217155266015 0.008463541666666666
23 0.1748099891422367 0.6100260416666666 0.003800217155266015 0.011067708333333334
4 0.4155808903365907 0.5641276041666666 0.007057546145494028 0.004557291666666667
4 0.21444082519001087 0.6022135416666666 0.003257328990228013 0.011067708333333334
4 0.21986970684039087 0.6018880208333334 0.003257328990228013 0.009114583333333334
23 0.2671009771986971 0.5930989583333334 0.003800217155266015 0.008463541666666666
4 0.247828447339848 0.5966796875 0.004343105320304018 0.012369791666666666
4 0.18078175895765472 0.6100260416666666 0.003800217155266015 0.011067708333333334
4 0.15960912052117263 0.6149088541666666 0.004885993485342019 0.012369791666666666
23 0.9435396308360477 0.4697265625 0.0054288816503800215 0.009765625
23 0.9321389793702497 0.4720052083333333 0.0027144408251900108 0.010416666666666666
23 0.9519543973941368 0.4680989583333333 0.003257328990228013 0.007161458333333333
23 0.9381107491856677 0.4720052083333333 0.004343105320304018 0.008463541666666666
4 0.48832790445168295 0.5576171875 0.007057546145494028 0.013020833333333334
4 0.4799131378935939 0.5598958333333334 0.005971769815418024 0.013671875
4 0.6750814332247557 0.5234375 0.00760043431053203 0.004557291666666667
4 0.3127035830618892 0.5934244791666666 0.0054288816503800215 0.012369791666666666
23 0.2988599348534202 0.5970052083333334 0.004343105320304018 0.010416666666666666
4 0.28610206297502716 0.5992838541666666 0.003800217155266015 0.01171875
4 0.2920738327904452 0.599609375 0.004343105320304018 0.013020833333333334
4 0.30673181324647125 0.5973307291666666 0.003257328990228013 0.010416666666666666
4 0.6748099891422367 0.5286458333333334 0.007057546145494028 0.00390625
23 0.9405537459283387 0.4850260416666667 0.004885993485342019 0.009765625
23 0.9343105320304017 0.4879557291666667 0.003257328990228013 0.009765625
4 0.3509771986970684 0.6002604166666666 0.008143322475570033 0.015625
4 0.5431596091205212 0.5657552083333334 0.003800217155266015 0.011067708333333334
4 0.5380021715526602 0.5667317708333334 0.003257328990228013 0.010416666666666666
23 0.6254071661237784 0.55078125 0.0027144408251900108 0.009765625
23 0.5757328990228013 0.5608723958333334 0.003800217155266015 0.011067708333333334
4 0.6180781758957655 0.5533854166666666 0.003800217155266015 0.010416666666666666
4 0.15363735070575463 0.6442057291666666 0.003800217155266015 0.009765625
4 0.16530944625407165 0.6458333333333334 0.006514657980456026 0.004557291666666667
23 0.16585233441910965 0.6510416666666666 0.006514657980456026 0.005208333333333333
23 0.5388165038002172 0.5823567708333334 0.003800217155266015 0.009114583333333334
23 0.5453311617806732 0.5810546875 0.003800217155266015 0.0078125
4 0.5776330076004343 0.5755208333333334 0.003257328990228013 0.0078125
4 0.6264929424538545 0.5677083333333334 0.004343105320304018 0.009765625
23 0.6210640608034745 0.5686848958333334 0.003800217155266015 0.010416666666666666
23 0.30808903365906626 0.6285807291666666 0.00760043431053203 0.005208333333333333
4 0.44869706840390877 0.6025390625 0.003257328990228013 0.008463541666666666
4 0.44435396308360475 0.603515625 0.003800217155266015 0.010416666666666666
4 0.4755700325732899 0.59765625 0.003257328990228013 0.009114583333333334
4 0.4573832790445168 0.6015625 0.004343105320304018 0.010416666666666666
4 0.46335504885993484 0.6005859375 0.0027144408251900108 0.010416666666666666
4 0.498642779587405 0.59375 0.004343105320304018 0.008463541666666666
4 0.47014115092290987 0.5992838541666666 0.003257328990228013 0.008463541666666666
4 0.48914223669923995 0.5963541666666666 0.003800217155266015 0.007161458333333333
4 0.4831704668838219 0.5973307291666666 0.003800217155266015 0.009114583333333334
4 0.49457111834962 0.5960286458333334 0.003257328990228013 0.008463541666666666
23 0.16693811074918566 0.6588541666666666 0.006514657980456026 0.00390625
23 0.30917480998914226 0.6357421875 0.007057546145494028 0.004557291666666667
4 0.16720955483170466 0.6692708333333334 0.009229098805646038 0.006510416666666667
4 0.2985884907709012 0.6484375 0.007057546145494028 0.005859375
4 0.31107491856677527 0.6471354166666666 0.00760043431053203 0.005208333333333333
23 0.32138979370249726 0.6451822916666666 0.009771986970684038 0.008463541666666666
23 0.17019543973941367 0.6780598958333334 0.008686210640608035 0.005208333333333333
4 0.496742671009772 0.6158854166666666 0.007057546145494028 0.014322916666666666
23 0.32138979370249726 0.6533203125 0.00760043431053203 0.005208333333333333
4 0.3004885993485342 0.6624348958333334 0.00760043431053203 0.005859375
23 0.2996742671009772 0.6686197916666666 0.007057546145494028 0.0032552083333333335
4 0.31487513572204123 0.6663411458333334 0.008686210640608035 0.005208333333333333
4 0.3322475570032573 0.6656901041666666 0.01520086862106406 0.009765625
4 0.46634093376764385 0.6442057291666666 0.006514657980456026 0.014973958333333334
4 0.31568946796959824 0.6728515625 0.008143322475570033 0.00390625
4 0.4780130293159609 0.6419270833333334 0.007057546145494028 0.014973958333333334
4 0.48887079261672095 0.6399739583333334 0.008143322475570033 0.015625
23 0.3007600434310532 0.6764322916666666 0.0054288816503800215 0.00390625
4 0.4562975027144408 0.6468098958333334 0.007057546145494028 0.016927083333333332
30 0.3941368078175896 0.6637369791666666 0.029315960912052116 0.031901041666666664
4 0.31433224755700323 0.6796875 0.006514657980456026 0.00390625
23 0.30320304017372424 0.6829427083333334 0.009771986970684038 0.00390625
23 0.30238870792616723 0.6891276041666666 0.009229098805646038 0.004557291666666667
4 0.3327904451682953 0.6865234375 0.010857763300760043 0.0078125
4 0.30320304017372424 0.6949869791666666 0.006514657980456026 0.00390625
4 0.31704668838219324 0.6930338541666666 0.006514657980456026 0.0032552083333333335
4 0.30401737242128124 0.7021484375 0.007057546145494028 0.005208333333333333
4 0.1742671009771987 0.7298177083333334 0.00760043431053203 0.004557291666666667
4 0.15770901194353962 0.7330729166666666 0.009771986970684038 0.0078125
4 0.3352334419109663 0.7001953125 0.014657980456026058 0.010416666666666666
4 0.30428881650380024 0.7080078125 0.00760043431053203 0.004557291666666667
4 0.38165038002171553 0.6953125 0.013572204125950055 0.009765625
23 0.3992942453854506 0.6936848958333334 0.00760043431053203 0.005859375
23 0.15933767643865362 0.7421875 0.009229098805646038 0.004557291666666667
4 0.30564603691639525 0.7141927083333334 0.008143322475570033 0.004557291666666667
23 0.1739956568946797 0.7399088541666666 0.007057546145494028 0.005859375
4 0.33767643865363733 0.7115885416666666 0.011943539630836048 0.008463541666666666
23 0.3984799131378936 0.701171875 0.006514657980456026 0.004557291666666667
23 0.3729641693811075 0.7073567708333334 0.005971769815418024 0.00390625
23 0.15960912052117263 0.7493489583333334 0.008143322475570033 0.004557291666666667
4 0.30673181324647125 0.7213541666666666 0.006514657980456026 0.00390625
23 0.1758957654723127 0.7467447916666666 0.006514657980456026 0.0032552083333333335
23 0.4020086862106406 0.7076822916666666 0.007057546145494028 0.0026041666666666665
23 0.3754071661237785 0.7135416666666666 0.005971769815418024 0.00390625
4 0.1764386536373507 0.751953125 0.008686210640608035 0.005208333333333333
23 0.16042345276872963 0.7555338541666666 0.008686210640608035 0.004557291666666667
4 0.5420738327904452 0.6845703125 0.004343105320304018 0.011067708333333334
23 0.4022801302931596 0.7122395833333334 0.005971769815418024 0.00390625
4 0.7166123778501629 0.6533203125 0.0054288816503800215 0.015625
4 0.6017915309446255 0.6751302083333334 0.004343105320304018 0.01171875
4 0.6764386536373507 0.6614583333333334 0.0054288816503800215 0.011067708333333334
23 0.740228013029316 0.6494140625 0.003257328990228013 0.007161458333333333
23 0.746199782844734 0.6490885416666666 0.004343105320304018 0.009114583333333334
23 0.7347991313789359 0.6510416666666666 0.004885993485342019 0.010416666666666666
15 0.4229098805646037 0.7109375 0.018458197611292075 0.030598958333333332
23 0.1772529858849077 0.7578125 0.00760043431053203 0.00390625
4 0.15906623235613462 0.76171875 0.00760043431053203 0.005208333333333333
23 0.751628664495114 0.6500651041666666 0.003800217155266015 0.008463541666666666
4 0.8203040173724213 0.6370442708333334 0.004343105320304018 0.010416666666666666
4 0.7722584147665581 0.6461588541666666 0.004885993485342019 0.009765625
23 0.32328990228013027 0.7314453125 0.00760043431053203 0.004557291666666667
4 0.8686210640608035 0.6276041666666666 0.004885993485342019 0.009114583333333334
23 0.33740499457111833 0.728515625 0.008686210640608035 0.004557291666666667
23 0.3759500542888165 0.7220052083333334 0.007057546145494028 0.005859375
4 0.9638979370249728 0.6123046875 0.003257328990228013 0.0078125
4 0.9831704668838219 0.609375 0.003257328990228013 0.0078125
4 0.9769272529858849 0.6103515625 0.004343105320304018 0.011067708333333334
4 0.9714983713355049 0.611328125 0.003800217155266015 0.0078125
4 0.4025515743756786 0.7194010416666666 0.009229098805646038 0.005208333333333333
4 0.98914223669924 0.6087239583333334 0.003800217155266015 0.007161458333333333
4 0.996199782844734 0.6080729166666666 0.002171552660152009 0.005859375
23 0.16205211726384364 0.7672526041666666 0.009229098805646038 0.005859375
23 0.31976112920738325 0.028645833333333332 0.009229098805646038 0.0032552083333333335
23 0.1788816503800217 0.7652994791666666 0.007057546145494028 0.005859375
23 0.3238327904451683 0.7386067708333334 0.005971769815418024 0.004557291666666667
23 0.33794788273615634 0.7369791666666666 0.00760043431053203 0.004557291666666667
23 0.4522258414766558 0.7174479166666666 0.00760043431053203 0.004557291666666667
23 0.46688382193268185 0.7151692708333334 0.007057546145494028 0.0032552083333333335
23 0.4036373507057546 0.7272135416666666 0.007057546145494028 0.004557291666666667
23 0.3243756786102063 0.744140625 0.008143322475570033 0.004557291666666667
23 0.3770358306188925 0.7350260416666666 0.005971769815418024 0.00390625
23 0.33849077090119434 0.7421875 0.004885993485342019 0.0026041666666666665
23 0.16205211726384364 0.7757161458333334 0.005971769815418024 0.005208333333333333
23 0.40499457111834963 0.7330729166666666 0.007057546145494028 0.00390625
4 0.1775244299674267 0.7766927083333334 0.004343105320304018 0.01171875
23 0.4533116178067318 0.7242838541666666 0.00760043431053203 0.004557291666666667
4 0.17182410423452768 0.7779947916666666 0.002171552660152009 0.009114583333333334
23 0.46661237785016285 0.7220052083333334 0.005971769815418024 0.004557291666666667
23 0.249457111834962 0.763671875 0.004343105320304018 0.010416666666666666
4 0.1981541802388708 0.7734375 0.0027144408251900108 0.009114583333333334
23 0.18295331161780673 0.7763671875 0.003257328990228013 0.011067708333333334
23 0.3251900108577633 0.7493489583333334 0.005971769815418024 0.0032552083333333335
4 0.20304017372421282 0.7727864583333334 0.004343105320304018 0.010416666666666666
23 0.24538545059717698 0.7652994791666666 0.002171552660152009 0.010416666666666666
4 0.19218241042345277 0.775390625 0.003257328990228013 0.012369791666666666
23 0.33930510314875134 0.748046875 0.00760043431053203 0.00390625
4 0.21661237785016288 0.771484375 0.004343105320304018 0.011067708333333334
23 0.2733441910966341 0.7604166666666666 0.003800217155266015 0.007161458333333333
23 0.26140065146579805 0.7626953125 0.003800217155266015 0.009114583333333334
23 0.2679153094462541 0.76171875 0.004343105320304018 0.009114583333333334
4 0.23805646036916395 0.7679036458333334 0.00760043431053203 0.017578125
4 0.25678610206297503 0.7643229166666666 0.003800217155266015 0.011067708333333334
23 0.2776872964169381 0.7604166666666666 0.003800217155266015 0.008463541666666666
23 0.3781216069489685 0.7431640625 0.008143322475570033 0.005208333333333333
23 0.1783387622149837 0.056640625 0.010857763300760043 0.005208333333333333
4 0.3257328990228013 0.7571614583333334 0.005971769815418024 0.0026041666666666665
23 0.34093376764386535 0.7561848958333334 0.006514657980456026 0.0032552083333333335
23 0.4381107491856677 0.7392578125 0.008686210640608035 0.004557291666666667
4 0.42643865363735073 0.7428385416666666 0.00760043431053203 0.00390625
23 0.34201954397394135 0.7607421875 0.007057546145494028 0.004557291666666667
4 0.3276330076004343 0.7646484375 0.007057546145494028 0.00390625
23 0.43973941368078173 0.748046875 0.008143322475570033 0.004557291666666667
4 0.3284473398479913 0.7705078125 0.007057546145494028 0.004557291666666667
23 0.34310532030401736 0.7679036458333334 0.006514657980456026 0.005208333333333333
23 0.26411509229098806 0.7874348958333334 0.0027144408251900108 0.006510416666666667
23 0.18811074918566775 0.8017578125 0.004343105320304018 0.011067708333333334
23 0.1767100977198697 0.8040364583333334 0.003257328990228013 0.009114583333333334
23 0.2695439739413681 0.787109375 0.003257328990228013 0.007161458333333333
4 0.25950054288816504 0.7890625 0.003257328990228013 0.007161458333333333
23 0.17263843648208468 0.8053385416666666 0.004343105320304018 0.012369791666666666
23 0.247014115092291 0.7913411458333334 0.003257328990228013 0.009114583333333334
23 0.18213897937024973 0.8037109375 0.003257328990228013 0.009114583333333334
4 0.23941368078175895 0.0458984375 0.006514657980456026 0.004557291666666667
23 0.253800217155266 0.7906901041666666 0.003800217155266015 0.009765625
4 0.24239956568946797 0.79296875 0.003257328990228013 0.0078125
23 0.28203040173724214 0.78515625 0.003800217155266015 0.008463541666666666
4 0.3287187839305103 0.7770182291666666 0.0054288816503800215 0.0032552083333333335
23 0.2763300760043431 0.787109375 0.003257328990228013 0.009114583333333334
4 0.3292616720955483 0.7835286458333334 0.005971769815418024 0.00390625
4 0.13246471226927253 0.06770833333333333 0.010857763300760043 0.006510416666666667
4 0.12052117263843648 0.06966145833333333 0.01248642779587405 0.006510416666666667
23 0.30618892508143325 0.035807291666666664 0.009229098805646038 0.006510416666666667
23 0.31813246471226925 0.033528645833333336 0.006514657980456026 0.004557291666666667
15 0.21009771986970685 0.0615234375 0.03637350705754615 0.03125
4 0.7293702497285559 0.7516276041666666 0.004343105320304018 0.007161458333333333
23 0.5407166123778502 0.7880859375 0.003257328990228013 0.0078125
23 0.5344733984799132 0.7893880208333334 0.004343105320304018 0.009765625
4 0.6582519001085776 0.7666015625 0.008143322475570033 0.005859375
23 0.5564603691639523 0.7864583333333334 0.004343105320304018 0.009765625
4 0.6023344191096635 0.779296875 0.004343105320304018 0.010416666666666666
4 0.5798045602605864 0.7835286458333334 0.003800217155266015 0.011067708333333334
4 0.6199782844733985 0.7757161458333334 0.004885993485342019 0.011067708333333334
23 0.6392508143322475 0.7721354166666666 0.0054288816503800215 0.011067708333333334
23 0.6457654723127035 0.771484375 0.004343105320304018 0.009765625
4 0.6769815418023887 0.765625 0.003800217155266015 0.011067708333333334
4 0.6897394136807817 0.7639973958333334 0.004343105320304018 0.009765625
4 0.048859934853420196 0.8860677083333334 0.008686210640608035 0.007161458333333333
4 0.7114549402823018 0.7604166666666666 0.003800217155266015 0.010416666666666666
4 0.7204125950054289 0.7587890625 0.009229098805646038 0.016276041666666668
4 0.8208469055374593 0.7408854166666666 0.004885993485342019 0.009765625
4 0.8569489685124865 0.7340494791666666 0.004343105320304018 0.011067708333333334
4 0.8821932681867535 0.73046875 0.0054288816503800215 0.01171875
4 0.23968512486427795 0.0517578125 0.005971769815418024 0.0032552083333333335
23 0.1780673181324647 0.0634765625 0.005971769815418024 0.00390625
4 0.9408251900108577 0.720703125 0.006514657980456026 0.012369791666666666
4 0.9769272529858849 0.7145182291666666 0.003257328990228013 0.008463541666666666
4 0.9831704668838219 0.7135416666666666 0.003257328990228013 0.008463541666666666
4 0.9714983713355049 0.7154947916666666 0.004885993485342019 0.011067708333333334
23 0.989685124864278 0.7122395833333334 0.003257328990228013 0.0078125
4 0.998371335504886 0.7112630208333334 0.002171552660152009 0.009765625
4 0.994299674267101 0.7125651041666666 0.003257328990228013 0.009765625
4 0.06840390879478828 0.08626302083333333 0.005971769815418024 0.013671875
4 0.05456026058631922 0.09016927083333333 0.004885993485342019 0.014973958333333334
23 0.36346362649294245 0.861328125 0.005971769815418024 0.013671875
23 0.24538545059717698 0.8850911458333334 0.0054288816503800215 0.0032552083333333335
4 0.25814332247557004 0.8828125 0.0054288816503800215 0.0032552083333333335
23 0.2706297502714441 0.8811848958333334 0.00760043431053203 0.0032552083333333335
23 0.46172638436482083 0.8505859375 0.006514657980456026 0.01171875
4 0.24457111834961998 0.892578125 0.005971769815418024 0.004557291666666667
23 0.2714440825190011 0.8873697916666666 0.006514657980456026 0.00390625
4 0.25814332247557004 0.890625 0.005971769815418024 0.00390625
23 0.15146579804560262 0.912109375 0.009229098805646038 0.006510416666666667
23 0.2722584147665581 0.89453125 0.005971769815418024 0.00390625
23 0.25895765472312704 0.8971354166666666 0.005971769815418024 0.00390625
4 0.24565689467969598 0.900390625 0.00760043431053203 0.0032552083333333335
23 0.15282301845819762 0.9212239583333334 0.008143322475570033 0.005208333333333333
4 0.24674267100977199 0.9052734375 0.004343105320304018 0.001953125
23 0.2725298588490771 0.900390625 0.004885993485342019 0.0032552083333333335
23 0.25977198697068404 0.9036458333333334 0.004343105320304018 0.0032552083333333335
4 0.247557003257329 0.9117838541666666 0.004885993485342019 0.0026041666666666665
23 0.2738870792616721 0.9069010416666666 0.004885993485342019 0.00390625
23 0.26112920738327905 0.9098307291666666 0.004885993485342019 0.0026041666666666665
15 0.011400651465798045 0.10384114583333333 0.02280130293159609 0.038411458333333336
23 0.30754614549402826 0.044921875 0.006514657980456026 0.00390625
4 0.23995656894679696 0.058268229166666664 0.0054288816503800215 0.0032552083333333335
23 0.26140065146579805 0.9150390625 0.004343105320304018 0.0032552083333333335
4 0.249728555917481 0.91796875 0.005971769815418024 0.004557291666666667
23 0.2736156351791531 0.9134114583333334 0.005971769815418024 0.0032552083333333335
23 0.26221498371335505 0.9222005208333334 0.004343105320304018 0.0026041666666666665
23 0.2752442996742671 0.9202473958333334 0.004885993485342019 0.0026041666666666665
4 0.249457111834962 0.9251302083333334 0.006514657980456026 0.0032552083333333335
4 0.1788816503800217 0.07063802083333333 0.006514657980456026 0.00390625
23 0.32328990228013027 0.0439453125 0.008143322475570033 0.005208333333333333
4 0.2722584147665581 0.053385416666666664 0.005971769815418024 0.00390625
23 0.251085776330076 0.9329427083333334 0.006514657980456026 0.00390625
23 0.26384364820846906 0.9309895833333334 0.0054288816503800215 0.00390625
23 0.2763300760043431 0.9287109375 0.004885993485342019 0.0026041666666666665
15 0.20249728555917482 0.9440104166666666 0.06840390879478828 0.10807291666666667
23 0.05808903365906623 0.9716796875 0.004343105320304018 0.004557291666666667
4 0.250814332247557 0.9401041666666666 0.006514657980456026 0.004557291666666667
23 0.2771444082519001 0.9358723958333334 0.005971769815418024 0.004557291666666667
23 0.26465798045602607 0.939453125 0.004885993485342019 0.0032552083333333335
4 0.05863192182410423 0.9794921875 0.003800217155266015 0.005208333333333333
23 0.058903365906623234 0.984375 0.0027144408251900108 0.00390625
4 0.26601520086862107 0.947265625 0.006514657980456026 0.005208333333333333
4 0.7011400651465798 0.8697916666666666 0.003257328990228013 0.009114583333333334
4 0.5526601520086862 0.8981119791666666 0.0054288816503800215 0.012369791666666666
4 0.06026058631921824 0.9918619791666666 0.003800217155266015 0.005208333333333333
4 0.7918023887079262 0.8538411458333334 0.003800217155266015 0.011067708333333334
4 0.8127035830618893 0.8499348958333334 0.0054288816503800215 0.009114583333333334
4 0.8349619978284474 0.8463541666666666 0.003800217155266015 0.010416666666666666
4 0.8010314875135722 0.8528645833333334 0.003800217155266015 0.0078125
4 0.8683496199782845 0.8414713541666666 0.0054288816503800215 0.010416666666666666
23 0.2662866449511401 0.9563802083333334 0.005971769815418024 0.00390625
15 0.254071661237785 0.9645182291666666 0.009229098805646038 0.013671875
4 0.2671009771986971 0.9635416666666666 0.006514657980456026 0.004557291666666667
4 0.16042345276872963 0.98828125 0.009229098805646038 0.005859375
4 0.2681867535287731 0.9703776041666666 0.008143322475570033 0.005208333333333333
4 0.6134636264929425 0.90625 0.003800217155266015 0.009765625
4 0.5659609120521173 0.916015625 0.004885993485342019 0.009114583333333334
4 0.5781758957654723 0.9137369791666666 0.004343105320304018 0.011067708333333334
4 0.5988056460369164 0.9104817708333334 0.003800217155266015 0.010416666666666666
23 0.6066775244299675 0.9088541666666666 0.004885993485342019 0.009114583333333334
4 0.5895765472312704 0.9127604166666666 0.004885993485342019 0.01171875
4 0.6487513572204126 0.9016927083333334 0.006514657980456026 0.01171875
4 0.6251357220412594 0.9065755208333334 0.004343105320304018 0.010416666666666666
4 0.6818675352877307 0.8958333333333334 0.0054288816503800215 0.011067708333333334
4 0.6590662323561346 0.900390625 0.00760043431053203 0.012369791666666666
4 0.6718241042345277 0.8977864583333334 0.0054288816503800215 0.012369791666666666
4 0.6359934853420195 0.9052734375 0.0054288816503800215 0.009765625
4 0.757328990228013 0.8828125 0.004343105320304018 0.009114583333333334
4 0.73914223669924 0.8863932291666666 0.004343105320304018 0.011067708333333334
4 0.6929967426710097 0.8951822916666666 0.004885993485342019 0.013020833333333334
4 0.7850162866449512 0.8776041666666666 0.004343105320304018 0.0078125
4 0.7926167209554832 0.8763020833333334 0.004885993485342019 0.009114583333333334
4 0.7041259500542888 0.8935546875 0.0054288816503800215 0.010416666666666666
4 0.748099891422367 0.8854166666666666 0.0054288816503800215 0.008463541666666666
4 0.7171552660152009 0.8912760416666666 0.004343105320304018 0.010416666666666666
4 0.8403908794788274 0.8684895833333334 0.004885993485342019 0.008463541666666666
4 0.7660152008686211 0.8824869791666666 0.003800217155266015 0.007161458333333333
4 0.8507057546145494 0.8665364583333334 0.003257328990228013 0.008463541666666666
4 0.8900651465798045 0.8597005208333334 0.004343105320304018 0.0078125
4 0.8797502714440825 0.8623046875 0.002171552660152009 0.007161458333333333
4 0.8724212812160695 0.8636067708333334 0.003800217155266015 0.009765625
4 0.9603691639522258 0.8470052083333334 0.004885993485342019 0.009114583333333334
4 0.8143322475570033 0.8746744791666666 0.004343105320304018 0.001953125
4 0.9169381107491856 0.8551432291666666 0.003800217155266015 0.009114583333333334
4 0.8621064060803475 0.8655598958333334 0.003800217155266015 0.008463541666666666
4 0.7747014115092291 0.8821614583333334 0.003800217155266015 0.0078125
4 0.7269272529858849 0.8912760416666666 0.005971769815418024 0.014973958333333334
4 0.8982084690553745 0.859375 0.004343105320304018 0.0078125
4 0.23805646036916395 0.06510416666666667 0.006514657980456026 0.004557291666666667
4 0.9264386536373507 0.8541666666666666 0.0027144408251900108 0.009114583333333334
4 0.9505971769815418 0.8492838541666666 0.003800217155266015 0.009765625
23 0.8284473398479913 0.8733723958333334 0.004885993485342019 0.0032552083333333335
4 0.8148751357220413 0.8818359375 0.007057546145494028 0.004557291666666667
23 0.8287187839305103 0.8798828125 0.007057546145494028 0.005208333333333333
4 0.9218241042345277 0.8675130208333334 0.0054288816503800215 0.0032552083333333335
23 0.8289902280130294 0.8857421875 0.006514657980456026 0.005208333333333333
23 0.9085233441910966 0.8707682291666666 0.0054288816503800215 0.00390625
23 0.5903908794788274 0.9309895833333334 0.004343105320304018 0.009114583333333334
23 0.6327361563517915 0.9228515625 0.004885993485342019 0.008463541666666666
23 0.6270358306188925 0.9248046875 0.003800217155266015 0.009765625
23 0.5988056460369164 0.9306640625 0.004343105320304018 0.0078125
4 0.8148751357220413 0.8902994791666666 0.007057546145494028 0.004557291666666667
23 0.34446254071661236 0.9830729166666666 0.008686210640608035 0.005859375
4 0.9231813246471227 0.8736979166666666 0.004885993485342019 0.0032552083333333335
4 0.9077090119435396 0.8779296875 0.008686210640608035 0.0032552083333333335
23 0.8306188925081434 0.8932291666666666 0.0054288816503800215 0.004557291666666667
4 0.8156894679695983 0.8961588541666666 0.008143322475570033 0.005208333333333333
4 0.8490770901194354 0.892578125 0.008686210640608035 0.005208333333333333
15 0.6134636264929425 0.9378255208333334 0.019543973941368076 0.0234375
4 0.30754614549402826 0.054036458333333336 0.00760043431053203 0.0078125
4 0.9386536373507057 0.8782552083333334 0.005971769815418024 0.004557291666666667
4 0.9085233441910966 0.8844401041666666 0.005971769815418024 0.004557291666666667
23 0.8319761129207384 0.8990885416666666 0.0054288816503800215 0.00390625
4 0.8159609120521173 0.9026692708333334 0.00760043431053203 0.004557291666666667
23 0.9237242128121607 0.8828125 0.004885993485342019 0.0032552083333333335
4 0.2744299674267101 0.0615234375 0.008686210640608035 0.004557291666666667
23 0.32328990228013027 0.052408854166666664 0.00760043431053203 0.005859375
4 0.6292073832790445 0.94140625 0.0054288816503800215 0.013671875
30 0.6566232356134636 0.9361979166666666 0.026058631921824105 0.045572916666666664
4 0.8154180238870793 0.9075520833333334 0.004885993485342019 0.0032552083333333335
30 0.5716612377850163 0.9544270833333334 0.02280130293159609 0.043619791666666664
4 0.9389250814332247 0.884765625 0.004885993485342019 0.0026041666666666665
23 0.8311617806731814 0.9055989583333334 0.003800217155266015 0.0026041666666666665
23 0.9245385450597177 0.8880208333333334 0.003257328990228013 0.001953125
23 0.3699782844733985 0.9964192708333334 0.008143322475570033 0.005859375
23 0.9258957654723127 0.8938802083333334 0.004885993485342019 0.0032552083333333335
4 0.9087947882736156 0.8977864583333334 0.009229098805646038 0.005859375
23 0.8319761129207384 0.912109375 0.004343105320304018 0.00390625
4 0.8170466883821933 0.9156901041666666 0.00760043431053203 0.005859375
4 0.9410966340933767 0.8929036458333334 0.0054288816503800215 0.004557291666666667
4 0.8498914223669924 0.91015625 0.008686210640608035 0.006510416666666667
4 0.8154180238870793 0.9205729166666666 0.0054288816503800215 0.0032552083333333335
23 0.9256243213897937 0.900390625 0.003800217155266015 0.001953125
4 0.9402823018458197 0.8987630208333334 0.004885993485342019 0.0032552083333333335
23 0.8352334419109664 0.9195963541666666 0.006514657980456026 0.005208333333333333
15 0.8802931596091205 0.9059244791666666 0.03637350705754615 0.059244791666666664
23 0.9269815418023887 0.9065755208333334 0.004885993485342019 0.0013020833333333333
23 0.6072204125950055 0.9674479166666666 0.0027144408251900108 0.006510416666666667
4 0.8192182410423453 0.927734375 0.008686210640608035 0.005859375
23 0.6134636264929425 0.966796875 0.003800217155266015 0.007161458333333333
23 0.8355048859934854 0.9254557291666666 0.0054288816503800215 0.0032552083333333335
4 0.9421824104234527 0.9052734375 0.00760043431053203 0.004557291666666667
23 0.6205211726384365 0.9661458333333334 0.003257328990228013 0.007161458333333333
4 0.6240499457111836 0.9654947916666666 0.0054288816503800215 0.009765625
23 0.6023344191096635 0.9703776041666666 0.0054288816503800215 0.009765625
4 0.8509771986970684 0.9231770833333334 0.008143322475570033 0.004557291666666667
23 0.6316503800217155 0.96484375 0.004885993485342019 0.010416666666666666
4 0.9123235613463626 0.916015625 0.005971769815418024 0.00390625
30 0.991042345276873 0.8938802083333334 0.016829533116178068 0.0390625
23 0.9277958740499457 0.9137369791666666 0.003800217155266015 0.0026041666666666665
4 0.8192182410423453 0.9352213541666666 0.007057546145494028 0.00390625
23 0.8346905537459284 0.9319661458333334 0.007057546145494028 0.00390625
4 0.9429967426710097 0.9127604166666666 0.00760043431053203 0.004557291666666667
4 0.9275244299674267 0.9202473958333334 0.005971769815418024 0.00390625
23 0.8376764386536374 0.9375 0.006514657980456026 0.0032552083333333335
4 0.8194896851248643 0.9417317708333334 0.009229098805646038 0.0026041666666666665
4 0.9150380021715526 0.9254557291666666 0.00760043431053203 0.004557291666666667
23 0.06243213897937025 0.10514322916666667 0.006514657980456026 0.005859375
23 0.7633007600434311 0.9544270833333334 0.009771986970684038 0.00390625
4 0.2730727470141151 0.06705729166666667 0.0054288816503800215 0.0032552083333333335
4 0.24022801302931596 0.07356770833333333 0.005971769815418024 0.00390625
23 0.32274701411509227 0.060546875 0.008686210640608035 0.005859375
4 0.30971769815418027 0.06282552083333333 0.008143322475570033 0.005208333333333333
23 0.1281216069489685 0.0986328125 0.007057546145494028 0.005859375
4 0.06541802388707926 0.11393229166666667 0.008143322475570033 0.005859375
4 0.24267100977198697 0.08235677083333333 0.00760043431053203 0.004557291666666667
23 0.32356134636264927 0.06673177083333333 0.006514657980456026 0.004557291666666667
4 0.31080347448425627 0.07063802083333333 0.005971769815418024 0.00390625
4 0.20629750271444083 0.09114583333333333 0.003800217155266015 0.011067708333333334
4 0.22312703583061888 0.08854166666666667 0.003257328990228013 0.0078125
4 0.18783930510314875 0.09602864583333333 0.0054288816503800215 0.011067708333333334
4 0.2285559174809989 0.0888671875 0.004885993485342019 0.012369791666666666
4 0.21254071661237786 0.091796875 0.003800217155266015 0.011067708333333334
4 0.2185124864277959 0.0908203125 0.0027144408251900108 0.01171875
4 0.20249728555917482 0.09440104166666667 0.0054288816503800215 0.01171875
4 0.4592833876221498 0.046875 0.003257328990228013 0.007161458333333333
4 0.12920738327904452 0.10970052083333333 0.01031487513572204 0.00390625
23 0.06704668838219327 0.1220703125 0.009229098805646038 0.004557291666666667
23 0.5146579804560261 0.037109375 0.003800217155266015 0.007161458333333333
23 0.3260043431053203 0.07291666666666667 0.006514657980456026 0.004557291666666667
23 0.4723127035830619 0.0458984375 0.004343105320304018 0.009114583333333334
23 0.4820846905537459 0.0439453125 0.003257328990228013 0.007161458333333333
23 0.505700325732899 0.039388020833333336 0.002171552660152009 0.009114583333333334
23 0.46661237785016285 0.046875 0.004343105320304018 0.01171875
4 0.4489685124864278 0.05078125 0.004885993485342019 0.01171875
4 0.498914223669924 0.0419921875 0.003257328990228013 0.007161458333333333
23 0.48859934853420195 0.0439453125 0.003800217155266015 0.007161458333333333
4 0.4543973941368078 0.050455729166666664 0.004343105320304018 0.01171875
4 0.509500542888165 0.0400390625 0.003257328990228013 0.0078125
4 0.5230727470141151 0.037434895833333336 0.003800217155266015 0.010416666666666666
4 0.24212812160694897 0.0908203125 0.003257328990228013 0.00390625
4 0.495114006514658 0.043294270833333336 0.003800217155266015 0.009114583333333334
4 0.3257328990228013 0.07975260416666667 0.005971769815418024 0.004557291666666667
23 0.20955483170466885 0.10709635416666667 0.003257328990228013 0.010416666666666666
23 0.20385450597176982 0.10872395833333333 0.003257328990228013 0.009114583333333334
23 0.21552660152008687 0.1064453125 0.0054288816503800215 0.009765625
23 0.22095548317046687 0.10546875 0.002171552660152009 0.008463541666666666
23 0.23181324647122692 0.10416666666666667 0.003257328990228013 0.009114583333333334
23 0.2263843648208469 0.10579427083333333 0.004885993485342019 0.010416666666666666
4 0.48507057546145493 0.057942708333333336 0.003800217155266015 0.010416666666666666
4 0.4750271444082519 0.060546875 0.003800217155266015 0.009114583333333334
4 0.46851248642779586 0.061848958333333336 0.0054288816503800215 0.009114583333333334
4 0.48941368078175895 0.058268229166666664 0.003800217155266015 0.0078125
23 0.4804560260586319 0.060872395833333336 0.003800217155266015 0.010416666666666666
23 0.06867535287730728 0.1396484375 0.008143322475570033 0.004557291666666667
4 0.13165038002171553 0.12955729166666666 0.00760043431053203 0.00390625
4 0.25787187839305103 0.10709635416666667 0.003800217155266015 0.010416666666666666
4 0.25705754614549403 0.10904947916666667 0.003257328990228013 0.009765625
23 0.20494028230184583 0.123046875 0.002171552660152009 0.008463541666666666
23 0.13165038002171553 0.13704427083333334 0.007057546145494028 0.004557291666666667
23 0.21118349619978286 0.123046875 0.003800217155266015 0.009114583333333334
4 0.8303474484256244 0.005859375 0.004885993485342019 0.01171875
23 0.22366992399565688 0.12141927083333333 0.003800217155266015 0.008463541666666666
23 0.21769815418023888 0.12239583333333333 0.0054288816503800215 0.011067708333333334
4 0.06948968512486428 0.1533203125 0.008143322475570033 0.005859375
23 0.13409337676438654 0.1435546875 0.009771986970684038 0.006510416666666667
15 0.015472312703583062 0.17122395833333334 0.030944625407166124 0.041666666666666664
23 0.0982627578718784 0.1591796875 0.0054288816503800215 0.01171875
23 0.8585776330076005 0.015299479166666666 0.005971769815418024 0.004557291666666667
23 0.8181324647122693 0.028971354166666668 0.003257328990228013 0.007161458333333333
4 0.8080890336590663 0.030924479166666668 0.004885993485342019 0.010416666666666666
23 0.8135179153094463 0.030598958333333332 0.003257328990228013 0.010416666666666666
23 0.8602062975027145 0.022135416666666668 0.004343105320304018 0.001953125
4 0.8249185667752443 0.029622395833333332 0.004885993485342019 0.013020833333333334
23 0.9142236699239956 0.015950520833333332 0.004343105320304018 0.009114583333333334
23 0.9286102062975027 0.013020833333333334 0.0016286644951140066 0.005859375
23 0.9367535287730727 0.012369791666666666 0.004885993485342019 0.0078125
23 0.9212812160694897 0.015299479166666666 0.003257328990228013 0.0078125
23 0.8626492942453855 0.0283203125 0.006514657980456026 0.005208333333333333
23 0.4571118349619978 0.10807291666666667 0.0054288816503800215 0.00390625
23 0.36346362649294245 0.1279296875 0.00760043431053203 0.005859375
23 0.3523344191096634 0.13118489583333334 0.008143322475570033 0.005208333333333333
23 0.8629207383279045 0.035481770833333336 0.01031487513572204 0.005859375
30 0.47068403908794787 0.111328125 0.010857763300760043 0.014322916666666666
23 0.4579261672095548 0.11458333333333333 0.004343105320304018 0.0026041666666666665
4 0.007057546145494028 0.20149739583333334 0.00760043431053203 0.005859375
23 0.3531487513572204 0.1376953125 0.00760043431053203 0.005208333333333333
23 0.43105320304017375 0.123046875 0.00760043431053203 0.004557291666666667
23 0.36563517915309446 0.13671875 0.005971769815418024 0.00390625
23 0.9245385450597177 0.03125 0.003257328990228013 0.007161458333333333
23 0.4576547231270358 0.12109375 0.0054288816503800215 0.0032552083333333335
23 0.48507057546145493 0.11653645833333333 0.008686210640608035 0.004557291666666667
23 0.9177524429967426 0.034505208333333336 0.002171552660152009 0.008463541666666666
23 0.3542345276872964 0.1455078125 0.005971769815418024 0.004557291666666667
23 0.36536373507057546 0.14322916666666666 0.0054288816503800215 0.0032552083333333335
23 0.4584690553745928 0.12630208333333334 0.007057546145494028 0.005208333333333333
23 0.43213897937024975 0.1318359375 0.005971769815418024 0.00390625
23 0.44435396308360475 0.12955729166666666 0.005971769815418024 0.004557291666666667
23 0.48479913137893593 0.123046875 0.008143322475570033 0.006510416666666667
30 0.4736699239956569 0.12662760416666666 0.008143322475570033 0.01171875
30 0.499728555917481 0.12239583333333333 0.010857763300760043 0.017578125
23 0.36509229098805646 0.14908854166666666 0.004343105320304018 0.001953125
23 0.3539630836047774 0.1513671875 0.005971769815418024 0.004557291666666667
4 0.1498371335504886 0.19075520833333334 0.016286644951140065 0.018880208333333332
4 0.4204668838219327 0.13997395833333334 0.004343105320304018 0.009114583333333334
30 0.6946254071661238 0.087890625 0.03528773072747014 0.04296875
23 0.43322475570032576 0.1396484375 0.005971769815418024 0.00390625
4 0.38816503800217156 0.14811197916666666 0.009771986970684038 0.0078125
30 0.7866449511400652 0.07259114583333333 0.030944625407166124 0.041666666666666664
4 0.41123778501628666 0.14388020833333334 0.007057546145494028 0.007161458333333333
23 0.44571118349619976 0.13802083333333334 0.005971769815418024 0.004557291666666667
4 0.4011943539630836 0.146484375 0.005971769815418024 0.005208333333333333
23 0.9446254071661238 0.043619791666666664 0.0027144408251900108 0.009765625
30 0.6088490770901195 0.1083984375 0.03040173724212812 0.0390625
4 0.9394679695982627 0.045247395833333336 0.004885993485342019 0.012369791666666666
23 0.3547774158523344 0.15787760416666666 0.006514657980456026 0.004557291666666667
30 0.46145494028230183 0.13736979166666666 0.008143322475570033 0.010416666666666666
4 0.36780673181324647 0.15592447916666666 0.009771986970684038 0.004557291666666667
4 0.8648208469055375 0.062174479166666664 0.00760043431053203 0.005208333333333333
23 0.43512486427795877 0.14583333333333334 0.007057546145494028 0.004557291666666667
23 0.44869706840390877 0.14388020833333334 0.009771986970684038 0.005859375
23 0.4728555917480999 0.14127604166666666 0.006514657980456026 0.007161458333333333
4 0.8634636264929425 0.068359375 0.00760043431053203 0.005208333333333333
30 0.48751357220412594 0.13997395833333334 0.005971769815418024 0.011067708333333334
23 0.36807817589576547 0.16243489583333334 0.006514657980456026 0.00390625
30 0.501628664495114 0.13834635416666666 0.005971769815418024 0.009114583333333334
4 0.3564060803474484 0.16666666666666666 0.0054288816503800215 0.0032552083333333335
23 0.43485342019543977 0.15299479166666666 0.005971769815418024 0.00390625
23 0.44733984799131377 0.15071614583333334 0.005971769815418024 0.00390625
23 0.4742128121606949 0.146484375 0.005971769815418024 0.00390625
30 0.7369706840390879 0.09635416666666667 0.030944625407166124 0.032552083333333336
30 0.8306188925081434 0.08138020833333333 0.03257328990228013 0.03515625
23 0.36834961997828447 0.1689453125 0.00760043431053203 0.00390625
23 0.8675352877307275 0.07421875 0.008143322475570033 0.007161458333333333
4 0.3555917480998914 0.17220052083333334 0.004343105320304018 0.001953125
30 0.46145494028230183 0.1533203125 0.00760043431053203 0.0078125
23 0.9467969598262758 0.061197916666666664 0.0027144408251900108 0.0078125
4 0.9370249728555917 0.06315104166666667 0.003800217155266015 0.010416666666666666
23 0.9429967426710097 0.0625 0.003257328990228013 0.009765625
23 0.44598262757871876 0.15690104166666666 0.004343105320304018 0.00390625
23 0.43539630836047777 0.15950520833333334 0.005971769815418024 0.004557291666666667
23 0.48941368078175895 0.1494140625 0.007057546145494028 0.005208333333333333
4 0.22041259500542887 0.201171875 0.004343105320304018 0.009114583333333334
23 0.5496742671009772 0.138671875 0.0054288816503800215 0.010416666666666666
23 0.5447882736156352 0.1396484375 0.004885993485342019 0.009114583333333334
30 0.6536373507057546 0.11946614583333333 0.02714440825190011 0.037760416666666664
23 0.5380021715526602 0.14225260416666666 0.003800217155266015 0.011067708333333334
4 0.15472312703583063 0.21614583333333334 0.013029315960912053 0.014973958333333334
4 0.5290445168295331 0.14518229166666666 0.003800217155266015 0.009114583333333334
23 0.3697068403908795 0.17610677083333334 0.00760043431053203 0.004557291666666667
23 0.8653637350705755 0.08268229166666667 0.00760043431053203 0.007161458333333333
4 0.3558631921824104 0.17936197916666666 0.006514657980456026 0.004557291666666667
23 0.497828447339848 0.15559895833333334 0.008143322475570033 0.004557291666666667
23 0.35939196525515743 0.18391927083333334 0.005971769815418024 0.00390625
23 0.46498371335504884 0.16438802083333334 0.007057546145494028 0.005208333333333333
4 0.3697068403908795 0.1826171875 0.007057546145494028 0.005208333333333333
23 0.8678067318132465 0.08919270833333333 0.00760043431053203 0.004557291666666667
4 0.43539630836047777 0.1728515625 0.006514657980456026 0.004557291666666667
4 0.7024972855591748 0.12272135416666667 0.006514657980456026 0.017578125
23 0.498914223669924 0.162109375 0.006514657980456026 0.004557291666666667
4 0.6126492942453855 0.14127604166666666 0.003257328990228013 0.012369791666666666
23 0.7176981541802389 0.12174479166666667 0.004885993485342019 0.01171875
23 0.8051031487513572 0.10514322916666667 0.004343105320304018 0.01171875
4 0.7890879478827362 0.1083984375 0.003800217155266015 0.011067708333333334
23 0.36020629750271443 0.19108072916666666 0.006514657980456026 0.00390625
4 0.9220955483170467 0.08430989583333333 0.003257328990228013 0.009765625
23 0.6300217155266015 0.1396484375 0.004343105320304018 0.013020833333333334
4 0.3726927252985885 0.189453125 0.006514657980456026 0.005208333333333333
4 0.8691639522258415 0.095703125 0.008143322475570033 0.007161458333333333
30 0.9337676438653637 0.08463541666666667 0.006514657980456026 0.01171875
4 0.4495114006514658 0.1767578125 0.008143322475570033 0.00390625
4 0.014115092290988056 0.2594401041666667 0.00760043431053203 0.00390625
23 0.501085776330076 0.16764322916666666 0.008143322475570033 0.004557291666666667
15 0.4036373507057546 0.18684895833333334 0.03637350705754615 0.07421875
4 0.46471226927252984 0.17513020833333334 0.007057546145494028 0.004557291666666667
4 0.08740499457111835 0.248046875 0.008686210640608035 0.005208333333333333
23 0.3724212812160695 0.19596354166666666 0.008686210640608035 0.005859375
4 0.36020629750271443 0.19954427083333334 0.007057546145494028 0.005208333333333333
4 0.016015200868621064 0.2649739583333333 0.006514657980456026 0.0032552083333333335
4 0.46552660152008685 0.18033854166666666 0.00760043431053203 0.0032552083333333335
4 0.4516829533116178 0.18359375 0.008143322475570033 0.005208333333333333
4 0.06596091205211727 0.2568359375 0.004885993485342019 0.01171875
4 0.22339847991313788 0.22819010416666666 0.004343105320304018 0.009114583333333334
23 0.43621064060803477 0.18782552083333334 0.008143322475570033 0.004557291666666667
4 0.21226927252985886 0.23111979166666666 0.003800217155266015 0.011067708333333334
4 0.08794788273615635 0.2552083333333333 0.007057546145494028 0.00390625
23 0.36102062975027144 0.20475260416666666 0.0054288816503800215 0.0032552083333333335
23 0.3735070575461455 0.20377604166666666 0.006514657980456026 0.00390625
4 0.016558089033659067 0.2721354166666667 0.007057546145494028 0.005208333333333333
4 0.08930510314875136 0.2623697916666667 0.005971769815418024 0.004557291666666667
23 0.3740499457111835 0.208984375 0.007057546145494028 0.0032552083333333335
4 0.36129207383279044 0.21126302083333334 0.0054288816503800215 0.0032552083333333335
4 0.9462540716612378 0.10026041666666667 0.003800217155266015 0.009765625
23 0.4370249728555918 0.19759114583333334 0.004343105320304018 0.001953125
4 0.8889793702497285 0.11165364583333333 0.004885993485342019 0.009114583333333334
4 0.23914223669923995 0.23502604166666666 0.005971769815418024 0.012369791666666666
4 0.9025515743756786 0.10970052083333333 0.002171552660152009 0.007161458333333333
23 0.9169381107491856 0.10709635416666667 0.004343105320304018 0.007161458333333333
23 0.8960369163952225 0.11100260416666667 0.004885993485342019 0.010416666666666666
4 0.9245385450597177 0.10546875 0.0054288816503800215 0.01171875
4 0.9410966340933767 0.10319010416666667 0.003257328990228013 0.0078125
23 0.9090662323561346 0.109375 0.004343105320304018 0.007161458333333333
23 0.9288816503800217 0.10546875 0.004885993485342019 0.008463541666666666
23 0.9524972855591748 0.10091145833333333 0.002171552660152009 0.009114583333333334
23 0.9364820846905537 0.10481770833333333 0.004343105320304018 0.0078125
23 0.3754071661237785 0.21516927083333334 0.008686210640608035 0.004557291666666667
4 0.36210640608034744 0.2177734375 0.008143322475570033 0.005208333333333333
23 0.3762214983713355 0.22037760416666666 0.00760043431053203 0.006510416666666667
4 0.36237785016286644 0.22428385416666666 0.005971769815418024 0.00390625
23 0.44136807817589574 0.21061197916666666 0.008143322475570033 0.004557291666666667
23 0.8851791530944625 0.12955729166666666 0.004343105320304018 0.010416666666666666
4 0.24185667752442996 0.2522786458333333 0.004885993485342019 0.012369791666666666
4 0.36237785016286644 0.23209635416666666 0.004343105320304018 0.00390625
4 0.3754071661237785 0.23046875 0.006514657980456026 0.005208333333333333
23 0.09663409337676439 0.283203125 0.004885993485342019 0.01171875
23 0.3965798045602606 0.2294921875 0.003257328990228013 0.0078125
4 0.38979370249728557 0.23209635416666666 0.003257328990228013 0.008463541666666666
23 0.40662323561346364 0.22916666666666666 0.0027144408251900108 0.008463541666666666
23 0.4182953311617807 0.2275390625 0.0016286644951140066 0.008463541666666666
4 0.4006514657980456 0.23079427083333334 0.003257328990228013 0.0078125
4 0.41313789359391967 0.22916666666666666 0.0027144408251900108 0.009114583333333334
23 0.42752442996742673 0.22623697916666666 0.0027144408251900108 0.0078125
4 0.4237242128121607 0.22721354166666666 0.0027144408251900108 0.009114583333333334
23 0.16910966340933767 0.275390625 0.003800217155266015 0.01171875
4 0.4565689467969598 0.220703125 0.003257328990228013 0.007161458333333333
23 0.44543973941368076 0.2236328125 0.002171552660152009 0.010416666666666666
4 0.43512486427795877 0.22623697916666666 0.003257328990228013 0.009114583333333334
4 0.4503257328990228 0.22330729166666666 0.003257328990228013 0.009114583333333334
23 0.8876221498371335 0.14290364583333334 0.004343105320304018 0.006510416666666667
23 0.24457111834961998 0.2688802083333333 0.0054288816503800215 0.011067708333333334
4 0.07138979370249729 0.3017578125 0.003800217155266015 0.011067708333333334
4 0.003257328990228013 0.3154296875 0.006514657980456026 0.005859375
23 0.021715526601520086 0.3121744791666667 0.008143322475570033 0.006510416666666667
4 0.0982627578718784 0.3001302083333333 0.003800217155266015 0.010416666666666666
4 0.502442996742671 0.23046875 0.0027144408251900108 0.009114583333333334
4 0.17100977198697068 0.2942708333333333 0.003257328990228013 0.014973958333333334
4 0.507871878393051 0.23079427083333334 0.003257328990228013 0.009765625
4 0.44218241042345274 0.24544270833333334 0.006514657980456026 0.005208333333333333
23 0.24565689467969598 0.2838541666666667 0.003800217155266015 0.010416666666666666
4 0.23534201954397393 0.2864583333333333 0.007057546145494028 0.00390625
4 0.0743756786102063 0.3196614583333333 0.0054288816503800215 0.009765625
4 0.38762214983713356 0.26171875 0.003257328990228013 0.0078125
23 0.3935939196525516 0.2604166666666667 0.003800217155266015 0.01171875
23 0.23751357220412594 0.29296875 0.006514657980456026 0.004557291666666667
4 0.44353963083604775 0.2548828125 0.005971769815418024 0.004557291666666667
23 0.509229098805646 0.24446614583333334 0.003800217155266015 0.008463541666666666
23 0.503257328990228 0.24576822916666666 0.003800217155266015 0.011067708333333334
4 0.1734527687296417 0.3121744791666667 0.005971769815418024 0.01171875
23 0.23778501628664495 0.30078125 0.00760043431053203 0.005208333333333333
23 0.9554831704668838 0.16634114583333334 0.003800217155266015 0.010416666666666666
23 0.9503257328990228 0.16796875 0.003800217155266015 0.009114583333333334
23 0.9438110749185668 0.16927083333333334 0.0027144408251900108 0.010416666666666666
4 0.9600977198697068 0.166015625 0.003800217155266015 0.009765625
4 0.10233441910966341 0.3323567708333333 0.0054288816503800215 0.012369791666666666
4 0.006243213897937025 0.3525390625 0.008143322475570033 0.005859375
23 0.3922366992399566 0.2799479166666667 0.006514657980456026 0.00390625
4 0.6175352877307275 0.23763020833333334 0.003257328990228013 0.009765625
4 0.026058631921824105 0.3499348958333333 0.004885993485342019 0.005859375
4 0.6118349619978285 0.23958333333333334 0.003800217155266015 0.011067708333333334
23 0.3764929424538545 0.2854817708333333 0.00760043431053203 0.005208333333333333
4 0.512214983713355 0.2630208333333333 0.002171552660152009 0.009114583333333334
23 0.3922366992399566 0.2864583333333333 0.008143322475570033 0.00390625
4 0.49728555917481 0.2666015625 0.004343105320304018 0.009765625
4 0.504614549402823 0.2649739583333333 0.003257328990228013 0.009765625
23 0.007057546145494028 0.3636067708333333 0.00760043431053203 0.005208333333333333
23 0.027415852334419108 0.3603515625 0.008686210640608035 0.004557291666666667
23 0.9527687296416938 0.18587239583333334 0.003800217155266015 0.0078125
23 0.9628121606948968 0.1845703125 0.003257328990228013 0.0078125
23 0.9565689467969598 0.18587239583333334 0.0027144408251900108 0.008463541666666666
23 0.1775244299674267 0.333984375 0.004343105320304018 0.012369791666666666
23 0.10233441910966341 0.3479817708333333 0.004885993485342019 0.010416666666666666
23 0.9356677524429967 0.1904296875 0.0027144408251900108 0.006510416666666667
23 0.9405537459283387 0.189453125 0.003257328990228013 0.007161458333333333
23 0.9465255157437568 0.1884765625 0.003800217155266015 0.0078125
30 0.23479913137893593 0.3235677083333333 0.02280130293159609 0.03515625
23 0.3935939196525516 0.2936197916666667 0.009229098805646038 0.004557291666666667
4 0.07790445168295332 0.3541666666666667 0.006514657980456026 0.011067708333333334
4 0.44788273615635177 0.2884114583333333 0.009229098805646038 0.006510416666666667
23 0.252442996742671 0.3268229166666667 0.004343105320304018 0.01171875
23 0.3805646036916395 0.3037109375 0.00760043431053203 0.00390625
4 0.3941368078175896 0.3020833333333333 0.006514657980456026 0.00390625
7 0.1976112920738328 0.3411458333333333 0.07057546145494029 0.3567708333333333
7 0.04777415852334419 0.37109375 0.06677524429967427 0.3580729166666667
7 0.009771986970684038 0.3828125 0.019543973941368076 0.3619791666666667
4 0.44815418023887077 0.298828125 0.00760043431053203 0.004557291666666667
7 0.1262214983713355 0.36328125 0.06351791530944625 0.3587239583333333
7 0.2728013029315961 0.3362630208333333 0.06731813246471227 0.3548177083333333
23 0.3325190010857763 0.3255208333333333 0.003257328990228013 0.008463541666666666
23 0.34310532030401736 0.32421875 0.003800217155266015 0.010416666666666666
4 0.3270901194353963 0.3271484375 0.004343105320304018 0.010416666666666666
23 0.36563517915309446 0.3199869791666667 0.003257328990228013 0.009765625
4 0.3716069489685125 0.3186848958333333 0.0027144408251900108 0.009114583333333334
4 0.33794788273615634 0.3251953125 0.003257328990228013 0.008463541666666666
4 0.3555917480998914 0.322265625 0.003800217155266015 0.009765625
23 0.3496199782844734 0.3235677083333333 0.004885993485342019 0.012369791666666666
23 0.36047774158523344 0.322265625 0.004343105320304018 0.01171875
4 0.4497828447339848 0.306640625 0.00760043431053203 0.00390625
4 0.25542888165038 0.3453776041666667 0.0054288816503800215 0.01171875
4 0.012214983713355049 0.3935546875 0.009771986970684038 0.008463541666666666
23 0.5249728555917481 0.2975260416666667 0.0027144408251900108 0.0078125
4 0.5179153094462541 0.2994791666666667 0.004343105320304018 0.009114583333333334
4 0.503528773072747 0.3020833333333333 0.005971769815418024 0.01171875
4 0.48805646036916395 0.3059895833333333 0.003800217155266015 0.010416666666666666
23 0.496742671009772 0.3043619791666667 0.003800217155266015 0.011067708333333334
23 0.511129207383279 0.3014322916666667 0.003257328990228013 0.0078125
4 0.3292616720955483 0.3430989583333333 0.003800217155266015 0.011067708333333334
23 0.3346905537459283 0.3427734375 0.003257328990228013 0.009765625
4 0.34011943539630834 0.341796875 0.003800217155266015 0.009765625
23 0.4500542888165038 0.3209635416666667 0.00760043431053203 0.005208333333333333
23 0.36753528773072747 0.3372395833333333 0.0027144408251900108 0.0078125
23 0.3572204125950054 0.3391927083333333 0.003257328990228013 0.008463541666666666
23 0.3520629750271444 0.3408203125 0.003257328990228013 0.010416666666666666
23 0.4514115092290988 0.3274739583333333 0.007057546145494028 0.004557291666666667
4 0.03257328990228013 0.4075520833333333 0.006514657980456026 0.005208333333333333
4 0.18295331161780673 0.384765625 0.004885993485342019 0.01171875
4 0.10966340933767643 0.3987630208333333 0.004343105320304018 0.009114583333333334
23 0.4522258414766558 0.3343098958333333 0.007057546145494028 0.004557291666666667
4 0.30320304017372424 0.36328125 0.009771986970684038 0.005859375
4 0.25678610206297503 0.3740234375 0.0054288816503800215 0.012369791666666666
4 0.5426167209554832 0.3199869791666667 0.003800217155266015 0.011067708333333334
23 0.3748642779587405 0.3515625 0.006514657980456026 0.0032552083333333335
4 0.5700325732899023 0.3154296875 0.002171552660152009 0.008463541666666666
4 0.5485884907709012 0.3193359375 0.003257328990228013 0.009765625
4 0.5380021715526602 0.3212890625 0.003800217155266015 0.008463541666666666
4 0.5540173724212812 0.318359375 0.003257328990228013 0.008463541666666666
4 0.5659609120521173 0.3160807291666667 0.003800217155266015 0.010416666666666666
4 0.5760043431053203 0.3147786458333333 0.004885993485342019 0.009114583333333334
4 0.5857763300760044 0.3134765625 0.003257328990228013 0.008463541666666666
4 0.5602605863192183 0.318359375 0.004885993485342019 0.009765625
4 0.5817046688382194 0.314453125 0.003800217155266015 0.0078125
23 0.3756786102062975 0.3580729166666667 0.006514657980456026 0.004557291666666667
4 0.38816503800217156 0.3564453125 0.009771986970684038 0.005859375
4 0.08849077090119435 0.4134114583333333 0.00760043431053203 0.005208333333333333
4 0.01520086862106406 0.4287109375 0.006514657980456026 0.0032552083333333335
4 0.5133007600434311 0.3352864583333333 0.004343105320304018 0.009765625
4 0.5130293159609121 0.3372395833333333 0.003800217155266015 0.010416666666666666
4 0.5184581976112921 0.3362630208333333 0.003257328990228013 0.009114583333333334
4 0.38762214983713356 0.365234375 0.007057546145494028 0.004557291666666667
23 0.3770358306188925 0.3678385416666667 0.0054288816503800215 0.0032552083333333335
23 0.5556460369163952 0.3352864583333333 0.004343105320304018 0.009765625
23 0.5499457111834962 0.3362630208333333 0.003800217155266015 0.008463541666666666
4 0.5670466883821933 0.3336588541666667 0.003800217155266015 0.009765625
23 0.5445168295331162 0.337890625 0.003257328990228013 0.009114583333333334
4 0.5396308360477742 0.3388671875 0.004343105320304018 0.008463541666666666
4 0.5613463626492943 0.3352864583333333 0.003257328990228013 0.010416666666666666
23 0.5865906623235614 0.3307291666666667 0.0027144408251900108 0.010416666666666666
23 0.6047774158523345 0.3271484375 0.004343105320304018 0.011067708333333334
23 0.6093919652551575 0.326171875 0.0027144408251900108 0.010416666666666666
23 0.5757328990228013 0.3333333333333333 0.003800217155266015 0.011067708333333334
4 0.5925624321389794 0.330078125 0.0027144408251900108 0.009765625
4 0.5971769815418024 0.3291015625 0.002171552660152009 0.009114583333333334
23 0.3783930510314875 0.3733723958333333 0.005971769815418024 0.00390625
4 0.38735070575461455 0.3717447916666667 0.006514657980456026 0.004557291666666667
23 0.4025515743756786 0.3694661458333333 0.00760043431053203 0.005208333333333333
23 0.9307817589576547 0.2698567708333333 0.003257328990228013 0.010416666666666666
23 0.9334961997828447 0.2692057291666667 0.0054288816503800215 0.009114583333333334
15 0.34229098805646035 0.3834635416666667 0.04560260586319218 0.059244791666666664
4 0.30700325732899025 0.3909505208333333 0.007057546145494028 0.004557291666666667
23 0.76085776330076 0.3072916666666667 0.005971769815418024 0.004557291666666667
23 0.3792073832790445 0.3798828125 0.005971769815418024 0.00390625
4 0.39006514657980457 0.3785807291666667 0.008686210640608035 0.005859375
23 0.9424538545059717 0.2744140625 0.008686210640608035 0.004557291666666667
4 0.4033659066232356 0.3766276041666667 0.008143322475570033 0.004557291666666667
4 0.507600434310532 0.361328125 0.004343105320304018 0.008463541666666666
4 0.5225298588490771 0.3587239583333333 0.003257328990228013 0.008463541666666666
23 0.9451682953311618 0.2783203125 0.006514657980456026 0.004557291666666667
23 0.5762757871878393 0.3489583333333333 0.003257328990228013 0.0078125
23 0.3789359391965255 0.3863932291666667 0.004343105320304018 0.00390625
23 0.5708469055374593 0.3499348958333333 0.0027144408251900108 0.009765625
23 0.5423452768729642 0.35546875 0.003257328990228013 0.008463541666666666
23 0.5521172638436482 0.353515625 0.0027144408251900108 0.007161458333333333
4 0.5295874049945711 0.3580729166666667 0.0054288816503800215 0.01171875
23 0.5480456026058632 0.3551432291666667 0.0027144408251900108 0.009114583333333334
4 0.5295874049945711 0.3587239583333333 0.004343105320304018 0.010416666666666666
23 0.6053203040173725 0.3440755208333333 0.003257328990228013 0.009114583333333334
23 0.7646579804560261 0.3141276041666667 0.005971769815418024 0.004557291666666667
23 0.5887622149837134 0.3473307291666667 0.003257328990228013 0.009765625
23 0.750814332247557 0.3173828125 0.00760043431053203 0.005208333333333333
4 0.4036373507057546 0.3831380208333333 0.007057546145494028 0.00390625
4 0.5947339847991314 0.34765625 0.003257328990228013 0.009114583333333334
4 0.6007057546145494 0.3463541666666667 0.0027144408251900108 0.009114583333333334
23 0.6118349619978285 0.3444010416666667 0.003257328990228013 0.009114583333333334
23 0.30890336590662326 0.4059244791666667 0.008143322475570033 0.004557291666666667
23 0.9454397394136808 0.2861328125 0.006514657980456026 0.00390625
23 0.3811074918566775 0.3942057291666667 0.005971769815418024 0.00390625
4 0.39115092290988057 0.3922526041666667 0.007057546145494028 0.005208333333333333
4 0.40526601520086863 0.3893229166666667 0.00760043431053203 0.0032552083333333335
4 0.09256243213897937 0.4495442708333333 0.005971769815418024 0.00390625
23 0.7641150922909881 0.3232421875 0.008143322475570033 0.00390625
23 0.750814332247557 0.3258463541666667 0.004343105320304018 0.0026041666666666665
4 0.48534201954397393 0.3776041666666667 0.00760043431053203 0.004557291666666667
23 0.30917480998914226 0.4124348958333333 0.009229098805646038 0.005208333333333333
4 0.40580890336590664 0.3951822916666667 0.008143322475570033 0.00390625
23 0.3802931596091205 0.4007161458333333 0.005971769815418024 0.00390625
4 0.3919652551574376 0.3984375 0.008686210640608035 0.004557291666666667
23 0.9454397394136808 0.2939453125 0.005971769815418024 0.00390625
23 0.7660152008686211 0.3294270833333333 0.00760043431053203 0.005859375
23 0.751628664495114 0.3330078125 0.004885993485342019 0.0032552083333333335
23 0.4600977198697068 0.3883463541666667 0.008686210640608035 0.005208333333333333
15 0.249457111834962 0.4296875 0.016829533116178068 0.017578125
23 0.30998914223669927 0.4186197916666667 0.009229098805646038 0.004557291666666667
4 0.40716612377850164 0.4010416666666667 0.008143322475570033 0.004557291666666667
23 0.38165038002171553 0.4072265625 0.005971769815418024 0.004557291666666667
23 0.9473398479913138 0.3004557291666667 0.008143322475570033 0.005208333333333333
23 0.4603691639522258 0.3955078125 0.00760043431053203 0.005208333333333333
4 0.3935939196525516 0.4108072916666667 0.004885993485342019 0.0026041666666666665
23 0.38246471226927253 0.4134114583333333 0.005971769815418024 0.004557291666666667
4 0.40825190010857765 0.4085286458333333 0.005971769815418024 0.00390625
4 0.30998914223669927 0.4300130208333333 0.003257328990228013 0.009114583333333334
23 0.9467969598262758 0.3089192708333333 0.005971769815418024 0.004557291666666667
23 0.3260043431053203 0.4270833333333333 0.003800217155266015 0.009765625
23 0.34337676438653636 0.4241536458333333 0.0027144408251900108 0.008463541666666666
23 0.33740499457111833 0.4254557291666667 0.003800217155266015 0.008463541666666666
23 0.3319761129207383 0.4264322916666667 0.003257328990228013 0.008463541666666666
4 0.4611834961997828 0.4020182291666667 0.007057546145494028 0.00390625
4 0.3479913137893594 0.4235026041666667 0.003800217155266015 0.009765625
4 0.31894679695982625 0.431640625 0.006514657980456026 0.016276041666666668
4 0.38300760043431054 0.4212239583333333 0.004343105320304018 0.0026041666666666665
4 0.3935939196525516 0.4192708333333333 0.0054288816503800215 0.0032552083333333335
4 0.41286644951140067 0.4182942708333333 0.003257328990228013 0.007161458333333333
4 0.16666666666666666 0.4736328125 0.007057546145494028 0.012369791666666666
23 0.33957654723127034 0.4420572916666667 0.004885993485342019 0.01171875
23 0.3287187839305103 0.4443359375 0.003800217155266015 0.010416666666666666
23 0.34446254071661236 0.4410807291666667 0.003257328990228013 0.008463541666666666
4 0.12024972855591748 0.484375 0.004885993485342019 0.011067708333333334
23 0.3341476655808903 0.4436848958333333 0.003800217155266015 0.011067708333333334
23 0.3504343105320304 0.4407552083333333 0.003800217155266015 0.010416666666666666
4 0.49104234527687296 0.4153645833333333 0.010857763300760043 0.0078125
4 0.8648208469055375 0.3450520833333333 0.008143322475570033 0.004557291666666667
4 0.4139522258414767 0.4313151041666667 0.003257328990228013 0.0078125
4 0.8219326818675353 0.3538411458333333 0.009229098805646038 0.005859375