4 0.6640061791967045 0.4423076923076923 0.009268795056642637 0.02435897435897436
4 0.39212152420185376 0.5237179487179487 0.006694129763130793 0.017948717948717947
4 0.34603501544799176 0.5336538461538461 0.007723995880535531 0.019230769230769232
4 0.9443872296601442 0.45737179487179486 0.014418125643666324 0.008974358974358974
4 0.6985066941297632 0.5009615384615385 0.021627188465499485 0.011538461538461539
4 0.90216271884655 0.48493589743589743 0.018537590113285273 0.010256410256410256
4 0.8697219361483007 0.4897435897435897 0.016992790937178166 0.009615384615384616
23 0.6323377960865088 0.521474358974359 0.005664263645726055 0.01730769230769231
4 0.8117919670442842 0.5003205128205128 0.02059732234809475 0.008974358974358974
4 0.786302780638517 0.5115384615384615 0.008238928939237899 0.021153846153846155
4 0.44464469618949537 0.5679487179487179 0.007209062821833162 0.014102564102564103
4 0.40216271884654997 0.5740384615384615 0.007209062821833162 0.01858974358974359
23 0.63697219361483 0.5471153846153847 0.006694129763130793 0.016666666666666666
4 0.951081359423275 0.5073717948717948 0.003604531410916581 0.01217948717948718
4 0.7196189495365602 0.5381410256410256 0.017507723995880537 0.010256410256410256
4 0.6557672502574665 0.5467948717948717 0.02008238928939238 0.011538461538461539
4 0.9443872296601442 0.5089743589743589 0.003604531410916581 0.01217948717948718
4 0.688465499485067 0.5423076923076923 0.022142121524201853 0.011538461538461539
4 0.9577754891864058 0.5076923076923077 0.004634397528321318 0.014743589743589743
4 0.36740473738414003 0.5855769230769231 0.007209062821833162 0.017948717948717947
4 0.3403707518022657 0.5903846153846154 0.008238928939237899 0.016666666666666666
4 0.8195159629248198 0.5362179487179487 0.007209062821833162 0.005128205128205128
4 0.8316168898043255 0.5391025641025641 0.005149330587023687 0.011538461538461539
4 0.6372296601441813 0.5682692307692307 0.005664263645726055 0.01282051282051282
4 0.9559732234809475 0.5278846153846154 0.005149330587023687 0.013461538461538462
4 0.7881050463439753 0.5583333333333333 0.018537590113285273 0.009615384615384616
4 0.6403192584963955 0.5855769230769231 0.009783728115345005 0.00641025641025641
4 0.7417610710607621 0.5721153846153846 0.010813594232749742 0.007692307692307693
4 0.16709577754891863 0.6525641025641026 0.006694129763130793 0.01987179487179487
4 0.025231719876416064 0.6724358974358975 0.014933058702368692 0.008974358974358974
4 0.8110195674562307 0.5727564102564102 0.008238928939237899 0.02564102564102564
4 0.3272399588053553 0.6419871794871795 0.005664263645726055 0.016666666666666666
4 0.47167868177136973 0.6256410256410256 0.007209062821833162 0.017948717948717947
4 0.9724510813594233 0.5701923076923077 0.008753861997940269 0.00641025641025641
4 0.7981462409886715 0.5971153846153846 0.017507723995880537 0.010256410256410256
4 0.446961894953656 0.6448717948717949 0.012873326467559218 0.010256410256410256
4 0.32929969104016477 0.6608974358974359 0.005149330587023687 0.013461538461538462
4 0.3959835221421215 0.6612179487179487 0.005664263645726055 0.01858974358974359
4 0.836508753861998 0.6041666666666666 0.005149330587023687 0.011538461538461539
4 0.37100926879505663 0.6650641025641025 0.005149330587023687 0.01858974358974359
4 0.8287847579814624 0.6051282051282051 0.004634397528321318 0.010897435897435897
4 0.18022657054582905 0.7118589743589744 0.006694129763130793 0.019230769230769232
4 0.06591143151390319 0.7307692307692307 0.013903192584963954 0.010256410256410256
4 0.12590113285272914 0.7230769230769231 0.014418125643666324 0.008974358974358974
4 0.7826982492276005 0.6602564102564102 0.017507723995880537 0.010256410256410256
4 0.3668898043254377 0.7435897435897436 0.006694129763130793 0.017948717948717947
4 0.850669412976313 0.680448717948718 0.008753861997940269 0.0057692307692307696
4 0.9582904222451082 0.6676282051282051 0.013903192584963954 0.008333333333333333
4 0.9729660144181257 0.6676282051282051 0.006694129763130793 0.014743589743589743
4 0.7672502574665293 0.6971153846153846 0.010298661174047374 0.0057692307692307696
4 0.417610710607621 0.7435897435897436 0.014933058702368692 0.009615384615384616
4 0.8851699279093718 0.6836538461538462 0.007209062821833162 0.01858974358974359
4 0.3094747682801236 0.7589743589743589 0.013903192584963954 0.009615384615384616
4 0.8619979402677652 0.6903846153846154 0.014933058702368692 0.008333333333333333
4 0.48094747682801237 0.7583333333333333 0.006694129763130793 0.021794871794871794
4 0.1184346035015448 0.8083333333333333 0.004119464469618949 0.01217948717948718
4 0.7031410916580845 0.7346153846153847 0.014418125643666324 0.007692307692307693
4 0.9212152420185376 0.7125 0.006179196704428424 0.017948717948717947
4 0.053553038105046344 0.8298076923076924 0.01184346035015448 0.007051282051282051
4 0.923274974253347 0.7346153846153847 0.007209062821833162 0.01730769230769231
4 0.04660144181256436 0.8525641025641025 0.01132852729145211 0.0057692307692307696
4 0.49407826982492276 0.7974358974358975 0.014933058702368692 0.010897435897435897
4 0.5625643666323378 0.7942307692307692 0.015447991761071062 0.01282051282051282
4 0.9098867147270855 0.7602564102564102 0.006694129763130793 0.01858974358974359
23 0.8280123583934088 0.7733974358974359 0.006694129763130793 0.01730769230769231
4 0.21755921730175076 0.8657051282051282 0.006179196704428424 0.016025641025641024
4 0.18820803295571575 0.878525641025641 0.010298661174047374 0.007051282051282051
23 0.829557157569516 0.7977564102564103 0.005664263645726055 0.01730769230769231
4 0.3107621009268795 0.8701923076923077 0.007209062821833162 0.017948717948717947
4 0.05458290422245108 0.916025641025641 0.013903192584963954 0.007692307692307693
23 0.8331616889804325 0.8205128205128205 0.006694129763130793 0.022435897435897436
4 0.55870236869207 0.8634615384615385 0.012358393408856848 0.007692307692307693
4 0.31307929969104015 0.8990384615384616 0.006694129763130793 0.017948717948717947
4 0.9430998970133883 0.825 0.01596292481977343 0.010897435897435897
4 0.9732234809474768 0.8301282051282052 0.007209062821833162 0.020512820512820513
4 0.9809474768280123 0.8288461538461539 0.006694129763130793 0.019230769230769232
4 0.9654994850669413 0.8310897435897436 0.006694129763130793 0.017948717948717947
4 0.9585478887744593 0.8346153846153846 0.005149330587023687 0.01282051282051282
4 0.22296601441812564 0.9358974358974359 0.006694129763130793 0.016666666666666666
4 0.427394438722966 0.908974358974359 0.013388259526261586 0.010256410256410256
23 0.4909886714727085 0.9092948717948718 0.006179196704428424 0.016666666666666666
23 0.9515962924819773 0.8509615384615384 0.008238928939237899 0.020512820512820513
4 0.8957260556127703 0.00608974358974359 0.004634397528321318 0.01217948717948718
23 0.04454170957775489 0.9817307692307692 0.006179196704428424 0.019230769230769232
23 0.9781153450051493 0.8653846153846154 0.013388259526261586 0.007692307692307693
4 0.9348609680741503 0.8724358974358974 0.016477857878475798 0.009615384615384616
23 0.17996910401647787 0.9730769230769231 0.005664263645726055 0.016666666666666666
4 0.909114315139032 0.0057692307692307696 0.005664263645726055 0.011538461538461539
4 0.9152935118434603 0.0057692307692307696 0.004634397528321318 0.011538461538461539
4 0.9026776519052523 0.006730769230769231 0.005149330587023687 0.013461538461538462
4 0.9564881565396498 0.8778846153846154 0.013903192584963954 0.007051282051282051
23 0.935633367662204 0.8833333333333333 0.014933058702368692 0.009615384615384616
4 0.7842430484037075 0.9051282051282051 0.012873326467559218 0.008333333333333333
4 0.7613285272914521 0.9086538461538461 0.004119464469618949 0.01217948717948718
4 0.6748197734294542 0.9198717948717948 0.005149330587023687 0.014102564102564103
4 0.7427909371781668 0.9115384615384615 0.004119464469618949 0.013461538461538462
4 0.6426364572605562 0.9246794871794872 0.005664263645726055 0.016025641025641024
4 0.6882080329557158 0.9189102564102564 0.004634397528321318 0.010897435897435897
4 0.5774974253347065 0.933974358974359 0.004119464469618949 0.008974358974358974
4 0.7075180226570545 0.9169871794871794 0.004634397528321318 0.011538461538461539
4 0.6488156539649845 0.9246794871794872 0.004119464469618949 0.009615384615384616
4 0.713697219361483 0.916025641025641 0.003604531410916581 0.009615384615384616
4 0.6616889804325438 0.9237179487179488 0.003604531410916581 0.009615384615384616
4 0.6943872296601442 0.9192307692307692 0.004634397528321318 0.011538461538461539
4 0.8527291452111225 0.9 0.014418125643666324 0.008974358974358974
23 0.914778578784758 0.892948717948718 0.016477857878475798 0.009615384615384616
23 0.8318743563336766 0.9051282051282051 0.016477857878475798 0.010256410256410256
4 0.797373841400618 0.9128205128205128 0.010298661174047374 0.010897435897435897
4 0.1678681771369722 0.9945512820512821 0.006179196704428424 0.009615384615384616
4 0.8545314109165808 0.9099358974358974 0.014933058702368692 0.008333333333333333
4 0.25875386199794026 0.9897435897435898 0.009783728115345005 0.00641025641025641
4 0.9389804325437693 0.9028846153846154 0.013903192584963954 0.008333333333333333
23 0.8331616889804325 0.9198717948717948 0.017507723995880537 0.009615384615384616
4 0.8568486096807415 0.9314102564102564 0.013903192584963954 0.008333333333333333
23 0.8285272914521112 0.9391025641025641 0.007209062821833162 0.019230769230769232
23 0.8403707518022657 0.9387820512820513 0.008753861997940269 0.01987179487179487
4 0.94129763130793 0.9262820512820513 0.012873326467559218 0.007051282051282051
4 0.896755921730175 0.9378205128205128 0.01596292481977343 0.007051282051282051
4 0.05020597322348095 0.15352564102564104 0.014418125643666324 0.008333333333333333
4 0.3308444902162719 0.1282051282051282 0.013903192584963954 0.008974358974358974
4 0.7391864057672503 0.08397435897435897 0.006694129763130793 0.01987179487179487
4 0.721936148300721 0.08621794871794872 0.007209062821833162 0.01730769230769231
4 0.7312049433573635 0.08685897435897436 0.006179196704428424 0.020512820512820513
4 0.5653964984552008 0.10993589743589743 0.006694129763130793 0.01730769230769231
4 0.7651905252317199 0.08942307692307692 0.010813594232749742 0.008333333333333333
4 0.24536560247167868 0.1576923076923077 0.009783728115345005 0.005128205128205128
4 0.052008238928939236 0.18621794871794872 0.012358393408856848 0.00641025641025641
4 0.30844490216271886 0.1564102564102564 0.021112255406797117 0.011538461538461539
4 0.4503089598352214 0.14423076923076922 0.013388259526261586 0.008974358974358974
4 0.4886714727085479 0.1391025641025641 0.014418125643666324 0.008974358974358974
4 0.11740473738414006 0.19423076923076923 0.013903192584963954 0.008974358974358974
4 0.30895983522142123 0.16987179487179488 0.016992790937178166 0.007692307692307693
4 0.37744593202883625 0.16923076923076924 0.014933058702368692 0.010256410256410256
4 0.6446961894953656 0.14198717948717948 0.012873326467559218 0.007692307692307693
4 0.30690010298661174 0.1875 0.013903192584963954 0.008333333333333333
4 0.05046343975283213 0.23012820512820512 0.015447991761071062 0.007692307692307693
4 0.6472708547888775 0.1544871794871795 0.013903192584963954 0.008974358974358974
4 0.2520597322348095 0.21794871794871795 0.01132852729145211 0.00641025641025641
4 0.23146240988671474 0.22628205128205128 0.010298661174047374 0.007692307692307693
4 0.2518022657054583 0.22884615384615384 0.010298661174047374 0.007051282051282051
4 0.23223480947476827 0.23653846153846153 0.010813594232749742 0.008333333333333333
4 0.807157569515963 0.16538461538461538 0.012358393408856848 0.008974358974358974
4 0.7816683831101957 0.1685897435897436 0.010813594232749742 0.008974358974358974
4 0.9214727085478888 0.1560897435897436 0.013903192584963954 0.008333333333333333
4 0.23429454170957775 0.24743589743589745 0.01132852729145211 0.007051282051282051
4 0.2518022657054583 0.24487179487179486 0.010813594232749742 0.00641025641025641
4 0.9376930998970134 0.15897435897435896 0.004634397528321318 0.013461538461538462
4 0.7700823892893924 0.18557692307692308 0.005664263645726055 0.015384615384615385
4 0.7613285272914521 0.18685897435897436 0.006179196704428424 0.015384615384615385
4 0.9222451081359423 0.1657051282051282 0.013388259526261586 0.007051282051282051
4 0.5260041194644696 0.21955128205128205 0.012358393408856848 0.007051282051282051
4 0.06539649845520082 0.28237179487179487 0.010298661174047374 0.0057692307692307696
4 0.9235324407826982 0.175 0.012358393408856848 0.007051282051282051
4 0.9389804325437693 0.1737179487179487 0.005149330587023687 0.013461538461538462
4 0.06591143151390319 0.2939102564102564 0.010298661174047374 0.007051282051282051
4 0.7505149330587023 0.20416666666666666 0.005664263645726055 0.014102564102564103
4 0.923274974253347 0.1842948717948718 0.01132852729145211 0.007051282051282051
4 0.649330587023687 0.2201923076923077 0.013388259526261586 0.008333333333333333
4 0.6642636457260556 0.22532051282051282 0.006694129763130793 0.01987179487179487
4 0.06719876416065912 0.30448717948717946 0.01184346035015448 0.0057692307692307696
4 0.8107621009268795 0.20737179487179488 0.005664263645726055 0.016025641025641024
4 0.7749742533470649 0.2125 0.005664263645726055 0.016666666666666666
4 0.7842430484037075 0.21217948717948718 0.005664263645726055 0.015384615384615385
4 0.9253347064881565 0.19487179487179487 0.012358393408856848 0.00641025641025641
4 0.6513903192584964 0.23141025641025642 0.013388259526261586 0.007692307692307693
4 0.444129763130793 0.2625 0.004634397528321318 0.01282051282051282
4 0.9528836251287333 0.19903846153846153 0.016477857878475798 0.008333333333333333
4 0.06719876416065912 0.3157051282051282 0.009268795056642637 0.007051282051282051
4 0.6516477857878475 0.2423076923076923 0.012358393408856848 0.007692307692307693
4 0.7533470648815654 0.23173076923076924 0.006179196704428424 0.014102564102564103
4 0.7646755921730175 0.23012820512820512 0.006694129763130793 0.01217948717948718
4 0.9549433573635427 0.20833333333333334 0.014933058702368692 0.010256410256410256
4 0.3815653964984552 0.2865384615384615 0.01184346035015448 0.007051282051282051
4 0.9382080329557158 0.22532051282051282 0.009268795056642637 0.022435897435897436
4 0.24382080329557157 0.31826923076923075 0.016992790937178166 0.009615384615384616
4 0.3125643666323378 0.3092948717948718 0.016992790937178166 0.010256410256410256
4 0.0705458290422245 0.34935897435897434 0.009268795056642637 0.00641025641025641
4 0.3833676622039135 0.308974358974359 0.015447991761071062 0.008974358974358974
4 0.6511328527291452 0.2791666666666667 0.006179196704428424 0.010256410256410256
4 0.3849124613800206 0.3217948717948718 0.012358393408856848 0.00641025641025641
4 0.24794026776519051 0.34102564102564104 0.014418125643666324 0.009615384615384616
4 0.7917095777548918 0.27564102564102566 0.005664263645726055 0.014743589743589743
4 0.7744593202883625 0.27852564102564104 0.006179196704428424 0.013461538461538462
4 0.0723480947476828 0.3701923076923077 0.010298661174047374 0.0057692307692307696
4 0.7824407826982492 0.27724358974358976 0.006179196704428424 0.016025641025641024
4 0.8004634397528322 0.275 0.006694129763130793 0.015384615384615385
4 0.385427394438723 0.33205128205128204 0.014418125643666324 0.008333333333333333
4 0.9647270854788877 0.25801282051282054 0.003604531410916581 0.010256410256410256
4 0.6356848609680742 0.3057692307692308 0.008238928939237899 0.0057692307692307696
4 0.9420700308959835 0.2669871794871795 0.008753861997940269 0.02564102564102564
4 0.2515447991761071 0.36025641025641025 0.02008238928939238 0.010256410256410256
4 0.3916065911431514 0.34326923076923077 0.014933058702368692 0.010256410256410256
4 0.7551493305870237 0.296474358974359 0.007209062821833162 0.01858974358974359
4 0.8218331616889805 0.2878205128205128 0.005664263645726055 0.016025641025641024
4 0.8498970133882595 0.28397435897435896 0.004634397528321318 0.014743589743589743
4 0.831101956745623 0.28717948717948716 0.005149330587023687 0.014102564102564103
4 0.6531925849639547 0.32019230769230766 0.008238928939237899 0.025
4 0.4544284243048404 0.3467948717948718 0.010298661174047374 0.00641025641025641
4 0.7770339855818743 0.308974358974359 0.005149330587023687 0.014743589743589743
4 0.7677651905252317 0.31025641025641026 0.005149330587023687 0.014743589743589743
4 0.7942842430484037 0.3073717948717949 0.006179196704428424 0.015384615384615385
4 0.8025231719876416 0.30641025641025643 0.005149330587023687 0.015384615384615385
4 0.8117919670442842 0.30512820512820515 0.006179196704428424 0.01282051282051282
4 0.7857878475798146 0.3092948717948718 0.006179196704428424 0.014743589743589743
4 0.318486096807415 0.3737179487179487 0.016477857878475798 0.010256410256410256
4 0.24948506694129763 0.383974358974359 0.018022657054582905 0.008974358974358974
4 0.833676622039135 0.3125 0.005664263645726055 0.016666666666666666
4 0.84346035015448 0.3112179487179487 0.006179196704428424 0.01730769230769231
4 0.8233779608650875 0.3144230769230769 0.006179196704428424 0.016666666666666666
4 0.03964984552008239 0.06346153846153846 0.006179196704428424 0.01282051282051282
4 0.967816683831102 0.29967948717948717 0.005664263645726055 0.014102564102564103
4 0.9456745623069001 0.3076923076923077 0.009783728115345005 0.023076923076923078
4 0.6295056642636457 0.35224358974358977 0.008753861997940269 0.005128205128205128
4 0.7579814624098867 0.34134615384615385 0.004634397528321318 0.013461538461538462
4 0.770854788877446 0.34134615384615385 0.006179196704428424 0.015384615384615385
4 0.779351184346035 0.3423076923076923 0.006694129763130793 0.019230769230769232
4 0.6567971163748713 0.358974358974359 0.006694129763130793 0.021794871794871794
4 0.006436663233779609 0.444551282051282 0.012873326467559218 0.009615384615384616
4 0.14521112255406798 0.4266025641025641 0.013903192584963954 0.008333333333333333
4 0.845005149330587 0.3368589743589744 0.006694129763130793 0.013461538461538462
4 0.8359938208032955 0.3387820512820513 0.006179196704428424 0.014743589743589743
4 0.8262100926879505 0.3407051282051282 0.005664263645726055 0.014743589743589743
4 0.9703913491246138 0.3326923076923077 0.005664263645726055 0.014743589743589743
4 0.860453141091658 0.3483974358974359 0.004634397528321318 0.01282051282051282
4 0.7595262615859938 0.366025641025641 0.004119464469618949 0.011538461538461539
4 0.7857878475798146 0.3698717948717949 0.006694129763130793 0.01730769230769231
4 0.845005149330587 0.36217948717948717 0.005149330587023687 0.014743589743589743
4 0.836508753861998 0.3631410256410256 0.005664263645726055 0.015384615384615385
4 0.82826982492276 0.3647435897435897 0.006179196704428424 0.016666666666666666
4 0.9485066941297632 0.3490384615384615 0.008753861997940269 0.023717948717948717
4 0.8190010298661174 0.366025641025641 0.006694129763130793 0.016025641025641024
4 0.7940267765190525 0.36923076923076925 0.005664263645726055 0.01730769230769231
4 0.7754891864057673 0.37243589743589745 0.006179196704428424 0.016666666666666666
4 0.6338825952626158 0.39294871794871794 0.007723995880535531 0.0057692307692307696
4 0.4621524201853759 0.4198717948717949 0.006179196704428424 0.016666666666666666
4 0.6598867147270855 0.40032051282051284 0.006694129763130793 0.022435897435897436
4 0.6356848609680742 0.42756410256410254 0.008753861997940269 0.0057692307692307696