4 0.07345013477088949 0.21912350597609562 0.03167115902964959 0.16733067729083664
4 0.46226415094339623 0.14442231075697212 0.013477088948787063 0.0796812749003984
4 0.942722371967655 0.05876494023904383 0.03099730458221024 0.11752988047808766
30 0.4912398921832884 0.14043824701195218 0.028975741239892182 0.08964143426294821
23 0.4167789757412399 0.15637450199203187 0.012129380053908356 0.06374501992031872
23 0.5367250673854448 0.13147410358565736 0.013477088948787063 0.06573705179282868
23 0.4750673854447439 0.14442231075697212 0.014150943396226415 0.0697211155378486
4 0.6263477088948787 0.1145418326693227 0.018867924528301886 0.08167330677290836
30 0.5178571428571429 0.13745019920318724 0.02358490566037736 0.07370517928286853
23 0.5822102425876011 0.1254980079681275 0.012129380053908356 0.06374501992031872
23 0.5950134770889488 0.12350597609561753 0.014150943396226415 0.06374501992031872
4 0.5481805929919138 0.13545816733067728 0.012129380053908356 0.06374501992031872
23 0.42890835579514824 0.16235059760956175 0.012803234501347708 0.07768924302788845
15 0.6728436657681941 0.12749003984063745 0.05390835579514825 0.13147410358565736
7 0.9807951482479784 0.09163346613545817 0.024932614555256066 0.18326693227091634
30 0.49292452830188677 0.22211155378486055 0.026954177897574125 0.07569721115537849
30 0.5192048517520216 0.21912350597609562 0.02628032345013477 0.06772908366533864
23 0.47675202156334234 0.22808764940239043 0.014150943396226415 0.07171314741035857
23 0.42014824797843664 0.24203187250996017 0.012129380053908356 0.0697211155378486
4 0.5502021563342318 0.2151394422310757 0.014150943396226415 0.06374501992031872
4 0.46529649595687333 0.23207171314741035 0.014824797843665768 0.0796812749003984
23 0.5852425876010782 0.20916334661354583 0.013477088948787063 0.06772908366533864
23 0.5380727762803235 0.21912350597609562 0.013477088948787063 0.06772908366533864
23 0.4309299191374663 0.24302788844621515 0.01078167115902965 0.07171314741035857
4 0.37601078167115903 0.2539840637450199 0.0215633423180593 0.08964143426294821
23 0.5973719676549866 0.20816733067729085 0.014824797843665768 0.07171314741035857
15 0.34130727762803237 0.2798804780876494 0.05390835579514825 0.14342629482071714
7 0.02998652291105121 0.35756972111553786 0.05997304582210242 0.2250996015936255
23 0.49764150943396224 0.3157370517928287 0.01549865229110512 0.07569721115537849
23 0.433288409703504 0.3286852589641434 0.014824797843665768 0.07370517928286853
23 0.4831536388140162 0.3197211155378486 0.013477088948787063 0.07370517928286853
4 0.4723719676549865 0.3237051792828685 0.016846361185983826 0.07569721115537849
23 0.5475067385444744 0.30876494023904383 0.012803234501347708 0.06374501992031872
4 0.5609838274932615 0.30677290836653387 0.012803234501347708 0.06772908366533864
23 0.5266172506738545 0.3137450199203187 0.014150943396226415 0.0697211155378486
23 0.5134770889487871 0.3197211155378486 0.014150943396226415 0.07569721115537849
4 0.5377358490566038 0.31673306772908366 0.013477088948787063 0.06573705179282868
4 0.535377358490566 0.4073705179282869 0.014150943396226415 0.07171314741035857
23 0.44845013477088946 0.4292828685258964 0.01954177897574124 0.07768924302788845
23 0.5242587601078167 0.4153386454183267 0.014150943396226415 0.0697211155378486
4 0.5464959568733153 0.4153386454183267 0.014824797843665768 0.06772908366533864
7 0.9868598382749326 0.3336653386454183 0.02358490566037736 0.18725099601593626
4 0.08153638814016173 0.5388446215139442 0.029649595687331536 0.14940239043824702
15 0.48787061994609165 0.46115537848605576 0.06266846361185983 0.13545816733067728
4 0.9457547169811321 0.36852589641434264 0.029649595687331536 0.14143426294820718
7 0.032008086253369275 0.5926294820717132 0.06401617250673855 0.2051792828685259
23 0.45215633423180596 0.5159362549800797 0.013477088948787063 0.07171314741035857
23 0.4423854447439353 0.5189243027888446 0.016172506738544475 0.07370517928286853
23 0.5373989218328841 0.500996015936255 0.012803234501347708 0.0697211155378486
23 0.5464959568733153 0.50199203187251 0.012129380053908356 0.07171314741035857
4 0.5272911051212938 0.5099601593625498 0.012803234501347708 0.07171314741035857
15 0.6253369272237197 0.49302788844621515 0.05727762803234501 0.11952191235059761
4 0.6883423180592992 0.48306772908366535 0.01954177897574124 0.10159362549800798
4 0.6694743935309974 0.4900398406374502 0.022911051212938006 0.10557768924302789
4 0.7068733153638814 0.48705179282868527 0.02223719676549865 0.10956175298804781
15 0.3867924528301887 0.6245019920318725 0.05121293800539083 0.12749003984063745
4 0.3224393530997305 0.6394422310756972 0.0215633423180593 0.11553784860557768
4 0.340633423180593 0.6404382470119522 0.024932614555256066 0.099601593625498
23 0.4673180592991914 0.6145418326693227 0.014824797843665768 0.07569721115537849
23 0.52088948787062 0.6045816733067729 0.01549865229110512 0.07768924302788845
4 0.30424528301886794 0.649402390438247 0.0215633423180593 0.10956175298804781
4 0.4774258760107817 0.6145418326693227 0.013477088948787063 0.06772908366533864
23 0.45721024258760107 0.6185258964143426 0.014150943396226415 0.07171314741035857
4 0.4882075471698113 0.6135458167330677 0.013477088948787063 0.07569721115537849
4 0.49831536388140163 0.6125498007968128 0.012129380053908356 0.07171314741035857
23 0.5330188679245284 0.6055776892430279 0.01549865229110512 0.06573705179282868
4 0.5741239892183289 0.598605577689243 0.020889487870619946 0.08964143426294821
23 0.5111185983827493 0.6125498007968128 0.013477088948787063 0.06772908366533864
7 0.9848382749326146 0.5687250996015937 0.028975741239892182 0.1892430278884462
7 0.032008086253369275 0.8266932270916335 0.05592991913746631 0.20916334661354583
4 0.08962264150943396 0.852589641434263 0.03032345013477089 0.13147410358565736
4 0.9551886792452831 0.6802788844621513 0.03032345013477089 0.13147410358565736
7 0.5309973045822103 0.898406374501992 0.16442048517520216 0.199203187250996
23 0.4255390835579515 0.06374501992031872 0.014150943396226415 0.07370517928286853
23 0.5940026954177897 0.03286852589641434 0.01549865229110512 0.06573705179282868
23 0.38207547169811323 0.07370517928286853 0.013477088948787063 0.06772908366533864
4 0.46024258760107817 0.05776892430278884 0.01078167115902965 0.06772908366533864
23 0.3945417789757412 0.07171314741035857 0.014824797843665768 0.07569721115537849
23 0.5357142857142857 0.04282868525896414 0.014150943396226415 0.07768924302788845
23 0.581199460916442 0.03286852589641434 0.01078167115902965 0.06573705179282868
30 0.5171832884097035 0.04780876494023904 0.024932614555256066 0.07768924302788845
23 0.41442048517520214 0.0697211155378486 0.013477088948787063 0.07569721115537849
4 0.5461590296495957 0.04282868525896414 0.013477088948787063 0.06374501992031872
30 0.4898921832884097 0.054780876494023904 0.028975741239892182 0.08964143426294821
23 0.4716981132075472 0.060756972111553786 0.013477088948787063 0.07569721115537849