7 0.4145791583166333 0.0513595166163142 0.2309619238476954 0.1027190332326284
4 0.1310120240480962 0.6253776435045317 0.034569138276553106 0.04909365558912387
7 0.6518036072144289 0.07326283987915408 0.23697394789579157 0.13897280966767372
4 0.3023547094188377 0.6676737160120846 0.023547094188376753 0.04078549848942598
4 0.3038577154308617 0.6703172205438066 0.025050100200400802 0.03851963746223565
4 0.19764529058116231 0.6540785498489426 0.013026052104208416 0.013595166163141994
4 0.3684869739478958 0.68202416918429 0.03206412825651302 0.04758308157099698
4 0.22444889779559118 0.6604984894259819 0.01753507014028056 0.03474320241691843
4 0.3687374749498998 0.6842900302114804 0.028056112224448898 0.04078549848942598
4 0.3354208416833667 0.6910876132930514 0.01503006012024048 0.0256797583081571
4 0.33592184368737477 0.6918429003021148 0.026052104208416832 0.03172205438066465
4 0.2680360721442886 0.7069486404833837 0.0070140280561122245 0.015861027190332326
4 0.21392785571142284 0.7009063444108762 0.009519038076152305 0.02039274924471299
4 0.07890781563126252 0.7012839879154078 0.033066132264529056 0.052870090634441085
4 0.07565130260521043 0.7031722054380665 0.02404809619238477 0.04003021148036254
4 0.3687374749498998 0.7564199395770392 0.026052104208416832 0.04154078549848943
4 0.3644789579158317 0.8194864048338368 0.026052104208416832 0.04003021148036254
7 0.8213927855711423 0.13028700906344412 0.08166332665330661 0.1540785498489426
4 0.7452404809619239 0.16125377643504532 0.0045090180360721445 0.01283987915407855
15 0.685871743486974 0.17333836858006044 0.034569138276553106 0.07250755287009064
4 0.9453907815631263 0.2311178247734139 0.01002004008016032 0.00906344410876133
4 0.6600701402805611 0.18957703927492447 0.00501002004008016 0.015105740181268883
4 0.7324649298597194 0.20128398791540786 0.011523046092184368 0.0075528700906344415
7 0.18962925851703408 0.19259818731117825 0.22595190380761523 0.3851963746223565
4 0.5876753507014028 0.23904833836858005 0.00501002004008016 0.017371601208459216
4 0.5375751503006012 0.23564954682779457 0.0070140280561122245 0.017371601208459216
4 0.5435871743486974 0.236404833836858 0.00751503006012024 0.01812688821752266
4 0.5971943887775552 0.24584592145015105 0.008016032064128256 0.015105740181268883
4 0.5388276553106213 0.2533987915407855 0.01002004008016032 0.0075528700906344415
4 0.6668336673346693 0.27416918429003023 0.01002004008016032 0.009818731117824773
15 0.5628757515030061 0.26321752265861026 0.029559118236472944 0.03851963746223565
4 0.7109218436873748 0.2919184290030212 0.04458917835671343 0.055891238670694864
4 0.5265531062124249 0.26510574018126887 0.00751503006012024 0.014350453172205438
4 0.593687374749499 0.2824773413897281 0.00751503006012024 0.015861027190332326
15 0.6282565130260521 0.29342900302114805 0.05260521042084168 0.12311178247734139
4 0.5578657314629258 0.28512084592145015 0.011523046092184368 0.011329305135951661
4 0.5418336673346693 0.3047583081570997 0.006513026052104208 0.015861027190332326
4 0.6793587174348698 0.32779456193353473 0.023046092184368736 0.03625377643504532
15 0.5676352705410822 0.31797583081570996 0.025050100200400802 0.0324773413897281
4 0.7392284569138277 0.3474320241691843 0.02905811623246493 0.05664652567975831
4 0.5841683366733467 0.3259063444108761 0.0070140280561122245 0.013595166163141994
4 0.7735470941883767 0.36253776435045315 0.03356713426853707 0.07099697885196375
4 0.7106713426853707 0.3527190332326284 0.024549098196392786 0.05966767371601209
4 0.5388276553106213 0.32628398791540786 0.00751503006012024 0.013595166163141994
4 0.5821643286573146 0.38255287009063443 0.03206412825651302 0.04833836858006042
4 0.47995991983967934 0.39652567975830816 0.034569138276553106 0.04984894259818731
4 0.4864729458917836 0.4478851963746224 0.04158316633266533 0.04758308157099698
15 0.3158817635270541 0.42371601208459214 0.03907815631262525 0.07175226586102719
4 0.9757014028056112 0.5343655589123867 0.029559118236472944 0.0513595166163142
4 0.9478957915831663 0.5358761329305136 0.027054108216432865 0.04003021148036254
4 0.6064629258517034 0.4818731117824773 0.020541082164328657 0.04154078549848943
15 0.7131763527054108 0.5139728096676737 0.1628256513026052 0.23716012084592145
4 0.40455911823647295 0.48867069486404835 0.014028056112224449 0.03323262839879154
4 0.38226452905811625 0.4898036253776435 0.027054108216432865 0.04003021148036254
4 0.48396793587174347 0.5064199395770392 0.04959919839679359 0.061933534743202415
4 0.9406312625250501 0.5827039274924471 0.03256513026052104 0.0445619335347432
15 0.8770040080160321 0.5917673716012085 0.08567134268537074 0.17220543806646527
4 0.24724448897795592 0.5056646525679759 0.02555110220440882 0.03323262839879154
4 0.4408817635270541 0.5370090634441088 0.025050100200400802 0.03851963746223565
4 0.41282565130260523 0.5354984894259819 0.020541082164328657 0.030966767371601207
4 0.17885771543086174 0.5045317220543807 0.03507014028056112 0.04758308157099698
15 0.5683867735470942 0.5683534743202417 0.07765531062124248 0.10725075528700906
4 0.24524048096192386 0.533987915407855 0.01503006012024048 0.028700906344410877
4 0.47570140280561124 0.5743957703927492 0.03507014028056112 0.0581570996978852
4 0.3795090180360721 0.5600453172205438 0.033066132264529056 0.06268882175226587
4 0.4093186372745491 0.5811933534743202 0.018537074148296594 0.03851963746223565
4 0.27004008016032066 0.5623111782477341 0.022044088176352707 0.033987915407854986
4 0.4473947895791583 0.5955438066465257 0.03256513026052104 0.0445619335347432
7 0.9398797595190381 0.12046827794561933 0.11923847695390781 0.12311178247734139
4 0.2059118236472946 0.5785498489425982 0.022044088176352707 0.026435045317220542
4 0.18311623246492986 0.5872356495468278 0.0070140280561122245 0.01661631419939577
4 0.1658316633266533 0.5959214501510574 0.01002004008016032 0.006797583081570997
4 0.16658316633266534 0.6057401812688822 0.011022044088176353 0.00906344410876133
4 0.19664328657314628 0.6151812688821753 0.021042084168336674 0.027945619335347432