23 0.721736204576043 0.16080729166666666 0.007402422611036339 0.024739583333333332
23 0.7288021534320323 0.1640625 0.007402422611036339 0.01953125
23 0.753028263795424 0.17447916666666666 0.009421265141318977 0.022135416666666668
23 0.7654777927321669 0.18033854166666666 0.010094212651413189 0.024739583333333332
23 0.6877523553162853 0.16471354166666666 0.013458950201884253 0.028645833333333332
23 0.8876177658142664 0.21158854166666666 0.010767160161507403 0.024739583333333332
4 0.9189098250336474 0.23893229166666666 0.04374158815612382 0.07552083333333333
23 0.7876850605652759 0.21419270833333334 0.010094212651413189 0.01171875
23 0.7913862718707941 0.22916666666666666 0.011440107671601614 0.016927083333333332
23 0.11372812920592194 0.09440104166666667 0.008075370121130552 0.0234375
23 0.10733512786002691 0.09440104166666667 0.010094212651413189 0.028645833333333332
23 0.23317631224764468 0.125 0.01278600269179004 0.029947916666666668
23 0.24427994616419918 0.12955729166666666 0.010094212651413189 0.02734375
4 0.7614401076716016 0.24479166666666666 0.05114401076716016 0.08984375
4 0.5992597577388964 0.21484375 0.01816958277254374 0.040364583333333336
4 0.7318304172274562 0.2532552083333333 0.01547779273216689 0.022135416666666668
4 0.9101615074024226 0.33203125 0.040376850605652756 0.07942708333333333
4 0.8199865410497981 0.3216145833333333 0.04845222072678331 0.08854166666666667
4 0.8633916554508748 0.3313802083333333 0.04845222072678331 0.09114583333333333
7 0.05955585464333782 0.169921875 0.0423956931359354 0.22265625
23 0.39703903095558546 0.24479166666666666 0.01278600269179004 0.02734375
4 0.4064602960969044 0.24934895833333334 0.010767160161507403 0.026041666666666668
4 0.11036339165545088 0.19921875 0.013458950201884253 0.020833333333333332
4 0.10868102288021535 0.24348958333333334 0.04441453566621804 0.08333333333333333
4 0.1382907133243607 0.2545572916666667 0.010094212651413189 0.024739583333333332
23 0.17765814266487215 0.283203125 0.008748317631224764 0.0234375
23 0.18371467025572005 0.28515625 0.007402422611036339 0.024739583333333332
23 0.17328398384925975 0.3020833333333333 0.016823687752355317 0.016927083333333332
23 0.23418573351278602 0.326171875 0.012113055181695828 0.03125
23 0.17227456258411844 0.3157552083333333 0.014131897711978465 0.014322916666666666
7 0.10800807537012114 0.458984375 0.04979811574697174 0.19401041666666666
23 0.4888963660834455 0.06315104166666667 0.011440107671601614 0.0234375
23 0.4996635262449529 0.06705729166666667 0.01278600269179004 0.018229166666666668
23 0.5491251682368775 0.07747395833333333 0.013458950201884253 0.016927083333333332
23 0.5238896366083445 0.072265625 0.010094212651413189 0.018229166666666668
23 0.515814266487214 0.07291666666666667 0.010767160161507403 0.013020833333333334
23 0.5497981157469717 0.09049479166666667 0.014131897711978465 0.016927083333333332
23 0.38627187079407804 0.923828125 0.009421265141318977 0.024739583333333332
23 0.3936742934051144 0.9264322916666666 0.009421265141318977 0.020833333333333332
23 0.40410497981157467 0.9322916666666666 0.010767160161507403 0.018229166666666668
23 0.8267160161507402 0.17252604166666666 0.012113055181695828 0.037760416666666664
23 0.8711305518169583 0.181640625 0.010767160161507403 0.03125
4 0.6006056527590848 0.12955729166666666 0.021534320323014805 0.03125
15 0.7967698519515478 0.17447916666666666 0.04172274562584118 0.08723958333333333
30 0.7372139973082099 0.16341145833333334 0.012113055181695828 0.015625