4 0.39880952380952384 0.539576802507837 0.036231884057971016 0.054858934169279
4 0.09704968944099379 0.43652037617554856 0.046583850931677016 0.054858934169279
4 0.8493788819875776 0.7033699059561128 0.029503105590062112 0.055642633228840124
4 0.9070910973084886 0.7260971786833855 0.044513457556935816 0.06974921630094044
4 0.9508281573498965 0.7421630094043887 0.042443064182194616 0.06583072100313479
4 0.3812111801242236 0.015282131661442006 0.04917184265010352 0.030564263322884012
4 0.015010351966873706 0.4882445141065831 0.030020703933747412 0.048589341692789965
4 0.09523809523809523 0.5274294670846394 0.03157349896480331 0.04231974921630094
4 0.004399585921325052 0.49843260188087773 0.008799171842650104 0.047021943573667714
4 0.29321946169772256 0.661833855799373 0.03157349896480331 0.0438871473354232
4 0.010610766045548654 0.5626959247648903 0.021221532091097308 0.061128526645768025
4 0.07686335403726709 0.5893416927899686 0.035196687370600416 0.05956112852664577
4 0.22696687370600413 0.6434169278996865 0.03260869565217391 0.045454545454545456
4 0.2554347826086957 0.6543887147335423 0.03260869565217391 0.0384012539184953
4 0.322463768115942 0.6790752351097179 0.028985507246376812 0.04075235109717868
4 0.6032608695652174 0.7836990595611285 0.026915113871635612 0.04075235109717868
4 0.6845238095238095 0.8130877742946708 0.035196687370600416 0.05642633228840126
4 0.5214803312629399 0.7558777429467085 0.034161490683229816 0.050156739811912224
4 0.3605072463768116 0.70141065830721 0.027432712215320912 0.04310344827586207
4 0.5592650103519669 0.7723354231974922 0.033126293995859216 0.05172413793103448
4 0.7168737060041408 0.829153605015674 0.028985507246376812 0.0493730407523511
4 0.40424430641821946 0.7245297805642633 0.04296066252587992 0.05642633228840126
4 0.49353002070393376 0.7617554858934169 0.04296066252587992 0.054858934169279
4 0.7836438923395446 0.15125391849529782 0.036231884057971016 0.04310344827586207
4 0.2745859213250518 0.7237460815047022 0.038302277432712216 0.04623824451410658
4 0.22153209109730848 0.7065047021943573 0.028985507246376812 0.04231974921630094
4 0.5121635610766045 0.8236677115987461 0.030020703933747412 0.047021943573667714
4 0.3110766045548654 0.7566614420062696 0.029503105590062112 0.054075235109717866
4 0.5447722567287785 0.8436520376175548 0.020186335403726708 0.030564263322884012
4 0.5820393374741201 0.8577586206896551 0.032091097308488616 0.0493730407523511
4 0.34523809523809523 0.7774294670846394 0.026915113871635612 0.03918495297805643
7 0.13716356107660455 0.7053291536050157 0.040372670807453416 0.11442006269592477
4 0.39337474120082816 0.795846394984326 0.024327122153209108 0.0438871473354232
4 0.6664078674948241 0.8926332288401254 0.04503105590062112 0.054075235109717866
4 0.7049689440993789 0.9086990595611285 0.028985507246376812 0.04780564263322884
4 0.7316252587991718 0.9188871473354232 0.031055900621118012 0.050156739811912224
4 0.4671325051759834 0.8334639498432602 0.03467908902691511 0.055642633228840124
30 0.9394409937888198 0.2135579937304075 0.021221532091097308 0.032915360501567396
4 0.21480331262939958 0.7637147335423198 0.029503105590062112 0.0438871473354232
4 0.5595238095238095 0.0822884012539185 0.04296066252587992 0.05721003134796238
4 0.49870600414078675 0.8808777429467085 0.025879917184265012 0.045454545454545456
30 0.9790372670807453 0.23001567398119122 0.018115942028985508 0.04075235109717868
4 0.7230848861283644 0.9698275862068966 0.023291925465838508 0.0384012539184953
4 0.6997929606625258 0.9670846394984326 0.037267080745341616 0.05329153605015674
4 0.7461180124223602 0.9788401253918495 0.028467908902691512 0.04075235109717868
4 0.29891304347826086 0.8303291536050157 0.027432712215320912 0.04075235109717868
4 0.6733954451345756 0.9619905956112853 0.03467908902691511 0.054075235109717866
7 0.09730848861283643 0.765282131661442 0.03778467908902691 0.0438871473354232
4 0.5773809523809523 0.9365203761755486 0.032091097308488616 0.05172413793103448
4 0.7282608695652174 0.14537617554858934 0.043478260869565216 0.045454545454545456
4 0.33695652173913043 0.8589341692789969 0.039337474120082816 0.050940438871473356
4 0.5385610766045549 0.9302507836990596 0.03985507246376811 0.06191222570532915
4 0.3830227743271222 0.8773510971786834 0.04606625258799172 0.06426332288401254
4 0.2080745341614907 0.8193573667711599 0.03260869565217391 0.04310344827586207
4 0.4611801242236025 0.9086990595611285 0.037267080745341616 0.054858934169279
30 0.8980331262939959 0.210423197492163 0.013975155279503106 0.0384012539184953
4 0.05745341614906832 0.8142633228840125 0.04917184265010352 0.052507836990595615
4 0.8540372670807453 0.19905956112852666 0.03985507246376811 0.06896551724137931
4 0.9935300207039337 0.25313479623824453 0.011904761904761904 0.07053291536050156
4 0.364648033126294 0.03918495297805643 0.03674948240165631 0.039968652037617555
4 0.9202898550724637 0.24059561128526646 0.03674948240165631 0.07523510971786834
4 0.2743271221532091 0.027037617554858933 0.040372670807453416 0.054075235109717866
4 0.16459627329192547 0.009012539184952978 0.037267080745341616 0.018025078369905956
4 0.9751552795031055 0.2719435736677116 0.028985507246376812 0.050156739811912224
4 0.9513457556935818 0.2644984326018809 0.035196687370600416 0.05721003134796238
4 0.33954451345755693 0.06818181818181818 0.025362318840579712 0.0438871473354232
4 0.19539337474120083 0.031739811912225704 0.031055900621118012 0.05172413793103448
15 0.14777432712215322 0.03526645768025078 0.07505175983436853 0.07053291536050156
4 0.5119047619047619 0.17045454545454544 0.03260869565217391 0.05799373040752351
4 0.3454968944099379 0.11206896551724138 0.030020703933747412 0.04467084639498432
4 0.6865942028985508 0.2445141065830721 0.05848861283643892 0.0713166144200627
15 0.9329710144927537 0.34051724137931033 0.13302277432712215 0.14184952978056425
4 0.7688923395445134 0.28683385579937304 0.04813664596273292 0.052507836990595615
4 0.11206004140786749 0.06857366771159874 0.032091097308488616 0.04075235109717868
4 0.08514492753623189 0.06387147335423198 0.027432712215320912 0.0438871473354232
4 0.30460662525879917 0.14067398119122257 0.039337474120082816 0.05172413793103448
4 0.5129399585921325 0.22374608150470218 0.03467908902691511 0.05172413793103448
4 0.3392857142857143 0.16379310344827586 0.03674948240165631 0.04310344827586207
4 0.23576604554865424 0.14537617554858934 0.022256728778467908 0.0438871473354232
4 0.6609730848861284 0.30525078369905956 0.05952380952380952 0.05956112852664577
4 0.21454451345755693 0.15321316614420064 0.028467908902691512 0.03369905956112853
4 0.8765527950310559 0.41300940438871475 0.037267080745341616 0.06739811912225706
15 0.35662525879917184 0.23746081504702193 0.21066252587991718 0.1810344827586207
4 0.22127329192546583 0.1920062695924765 0.050724637681159424 0.06269592476489028
4 0.9679089026915114 0.45454545454545453 0.026397515527950312 0.052507836990595615
4 0.9257246376811594 0.4396551724137931 0.04296066252587992 0.06974921630094044
4 0.6992753623188406 0.36442006269592475 0.05434782608695652 0.05642633228840126
4 0.818064182194617 0.42398119122257055 0.04917184265010352 0.054858934169279
4 0.7582815734989649 0.4051724137931034 0.06314699792960662 0.055642633228840124
4 0.9249482401656315 0.4690438871473354 0.034161490683229816 0.050156739811912224
4 0.9699792960662525 0.49059561128526646 0.030020703933747412 0.048589341692789965
4 0.8799171842650103 0.4670846394984326 0.030020703933747412 0.05721003134796238
4 0.18504140786749482 0.24608150470219436 0.033126293995859216 0.054858934169279
4 0.45962732919254656 0.37735109717868337 0.04192546583850932 0.08307210031347963
4 0.20496894409937888 0.2891849529780564 0.028985507246376812 0.03526645768025078
4 0.391304347826087 0.35893416927899685 0.034161490683229816 0.04467084639498432
4 0.3162525879917184 0.3393416927899687 0.036231884057971016 0.04780564263322884
4 0.4117494824016563 0.375 0.035196687370600416 0.04780564263322884
4 0.19487577639751552 0.31622257053291536 0.03985507246376811 0.06426332288401254
4 0.8097826086956522 0.5344827586206896 0.06055900621118013 0.0713166144200627
4 0.03985507246376811 0.2762539184952978 0.04192546583850932 0.052507836990595615
4 0.9839544513457557 0.6297021943573667 0.024327122153209108 0.05642633228840126
4 0.42106625258799174 0.45297805642633227 0.043478260869565216 0.0438871473354232
4 0.20522774327122154 0.3816614420062696 0.028467908902691512 0.04310344827586207
4 0.23887163561076605 0.39733542319749215 0.039337474120082816 0.052507836990595615
4 0.018115942028985508 0.32797805642633227 0.016563146997929608 0.050156739811912224
4 0.03597308488612837 0.3377742946708464 0.03778467908902691 0.06269592476489028
4 0.32608695652173914 0.44239811912225707 0.03571428571428571 0.06818181818181818
4 0.06961697722567288 0.3577586206896552 0.05538302277432712 0.05642633228840126
23 0.28493788819875776 0.43377742946708464 0.043478260869565216 0.03213166144200627
4 0.973343685300207 0.6947492163009404 0.025879917184265012 0.05721003134796238
4 0.2520703933747412 0.44945141065830724 0.028985507246376812 0.0438871473354232
4 0.522256728778468 0.5528996865203761 0.057971014492753624 0.07601880877742946
4 0.7823498964803313 0.6543887147335423 0.03260869565217391 0.05329153605015674
4 0.7554347826086957 0.646551724137931 0.033126293995859216 0.05172413793103448
4 0.722567287784679 0.6391065830721003 0.04296066252587992 0.048589341692789965
15 0.04580745341614907 0.40634796238244514 0.09161490683229814 0.08463949843260188
4 0.3185817805383023 0.5015673981191222 0.03157349896480331 0.0603448275862069
4 0.2204968944099379 0.47217868338557994 0.032091097308488616 0.041536050156739814