23 0.05259222333000997 0.31718061674008813 0.003988035892323031 0.037444933920704845
23 0.03614157527417747 0.31057268722466963 0.003988035892323031 0.030837004405286344
23 0.16575274177467597 0.381057268722467 0.00448654037886341 0.03303964757709251
23 0.13310069790628115 0.3634361233480176 0.00448654037886341 0.030837004405286344
4 0.13858424725822532 0.3656387665198238 0.00448654037886341 0.03303964757709251
4 0.0306580259222333 0.30947136563876654 0.004985044865403789 0.037444933920704845
23 0.4626121635094716 0.5440528634361234 0.00448654037886341 0.030837004405286344
4 0.058325024925224324 0.3248898678414097 0.003988035892323031 0.037444933920704845
23 0.30333998005982055 0.4581497797356828 0.00448654037886341 0.037444933920704845
23 0.45862412761714855 0.5418502202643172 0.00448654037886341 0.028634361233480177
23 0.025174476570289133 0.30726872246696035 0.003988035892323031 0.030837004405286344
23 0.282901296111665 0.44933920704845814 0.00448654037886341 0.03524229074889868
4 0.17123629112662014 0.3876651982378855 0.004985044865403789 0.03524229074889868
23 0.01669990029910269 0.3039647577092511 0.003988035892323031 0.03524229074889868
23 0.0211864406779661 0.30726872246696035 0.004985044865403789 0.03524229074889868
23 0.06729810568295115 0.3314977973568282 0.003988035892323031 0.03303964757709251
23 0.07128614157527417 0.33370044052863435 0.005483549351944167 0.03303964757709251
23 0.15179461615154535 0.3777533039647577 0.005483549351944167 0.030837004405286344
23 0.3843469591226321 0.5033039647577092 0.00448654037886341 0.028634361233480177
23 0.14282153539381853 0.3733480176211454 0.00448654037886341 0.030837004405286344
4 0.27741774675972086 0.4460352422907489 0.005483549351944167 0.039647577092511016
23 0.06331006979062812 0.3314977973568282 0.003988035892323031 0.030837004405286344
23 0.14730807577268196 0.3777533039647577 0.00448654037886341 0.03303964757709251
4 0.3090727816550349 0.4647577092511013 0.005483549351944167 0.03524229074889868
23 0.5089730807577268 0.5737885462555066 0.004985044865403789 0.030837004405286344
23 0.17547357926221335 0.3931718061674009 0.003988035892323031 0.030837004405286344
23 0.18444666001994017 0.3975770925110132 0.00448654037886341 0.03524229074889868
23 0.17996011964107678 0.39537444933920707 0.00448654037886341 0.03524229074889868
23 0.42048853439680955 0.525330396475771 0.003988035892323031 0.028634361233480177
23 0.268444666001994 0.44273127753303965 0.00448654037886341 0.03303964757709251
4 0.4259720837487537 0.5286343612334802 0.005483549351944167 0.03524229074889868
23 0.27293120638085744 0.44823788546255505 0.00448654037886341 0.03303964757709251
23 0.542123629112662 0.5936123348017621 0.004985044865403789 0.03303964757709251
23 0.3140578265204387 0.47026431718061673 0.003489531405782652 0.028634361233480177
23 0.6450648055832503 0.6497797356828194 0.003988035892323031 0.028634361233480177
23 0.3180458624127617 0.4724669603524229 0.003988035892323031 0.028634361233480177
4 0.3885842472582253 0.5110132158590308 0.005982053838484547 0.037444933920704845
4 0.5134596211365903 0.5781938325991189 0.004985044865403789 0.03524229074889868
23 0.2634596211365902 0.44273127753303965 0.00448654037886341 0.03524229074889868
23 0.6747258225324028 0.6662995594713657 0.003988035892323031 0.028634361233480177
23 0.32228315054835494 0.4746696035242291 0.003489531405782652 0.02643171806167401
4 0.5468594217347956 0.5991189427312775 0.005483549351944167 0.037444933920704845
23 0.43469591226321036 0.5374449339207048 0.003489531405782652 0.028634361233480177
23 0.4307078763708873 0.5352422907488987 0.003988035892323031 0.028634361233480177
23 0.4386839481555334 0.539647577092511 0.003489531405782652 0.02643171806167401
4 0.6498005982053838 0.6541850220264317 0.004985044865403789 0.037444933920704845
23 0.410518444666002 0.5242290748898678 0.003988035892323031 0.02643171806167401
23 0.5271684945164506 0.5881057268722467 0.00448654037886341 0.030837004405286344
23 0.4057826520438684 0.5242290748898678 0.003489531405782652 0.028634361233480177
23 0.5311565304087736 0.5925110132158591 0.005483549351944167 0.030837004405286344
23 0.5523429710867398 0.6035242290748899 0.003988035892323031 0.030837004405286344
23 0.4010468594217348 0.5220264317180616 0.003489531405782652 0.028634361233480177
23 0.5231804586241277 0.5881057268722467 0.003988035892323031 0.030837004405286344
23 0.5603190428713859 0.6079295154185022 0.003489531405782652 0.028634361233480177
23 0.7637088733798604 0.7180616740088106 0.004985044865403789 0.03303964757709251
23 0.5563310069790628 0.6057268722466961 0.003489531405782652 0.028634361233480177
4 0.6799601196410767 0.6729074889867841 0.005483549351944167 0.03524229074889868
23 0.6677467597208375 0.6662995594713657 0.003988035892323031 0.028634361233480177
23 0.8320039880358924 0.7555066079295154 0.00448654037886341 0.030837004405286344
23 0.659272183449651 0.6618942731277533 0.003489531405782652 0.028634361233480177
4 0.7689431704885344 0.723568281938326 0.004985044865403789 0.037444933920704845
23 0.9346959122632104 0.8138766519823789 0.00448654037886341 0.030837004405286344
23 0.693419740777667 0.6828193832599119 0.003489531405782652 0.028634361233480177
4 0.827517447657029 0.7555066079295154 0.004985044865403789 0.039647577092511016
23 0.6630109670987039 0.6662995594713657 0.003988035892323031 0.028634361233480177
23 0.689431704885344 0.6806167400881057 0.003489531405782652 0.024229074889867842
23 0.9189930209371885 0.8050660792951542 0.003489531405782652 0.028634361233480177
23 0.6971585244267199 0.6850220264317181 0.003988035892323031 0.028634361233480177
23 0.8090727816550349 0.7477973568281938 0.00448654037886341 0.028634361233480177
23 0.8135593220338984 0.75 0.003988035892323031 0.028634361233480177
4 0.9140079760717846 0.8039647577092511 0.004985044865403789 0.039647577092511016
23 0.782901296111665 0.7334801762114538 0.004985044865403789 0.030837004405286344
4 0.9396809571286141 0.8182819383259912 0.005483549351944167 0.039647577092511016
4 0.11191425722831505 0.368942731277533 0.005982053838484547 0.05286343612334802
23 0.7789132602193419 0.7312775330396476 0.00448654037886341 0.028634361233480177
23 0.7873878364905285 0.73568281938326 0.004985044865403789 0.030837004405286344
23 0.8180458624127617 0.7522026431718062 0.003489531405782652 0.02643171806167401
23 0.900049850448654 0.7995594713656388 0.003489531405782652 0.028634361233480177
4 0.12013958125623131 0.3755506607929515 0.006480558325024925 0.05066079295154185
23 0.896061814556331 0.7973568281938326 0.003489531405782652 0.02643171806167401
4 0.4511465603190429 0.5561674008810573 0.003489531405782652 0.02643171806167401
23 0.9528913260219342 0.8281938325991189 0.003988035892323031 0.030837004405286344
23 0.9050348953140578 0.801762114537445 0.003489531405782652 0.028634361233480177
23 0.9489032901296112 0.8259911894273128 0.003489531405782652 0.02643171806167401
4 0.10393818544366899 0.368942731277533 0.005483549351944167 0.05506607929515418
23 0.9573778664007976 0.8325991189427313 0.003988035892323031 0.028634361233480177
23 0.49900299102691925 0.5881057268722467 0.00448654037886341 0.03303964757709251
4 0.6139082751744765 0.6508810572687225 0.006979062811565304 0.05506607929515418
4 0.6251246261216351 0.6563876651982379 0.006480558325024925 0.05506607929515418
23 0.39656031904287137 0.5352422907488987 0.00448654037886341 0.030837004405286344
4 0.6370887337986042 0.6651982378854625 0.005982053838484547 0.05506607929515418
23 0.5181954137587238 0.6013215859030837 0.00448654037886341 0.030837004405286344
23 0.6542871385842473 0.6795154185022027 0.004985044865403789 0.030837004405286344
23 0.6839481555333998 0.6949339207048458 0.003489531405782652 0.030837004405286344
4 0.461864406779661 0.5748898678414097 0.003489531405782652 0.02643171806167401
23 0.7729312063808574 0.7433920704845814 0.004985044865403789 0.03303964757709251
23 0.8215353938185443 0.7720264317180616 0.003489531405782652 0.028634361233480177
23 0.9436689930209372 0.8403083700440529 0.00448654037886341 0.030837004405286344
23 0.03015952143569292 0.3447136563876652 0.003988035892323031 0.030837004405286344
23 0.05682951146560319 0.3590308370044053 0.00448654037886341 0.030837004405286344
23 0.9085244267198405 0.8215859030837004 0.003988035892323031 0.02643171806167401
23 0.1370887337986042 0.4052863436123348 0.003988035892323031 0.02643171806167401
23 0.169740777666999 0.42290748898678415 0.004985044865403789 0.03524229074889868
23 0.48978065802592224 0.5991189427312775 0.004985044865403789 0.030837004405286344
23 0.4852941176470588 0.5958149779735683 0.00448654037886341 0.028634361233480177
23 0.27642073778664006 0.4834801762114537 0.00448654037886341 0.030837004405286344
23 0.4247258225324028 0.566079295154185 0.003988035892323031 0.028634361233480177
23 0.31256231306081755 0.5044052863436124 0.00448654037886341 0.030837004405286344
23 0.5508474576271186 0.6365638766519823 0.004985044865403789 0.030837004405286344
4 0.4503988035892323 0.5859030837004405 0.003988035892323031 0.028634361233480177
23 0.4459122632103689 0.5837004405286343 0.003489531405782652 0.028634361233480177
23 0.4414257228315055 0.5837004405286343 0.003489531405782652 0.028634361233480177
4 0.4666001994017946 0.5969162995594713 0.00448654037886341 0.030837004405286344
23 0.19416749750747755 0.46255506607929514 0.004985044865403789 0.03303964757709251
23 0.18419740777666999 0.4592511013215859 0.00448654037886341 0.03303964757709251
23 0.19915254237288135 0.46806167400881055 0.004985044865403789 0.03524229074889868
23 0.38310069790628115 0.5693832599118943 0.003988035892323031 0.030837004405286344
23 0.4002991026919242 0.579295154185022 0.003988035892323031 0.02643171806167401
23 0.3963110667996012 0.5770925110132159 0.003489531405782652 0.028634361233480177
23 0.282901296111665 0.526431718061674 0.00448654037886341 0.030837004405286344
4 0.18918245264207378 0.4779735682819383 0.003489531405782652 0.028634361233480177
23 0.28664007976071787 0.5330396475770925 0.00448654037886341 0.02643171806167401
4 0.47557328015952144 0.6398678414096917 0.005483549351944167 0.03524229074889868
23 0.3320039880358923 0.5638766519823789 0.004985044865403789 0.03524229074889868
23 0.317048853439681 0.5561674008810573 0.00448654037886341 0.03303964757709251
23 0.30059820538384846 0.551762114537445 0.003988035892323031 0.030837004405286344
23 0.3050847457627119 0.5539647577092511 0.005483549351944167 0.030837004405286344
23 0.38235294117647056 0.5980176211453745 0.00448654037886341 0.02643171806167401
23 0.3865902293120638 0.6024229074889867 0.003988035892323031 0.028634361233480177
23 0.39955134596211367 0.6101321585903083 0.003489531405782652 0.02643171806167401
23 0.39506480558325024 0.6068281938325991 0.003489531405782652 0.02643171806167401
4 0.37811565304087735 0.5980176211453745 0.003489531405782652 0.028634361233480177
23 0.3910767696909272 0.6046255506607929 0.003489531405782652 0.028634361233480177
23 0.4067796610169492 0.6156387665198237 0.003489531405782652 0.028634361233480177
4 0.4319541375872383 0.6343612334801763 0.003489531405782652 0.02643171806167401
4 0.348703888334995 0.5914096916299559 0.003988035892323031 0.028634361233480177
4 0.4364406779661017 0.6387665198237885 0.00448654037886341 0.030837004405286344
23 0.5284147557328016 0.6883259911894273 0.003489531405782652 0.028634361233480177
4 0.4409272183449651 0.6409691629955947 0.003489531405782652 0.028634361233480177
23 0.5373878364905285 0.6938325991189427 0.00448654037886341 0.030837004405286344
23 0.532901296111665 0.6927312775330396 0.00448654037886341 0.030837004405286344
23 0.6470588235294118 0.7577092511013216 0.00448654037886341 0.028634361233480177
23 0.2901296111665005 0.566079295154185 0.003489531405782652 0.02643171806167401
23 0.28564307078763707 0.566079295154185 0.003988035892323031 0.028634361233480177
23 0.6510468594217348 0.775330396475771 0.003988035892323031 0.030837004405286344
23 0.49426719840478567 0.6894273127753304 0.003988035892323031 0.02643171806167401
23 0.40204386839481554 0.6420704845814978 0.00448654037886341 0.030837004405286344
4 0.6555333998005982 0.7797356828193832 0.00448654037886341 0.030837004405286344
4 0.40653040877367896 0.6442731277533039 0.00448654037886341 0.030837004405286344
4 0.4793120638085743 0.6861233480176211 0.005483549351944167 0.03303964757709251
4 0.3073280159521436 0.5980176211453745 0.003988035892323031 0.028634361233480177
23 0.30259222333000996 0.5947136563876652 0.004985044865403789 0.03524229074889868
4 0.5176969092721835 0.7136563876651982 0.003988035892323031 0.028634361233480177
23 0.5216849451645065 0.7158590308370044 0.003988035892323031 0.030837004405286344
23 0.5319042871385843 0.723568281938326 0.003988035892323031 0.028634361233480177
23 0.5269192422731804 0.7213656387665198 0.00448654037886341 0.030837004405286344
23 0.646061814556331 0.789647577092511 0.00448654037886341 0.028634361233480177
23 0.27642073778664006 0.5892070484581498 0.00448654037886341 0.03524229074889868
4 0.44017946161515453 0.6828193832599119 0.003988035892323031 0.02643171806167401
23 0.25373878364905283 0.5814977973568282 0.007976071784646061 0.024229074889867842
23 0.4356929212362911 0.6806167400881057 0.00448654037886341 0.030837004405286344
23 0.13185443668993022 0.5198237885462555 0.00448654037886341 0.037444933920704845
23 0.31530408773678964 0.6222466960352423 0.00448654037886341 0.03303964757709251
23 0.330259222333001 0.6299559471365639 0.00448654037886341 0.03303964757709251
23 0.613160518444666 0.7830396475770925 0.006979062811565304 0.022026431718061675
4 0.5082253240279162 0.7290748898678414 0.003988035892323031 0.028634361233480177
23 0.8297607178464607 0.9052863436123348 0.006979062811565304 0.019823788546255508
23 0.35717846460618147 0.6508810572687225 0.0029910269192422734 0.028634361233480177
23 0.410518444666002 0.683920704845815 0.003489531405782652 0.028634361233480177
23 0.4150049850448654 0.7048458149779736 0.003988035892323031 0.02643171806167401
23 0.4095214356929212 0.7147577092511013 0.00448654037886341 0.030837004405286344
23 0.4055333998005982 0.7147577092511013 0.003988035892323031 0.028634361233480177
23 0.8978065802592223 0.9845814977973568 0.003988035892323031 0.028634361233480177
4 0.1550348953140578 0.5859030837004405 0.003988035892323031 0.02643171806167401
4 0.1510468594217348 0.5837004405286343 0.003988035892323031 0.028634361233480177
23 0.10443668993020937 0.5627753303964758 0.007976071784646061 0.02643171806167401
23 0.5765204386839482 0.8193832599118943 0.004985044865403789 0.030837004405286344
4 0.16176470588235295 0.5958149779735683 0.009471585244267198 0.05506607929515418
23 0.20787637088733799 0.6211453744493393 0.006979062811565304 0.022026431718061675
4 0.27791625124626124 0.6662995594713657 0.00897308075772682 0.05726872246696035
4 0.8160518444666002 0.9625550660792952 0.003988035892323031 0.028634361233480177
4 0.8205383848454636 0.9647577092511013 0.004985044865403789 0.02643171806167401
4 0.23678963110667997 0.6475770925110133 0.003988035892323031 0.028634361233480177
4 0.23280159521435692 0.6475770925110133 0.003489531405782652 0.02643171806167401
23 0.3614157527417747 0.7202643171806168 0.003988035892323031 0.028634361233480177
4 0.40927218344965105 0.7455947136563876 0.003988035892323031 0.030837004405286344
4 0.6081754735792622 0.8557268722466961 0.003489531405782652 0.02643171806167401
4 0.6126620139581256 0.8579295154185022 0.003489531405782652 0.02643171806167401
4 0.8285144566301097 0.973568281938326 0.009970089730807577 0.048458149779735685
4 0.38235294117647056 0.7400881057268722 0.003988035892323031 0.03303964757709251
4 0.638085742771685 0.8788546255506607 0.010468594217347957 0.05506607929515418
23 0.765702891326022 0.9504405286343612 0.003988035892323031 0.02643171806167401
4 0.7963609172482552 0.9713656387665198 0.004985044865403789 0.039647577092511016
23 0.790877367896311 0.9680616740088106 0.004985044865403789 0.03524229074889868
4 0.4695912263210369 0.8006607929515418 0.00448654037886341 0.037444933920704845
4 0.4344466600199402 0.7841409691629956 0.003988035892323031 0.028634361233480177
4 0.44715852442671983 0.7907488986784141 0.00448654037886341 0.030837004405286344
23 0.4646061814556331 0.8006607929515418 0.003489531405782652 0.028634361233480177
4 0.43818544366899304 0.7863436123348018 0.004985044865403789 0.030837004405286344
23 0.4426719840478564 0.788546255506608 0.003489531405782652 0.028634361233480177
4 0.4556331006979063 0.7951541850220264 0.004985044865403789 0.030837004405286344
4 0.46061814556331004 0.7984581497797357 0.003988035892323031 0.02643171806167401
23 0.3913260219341974 0.763215859030837 0.003489531405782652 0.028634361233480177
23 0.39955134596211367 0.7698237885462555 0.003988035892323031 0.02643171806167401
23 0.38733798604187436 0.763215859030837 0.003489531405782652 0.02643171806167401
23 0.3955633100697906 0.7676211453744494 0.003988035892323031 0.02643171806167401
4 0.4040378863409771 0.7720264317180616 0.003489531405782652 0.028634361233480177