4 0.7160168598524763 0.5126050420168067 0.003161222339304531 0.0273109243697479
23 0.29267650158061115 0.5588235294117647 0.003161222339304531 0.025210084033613446
4 0.29689146469968386 0.5577731092436975 0.003161222339304531 0.029411764705882353
23 0.9665437302423604 0.5178571428571429 0.002107481559536354 0.0273109243697479
4 0.9712855637513171 0.5178571428571429 0.004214963119072708 0.029411764705882353
4 0.4059536354056902 0.5588235294117647 0.0036880927291886197 0.029411764705882353
23 0.4328240252897787 0.5567226890756303 0.003161222339304531 0.031512605042016806
4 0.4280821917808219 0.5577731092436975 0.004214963119072708 0.025210084033613446
23 0.40173867228661747 0.5619747899159664 0.0026343519494204425 0.029411764705882353
4 0.09931506849315068 0.5850840336134454 0.0026343519494204425 0.025210084033613446
23 0.3163856691253952 0.569327731092437 0.0026343519494204425 0.025210084033613446
23 0.10353003161222339 0.5840336134453782 0.0036880927291886197 0.029411764705882353
4 0.31217070600632246 0.5714285714285714 0.0036880927291886197 0.0273109243697479
4 0.3933087460484721 0.5661764705882353 0.003161222339304531 0.0273109243697479
23 0.7673867228661749 0.5399159663865546 0.004214963119072708 0.029411764705882353
23 0.7373551106427819 0.5441176470588235 0.003161222339304531 0.029411764705882353
4 0.7631717597471022 0.5430672268907563 0.0036880927291886197 0.029411764705882353
4 0.7310326659641728 0.5451680672268907 0.0036880927291886197 0.029411764705882353
4 0.7415700737618546 0.5441176470588235 0.0036880927291886197 0.029411764705882353
4 0.9876185458377239 0.5294117647058824 0.003161222339304531 0.029411764705882353
23 0.9918335089567967 0.5283613445378151 0.0026343519494204425 0.029411764705882353
4 0.3861959957850369 0.5987394957983193 0.003161222339304531 0.025210084033613446
23 0.6693888303477344 0.582983193277311 0.0026343519494204425 0.025210084033613446
23 0.6551633298208641 0.5840336134453782 0.005268703898840885 0.03991596638655462
23 0.6862486828240253 0.5840336134453782 0.0036880927291886197 0.029411764705882353
23 0.6322444678609063 0.6228991596638656 0.005268703898840885 0.03991596638655462
23 0.6459430979978925 0.6260504201680672 0.003161222339304531 0.029411764705882353
23 0.6417281348788199 0.6271008403361344 0.002107481559536354 0.029411764705882353
23 0.6512118018967334 0.6260504201680672 0.003161222339304531 0.029411764705882353
23 0.6638566912539515 0.6271008403361344 0.003161222339304531 0.029411764705882353
23 0.6375131717597471 0.6292016806722689 0.003161222339304531 0.02100840336134454
4 0.5065858798735511 0.6827731092436975 0.005795574288724974 0.052521008403361345
4 0.16148577449947313 0.707983193277311 0.006322444678609062 0.05672268907563025
4 0.17413066385669126 0.707983193277311 0.006322444678609062 0.058823529411764705
4 0.48656480505795574 0.6859243697478992 0.005795574288724974 0.052521008403361345
4 0.4965753424657534 0.6848739495798319 0.005795574288724974 0.05672268907563025
4 0.8732876712328768 0.6586134453781513 0.005795574288724974 0.0546218487394958
4 0.1857218124341412 0.7069327731092437 0.005795574288724974 0.052521008403361345
4 0.8501053740779768 0.6607142857142857 0.005795574288724974 0.05042016806722689
4 0.8616965226554267 0.6617647058823529 0.006322444678609062 0.05672268907563025
23 0.5956269757639621 0.7037815126050421 0.0026343519494204425 0.025210084033613446
30 0.13645943097997892 0.7563025210084033 0.01738672286617492 0.09243697478991597
30 0.22075869336143308 0.7531512605042017 0.01685985247629083 0.09243697478991597
30 0.46522655426765014 0.7373949579831933 0.016332982086406742 0.09453781512605042
30 0.5453108535300316 0.7321428571428571 0.01685985247629083 0.08823529411764706
4 0.6153846153846154 0.726890756302521 0.0036880927291886197 0.0273109243697479
23 0.6111696522655427 0.7279411764705882 0.0026343519494204425 0.0273109243697479
23 0.6591148577449948 0.7258403361344538 0.003161222339304531 0.025210084033613446
4 0.654899894625922 0.726890756302521 0.003161222339304531 0.0273109243697479
4 0.6512118018967334 0.726890756302521 0.003161222339304531 0.0273109243697479
4 0.6469968387776607 0.7289915966386554 0.0026343519494204425 0.025210084033613446
23 0.7086406743940991 0.7394957983193278 0.004214963119072708 0.0273109243697479
23 0.7149631190727082 0.7415966386554622 0.004214963119072708 0.03571428571428571
4 0.20047418335089567 0.7857142857142857 0.007376185458377239 0.05672268907563025
23 0.6585879873551106 0.7563025210084033 0.0026343519494204425 0.025210084033613446
23 0.6153846153846154 0.7584033613445378 0.003161222339304531 0.025210084033613446
4 0.5268703898840885 0.7668067226890757 0.005795574288724974 0.0546218487394958
4 0.45258166491043206 0.7720588235294118 0.005795574288724974 0.052521008403361345
4 0.12091675447839831 0.7972689075630253 0.006322444678609062 0.05672268907563025
4 0.6377766069546892 0.7678571428571429 0.0026343519494204425 0.03361344537815126
23 0.6641201264488936 0.7783613445378151 0.0026343519494204425 0.0273109243697479
23 0.6941517386722866 0.7762605042016807 0.0026343519494204425 0.029411764705882353
4 0.6988935721812434 0.7762605042016807 0.0036880927291886197 0.025210084033613446
30 0.8680189673340358 0.7647058823529411 0.015806111696522657 0.0861344537815126
23 0.7025816649104321 0.7762605042016807 0.0026343519494204425 0.0273109243697479
23 0.6836143308746049 0.7794117647058824 0.003161222339304531 0.03361344537815126
30 0.9538988408851422 0.7626050420168067 0.015806111696522657 0.0819327731092437
23 0.595100105374078 0.7899159663865546 0.004214963119072708 0.03571428571428571
23 0.7447312961011591 0.7878151260504201 0.003161222339304531 0.0273109243697479
23 0.7405163329820864 0.7899159663865546 0.0036880927291886197 0.029411764705882353
23 0.7299789251844047 0.7909663865546218 0.002107481559536354 0.0273109243697479
23 0.7104847207586934 0.792016806722689 0.0026343519494204425 0.025210084033613446
4 0.9386195995785037 0.7762605042016807 0.005795574288724974 0.05042016806722689
4 0.7067966280295047 0.792016806722689 0.0036880927291886197 0.023109243697478993
23 0.7146996838777661 0.792016806722689 0.0026343519494204425 0.029411764705882353
4 0.7347207586933614 0.7941176470588235 0.004214963119072708 0.037815126050420166
4 0.3980505795574289 0.8245798319327731 0.07112750263435196 0.11974789915966387
4 0.31691253951527926 0.8319327731092437 0.07007376185458378 0.1134453781512605
4 0.18967334035827185 0.8434873949579832 0.0036880927291886197 0.029411764705882353
4 0.19546891464699684 0.842436974789916 0.003161222339304531 0.0273109243697479
4 0.2065331928345627 0.8434873949579832 0.0036880927291886197 0.025210084033613446
4 0.6641201264488936 0.8119747899159664 0.0026343519494204425 0.031512605042016806
4 0.20073761854583771 0.8445378151260504 0.0036880927291886197 0.0273109243697479
23 0.6793993677555321 0.8109243697478992 0.004214963119072708 0.0273109243697479
23 0.6688619599578504 0.8140756302521008 0.0036880927291886197 0.029411764705882353
4 0.8501053740779768 0.8014705882352942 0.005795574288724974 0.05042016806722689
4 0.6330347734457323 0.8203781512605042 0.004214963119072708 0.029411764705882353
23 0.6238145416227608 0.8319327731092437 0.003161222339304531 0.025210084033613446
4 0.695995785036881 0.8266806722689075 0.0026343519494204425 0.029411764705882353
23 0.6285563751317176 0.8319327731092437 0.003161222339304531 0.023109243697478993
23 0.6912539515279241 0.8266806722689075 0.0026343519494204425 0.029411764705882353
4 0.6127502634351949 0.8455882352941176 0.005268703898840885 0.03991596638655462
23 0.9652265542676501 0.8224789915966386 0.003161222339304531 0.0273109243697479
4 0.5922023182297155 0.8487394957983193 0.004214963119072708 0.0273109243697479
23 0.8888303477344573 0.8319327731092437 0.0026343519494204425 0.029411764705882353
23 0.7471022128556375 0.842436974789916 0.003161222339304531 0.029411764705882353
4 0.940463645943098 0.8287815126050421 0.003161222339304531 0.025210084033613446
23 0.6775553213909379 0.8529411764705882 0.003161222339304531 0.029411764705882353
23 0.726027397260274 0.8497899159663865 0.003161222339304531 0.025210084033613446
4 0.6643835616438356 0.8581932773109243 0.0036880927291886197 0.029411764705882353
15 0.7054794520547946 0.8550420168067226 0.015279241306638568 0.09033613445378151
23 0.6243414120126449 0.8634453781512605 0.0026343519494204425 0.0273109243697479
23 0.6338250790305585 0.8623949579831933 0.003161222339304531 0.029411764705882353
23 0.6912539515279241 0.8581932773109243 0.003161222339304531 0.0273109243697479
4 0.6954689146469969 0.8581932773109243 0.0026343519494204425 0.029411764705882353
23 0.6290832455216017 0.8623949579831933 0.0036880927291886197 0.0273109243697479
33 0.7370916754478398 0.8571428571428571 0.016332982086406742 0.09033613445378151
23 0.89304531085353 0.8529411764705882 0.003161222339304531 0.029411764705882353
23 0.8677555321390937 0.8550420168067226 0.0036880927291886197 0.0273109243697479
23 0.9504741833508957 0.8487394957983193 0.002107481559536354 0.0273109243697479
23 0.9615384615384616 0.8476890756302521 0.0036880927291886197 0.031512605042016806
4 0.7939936775553214 0.8623949579831933 0.07165437302423604 0.11974789915966387
23 0.8782929399367756 0.8560924369747899 0.003161222339304531 0.029411764705882353
23 0.8888303477344573 0.8613445378151261 0.0026343519494204425 0.025210084033613446
23 0.9409905163329821 0.8602941176470589 0.003161222339304531 0.029411764705882353
23 0.9652265542676501 0.8581932773109243 0.0026343519494204425 0.0273109243697479
4 0.6580611169652265 0.884453781512605 0.0015806111696522655 0.023109243697478993
23 0.7465753424657534 0.8823529411764706 0.003161222339304531 0.031512605042016806
4 0.7268177028451 0.8834033613445378 0.003161222339304531 0.025210084033613446
23 0.696786090621707 0.8897058823529411 0.0036880927291886197 0.029411764705882353
23 0.6035300316122234 0.8960084033613446 0.00684931506849315 0.04831932773109244
23 0.6135405690200211 0.898109243697479 0.006322444678609062 0.05042016806722689
23 0.5914120126448894 0.8991596638655462 0.004741833508956797 0.05042016806722689
4 0.6398840885142255 0.8960084033613446 0.0026343519494204425 0.0273109243697479
23 0.6693888303477344 0.8960084033613446 0.003161222339304531 0.0273109243697479
23 0.6314541622760801 0.898109243697479 0.0026343519494204425 0.0273109243697479
23 0.6535827186512118 0.8970588235294118 0.003161222339304531 0.0273109243697479
23 0.6356691253951527 0.898109243697479 0.003161222339304531 0.025210084033613446
23 0.648840885142255 0.8970588235294118 0.003161222339304531 0.025210084033613446
23 0.6651738672286618 0.8960084033613446 0.003161222339304531 0.029411764705882353
4 0.6435721812434141 0.9002100840336135 0.003161222339304531 0.029411764705882353
7 0.166754478398314 0.9380252100840336 0.08904109589041095 0.11974789915966387
4 0.9502107481559536 0.8970588235294118 0.004214963119072708 0.03571428571428571
4 0.8785563751317176 0.9023109243697479 0.004741833508956797 0.037815126050420166
4 0.7046891464699684 0.9180672268907563 0.003161222339304531 0.029411764705882353
23 0.7115384615384616 0.9180672268907563 0.003161222339304531 0.029411764705882353
23 0.851159114857745 0.9128151260504201 0.0036880927291886197 0.029411764705882353
23 0.9233403582718651 0.907563025210084 0.0026343519494204425 0.0273109243697479
23 0.6472602739726028 0.9285714285714286 0.003161222339304531 0.0273109243697479
23 0.6514752370916754 0.930672268907563 0.003161222339304531 0.029411764705882353
23 0.6562170706006323 0.930672268907563 0.003161222339304531 0.0273109243697479
23 0.6032665964172813 0.9506302521008403 0.005795574288724974 0.04831932773109244
23 0.5922023182297155 0.9516806722689075 0.004741833508956797 0.04831932773109244
23 0.6138040042149632 0.9527310924369747 0.005795574288724974 0.05042016806722689