23 0.6752368064952639 0.08835078534031414 0.007442489851150203 0.02356020942408377
23 0.6826792963464141 0.08900523560209424 0.007442489851150203 0.01963350785340314
23 0.7073748308525034 0.09031413612565445 0.009472259810554804 0.02225130890052356
23 0.7202300405953992 0.09162303664921466 0.010148849797023005 0.024869109947643978
23 0.642083897158322 0.10536649214659685 0.013531799729364006 0.028795811518324606
23 0.8440460081190798 0.07722513089005235 0.010825439783491205 0.02356020942408377
4 0.8778755074424899 0.09227748691099476 0.04330175913396482 0.07460732984293193
23 0.7456021650879567 0.11714659685863875 0.010148849797023005 0.011780104712041885
23 0.7506765899864682 0.13023560209424084 0.011502029769959404 0.015706806282722512
23 0.06867388362652233 0.2486910994764398 0.007442489851150203 0.02356020942408377
23 0.06224627875507442 0.2506544502617801 0.010148849797023005 0.028795811518324606
23 0.18944519621109607 0.2342931937172775 0.012178619756427604 0.030104712041884817
23 0.2009472259810555 0.2349476439790576 0.010148849797023005 0.0274869109947644
4 0.7225981055480379 0.15641361256544503 0.05074424898511502 0.08900523560209424
4 0.5595399188092016 0.18717277486910994 0.017591339648173207 0.04057591623036649
4 0.6941813261163735 0.17670157068062828 0.015561569688768605 0.02225130890052356
4 0.878213802435724 0.18782722513089006 0.039918809201623814 0.07853403141361257
4 0.7882273342354533 0.2107329842931937 0.04803788903924222 0.08769633507853403
4 0.8322056833558863 0.20418848167539266 0.04803788903924222 0.09031413612565445
7 0.02266576454668471 0.34293193717277487 0.04059539918809202 0.2238219895287958
23 0.36332882273342354 0.2918848167539267 0.012178619756427604 0.0274869109947644
4 0.37313937753721244 0.2931937172774869 0.010148849797023005 0.02617801047120419
4 0.07577807848443843 0.35340314136125656 0.013531799729364006 0.01963350785340314
4 0.07848443843031123 0.39790575916230364 0.044654939106901215 0.0824607329842932
4 0.10859269282814614 0.39790575916230364 0.009472259810554804 0.024869109947643978
23 0.15054127198917455 0.4109947643979058 0.008119079837618403 0.02356020942408377
23 0.15663058186738837 0.4109947643979058 0.007442489851150203 0.024869109947643978
23 0.14783491204330176 0.431282722513089 0.016914749661705007 0.017015706806282723
23 0.2107577807848444 0.43324607329842935 0.011502029769959404 0.031413612565445025
23 0.14851150202976995 0.4456806282722513 0.014208389715832206 0.014397905759162303
7 0.09878213802435724 0.6106020942408377 0.04871447902571042 0.1950261780104712
23 0.435723951285521 0.07853403141361257 0.011502029769959404 0.02356020942408377
23 0.4465493910690122 0.07853403141361257 0.012178619756427604 0.01832460732984293
23 0.496617050067659 0.0700261780104712 0.012855209742895805 0.015706806282722512
23 0.4712449255751015 0.07460732984293193 0.010148849797023005 0.01832460732984293
23 0.4634641407307172 0.07853403141361257 0.010825439783491205 0.011780104712041885
23 0.4986468200270636 0.0831151832460733 0.014208389715832206 0.015706806282722512
23 0.4198240866035183 0.9659685863874345 0.009472259810554804 0.024869109947643978
23 0.4272665764546685 0.9659685863874345 0.009472259810554804 0.020942408376963352
23 0.43843031123139375 0.9679319371727748 0.010825439783491205 0.017015706806282723
23 0.7801082543978349 0.061518324607329845 0.011502029769959404 0.03664921465968586
23 0.8247631935047361 0.05431937172774869 0.010825439783491205 0.031413612565445025
4 0.5527740189445196 0.10274869109947644 0.02165087956698241 0.031413612565445025
15 0.7506765899864682 0.07460732984293193 0.041271989174560215 0.08769633507853403
30 0.6907983761840325 0.08507853403141362 0.012178619756427604 0.015706806282722512