4 0.6513831967213115 0.37401574803149606 0.005122950819672131 0.07480314960629922
4 0.9864241803278688 0.4271653543307087 0.005122950819672131 0.08661417322834646
4 0.9797643442622951 0.4271653543307087 0.0056352459016393444 0.07480314960629922
30 0.640625 0.38188976377952755 0.011270491803278689 0.09448818897637795
4 0.9982069672131147 0.42913385826771655 0.0030737704918032786 0.07874015748031496
30 0.6267930327868853 0.3799212598425197 0.012295081967213115 0.09448818897637795
4 0.9925717213114754 0.4330708661417323 0.005122950819672131 0.07874015748031496
4 0.5514856557377049 0.4035433070866142 0.003586065573770492 0.05511811023622047
23 0.6160348360655737 0.41338582677165353 0.004610655737704918 0.07480314960629922
4 0.5673668032786885 0.41141732283464566 0.003586065573770492 0.05511811023622047
4 0.1677766393442623 0.3720472440944882 0.012295081967213115 0.1377952755905512
4 0.9277663934426229 0.49015748031496065 0.004610655737704918 0.07086614173228346
4 0.5965676229508197 0.4507874015748031 0.004610655737704918 0.07874015748031496
4 0.6075819672131147 0.4507874015748031 0.0056352459016393444 0.07874015748031496
4 0.13191598360655737 0.4153543307086614 0.0056352459016393444 0.07086614173228346
4 0.1257684426229508 0.41338582677165353 0.004610655737704918 0.07480314960629922
4 0.8483606557377049 0.515748031496063 0.005122950819672131 0.07086614173228346
4 0.13831967213114754 0.41929133858267714 0.004610655737704918 0.08267716535433071
4 0.1444672131147541 0.421259842519685 0.005122950819672131 0.07086614173228346
4 0.8278688524590164 0.5118110236220472 0.004610655737704918 0.07086614173228346
4 0.10578893442622951 0.4153543307086614 0.005122950819672131 0.07086614173228346
4 0.15163934426229508 0.421259842519685 0.005122950819672131 0.07086614173228346
23 0.11244877049180328 0.41732283464566927 0.005122950819672131 0.07874015748031496
23 0.01716188524590164 0.4035433070866142 0.004610655737704918 0.07480314960629922
4 0.11910860655737705 0.41732283464566927 0.0056352459016393444 0.07480314960629922
23 0.0007684426229508197 0.40551181102362205 0.0010245901639344263 0.07086614173228346
23 0.011014344262295082 0.4074803149606299 0.004610655737704918 0.07086614173228346
23 0.004866803278688525 0.40551181102362205 0.004610655737704918 0.07480314960629922
23 0.0233094262295082 0.4094488188976378 0.004610655737704918 0.07086614173228346
23 0.029969262295081966 0.4094488188976378 0.0056352459016393444 0.08267716535433071
23 0.6224385245901639 0.5 0.004610655737704918 0.06692913385826772
23 0.6290983606557377 0.5019685039370079 0.004610655737704918 0.07086614173228346
23 0.6152663934426229 0.5 0.0056352459016393444 0.07480314960629922
4 0.9861680327868853 0.5688976377952756 0.004098360655737705 0.07480314960629922
23 0.9923155737704918 0.5708661417322834 0.004098360655737705 0.07086614173228346
23 0.9979508196721312 0.5767716535433071 0.0030737704918032786 0.07480314960629922
4 0.9743852459016393 0.5708661417322834 0.006147540983606557 0.08267716535433071
23 0.9805327868852459 0.5846456692913385 0.004098360655737705 0.05511811023622047
4 0.5133196721311475 0.5452755905511811 0.004098360655737705 0.051181102362204724
4 0.5194672131147541 0.5452755905511811 0.0030737704918032786 0.05511811023622047
4 0.5081967213114754 0.5452755905511811 0.003586065573770492 0.051181102362204724
4 0.5261270491803278 0.5511811023622047 0.004098360655737705 0.05511811023622047
4 0.8142930327868853 0.6003937007874016 0.004098360655737705 0.07480314960629922
4 0.8414446721311475 0.6043307086614174 0.004610655737704918 0.06692913385826772
23 0.8081454918032787 0.6003937007874016 0.004610655737704918 0.07086614173228346
23 0.8271004098360656 0.6023622047244095 0.005122950819672131 0.07086614173228346
23 0.8337602459016393 0.6082677165354331 0.0056352459016393444 0.07480314960629922
23 0.820952868852459 0.6062992125984252 0.004610655737704918 0.07086614173228346
23 0.6355020491803278 0.6200787401574803 0.004610655737704918 0.07086614173228346
4 0.5878586065573771 0.6141732283464567 0.003586065573770492 0.047244094488188976
4 0.5135758196721312 0.6161417322834646 0.004098360655737705 0.051181102362204724
4 0.508452868852459 0.6200787401574803 0.004098360655737705 0.05511811023622047
4 0.5186987704918032 0.6240157480314961 0.005122950819672131 0.06692913385826772
23 0.9966700819672131 0.6889763779527559 0.003586065573770492 0.051181102362204724
4 0.5253586065573771 0.6299212598425197 0.005122950819672131 0.07480314960629922
4 0.8875512295081968 0.6811023622047244 0.004610655737704918 0.06692913385826772
4 0.904969262295082 0.6850393700787402 0.004098360655737705 0.06692913385826772
4 0.8988217213114754 0.687007874015748 0.004098360655737705 0.06692913385826772
30 0.9280225409836066 0.6948818897637795 0.012295081967213115 0.10236220472440945
15 0.6232069672131147 0.6535433070866141 0.010758196721311475 0.07480314960629922
4 0.5361168032786885 0.6614173228346457 0.003586065573770492 0.05905511811023622
4 0.5309938524590164 0.6614173228346457 0.0025614754098360654 0.047244094488188976
4 0.6096311475409836 0.687007874015748 0.008709016393442622 0.1377952755905512
4 0.6429303278688525 0.6968503937007874 0.003586065573770492 0.047244094488188976
23 0.6526639344262295 0.6968503937007874 0.0030737704918032786 0.051181102362204724
23 0.6475409836065574 0.6968503937007874 0.0030737704918032786 0.051181102362204724
23 0.9964139344262295 0.7519685039370079 0.0030737704918032786 0.047244094488188976
23 0.6352459016393442 0.7066929133858267 0.004610655737704918 0.07086614173228346
4 0.5860655737704918 0.7047244094488189 0.004098360655737705 0.051181102362204724
4 0.9175204918032787 0.7598425196850394 0.004610655737704918 0.06692913385826772
4 0.5179303278688525 0.7106299212598425 0.004098360655737705 0.07086614173228346
4 0.8975409836065574 0.7696850393700787 0.004098360655737705 0.07086614173228346
4 0.5363729508196722 0.7283464566929134 0.003586065573770492 0.05511811023622047
15 0.8370901639344263 0.7736220472440944 0.0194672131147541 0.14566929133858267
23 0.930327868852459 0.797244094488189 0.0056352459016393444 0.06299212598425197
23 0.9241803278688525 0.797244094488189 0.005122950819672131 0.07086614173228346
4 0.9979508196721312 0.8405511811023622 0.0015368852459016393 0.08267716535433071
4 0.9392930327868853 0.8346456692913385 0.009221311475409836 0.13385826771653545
4 0.6155225409836066 0.8070866141732284 0.004098360655737705 0.06692913385826772
23 0.6349897540983607 0.812992125984252 0.004610655737704918 0.06692913385826772
4 0.5519979508196722 0.8307086614173228 0.003586065573770492 0.051181102362204724
23 0.5458504098360656 0.8405511811023622 0.004610655737704918 0.07086614173228346
15 0.6467725409836066 0.9015748031496063 0.010758196721311475 0.1141732283464567
15 0.576844262295082 0.9114173228346457 0.010758196721311475 0.11811023622047244
15 0.6229508196721312 0.937007874015748 0.010245901639344262 0.08661417322834646
4 0.9451844262295082 0.9665354330708661 0.007172131147540984 0.05905511811023622
4 0.5881147540983607 0.9409448818897638 0.0025614754098360654 0.051181102362204724
23 0.6342213114754098 0.9625984251968503 0.0056352459016393444 0.07086614173228346
4 0.8181352459016393 0.9822834645669292 0.005122950819672131 0.027559055118110236
4 0.8114754098360656 0.9803149606299213 0.005122950819672131 0.031496062992125984
4 0.44723360655737704 0.2559055118110236 0.003586065573770492 0.051181102362204724
4 0.4682377049180328 0.25984251968503935 0.0030737704918032786 0.05511811023622047
23 0.46311475409836067 0.2578740157480315 0.003586065573770492 0.05905511811023622
23 0.45799180327868855 0.2578740157480315 0.003586065573770492 0.05511811023622047
4 0.13575819672131148 0.24606299212598426 0.00665983606557377 0.08661417322834646
4 0.12704918032786885 0.25 0.006147540983606557 0.09055118110236221
23 0.0117827868852459 0.234251968503937 0.005122950819672131 0.07874015748031496