4 0.9466950959488273 0.7473290598290598 0.09914712153518124 0.09401709401709402
23 0.3603411513859275 0.7382478632478633 0.011727078891257996 0.04487179487179487
23 0.373134328358209 0.7403846153846154 0.015458422174840085 0.0438034188034188
23 0.34594882729211085 0.7403846153846154 0.014925373134328358 0.0438034188034188
23 0.332089552238806 0.7435897435897436 0.013326226012793176 0.05448717948717949
23 0.7145522388059702 0.7702991452991453 0.010660980810234541 0.04487179487179487
23 0.6847014925373134 0.7692307692307693 0.010127931769722815 0.030982905982905984
23 0.69909381663113 0.7724358974358975 0.008528784648187633 0.03952991452991453
23 0.6708422174840085 0.7719017094017094 0.012260127931769723 0.03632478632478633
4 0.2105543710021322 0.7606837606837606 0.09168443496801706 0.10683760683760683
4 0.5615671641791045 0.7863247863247863 0.10021321961620469 0.11538461538461539
23 0.8536780383795309 0.8306623931623932 0.01279317697228145 0.017094017094017096
4 0.9637526652452025 0.8488247863247863 0.057569296375266525 0.1047008547008547
4 0.732409381663113 0.8424145299145299 0.013859275053304905 0.03311965811965812
4 0.7937100213219617 0.8488247863247863 0.015991471215351813 0.028846153846153848
15 0.8464818763326226 0.8728632478632479 0.025053304904051173 0.053418803418803416
4 0.8368869936034116 0.9129273504273504 0.006929637526652452 0.024572649572649572
4 0.7963752665245203 0.9118589743589743 0.03837953091684435 0.07371794871794872
4 0.7356076759061834 0.9097222222222222 0.03624733475479744 0.0673076923076923
23 0.7038912579957356 0.9139957264957265 0.021321961620469083 0.12393162393162394
4 0.8238272921108742 0.9236111111111112 0.01812366737739872 0.04487179487179487
4 0.9669509594882729 0.9412393162393162 0.01812366737739872 0.08440170940170941
23 0.6751066098081023 0.9257478632478633 0.03624733475479744 0.14423076923076922
23 0.9474946695095949 0.9535256410256411 0.012260127931769723 0.07478632478632478
4 0.31449893390191896 0.8985042735042735 0.09808102345415778 0.18162393162393162
4 0.5911513859275054 0.9161324786324786 0.10874200426439233 0.1655982905982906
4 0.44909381663113007 0.9107905982905983 0.10927505330490406 0.17735042735042736
23 0.845682302771855 0.9871794871794872 0.010660980810234541 0.013888888888888888
33 0.22761194029850745 0.9545940170940171 0.0005330490405117271 0.0010683760683760685
23 0.8168976545842217 0.9957264957264957 0.015458422174840085 0.00641025641025641
23 0.8454157782515992 0.9967948717948718 0.008528784648187633 0.004273504273504274
23 0.8323560767590619 0.9967948717948718 0.013326226012793176 0.004273504273504274
4 0.9840085287846482 0.21581196581196582 0.03091684434968017 0.0811965811965812
4 0.5218550106609808 0.2280982905982906 0.017057569296375266 0.07585470085470085
4 0.5399786780383795 0.22916666666666666 0.021321961620469083 0.07371794871794872
4 0.24280383795309168 0.2264957264957265 0.041044776119402986 0.16773504273504272
4 0.2017590618336887 0.23130341880341881 0.0453091684434968 0.16452991452991453
4 0.16018123667377399 0.2280982905982906 0.03571428571428571 0.07905982905982906
4 0.2881130063965885 0.23824786324786323 0.04957356076759062 0.17094017094017094
4 0.6257995735607675 0.2638888888888889 0.04211087420042644 0.17414529914529914
4 0.6684434968017058 0.2670940170940171 0.04051172707889126 0.1762820512820513
4 0.5836886993603412 0.2644230769230769 0.0453091684434968 0.17414529914529914
4 0.3254264392324094 0.29967948717948717 0.01812366737739872 0.038461538461538464
4 0.6998933901918977 0.3269230769230769 0.014392324093816631 0.0405982905982906
23 0.8656716417910447 0.3888888888888889 0.015458422174840085 0.013888888888888888
4 0.4802771855010661 0.36912393162393164 0.01652452025586354 0.030982905982905984
23 0.8941897654584222 0.4091880341880342 0.007462686567164179 0.03311965811965812
23 0.8704690831556503 0.41346153846153844 0.008528784648187633 0.028846153846153848
23 0.9445628997867804 0.4284188034188034 0.06823027718550106 0.049145299145299144
4 0.8571428571428571 0.4481837606837607 0.019722814498933903 0.023504273504273504
4 0.8110341151385928 0.4577991452991453 0.021321961620469083 0.024572649572649572
23 0.9469616204690832 0.4700854700854701 0.06982942430703624 0.04700854700854701
15 0.8608742004264393 0.48878205128205127 0.023454157782515993 0.04807692307692308
23 0.9464285714285714 0.5074786324786325 0.07036247334754797 0.03952991452991453
23 0.8390191897654584 0.5181623931623932 0.006396588486140725 0.023504273504273504
4 0.8590085287846482 0.5293803418803419 0.02185501066098081 0.027777777777777776
23 0.9445628997867804 0.5416666666666666 0.06876332622601279 0.0405982905982906
23 0.8648720682302772 0.5534188034188035 0.015991471215351813 0.018162393162393164
23 0.8520788912579957 0.5587606837606838 0.006929637526652452 0.02564102564102564
23 0.9434968017057569 0.5801282051282052 0.06769722814498934 0.045940170940170943
4 0.2897121535181237 0.03418803418803419 0.037846481876332626 0.06837606837606838
4 0.2046908315565032 0.03258547008547009 0.03837953091684435 0.06517094017094018
4 0.9482942430703625 0.656517094017094 0.09914712153518124 0.10042735042735043