23 0.375 0.01074938574938575 0.00819672131147541 0.0036855036855036856
4 0.23898565573770492 0.4444103194103194 0.003586065573770492 0.01167076167076167
23 0.2891905737704918 0.44133906633906633 0.0030737704918032786 0.0085995085995086
4 0.09759221311475409 0.4603808353808354 0.007684426229508197 0.005528255528255528
4 0.2863729508196721 0.01934889434889435 0.0030737704918032786 0.005528255528255528
23 0.2761270491803279 0.01996314496314496 0.0030737704918032786 0.004914004914004914
23 0.8404200819672131 0.4001842751842752 0.00819672131147541 0.0042997542997543
4 0.8785860655737705 0.39803439803439805 0.005122950819672131 0.004914004914004914
4 0.44748975409836067 0.43611793611793614 0.007172131147540984 0.002457002457002457
4 0.2932889344262295 0.019041769041769043 0.003586065573770492 0.006142506142506142
4 0.3862704918032787 0.010135135135135136 0.004610655737704918 0.0042997542997543
23 0.26485655737704916 0.0214987714987715 0.0030737704918032786 0.006142506142506142
4 0.3045594262295082 0.4511670761670762 0.00665983606557377 0.005528255528255528
23 0.9608094262295082 0.3961916461916462 0.007684426229508197 0.006756756756756757
4 0.8406762295081968 0.40724815724815727 0.007684426229508197 0.005528255528255528
23 0.2807377049180328 0.01996314496314496 0.0030737704918032786 0.005528255528255528
23 0.8801229508196722 0.40540540540540543 0.006147540983606557 0.0042997542997543
4 0.44723360655737704 0.4416461916461916 0.0056352459016393444 0.003071253071253071
23 0.2889344262295082 0.4560810810810811 0.005122950819672131 0.0042997542997543
23 0.2697233606557377 0.022113022113022112 0.004610655737704918 0.0085995085995086
4 0.2989241803278688 0.01934889434889435 0.003586065573770492 0.007371007371007371
4 0.16444672131147542 0.4714373464373464 0.01485655737704918 0.016584766584766583
23 0.44723360655737704 0.4477886977886978 0.0056352459016393444 0.002457002457002457
23 0.8411885245901639 0.4146191646191646 0.008709016393442622 0.0042997542997543
4 0.3547643442622951 0.45546683046683045 0.0030737704918032786 0.007371007371007371
4 0.522797131147541 0.44256756756756754 0.007172131147540984 0.0042997542997543
23 0.8796106557377049 0.4133906633906634 0.0056352459016393444 0.0042997542997543
23 0.2894467213114754 0.46345208845208846 0.007172131147540984 0.0036855036855036856
4 0.2151639344262295 0.46959459459459457 0.0025614754098360654 0.009828009828009828
4 0.24052254098360656 0.4699017199017199 0.004610655737704918 0.010442260442260442
4 0.44697745901639346 0.45454545454545453 0.006147540983606557 0.003071253071253071
23 0.8417008196721312 0.42321867321867324 0.006147540983606557 0.0042997542997543
23 0.2891905737704918 0.46959459459459457 0.00665983606557377 0.003071253071253071
30 0.3048155737704918 0.47082309582309584 0.01331967213114754 0.023955773955773956
23 0.5230532786885246 0.4536240786240786 0.00819672131147541 0.005528255528255528
23 0.4480020491803279 0.4606879606879607 0.005122950819672131 0.0036855036855036856
23 0.29098360655737704 0.47573710073710074 0.006147540983606557 0.0036855036855036856
23 0.35399590163934425 0.47235872235872234 0.004098360655737705 0.009213759213759214
23 0.16316598360655737 0.49017199017199015 0.0025614754098360654 0.009213759213759214
23 0.4487704918032787 0.46621621621621623 0.0056352459016393444 0.002457002457002457
23 0.29098360655737704 0.4818796068796069 0.005122950819672131 0.003071253071253071
23 0.9636270491803278 0.4272113022113022 0.00819672131147541 0.006142506142506142
4 0.5097336065573771 0.4652948402948403 0.003586065573770492 0.007985257985257985
23 0.5040983606557377 0.4659090909090909 0.0030737704918032786 0.009213759213759214
4 0.09938524590163934 0.5003071253071253 0.00819672131147541 0.003071253071253071
23 0.4490266393442623 0.47235872235872234 0.0056352459016393444 0.002457002457002457
4 0.028688524590163935 0.5085995085995086 0.007172131147540984 0.006142506142506142
4 0.2510245901639344 0.025184275184275184 0.007684426229508197 0.004914004914004914
23 0.2336065573770492 0.4950859950859951 0.0056352459016393444 0.009828009828009828
23 0.9638831967213115 0.43396805896805896 0.007684426229508197 0.004914004914004914
4 0.4485143442622951 0.4785012285012285 0.0056352459016393444 0.0036855036855036856
4 0.8829405737704918 0.4431818181818182 0.006147540983606557 0.002457002457002457
4 0.8429815573770492 0.44717444717444715 0.007172131147540984 0.004914004914004914
4 0.35604508196721313 0.488022113022113 0.0025614754098360654 0.011056511056511056
23 0.16290983606557377 0.504914004914005 0.004098360655737705 0.011056511056511056
4 0.3004610655737705 0.49385749385749383 0.010245901639344262 0.006142506142506142
4 0.31019467213114754 0.020884520884520884 0.006147540983606557 0.0036855036855036856
23 0.9643954918032787 0.4401105651105651 0.00665983606557377 0.0036855036855036856
23 0.22079918032786885 0.5036855036855037 0.004098360655737705 0.007985257985257985
23 0.21567622950819673 0.503992628992629 0.0030737704918032786 0.009828009828009828
30 0.5015368852459017 0.48065110565110564 0.00665983606557377 0.012285012285012284
4 0.4492827868852459 0.4858722358722359 0.00665983606557377 0.003071253071253071
4 0.5215163934426229 0.4797297297297297 0.0030737704918032786 0.009828009828009828
23 0.5158811475409836 0.480958230958231 0.0025614754098360654 0.007985257985257985
23 0.5102459016393442 0.4818796068796069 0.0025614754098360654 0.009213759213759214
23 0.9656762295081968 0.44625307125307123 0.007172131147540984 0.0042997542997543
4 0.4492827868852459 0.4914004914004914 0.005122950819672131 0.003071253071253071
4 0.36910860655737704 0.5018427518427518 0.018442622950819672 0.019041769041769043
4 0.4300717213114754 0.49723587223587223 0.016905737704918034 0.020884520884520884
23 0.9667008196721312 0.4523955773955774 0.00665983606557377 0.0036855036855036856
23 0.4490266393442623 0.49692874692874694 0.004610655737704918 0.002457002457002457
4 0.3993340163934426 0.5009213759213759 0.018442622950819672 0.022113022113022112
23 0.18263319672131148 0.519963144963145 0.003586065573770492 0.009213759213759214
23 0.1875 0.519963144963145 0.0025614754098360654 0.007985257985257985
23 0.19313524590163936 0.5196560196560197 0.0025614754098360654 0.0085995085995086
4 0.1990266393442623 0.519041769041769 0.0025614754098360654 0.0085995085995086
4 0.3155737704918033 0.5098280098280098 0.015881147540983607 0.009213759213759214
23 0.2192622950819672 0.5187346437346437 0.003586065573770492 0.009213759213759214
23 0.5053790983606558 0.4950859950859951 0.0025614754098360654 0.007371007371007371
23 0.5002561475409836 0.4957002457002457 0.005122950819672131 0.009213759213759214
23 0.5110143442622951 0.4953931203931204 0.0025614754098360654 0.007371007371007371
23 0.5151127049180327 0.4950859950859951 0.0025614754098360654 0.007985257985257985
23 0.9638831967213115 0.45915233415233414 0.00665983606557377 0.0042997542997543
23 0.44979508196721313 0.5042997542997543 0.003586065573770492 0.0018427518427518428
4 0.32838114754098363 0.5181203931203932 0.0030737704918032786 0.007985257985257985
23 0.9664446721311475 0.4652948402948403 0.00665983606557377 0.005528255528255528
4 0.3360655737704918 0.5224201474201474 0.005122950819672131 0.014742014742014743
23 0.20876024590163936 0.5337837837837838 0.0030737704918032786 0.007371007371007371
23 0.18468237704918034 0.5362407862407862 0.004610655737704918 0.010442260442260442
23 0.22156762295081966 0.5337837837837838 0.0025614754098360654 0.009213759213759214
23 0.9661885245901639 0.4714373464373464 0.0056352459016393444 0.004914004914004914
23 0.19031762295081966 0.5365479115479116 0.004098360655737705 0.0085995085995086
23 0.203125 0.5359336609336609 0.0056352459016393444 0.010442260442260442
4 0.3855020491803279 0.01812039312039312 0.004610655737704918 0.0018427518427518428
4 0.30917008196721313 0.5288697788697788 0.007172131147540984 0.0036855036855036856
4 0.3204405737704918 0.5285626535626535 0.006147540983606557 0.0036855036855036856
23 0.4395491803278688 0.5193488943488943 0.006147540983606557 0.0036855036855036856
23 0.9684938524590164 0.47665847665847666 0.00665983606557377 0.004914004914004914
4 0.3104508196721312 0.5356265356265356 0.003586065573770492 0.002457002457002457
23 0.43980532786885246 0.5254914004914005 0.006147540983606557 0.003071253071253071
4 0.5023053278688525 0.5202702702702703 0.009221311475409836 0.005528255528255528
4 0.32274590163934425 0.5353194103194103 0.00819672131147541 0.003071253071253071
4 0.4521004098360656 0.5248771498771498 0.004610655737704918 0.003071253071253071
4 0.5130635245901639 0.519963144963145 0.00665983606557377 0.0036855036855036856
23 0.3734631147540984 0.01996314496314496 0.0030737704918032786 0.0036855036855036856
23 0.33376024590163933 0.538083538083538 0.00665983606557377 0.0042997542997543
4 0.45184426229508196 0.5304054054054054 0.006147540983606557 0.002457002457002457
23 0.44082991803278687 0.5319410319410319 0.007684426229508197 0.0036855036855036856
23 0.2730532786885246 0.5460687960687961 0.00973360655737705 0.0042997542997543
4 0.5133196721311475 0.5261056511056511 0.005122950819672131 0.0036855036855036856
4 0.5015368852459017 0.5276412776412777 0.005122950819672131 0.003071253071253071
23 0.20927254098360656 0.5522113022113022 0.004098360655737705 0.009213759213759214
23 0.21542008196721313 0.5522113022113022 0.004098360655737705 0.0085995085995086
23 0.28201844262295084 0.5491400491400491 0.0025614754098360654 0.007985257985257985
4 0.25 0.5531326781326781 0.0030737704918032786 0.006756756756756757
23 0.45184426229508196 0.5365479115479116 0.006147540983606557 0.002457002457002457
30 0.39344262295081966 0.5414619164619164 0.03432377049180328 0.03624078624078624
23 0.4415983606557377 0.5374692874692875 0.0056352459016393444 0.002457002457002457
4 0.6875 0.5205773955773956 0.0056352459016393444 0.0036855036855036856
4 0.4521004098360656 0.5426904176904177 0.006147540983606557 0.003071253071253071
23 0.44236680327868855 0.5442260442260443 0.006147540983606557 0.003071253071253071
4 0.31121926229508196 0.02702702702702703 0.006147540983606557 0.0036855036855036856
4 0.274077868852459 0.562039312039312 0.00819672131147541 0.016584766584766583
4 0.6885245901639344 0.527948402948403 0.00665983606557377 0.0036855036855036856
23 0.2889344262295082 0.562039312039312 0.0025614754098360654 0.0085995085995086
4 0.25281762295081966 0.032555282555282554 0.0056352459016393444 0.0042997542997543
23 0.29508196721311475 0.562039312039312 0.0030737704918032786 0.007371007371007371
23 0.21234631147540983 0.5697174447174447 0.0030737704918032786 0.009828009828009828
4 0.4418545081967213 0.5503685503685504 0.006147540983606557 0.0036855036855036856
4 0.25025614754098363 0.5666461916461917 0.0020491803278688526 0.010442260442260442
4 0.25537909836065575 0.5666461916461917 0.0025614754098360654 0.0085995085995086
23 0.30020491803278687 0.562960687960688 0.0030737704918032786 0.007371007371007371
4 0.28201844262295084 0.5644963144963145 0.0030737704918032786 0.011056511056511056
4 0.2179815573770492 0.5703316953316954 0.0030737704918032786 0.009828009828009828
4 0.19774590163934427 0.5727886977886978 0.003586065573770492 0.011056511056511056
23 0.9444159836065574 0.5138206388206388 0.004610655737704918 0.009213759213759214
23 0.9336577868852459 0.5147420147420148 0.0020491803278688526 0.009828009828009828
23 0.9526127049180327 0.5132063882063882 0.0025614754098360654 0.006756756756756757
23 0.9395491803278688 0.5153562653562653 0.003586065573770492 0.007371007371007371
4 0.5107581967213115 0.5512899262899262 0.0056352459016393444 0.012285012285012284
4 0.5025614754098361 0.5528255528255528 0.004610655737704918 0.012899262899262898
4 0.6885245901639344 0.5377764127764127 0.00665983606557377 0.0036855036855036856
4 0.3432377049180328 0.5678746928746928 0.004098360655737705 0.011056511056511056
23 0.32991803278688525 0.5697174447174447 0.003586065573770492 0.009213759213759214
4 0.3176229508196721 0.5706388206388207 0.0025614754098360654 0.011056511056511056
4 0.3235143442622951 0.5715601965601965 0.0030737704918032786 0.01167076167076167
4 0.33734631147540983 0.5709459459459459 0.0025614754098360654 0.009828009828009828
4 0.6877561475409836 0.5426904176904177 0.00665983606557377 0.003071253071253071
23 0.027151639344262294 0.6007371007371007 0.010245901639344262 0.004914004914004914
23 0.9405737704918032 0.5276412776412777 0.004098360655737705 0.0085995085995086
23 0.9346823770491803 0.5300982800982801 0.0025614754098360654 0.009213759213759214
23 0.02663934426229508 0.6062653562653563 0.00665983606557377 0.003071253071253071
4 0.3788422131147541 0.578009828009828 0.007172131147540984 0.014127764127764128
4 0.5617315573770492 0.5644963144963145 0.0030737704918032786 0.009828009828009828
4 0.5566086065573771 0.5648034398034398 0.0025614754098360654 0.009828009828009828
23 0.6401127049180327 0.5583538083538083 0.0020491803278688526 0.009213759213759214
23 0.592469262295082 0.562960687960688 0.0030737704918032786 0.009828009828009828
4 0.6329405737704918 0.5601965601965602 0.0030737704918032786 0.009213759213759214
4 0.026895491803278687 0.6124078624078624 0.008709016393442622 0.003071253071253071
4 0.19006147540983606 0.5998157248157249 0.0030737704918032786 0.0085995085995086
4 0.20081967213114754 0.6025798525798526 0.0056352459016393444 0.0036855036855036856
23 0.20133196721311475 0.6074938574938575 0.0056352459016393444 0.0042997542997543
23 0.5566086065573771 0.5795454545454546 0.0030737704918032786 0.007985257985257985
23 0.5627561475409836 0.5792383292383292 0.0030737704918032786 0.006756756756756757
4 0.5932377049180327 0.577088452088452 0.0025614754098360654 0.007371007371007371
4 0.6398565573770492 0.5743243243243243 0.003586065573770492 0.0085995085995086
23 0.6347336065573771 0.5749385749385749 0.0030737704918032786 0.009213759213759214
23 0.3363217213114754 0.6004299754299754 0.00665983606557377 0.0042997542997543
4 0.4702868852459016 0.589987714987715 0.0025614754098360654 0.007985257985257985
4 0.4661885245901639 0.5902948402948403 0.0030737704918032786 0.009213759213759214
4 0.4959016393442623 0.5878378378378378 0.0025614754098360654 0.0085995085995086
4 0.47848360655737704 0.589987714987715 0.003586065573770492 0.009213759213759214
4 0.48411885245901637 0.5893734643734644 0.0020491803278688526 0.009828009828009828
4 0.5179303278688525 0.5866093366093366 0.003586065573770492 0.007371007371007371
4 0.49077868852459017 0.5887592137592138 0.0025614754098360654 0.007985257985257985
4 0.5087090163934426 0.5878378378378378 0.003586065573770492 0.006142506142506142
4 0.5030737704918032 0.5884520884520884 0.0030737704918032786 0.007985257985257985
4 0.5138319672131147 0.5881449631449631 0.0025614754098360654 0.007985257985257985
23 0.20158811475409835 0.6148648648648649 0.006147540983606557 0.003071253071253071
23 0.25230532786885246 0.03746928746928747 0.007172131147540984 0.0036855036855036856
23 0.3368340163934426 0.6071867321867321 0.006147540983606557 0.0036855036855036856
4 0.20133196721311475 0.6246928746928747 0.008709016393442622 0.005528255528255528
4 0.3870389344262295 0.02671990171990172 0.0056352459016393444 0.0036855036855036856
4 0.3094262295081967 0.033169533169533166 0.007684426229508197 0.0036855036855036856
4 0.3260758196721312 0.6179361179361179 0.006147540983606557 0.004914004914004914
4 0.33785860655737704 0.6182432432432432 0.00665983606557377 0.0042997542997543
23 0.3475922131147541 0.6173218673218673 0.009221311475409836 0.006756756756756757
23 0.3739754098360656 0.028562653562653563 0.006147540983606557 0.004914004914004914
23 0.203125 0.6332923832923832 0.007684426229508197 0.0042997542997543
4 0.514344262295082 0.6071867321867321 0.0056352459016393444 0.013513513513513514
23 0.34707991803278687 0.625 0.00665983606557377 0.0042997542997543
4 0.013575819672131147 0.6544840294840295 0.012295081967213115 0.012899262899262898
4 0.32684426229508196 0.6314496314496314 0.00665983606557377 0.004914004914004914
23 0.3255635245901639 0.6372850122850123 0.00665983606557377 0.002457002457002457
4 0.3399077868852459 0.6366707616707616 0.007684426229508197 0.0042997542997543
4 0.35655737704918034 0.6375921375921376 0.014344262295081968 0.007985257985257985
4 0.48411885245901637 0.6305282555282555 0.0056352459016393444 0.014127764127764128
4 0.34042008196721313 0.6428132678132679 0.007684426229508197 0.003071253071253071
4 0.49513319672131145 0.6296068796068796 0.006147540983606557 0.014127764127764128
4 0.5053790983606558 0.628992628992629 0.007172131147540984 0.014127764127764128
23 0.3260758196721312 0.6443488943488943 0.004610655737704918 0.0036855036855036856
4 0.47438524590163933 0.6320638820638821 0.0056352459016393444 0.01597051597051597
30 0.414702868852459 0.6418918918918919 0.02612704918032787 0.02764127764127764
4 0.3386270491803279 0.648955773955774 0.006147540983606557 0.003071253071253071
23 0.328125 0.6511056511056511 0.009221311475409836 0.002457002457002457
23 0.32684426229508196 0.6566339066339066 0.00819672131147541 0.0036855036855036856
23 0.02382172131147541 0.6845823095823096 0.00819672131147541 0.0042997542997543
4 0.3555327868852459 0.6575552825552825 0.010245901639344262 0.006142506142506142
4 0.3271004098360656 0.6621621621621622 0.006147540983606557 0.003071253071253071
4 0.34042008196721313 0.6618550368550369 0.006147540983606557 0.002457002457002457
4 0.2530737704918033 0.04361179361179361 0.006147540983606557 0.0036855036855036856
4 0.0235655737704918 0.6944103194103194 0.007684426229508197 0.003071253071253071
4 0.3276127049180328 0.668918918918919 0.006147540983606557 0.0042997542997543
4 0.2036372950819672 0.6824324324324325 0.00665983606557377 0.0036855036855036856
4 0.1877561475409836 0.683968058968059 0.009221311475409836 0.006142506142506142
4 0.3568135245901639 0.6701474201474201 0.01331967213114754 0.0085995085995086
4 0.32735655737704916 0.6744471744471745 0.00665983606557377 0.0036855036855036856
4 0.02382172131147541 0.7005528255528255 0.00665983606557377 0.0042997542997543
4 0.4011270491803279 0.6701474201474201 0.012807377049180328 0.007985257985257985
4 0.3094262295081967 0.03931203931203931 0.003586065573770492 0.0012285012285012285
23 0.4175204918032787 0.6707616707616708 0.00665983606557377 0.004914004914004914
23 0.18878073770491804 0.6922604422604423 0.00819672131147541 0.0036855036855036856
4 0.328125 0.6805896805896806 0.007172131147540984 0.0036855036855036856
23 0.2026127049180328 0.691953316953317 0.006147540983606557 0.004914004914004914
4 0.35860655737704916 0.6812039312039312 0.011270491803278689 0.006756756756756757
4 0.026383196721311477 0.7103808353808354 0.010245901639344262 0.004914004914004914
23 0.41649590163934425 0.6775184275184275 0.0056352459016393444 0.0036855036855036856
23 0.39190573770491804 0.6808968058968059 0.005122950819672131 0.003071253071253071
23 0.1885245901639344 0.699017199017199 0.007172131147540984 0.0036855036855036856
4 0.3286372950819672 0.6873464373464373 0.006147540983606557 0.003071253071253071
23 0.2038934426229508 0.6984029484029484 0.006147540983606557 0.002457002457002457
23 0.4193135245901639 0.683968058968059 0.00665983606557377 0.0018427518427518428
23 0.3936987704918033 0.6867321867321867 0.0056352459016393444 0.003071253071253071
4 0.2041495901639344 0.7033169533169533 0.007684426229508197 0.0042997542997543
23 0.18903688524590165 0.7051597051597052 0.007684426229508197 0.0036855036855036856
4 0.5522540983606558 0.675982800982801 0.003586065573770492 0.009828009828009828
23 0.37474385245901637 0.03562653562653563 0.0056352459016393444 0.0042997542997543
23 0.41905737704918034 0.6885749385749386 0.005122950819672131 0.003071253071253071
4 0.7184938524590164 0.664004914004914 0.004098360655737705 0.014127764127764128
4 0.6091188524590164 0.6732186732186732 0.0030737704918032786 0.010442260442260442
4 0.680327868852459 0.6676904176904177 0.004610655737704918 0.010442260442260442
23 0.7410348360655737 0.6627764127764127 0.0025614754098360654 0.006142506142506142
23 0.7466700819672131 0.6627764127764127 0.003586065573770492 0.007985257985257985
23 0.7359118852459017 0.6636977886977887 0.004098360655737705 0.009213759213759214
15 0.4385245901639344 0.6891891891891891 0.015881147540983607 0.02764127764127764
23 0.20466188524590165 0.7088452088452089 0.007172131147540984 0.003071253071253071
4 0.1872438524590164 0.710995085995086 0.00665983606557377 0.0042997542997543
23 0.7520491803278688 0.6643120393120393 0.0030737704918032786 0.007371007371007371
4 0.8173668032786885 0.6587837837837838 0.003586065573770492 0.009213759213759214
4 0.7715163934426229 0.6624692874692875 0.004098360655737705 0.0085995085995086
23 0.34375 0.6984029484029484 0.00665983606557377 0.0036855036855036856
4 0.8634733606557377 0.6547911547911548 0.004098360655737705 0.007985257985257985
23 0.3568135245901639 0.6974815724815725 0.007684426229508197 0.0036855036855036856
23 0.3936987704918033 0.6947174447174447 0.006147540983606557 0.004914004914004914
4 0.9538934426229508 0.6498771498771498 0.0025614754098360654 0.007371007371007371
4 0.9723360655737705 0.648955773955774 0.0025614754098360654 0.007371007371007371
4 0.9661885245901639 0.6492628992628993 0.003586065573770492 0.009828009828009828
4 0.9610655737704918 0.6498771498771498 0.0030737704918032786 0.006756756756756757
4 0.41905737704918034 0.6953316953316954 0.00819672131147541 0.0042997542997543
4 0.9779713114754098 0.648955773955774 0.0030737704918032786 0.006142506142506142
4 0.9846311475409836 0.648955773955774 0.0020491803278688526 0.005528255528255528
23 0.035860655737704916 0.7285012285012284 0.006147540983606557 0.0036855036855036856
23 0.18954918032786885 0.7162162162162162 0.00819672131147541 0.004914004914004914
23 0.38831967213114754 0.03593366093366093 0.00819672131147541 0.0042997542997543
23 0.0471311475409836 0.7294226044226044 0.0056352459016393444 0.0036855036855036856
23 0.20543032786885246 0.7162162162162162 0.006147540983606557 0.004914004914004914
23 0.34349385245901637 0.7051597051597052 0.005122950819672131 0.0042997542997543
23 0.3568135245901639 0.7054668304668305 0.00665983606557377 0.0036855036855036856
23 0.46593237704918034 0.6980958230958231 0.00665983606557377 0.0036855036855036856
23 0.4797643442622951 0.6974815724815725 0.00665983606557377 0.002457002457002457
23 0.4193135245901639 0.7027027027027027 0.006147540983606557 0.0036855036855036856
23 0.34375 0.7106879606879607 0.007172131147540984 0.0036855036855036856
23 0.39395491803278687 0.7073095823095823 0.005122950819672131 0.003071253071253071
23 0.35706967213114754 0.7103808353808354 0.004610655737704918 0.002457002457002457
23 0.18903688524590165 0.7242014742014742 0.005122950819672131 0.004914004914004914
23 0.0507172131147541 0.7377149877149877 0.007172131147540984 0.004914004914004914
23 0.42008196721311475 0.7079238329238329 0.00665983606557377 0.003071253071253071
4 0.2036372950819672 0.726965601965602 0.0030737704918032786 0.010442260442260442
23 0.4661885245901639 0.7048525798525799 0.00665983606557377 0.0036855036855036856
4 0.19800204918032788 0.7272727272727273 0.0015368852459016393 0.0085995085995086
23 0.47899590163934425 0.7036240786240786 0.005122950819672131 0.0036855036855036856
23 0.27202868852459017 0.7217444717444718 0.003586065573770492 0.009213759213759214
4 0.2231045081967213 0.7257371007371007 0.0020491803278688526 0.0085995085995086
23 0.20876024590163936 0.726965601965602 0.0020491803278688526 0.010442260442260442
23 0.34400614754098363 0.7156019656019657 0.0056352459016393444 0.002457002457002457
4 0.22771516393442623 0.7254299754299754 0.003586065573770492 0.009213759213759214
23 0.26793032786885246 0.7226658476658476 0.0015368852459016393 0.009828009828009828
4 0.21746926229508196 0.726965601965602 0.0020491803278688526 0.01167076167076167
23 0.35758196721311475 0.7159090909090909 0.007172131147540984 0.003071253071253071
4 0.24052254098360656 0.7254299754299754 0.003586065573770492 0.009828009828009828
23 0.29456967213114754 0.7211302211302212 0.0030737704918032786 0.006142506142506142
23 0.2832991803278688 0.722051597051597 0.0030737704918032786 0.007985257985257985
23 0.2894467213114754 0.7214373464373465 0.003586065573770492 0.007985257985257985
4 0.2610143442622951 0.7245085995085995 0.006147540983606557 0.016584766584766583
4 0.27894467213114754 0.722972972972973 0.0025614754098360654 0.010442260442260442
23 0.29866803278688525 0.7214373464373465 0.0030737704918032786 0.007371007371007371
23 0.3944672131147541 0.714987714987715 0.007172131147540984 0.0042997542997543
23 0.04918032786885246 0.7466216216216216 0.007684426229508197 0.005528255528255528
23 0.25332991803278687 0.04914004914004914 0.009221311475409836 0.0042997542997543
4 0.34400614754098363 0.722972972972973 0.0056352459016393444 0.0018427518427518428
23 0.3583504098360656 0.7235872235872236 0.006147540983606557 0.002457002457002457
23 0.4510758196721312 0.7171375921375921 0.007684426229508197 0.0036855036855036856
4 0.43980532786885246 0.7192874692874693 0.007172131147540984 0.003071253071253071
23 0.35911885245901637 0.7278869778869779 0.006147540983606557 0.0036855036855036856
4 0.34554303278688525 0.7303439803439803 0.00665983606557377 0.003071253071253071
23 0.4521004098360656 0.7257371007371007 0.007172131147540984 0.0036855036855036856
4 0.3457991803278688 0.7358722358722358 0.006147540983606557 0.0036855036855036856
23 0.35963114754098363 0.7346437346437347 0.0056352459016393444 0.0042997542997543
23 0.2843237704918033 0.7453931203931204 0.0025614754098360654 0.005528255528255528
23 0.21157786885245902 0.7515356265356266 0.003586065573770492 0.009828009828009828
23 0.20081967213114754 0.7521498771498771 0.0025614754098360654 0.0085995085995086
23 0.2894467213114754 0.7453931203931204 0.0025614754098360654 0.006756756756756757
4 0.2797131147540984 0.7463144963144963 0.0025614754098360654 0.006756756756756757
23 0.19697745901639344 0.7533783783783784 0.0030737704918032786 0.011056511056511056
23 0.26793032786885246 0.7472358722358723 0.0025614754098360654 0.0085995085995086
23 0.20619877049180327 0.7524570024570024 0.0025614754098360654 0.0085995085995086
4 0.31173155737704916 0.04606879606879607 0.0056352459016393444 0.0036855036855036856
23 0.274077868852459 0.7472358722358723 0.0030737704918032786 0.0085995085995086
4 0.26331967213114754 0.7481572481572482 0.0025614754098360654 0.007371007371007371
23 0.3012295081967213 0.745085995085995 0.0030737704918032786 0.007371007371007371
4 0.34554303278688525 0.742014742014742 0.004610655737704918 0.003071253071253071
23 0.29559426229508196 0.7463144963144963 0.0025614754098360654 0.0085995085995086
4 0.34554303278688525 0.7481572481572482 0.005122950819672131 0.003071253071253071
4 0.20952868852459017 0.055896805896805894 0.00973360655737705 0.004914004914004914
4 0.19825819672131148 0.056818181818181816 0.011270491803278689 0.005528255528255528
23 0.37525614754098363 0.042997542997543 0.008709016393442622 0.005528255528255528
23 0.3865266393442623 0.04207616707616708 0.0056352459016393444 0.0036855036855036856
15 0.2827868852459016 0.051597051597051594 0.033299180327868855 0.0386977886977887
4 0.7241290983606558 0.7576781326781327 0.004098360655737705 0.006142506142506142
23 0.5443135245901639 0.7733415233415234 0.0025614754098360654 0.007371007371007371
23 0.5381659836065574 0.773955773955774 0.003586065573770492 0.0085995085995086
4 0.65625 0.7647420147420148 0.007172131147540984 0.004914004914004914
23 0.5591700819672131 0.7733415233415234 0.003586065573770492 0.0085995085995086
4 0.6027151639344263 0.7708845208845209 0.003586065573770492 0.009213759213759214
23 0.05993852459016393 0.8163390663390664 0.010245901639344262 0.006756756756756757
4 0.5811987704918032 0.7727272727272727 0.0030737704918032786 0.009828009828009828
4 0.6193647540983607 0.7696560196560197 0.004098360655737705 0.009828009828009828
23 0.6378073770491803 0.7681203931203932 0.004610655737704918 0.010442260442260442
23 0.6439549180327869 0.7681203931203932 0.003586065573770492 0.0085995085995086
4 0.6736680327868853 0.7656633906633906 0.0030737704918032786 0.009828009828009828
4 0.6859631147540983 0.76504914004914 0.003586065573770492 0.0085995085995086
4 0.07377049180327869 0.8166461916461917 0.00973360655737705 0.005528255528255528
4 0.7064549180327869 0.7641277641277642 0.0030737704918032786 0.009213759213759214
4 0.7151639344262295 0.7635135135135135 0.00819672131147541 0.014742014742014743
4 0.8107069672131147 0.7564496314496314 0.004098360655737705 0.0085995085995086
4 0.845030737704918 0.7536855036855037 0.003586065573770492 0.009828009828009828
4 0.8691086065573771 0.7527641277641277 0.004098360655737705 0.010442260442260442
4 0.3114754098360656 0.051597051597051594 0.0056352459016393444 0.002457002457002457
23 0.25281762295081966 0.056511056511056514 0.0056352459016393444 0.003071253071253071
4 0.9249487704918032 0.7493857493857494 0.005122950819672131 0.01167076167076167
4 0.9592725409836066 0.7472358722358723 0.0025614754098360654 0.007985257985257985
4 0.9651639344262295 0.7466216216216216 0.0025614754098360654 0.007985257985257985
4 0.9541495901639344 0.7475429975429976 0.004098360655737705 0.009828009828009828
23 0.9713114754098361 0.7463144963144963 0.0025614754098360654 0.007371007371007371
4 0.9805327868852459 0.746007371007371 0.003586065573770492 0.007985257985257985
4 0.9756659836065574 0.7469287469287469 0.0025614754098360654 0.009213759213759214
4 0.05942622950819672 0.8252457002457002 0.007684426229508197 0.003071253071253071
23 0.05968237704918033 0.8313882063882064 0.006147540983606557 0.0036855036855036856
4 0.14805327868852458 0.06695331695331695 0.004610655737704918 0.012899262899262898
4 0.13498975409836064 0.06941031941031942 0.004098360655737705 0.013513513513513514
23 0.37269467213114754 0.8246314496314496 0.004610655737704918 0.012899262899262898
23 0.25973360655737704 0.8353808353808354 0.005122950819672131 0.002457002457002457
4 0.27202868852459017 0.8344594594594594 0.004610655737704918 0.003071253071253071
23 0.2838114754098361 0.8341523341523341 0.007172131147540984 0.002457002457002457
23 0.46542008196721313 0.8243243243243243 0.005122950819672131 0.011056511056511056
4 0.258452868852459 0.8421375921375921 0.005122950819672131 0.0036855036855036856
23 0.28406762295081966 0.839987714987715 0.006147540983606557 0.003071253071253071
4 0.27126024590163933 0.8418304668304668 0.005122950819672131 0.003071253071253071
23 0.16982581967213115 0.8516584766584766 0.008709016393442622 0.005528255528255528
23 0.28457991803278687 0.8467444717444718 0.005122950819672131 0.003071253071253071
23 0.27177254098360654 0.847972972972973 0.005122950819672131 0.003071253071253071
4 0.25896516393442626 0.8495085995085995 0.007172131147540984 0.002457002457002457
23 0.17033811475409835 0.8602579852579852 0.007172131147540984 0.0042997542997543
4 0.25973360655737704 0.8544226044226044 0.004098360655737705 0.0018427518427518428
23 0.2843237704918033 0.8525798525798526 0.004098360655737705 0.003071253071253071
23 0.27202868852459017 0.8541154791154791 0.003586065573770492 0.002457002457002457
4 0.26024590163934425 0.8605651105651105 0.004610655737704918 0.002457002457002457
23 0.2850922131147541 0.8584152334152334 0.004098360655737705 0.0036855036855036856
23 0.2730532786885246 0.8602579852579852 0.004610655737704918 0.002457002457002457
15 0.08196721311475409 0.07616707616707617 0.04149590163934426 0.03194103194103194
23 0.37576844262295084 0.051597051597051594 0.006147540983606557 0.003071253071253071
4 0.3114754098360656 0.05773955773955774 0.004610655737704918 0.003071253071253071
23 0.272797131147541 0.8651719901719902 0.003586065573770492 0.002457002457002457
4 0.2615266393442623 0.8667076167076168 0.005122950819672131 0.0042997542997543
23 0.28457991803278687 0.8648648648648649 0.0056352459016393444 0.002457002457002457
23 0.2730532786885246 0.8719287469287469 0.004098360655737705 0.002457002457002457
23 0.2853483606557377 0.8713144963144963 0.004610655737704918 0.002457002457002457
4 0.2610143442622951 0.8734643734643734 0.006147540983606557 0.002457002457002457
4 0.2530737704918033 0.06326781326781326 0.006147540983606557 0.003071253071253071
23 0.390625 0.05221130221130221 0.007172131147540984 0.0042997542997543
4 0.3422131147540984 0.056203931203931204 0.0056352459016393444 0.003071253071253071
23 0.2617827868852459 0.8808353808353808 0.006147540983606557 0.003071253071253071
23 0.274077868852459 0.8805282555282555 0.004610655737704918 0.0036855036855036856
23 0.2858606557377049 0.8792997542997543 0.004610655737704918 0.002457002457002457
15 0.21542008196721313 0.8866707616707616 0.057889344262295084 0.09766584766584767
23 0.07530737704918032 0.8983415233415234 0.007684426229508197 0.0036855036855036856
4 0.2612704918032787 0.8875921375921376 0.0056352459016393444 0.0036855036855036856
23 0.2863729508196721 0.8860565110565111 0.005122950819672131 0.0042997542997543
23 0.274077868852459 0.8885135135135135 0.004098360655737705 0.003071253071253071
4 0.07633196721311475 0.9057125307125307 0.0056352459016393444 0.0042997542997543
23 0.07556352459016394 0.910012285012285 0.005122950819672131 0.003071253071253071
4 0.27510245901639346 0.8955773955773956 0.0056352459016393444 0.0042997542997543
4 0.6892930327868853 0.8657862407862408 0.0025614754098360654 0.0085995085995086
4 0.5476434426229508 0.8777641277641277 0.004098360655737705 0.011056511056511056
4 0.07710040983606557 0.9170761670761671 0.005122950819672131 0.0042997542997543
4 0.059170081967213115 0.9192260442260443 0.007172131147540984 0.003071253071253071
4 0.7756147540983607 0.85995085995086 0.0030737704918032786 0.009828009828009828
4 0.795594262295082 0.8581081081081081 0.004610655737704918 0.0085995085995086
4 0.8165983606557377 0.8571867321867321 0.0030737704918032786 0.009213759213759214
4 0.7843237704918032 0.8596437346437347 0.0030737704918032786 0.006756756756756757
4 0.8483606557377049 0.8556511056511057 0.004610655737704918 0.009828009828009828
23 0.27459016393442626 0.9044840294840295 0.005122950819672131 0.003071253071253071
15 0.2625512295081967 0.9109336609336609 0.007684426229508197 0.012285012285012284
4 0.27484631147540983 0.9112407862407862 0.0056352459016393444 0.0036855036855036856
23 0.8427254098360656 0.01812039312039312 0.004098360655737705 0.0085995085995086
23 0.05968237704918033 0.9296683046683046 0.0056352459016393444 0.0042997542997543
23 0.0786372950819672 0.9287469287469288 0.010245901639344262 0.005528255528255528
23 0.9984631147540983 0.8528869778869779 0.0020491803278688526 0.003071253071253071
4 0.1728995901639344 0.9238329238329238 0.00819672131147541 0.004914004914004914
23 0.05968237704918033 0.9345823095823096 0.00819672131147541 0.0042997542997543
4 0.27535860655737704 0.917997542997543 0.007172131147540984 0.0042997542997543
23 0.078125 0.9348894348894349 0.008709016393442622 0.004914004914004914
4 0.6045081967213115 0.8915847665847666 0.0030737704918032786 0.0085995085995086
4 0.5589139344262295 0.8958845208845209 0.004098360655737705 0.007985257985257985
4 0.5706967213114754 0.894963144963145 0.003586065573770492 0.009828009828009828
4 0.5901639344262295 0.894041769041769 0.0030737704918032786 0.009213759213759214
23 0.5978483606557377 0.8931203931203932 0.004098360655737705 0.007985257985257985
23 0.8550204918032787 0.017813267813267815 0.0030737704918032786 0.006756756756756757
4 0.5817110655737705 0.8952702702702703 0.003586065573770492 0.010442260442260442
4 0.6378073770491803 0.8906633906633906 0.005122950819672131 0.011056511056511056
4 0.6152663934426229 0.8931203931203932 0.003586065573770492 0.009213759213759214
4 0.6695696721311475 0.8885135135135135 0.004610655737704918 0.010442260442260442
4 0.6475409836065574 0.8903562653562653 0.006147540983606557 0.01167076167076167
4 0.6598360655737705 0.8894348894348895 0.004098360655737705 0.011056511056511056
4 0.6255122950819673 0.8928132678132679 0.004610655737704918 0.009213759213759214
4 0.7410348360655737 0.8835995085995086 0.003586065573770492 0.007985257985257985
4 0.7238729508196722 0.8851351351351351 0.003586065573770492 0.009828009828009828
4 0.6798155737704918 0.8888206388206388 0.003586065573770492 0.01167076167076167
4 0.7676741803278688 0.8814496314496314 0.003586065573770492 0.006756756756756757
4 0.7748463114754098 0.8808353808353808 0.004098360655737705 0.007985257985257985
4 0.6905737704918032 0.8885135135135135 0.004610655737704918 0.009828009828009828
4 0.7325819672131147 0.8851351351351351 0.004610655737704918 0.007985257985257985
4 0.7028688524590164 0.8875921375921376 0.003586065573770492 0.009213759213759214
4 0.8204405737704918 0.8783783783783784 0.004098360655737705 0.007371007371007371
4 0.7494877049180327 0.8842137592137592 0.0030737704918032786 0.006142506142506142
4 0.8301741803278688 0.8774570024570024 0.0025614754098360654 0.007985257985257985
4 0.8675717213114754 0.875 0.003586065573770492 0.006756756756756757
4 0.8578381147540983 0.8765356265356266 0.0015368852459016393 0.006756756756756757
4 0.8506659836065574 0.8768427518427518 0.0030737704918032786 0.0085995085995086
4 0.9344262295081968 0.870085995085995 0.004098360655737705 0.007985257985257985
4 0.7953381147540983 0.8817567567567568 0.004098360655737705 0.0018427518427518428
4 0.8931864754098361 0.8734643734643734 0.0030737704918032786 0.007985257985257985
4 0.8409323770491803 0.8777641277641277 0.0030737704918032786 0.007371007371007371
4 0.7576844262295082 0.8848280098280098 0.0030737704918032786 0.006756756756756757
4 0.7120901639344263 0.8885135135135135 0.005122950819672131 0.014127764127764128
4 0.8752561475409836 0.8756142506142506 0.003586065573770492 0.006756756756756757
23 0.8478483606557377 0.018734643734643733 0.003586065573770492 0.0085995085995086
4 0.30917008196721313 0.06388206388206388 0.0056352459016393444 0.0036855036855036856
23 0.14651639344262296 0.9367321867321867 0.007172131147540984 0.004914004914004914
4 0.9024077868852459 0.8731572481572482 0.0020491803278688526 0.0085995085995086
4 0.9252049180327869 0.8713144963144963 0.0030737704918032786 0.0085995085995086
23 0.8089139344262295 0.8817567567567568 0.004098360655737705 0.003071253071253071
4 0.060706967213114756 0.9468673218673219 0.0056352459016393444 0.003071253071253071
4 0.8683401639344263 0.0171990171990172 0.0025614754098360654 0.0085995085995086
4 0.7953381147540983 0.8885135135135135 0.006147540983606557 0.0036855036855036856
23 0.8086577868852459 0.8878992628992629 0.006147540983606557 0.0042997542997543
23 0.13114754098360656 0.9465601965601965 0.006147540983606557 0.0036855036855036856
4 0.14600409836065573 0.9471744471744472 0.007172131147540984 0.0036855036855036856
4 0.8967725409836066 0.8854422604422605 0.004610655737704918 0.003071253071253071
23 0.8084016393442623 0.8934275184275184 0.0056352459016393444 0.0042997542997543
23 0.8842213114754098 0.8869778869778869 0.004610655737704918 0.0036855036855036856
23 0.5809426229508197 0.9124692874692875 0.003586065573770492 0.007985257985257985
23 0.6214139344262295 0.9090909090909091 0.004098360655737705 0.007371007371007371
23 0.6157786885245902 0.9103194103194103 0.0030737704918032786 0.0085995085995086
23 0.5888831967213115 0.913083538083538 0.003586065573770492 0.006756756756756757
4 0.7948258196721312 0.8964987714987716 0.006147540983606557 0.0036855036855036856
4 0.060450819672131145 0.9591523341523341 0.010245901639344262 0.006756756756756757
23 0.3463114754098361 0.937039312039312 0.007684426229508197 0.004914004914004914
4 0.897797131147541 0.8915847665847666 0.004098360655737705 0.003071253071253071
4 0.8829405737704918 0.894041769041769 0.00819672131147541 0.002457002457002457
23 0.8094262295081968 0.9007985257985258 0.004610655737704918 0.0042997542997543
4 0.7950819672131147 0.902027027027027 0.007172131147540984 0.0042997542997543
4 0.826844262295082 0.9017199017199017 0.007684426229508197 0.0042997542997543
15 0.602202868852459 0.9213759213759214 0.017418032786885244 0.02027027027027027
4 0.37525614754098363 0.060196560196560195 0.007172131147540984 0.006756756756756757
4 0.9118852459016393 0.8971130221130221 0.005122950819672131 0.0036855036855036856
4 0.883452868852459 0.9001842751842751 0.005122950819672131 0.0042997542997543
23 0.24154713114754098 0.9539312039312039 0.004098360655737705 0.0085995085995086
23 0.8101946721311475 0.9063267813267813 0.004610655737704918 0.0036855036855036856
4 0.7950819672131147 0.9081695331695332 0.00665983606557377 0.0036855036855036856
23 0.11116803278688525 0.9656019656019657 0.0025614754098360654 0.007985257985257985
23 0.0932377049180328 0.9668304668304668 0.0030737704918032786 0.007985257985257985
23 0.897797131147541 0.9001842751842751 0.004098360655737705 0.003071253071253071
23 0.09836065573770492 0.9671375921375921 0.0020491803278688526 0.006756756756756757
23 0.16495901639344263 0.9616093366093366 0.0025614754098360654 0.006756756756756757
23 0.1260245901639344 0.9656019656019657 0.0025614754098360654 0.006142506142506142
23 0.10553278688524591 0.9671375921375921 0.0030737704918032786 0.009828009828009828
23 0.11629098360655737 0.9662162162162162 0.0025614754098360654 0.007985257985257985
23 0.12090163934426229 0.9659090909090909 0.0025614754098360654 0.006142506142506142
23 0.14702868852459017 0.9637592137592138 0.0025614754098360654 0.006756756756756757
23 0.1598360655737705 0.9631449631449631 0.0020491803278688526 0.006756756756756757
4 0.15163934426229508 0.9640663390663391 0.0030737704918032786 0.006142506142506142
4 0.34375 0.06418918918918919 0.007684426229508197 0.0036855036855036856
23 0.3901127049180328 0.060196560196560195 0.00665983606557377 0.004914004914004914
4 0.6168032786885246 0.9262899262899262 0.004098360655737705 0.012285012285012284
30 0.6429303278688525 0.9238329238329238 0.02151639344262295 0.041154791154791155
4 0.7940573770491803 0.9124692874692875 0.004098360655737705 0.003071253071253071
30 0.5617315573770492 0.9327395577395577 0.018954918032786885 0.03992628992628992
4 0.9118852459016393 0.9032555282555282 0.004610655737704918 0.002457002457002457
23 0.8091700819672131 0.9124692874692875 0.003586065573770492 0.0018427518427518428
23 0.8980532786885246 0.9050982800982801 0.0030737704918032786 0.0012285012285012285
23 0.9971823770491803 0.8986486486486487 0.004610655737704918 0.004914004914004914
23 0.36936475409836067 0.953009828009828 0.007172131147540984 0.006142506142506142
23 0.8988217213114754 0.9106265356265356 0.004098360655737705 0.003071253071253071
4 0.8824282786885246 0.9124692874692875 0.00819672131147541 0.004914004914004914
23 0.8094262295081968 0.9186117936117936 0.003586065573770492 0.003071253071253071
4 0.7950819672131147 0.9204545454545454 0.00665983606557377 0.004914004914004914
4 0.9131659836065574 0.9112407862407862 0.004610655737704918 0.0042997542997543
4 0.8263319672131147 0.9183046683046683 0.00819672131147541 0.005528255528255528
23 0.9974385245901639 0.9057125307125307 0.004098360655737705 0.003071253071253071
4 0.7932889344262295 0.9247542997542998 0.004610655737704918 0.003071253071253071
23 0.8980532786885246 0.9167690417690417 0.003586065573770492 0.0012285012285012285
4 0.9121413934426229 0.9167690417690417 0.004098360655737705 0.003071253071253071
23 0.8119877049180327 0.9256756756756757 0.0056352459016393444 0.0042997542997543
15 0.8555327868852459 0.9235257985257985 0.03125 0.06511056511056511
4 0.9971823770491803 0.9143120393120393 0.004610655737704918 0.005528255528255528
23 0.899077868852459 0.922911547911548 0.004610655737704918 0.0012285012285012285
23 0.5945184426229508 0.9484029484029484 0.0025614754098360654 0.005528255528255528
4 0.7963627049180327 0.9321253071253072 0.007684426229508197 0.004914004914004914
4 0.24129098360655737 0.9785012285012284 0.00665983606557377 0.0036855036855036856
23 0.6001536885245902 0.9484029484029484 0.0030737704918032786 0.006142506142506142
23 0.8117315573770492 0.9315110565110565 0.004610655737704918 0.003071253071253071
4 0.913422131147541 0.922911547911548 0.00665983606557377 0.0036855036855036856
23 0.6068135245901639 0.9484029484029484 0.0025614754098360654 0.006142506142506142
4 0.6103995901639344 0.9484029484029484 0.004610655737704918 0.009213759213759214
23 0.5893954918032787 0.9505528255528255 0.004610655737704918 0.009213759213759214
4 0.8265881147540983 0.9305896805896806 0.007172131147540984 0.0036855036855036856
23 0.6175717213114754 0.9484029484029484 0.004098360655737705 0.009213759213759214
4 0.8844774590163934 0.9302825552825553 0.0056352459016393444 0.003071253071253071
30 0.9705430327868853 0.922911547911548 0.033299180327868855 0.04238329238329238
23 0.8993340163934426 0.9296683046683046 0.003586065573770492 0.0018427518427518428
4 0.795594262295082 0.9388820638820639 0.00665983606557377 0.003071253071253071
23 0.8104508196721312 0.9376535626535627 0.00665983606557377 0.003071253071253071
4 0.9139344262295082 0.9302825552825553 0.00665983606557377 0.0036855036855036856
23 0.3583504098360656 0.9766584766584766 0.007684426229508197 0.0036855036855036856
4 0.8988217213114754 0.9358108108108109 0.0056352459016393444 0.003071253071253071
23 0.8130122950819673 0.9428746928746928 0.006147540983606557 0.002457002457002457
4 0.795594262295082 0.9450245700245701 0.008709016393442622 0.0012285012285012285
4 0.8865266393442623 0.9391891891891891 0.00665983606557377 0.0036855036855036856
23 0.1413934426229508 0.08415233415233415 0.0056352459016393444 0.004914004914004914
23 0.7420594262295082 0.9527027027027027 0.008709016393442622 0.0042997542997543
23 0.3578381147540984 0.9861793611793612 0.008709016393442622 0.0042997542997543
4 0.8291495901639344 0.9471744471744472 0.009221311475409836 0.0042997542997543
23 0.8995901639344263 0.9413390663390664 0.005122950819672131 0.003071253071253071
4 0.9139344262295082 0.9401105651105651 0.004610655737704918 0.002457002457002457
23 0.8127561475409836 0.949017199017199 0.007172131147540984 0.0036855036855036856
4 0.7973872950819673 0.9511670761670762 0.006147540983606557 0.0036855036855036856
30 0.7576844262295082 0.9566953316953317 0.00665983606557377 0.01167076167076167
23 0.8283811475409836 0.9514742014742015 0.006147540983606557 0.0036855036855036856
23 0.8988217213114754 0.9474815724815725 0.003586065573770492 0.003071253071253071
4 0.914702868852459 0.9468673218673219 0.0056352459016393444 0.003071253071253071
4 0.8872950819672131 0.949017199017199 0.007684426229508197 0.004914004914004914
4 0.34195696721311475 0.06941031941031942 0.005122950819672131 0.002457002457002457
4 0.31070696721311475 0.07186732186732187 0.0056352459016393444 0.003071253071253071
23 0.3890881147540984 0.06787469287469287 0.007684426229508197 0.004914004914004914
4 0.37679303278688525 0.0687960687960688 0.007172131147540984 0.0042997542997543
23 0.2036372950819672 0.08445945945945946 0.006147540983606557 0.004914004914004914
4 0.8434938524590164 0.032862407862407864 0.0025614754098360654 0.009213759213759214
4 0.8552766393442623 0.03194103194103194 0.0020491803278688526 0.009213759213759214
4 0.8501536885245902 0.032862407862407864 0.004610655737704918 0.011056511056511056
4 0.14344262295081966 0.09275184275184276 0.007172131147540984 0.004914004914004914
4 0.31224385245901637 0.08046683046683047 0.00665983606557377 0.0036855036855036856
23 0.38934426229508196 0.07401719901719901 0.0056352459016393444 0.0036855036855036856
4 0.8662909836065574 0.03409090909090909 0.0025614754098360654 0.007985257985257985
4 0.37730532786885246 0.07616707616707617 0.005122950819672131 0.003071253071253071
4 0.2776639344262295 0.08507371007371008 0.0030737704918032786 0.009828009828009828
4 0.29354508196721313 0.08445945945945946 0.0025614754098360654 0.007371007371007371
4 0.25973360655737704 0.08783783783783784 0.004610655737704918 0.010442260442260442
4 0.29866803278688525 0.08538083538083538 0.003586065573770492 0.011056511056511056
4 0.2832991803278688 0.0866093366093366 0.0025614754098360654 0.010442260442260442
4 0.2889344262295082 0.085995085995086 0.0015368852459016393 0.011056511056511056
4 0.2735655737704918 0.08783783783783784 0.004098360655737705 0.010442260442260442
4 0.5184426229508197 0.0687960687960688 0.0025614754098360654 0.006756756756756757
4 0.2036372950819672 0.0949017199017199 0.00973360655737705 0.002457002457002457
23 0.1444672131147541 0.10073710073710074 0.00819672131147541 0.0036855036855036856
23 0.5712090163934426 0.0648034398034398 0.003586065573770492 0.006142506142506142
23 0.39139344262295084 0.07985257985257985 0.0056352459016393444 0.0036855036855036856
23 0.5307377049180327 0.0687960687960688 0.003586065573770492 0.007985257985257985
23 0.5399590163934426 0.06818181818181818 0.0025614754098360654 0.006142506142506142
23 0.5625 0.06633906633906633 0.0015368852459016393 0.0085995085995086
23 0.5251024590163934 0.06941031941031942 0.0030737704918032786 0.010442260442260442
4 0.508452868852459 0.07125307125307126 0.003586065573770492 0.010442260442260442
4 0.5558401639344263 0.06787469287469287 0.0025614754098360654 0.006756756756756757
23 0.5463627049180327 0.0687960687960688 0.003586065573770492 0.006142506142506142
4 0.5135758196721312 0.07156019656019656 0.0030737704918032786 0.010442260442260442
4 0.5660860655737705 0.06726044226044225 0.0025614754098360654 0.007371007371007371
4 0.5788934426229508 0.06603194103194103 0.0030737704918032786 0.009213759213759214
4 0.31121926229508196 0.08845208845208845 0.0025614754098360654 0.003071253071253071
4 0.5525102459016393 0.0687960687960688 0.0030737704918032786 0.007985257985257985
4 0.8355532786885246 0.04637592137592138 0.0015368852459016393 0.0085995085995086
23 0.8299180327868853 0.0476044226044226 0.0030737704918032786 0.009213759213759214
4 0.8217213114754098 0.04821867321867322 0.0020491803278688526 0.009213759213759214
23 0.8260758196721312 0.048525798525798525 0.0025614754098360654 0.006756756756756757
4 0.390625 0.0863022113022113 0.005122950819672131 0.0036855036855036856
23 0.27945696721311475 0.10042997542997543 0.0025614754098360654 0.009828009828009828
23 0.2738217213114754 0.10135135135135136 0.0025614754098360654 0.0085995085995086
23 0.2850922131147541 0.10042997542997543 0.004610655737704918 0.009213759213759214
23 0.29021516393442626 0.10012285012285012 0.0015368852459016393 0.007985257985257985
23 0.3004610655737705 0.09981572481572482 0.0025614754098360654 0.0085995085995086
23 0.2953381147540984 0.10104422604422604 0.004098360655737705 0.009213759213759214
4 0.5417520491803278 0.08138820638820639 0.0030737704918032786 0.009213759213759214
4 0.5322745901639344 0.08292383292383293 0.0030737704918032786 0.007985257985257985
4 0.5261270491803278 0.08353808353808354 0.004610655737704918 0.0085995085995086
4 0.5461065573770492 0.08230958230958231 0.0030737704918032786 0.006756756756756757
23 0.5373975409836066 0.08384520884520885 0.0030737704918032786 0.009213759213759214
23 0.1449795081967213 0.11732186732186732 0.007172131147540984 0.0036855036855036856
4 0.20491803278688525 0.11394348894348895 0.007172131147540984 0.003071253071253071
4 0.3250512295081967 0.10534398034398035 0.0030737704918032786 0.009213759213759214
4 0.3240266393442623 0.10718673218673219 0.0025614754098360654 0.009213759213759214
23 0.274077868852459 0.11486486486486487 0.0015368852459016393 0.007985257985257985
23 0.2041495901639344 0.12100737100737101 0.006147540983606557 0.0036855036855036856
23 0.27996926229508196 0.11578624078624078 0.0030737704918032786 0.007985257985257985
4 0.8701331967213115 0.06633906633906633 0.0030737704918032786 0.010442260442260442
23 0.2917520491803279 0.11547911547911548 0.0030737704918032786 0.007371007371007371
23 0.28611680327868855 0.11578624078624078 0.004610655737704918 0.010442260442260442
4 0.1447233606557377 0.13022113022113022 0.007172131147540984 0.004914004914004914
23 0.20619877049180327 0.12745700245700245 0.008709016393442622 0.004914004914004914
15 0.0860655737704918 0.14066339066339067 0.03944672131147541 0.03501228501228501
23 0.1713627049180328 0.13851351351351351 0.004098360655737705 0.010442260442260442
23 0.8960040983606558 0.07831695331695332 0.005122950819672131 0.0042997542997543
23 0.8570696721311475 0.08722358722358722 0.0025614754098360654 0.006756756756756757
4 0.8473360655737705 0.08783783783783784 0.004098360655737705 0.009213759213759214
23 0.8524590163934426 0.08814496314496315 0.0025614754098360654 0.009828009828009828
23 0.8970286885245902 0.08507371007371008 0.004098360655737705 0.0018427518427518428
4 0.8632172131147541 0.08845208845208845 0.003586065573770492 0.01167076167076167
23 0.9482581967213115 0.08445945945945946 0.003586065573770492 0.007985257985257985
23 0.9620901639344263 0.08323095823095823 0.0015368852459016393 0.005528255528255528
23 0.9697745901639344 0.08323095823095823 0.004098360655737705 0.006756756756756757
23 0.9549180327868853 0.08445945945945946 0.0025614754098360654 0.007371007371007371
23 0.8988217213114754 0.09090909090909091 0.0056352459016393444 0.0042997542997543
23 0.5120389344262295 0.12592137592137592 0.004610655737704918 0.0036855036855036856
23 0.42264344262295084 0.13513513513513514 0.00665983606557377 0.004914004914004914
23 0.41214139344262296 0.13728501228501228 0.007172131147540984 0.0042997542997543
23 0.8985655737704918 0.09766584766584767 0.009221311475409836 0.0042997542997543
30 0.5245901639344263 0.13022113022113022 0.009221311475409836 0.012899262899262898
23 0.5125512295081968 0.13206388206388206 0.004098360655737705 0.002457002457002457
4 0.08273565573770492 0.16922604422604423 0.00665983606557377 0.004914004914004914
23 0.41239754098360654 0.14342751842751844 0.00665983606557377 0.0042997542997543
23 0.4864241803278688 0.13728501228501228 0.00665983606557377 0.0036855036855036856
23 0.42418032786885246 0.14373464373464373 0.0056352459016393444 0.003071253071253071
23 0.9567110655737705 0.09950859950859951 0.0025614754098360654 0.006142506142506142
23 0.5117827868852459 0.1382063882063882 0.005122950819672131 0.002457002457002457
23 0.5379098360655737 0.13667076167076167 0.007684426229508197 0.0036855036855036856
23 0.9503073770491803 0.10196560196560196 0.0015368852459016393 0.007985257985257985
23 0.41290983606557374 0.1507985257985258 0.005122950819672131 0.0036855036855036856
23 0.42366803278688525 0.14987714987714987 0.005122950819672131 0.002457002457002457
23 0.5120389344262295 0.14312039312039312 0.006147540983606557 0.0042997542997543
23 0.4869364754098361 0.1458845208845209 0.005122950819672131 0.003071253071253071
23 0.49871926229508196 0.14496314496314497 0.005122950819672131 0.0036855036855036856
23 0.5371413934426229 0.1428132678132678 0.007684426229508197 0.005528255528255528
30 0.5266393442622951 0.14496314496314497 0.007172131147540984 0.010442260442260442
30 0.5512295081967213 0.14342751842751844 0.009221311475409836 0.01597051597051597
23 0.4228995901639344 0.1554054054054054 0.004098360655737705 0.0018427518427518428
23 0.41214139344262296 0.15632678132678132 0.005122950819672131 0.0042997542997543
4 0.21746926229508196 0.1732186732186732 0.014344262295081968 0.016584766584766583
4 0.4756659836065574 0.15233415233415235 0.003586065573770492 0.007985257985257985
30 0.7366803278688525 0.13052825552825553 0.03125 0.038083538083538086
23 0.4874487704918033 0.15325552825552827 0.005122950819672131 0.003071253071253071
4 0.444672131147541 0.15663390663390664 0.009221311475409836 0.006142506142506142
30 0.8242827868852459 0.125 0.027151639344262294 0.036855036855036855
4 0.46644467213114754 0.1547911547911548 0.00665983606557377 0.006142506142506142
23 0.49923155737704916 0.15264127764127763 0.005122950819672131 0.0042997542997543
4 0.4569672131147541 0.15632678132678132 0.005122950819672131 0.004914004914004914
23 0.9761782786885246 0.11271498771498771 0.004610655737704918 0.009213759213759214
30 0.6547131147540983 0.14097051597051596 0.02663934426229508 0.0343980343980344
4 0.970030737704918 0.11455773955773955 0.003586065573770492 0.011056511056511056
23 0.41265368852459017 0.16246928746928746 0.0056352459016393444 0.0036855036855036856
30 0.514344262295082 0.15386977886977887 0.007172131147540984 0.009213759213759214
4 0.4249487704918033 0.16216216216216217 0.009221311475409836 0.003071253071253071
4 0.8985655737704918 0.12285012285012285 0.00665983606557377 0.0042997542997543
23 0.4887295081967213 0.1590909090909091 0.006147540983606557 0.0036855036855036856
23 0.5017930327868853 0.15878378378378377 0.008709016393442622 0.0042997542997543
23 0.5248463114754098 0.15878378378378377 0.006147540983606557 0.006142506142506142
4 0.8967725409836066 0.1286855036855037 0.00665983606557377 0.0042997542997543
30 0.5386782786885246 0.15878378378378377 0.005122950819672131 0.010442260442260442
23 0.42469262295081966 0.1683046683046683 0.006147540983606557 0.003071253071253071
30 0.5519979508196722 0.15878378378378377 0.005122950819672131 0.0085995085995086
4 0.413422131147541 0.17106879606879608 0.005122950819672131 0.002457002457002457
23 0.4882172131147541 0.16615479115479115 0.0056352459016393444 0.003071253071253071
23 0.5 0.16492628992628994 0.005122950819672131 0.003071253071253071
23 0.5256147540983607 0.16339066339066338 0.005122950819672131 0.003071253071253071
30 0.7758709016393442 0.14250614250614252 0.027663934426229508 0.028255528255528257
4 0.015625 0.2076167076167076 0.0056352459016393444 0.007371007371007371
30 0.8650102459016393 0.1375921375921376 0.028688524590163935 0.030712530712530713
23 0.4244364754098361 0.17444717444717445 0.007172131147540984 0.003071253071253071
23 0.9003586065573771 0.1345208845208845 0.007684426229508197 0.006142506142506142
4 0.41239754098360654 0.17598280098280097 0.004098360655737705 0.0018427518427518428
30 0.5130635245901639 0.16891891891891891 0.007172131147540984 0.006756756756756757
23 0.9764344262295082 0.12991400491400493 0.0030737704918032786 0.006756756756756757
4 0.9664446721311475 0.13083538083538085 0.0030737704918032786 0.009213759213759214
23 0.9720799180327869 0.13114250614250614 0.0025614754098360654 0.009213759213759214
23 0.49820696721311475 0.17076167076167076 0.003586065573770492 0.003071253071253071
23 0.4879610655737705 0.17229729729729729 0.005122950819672131 0.0036855036855036856
23 0.539702868852459 0.167997542997543 0.006147540983606557 0.0042997542997543
4 0.2832991803278688 0.19011056511056512 0.003586065573770492 0.007985257985257985
23 0.5970799180327869 0.1636977886977887 0.004610655737704918 0.009828009828009828
23 0.592469262295082 0.16400491400491402 0.004098360655737705 0.007985257985257985
30 0.6962090163934426 0.15601965601965603 0.0235655737704918 0.033783783783783786
23 0.5858094262295082 0.16584766584766586 0.0030737704918032786 0.009828009828009828
4 0.22054303278688525 0.1977886977886978 0.011270491803278689 0.012899262899262898
4 0.5771004098360656 0.1676904176904177 0.0030737704918032786 0.007985257985257985
23 0.4254610655737705 0.18120393120393122 0.00665983606557377 0.0036855036855036856
23 0.897797131147541 0.1421990171990172 0.007172131147540984 0.006142506142506142
4 0.41214139344262296 0.18273955773955775 0.0056352459016393444 0.0036855036855036856
23 0.5473872950819673 0.17475429975429976 0.007172131147540984 0.0036855036855036856
23 0.4149590163934426 0.18765356265356264 0.005122950819672131 0.003071253071253071
23 0.515625 0.17966830466830466 0.006147540983606557 0.0042997542997543
4 0.42469262295081966 0.18734643734643736 0.006147540983606557 0.0042997542997543
23 0.8995901639344263 0.14864864864864866 0.00665983606557377 0.0036855036855036856
4 0.48719262295081966 0.1845823095823096 0.0056352459016393444 0.0036855036855036856
4 0.7418032786885246 0.1636977886977887 0.005122950819672131 0.01597051597051597
23 0.5476434426229508 0.18058968058968058 0.0056352459016393444 0.0036855036855036856
4 0.6559938524590164 0.17229729729729729 0.0020491803278688526 0.01167076167076167
23 0.7561475409836066 0.16461916461916462 0.003586065573770492 0.010442260442260442
23 0.8393954918032787 0.15755528255528256 0.0030737704918032786 0.010442260442260442
4 0.8242827868852459 0.15878378378378377 0.0030737704918032786 0.009828009828009828
23 0.41547131147540983 0.19441031941031942 0.006147540983606557 0.003071253071253071
4 0.9510758196721312 0.14926289926289926 0.0025614754098360654 0.009213759213759214
23 0.6723872950819673 0.1726044226044226 0.0030737704918032786 0.01167076167076167
4 0.42725409836065575 0.19379606879606878 0.0056352459016393444 0.0042997542997543
4 0.9003586065573771 0.1547911547911548 0.007684426229508197 0.006142506142506142
4 0.06634221311475409 0.22481572481572482 0.00665983606557377 0.0036855036855036856
30 0.9618340163934426 0.1507985257985258 0.005122950819672131 0.011056511056511056
4 0.5005122950819673 0.1894963144963145 0.007684426229508197 0.003071253071253071
4 0.08529713114754098 0.2245085995085995 0.007172131147540984 0.003071253071253071
23 0.5494364754098361 0.18611793611793612 0.007172131147540984 0.0036855036855036856
15 0.45645491803278687 0.19441031941031942 0.02971311475409836 0.06756756756756757
4 0.5148565573770492 0.1898034398034398 0.006147540983606557 0.0036855036855036856
4 0.15496926229508196 0.22113022113022113 0.007684426229508197 0.0042997542997543
4 0.016649590163934427 0.23402948402948404 0.006147540983606557 0.0036855036855036856
23 0.4264856557377049 0.20024570024570024 0.007684426229508197 0.004914004914004914
4 0.4149590163934426 0.2023955773955774 0.006147540983606557 0.0042997542997543
4 0.08683401639344263 0.22972972972972974 0.006147540983606557 0.002457002457002457
4 0.5151127049180327 0.19441031941031942 0.007172131147540984 0.002457002457002457
4 0.5017930327868853 0.19625307125307126 0.007172131147540984 0.0042997542997543
4 0.13447745901639344 0.22696560196560198 0.003586065573770492 0.010442260442260442
4 0.28406762295081966 0.2159090909090909 0.003586065573770492 0.007985257985257985
23 0.4869364754098361 0.1987100737100737 0.007172131147540984 0.0036855036855036856
4 0.2735655737704918 0.21713759213759215 0.0030737704918032786 0.009828009828009828
4 0.15496926229508196 0.2278869778869779 0.00665983606557377 0.003071253071253071
23 0.41521516393442626 0.2073095823095823 0.005122950819672131 0.002457002457002457
4 0.01716188524590164 0.2410933660933661 0.006147540983606557 0.0042997542997543
23 0.4269979508196721 0.2076167076167076 0.006147540983606557 0.003071253071253071
4 0.08657786885245902 0.23648648648648649 0.006147540983606557 0.0042997542997543
4 0.1557377049180328 0.23464373464373464 0.005122950819672131 0.0036855036855036856
23 0.42725409836065575 0.21253071253071254 0.00665983606557377 0.002457002457002457
4 0.4149590163934426 0.21345208845208846 0.004610655737704918 0.003071253071253071
4 0.9725922131147541 0.16676904176904178 0.0030737704918032786 0.0085995085995086
23 0.48719262295081966 0.20792383292383293 0.004098360655737705 0.0018427518427518428
4 0.9177766393442623 0.171990171990172 0.004098360655737705 0.007985257985257985
4 0.2984118852459016 0.2238943488943489 0.004610655737704918 0.01167076167076167
4 0.9305840163934426 0.17137592137592136 0.0015368852459016393 0.006756756756756757
23 0.9444159836065574 0.17014742014742015 0.004098360655737705 0.006142506142506142
23 0.9246926229508197 0.171990171990172 0.004098360655737705 0.009213759213759214
4 0.9515881147540983 0.16953316953316952 0.004098360655737705 0.010442260442260442
4 0.967469262295082 0.16891891891891891 0.0025614754098360654 0.007371007371007371
23 0.9369877049180327 0.17137592137592136 0.004098360655737705 0.006142506142506142
23 0.9556864754098361 0.16984029484029484 0.004098360655737705 0.007371007371007371
23 0.9787397540983607 0.167997542997543 0.0025614754098360654 0.007985257985257985
23 0.9628586065573771 0.16984029484029484 0.003586065573770492 0.006756756756756757
23 0.42802254098360654 0.21836609336609336 0.007684426229508197 0.0036855036855036856
4 0.41521516393442626 0.2195945945945946 0.007172131147540984 0.0042997542997543
23 0.42827868852459017 0.2232800982800983 0.007172131147540984 0.005528255528255528
4 0.41521516393442626 0.22573710073710074 0.005122950819672131 0.003071253071253071
23 0.49026639344262296 0.22051597051597052 0.007172131147540984 0.0036855036855036856
23 0.9131659836065574 0.18826781326781328 0.003586065573770492 0.009213759213759214
4 0.2999487704918033 0.24017199017199017 0.003586065573770492 0.011056511056511056
4 0.414702868852459 0.23310810810810811 0.003586065573770492 0.003071253071253071
4 0.4269979508196721 0.2328009828009828 0.0056352459016393444 0.0042997542997543
23 0.16111680327868852 0.2549140049140049 0.003586065573770492 0.010442260442260442
23 0.44697745901639346 0.23402948402948404 0.0025614754098360654 0.007371007371007371
4 0.44031762295081966 0.23587223587223588 0.0025614754098360654 0.007985257985257985
23 0.4561987704918033 0.23464373464373464 0.0020491803278688526 0.007985257985257985
23 0.46746926229508196 0.23433660933660933 0.0010245901639344263 0.007985257985257985
4 0.4505635245901639 0.23556511056511056 0.0025614754098360654 0.007371007371007371
4 0.46260245901639346 0.23525798525798525 0.0020491803278688526 0.0085995085995086
23 0.4761782786885246 0.23402948402948404 0.0020491803278688526 0.007371007371007371
4 0.4725922131147541 0.23433660933660933 0.0020491803278688526 0.0085995085995086
23 0.2300204918032787 0.2549140049140049 0.0025614754098360654 0.011056511056511056
4 0.5038422131147541 0.23187960687960688 0.0025614754098360654 0.006756756756756757
23 0.4930840163934426 0.2334152334152334 0.0015368852459016393 0.009828009828009828
4 0.48360655737704916 0.23464373464373464 0.0025614754098360654 0.0085995085995086
4 0.49769467213114754 0.2334152334152334 0.0025614754098360654 0.0085995085995086
23 0.9144467213114754 0.20116707616707616 0.004098360655737705 0.005528255528255528
23 0.01869877049180328 0.27917690417690416 0.004098360655737705 0.0036855036855036856
23 0.3014856557377049 0.25614250614250617 0.004610655737704918 0.010442260442260442
4 0.1362704918032787 0.26996314496314494 0.0030737704918032786 0.009828009828009828
4 0.0699282786885246 0.2754914004914005 0.007684426229508197 0.0042997542997543
23 0.08888319672131148 0.27457002457002455 0.007684426229508197 0.005528255528255528
4 0.16162909836065573 0.27088452088452086 0.0030737704918032786 0.009213759213759214
4 0.018186475409836065 0.2868550368550369 0.004098360655737705 0.0036855036855036856
4 0.5463627049180327 0.2453931203931204 0.0020491803278688526 0.0085995085995086
4 0.2305327868852459 0.2727272727272727 0.0020491803278688526 0.014127764127764128
4 0.5514856557377049 0.2463144963144963 0.0025614754098360654 0.009213759213759214
4 0.4887295081967213 0.2533783783783784 0.0056352459016393444 0.0042997542997543
23 0.3012295081967213 0.2702702702702703 0.0030737704918032786 0.009213759213759214
4 0.29149590163934425 0.2718058968058968 0.00665983606557377 0.003071253071253071
4 0.13780737704918034 0.28716216216216217 0.004610655737704918 0.009213759213759214
4 0.4364754098360656 0.2632063882063882 0.0025614754098360654 0.007371007371007371
23 0.4421106557377049 0.2628992628992629 0.0025614754098360654 0.011056511056511056
23 0.2930327868852459 0.27794840294840295 0.0056352459016393444 0.0036855036855036856
4 0.48924180327868855 0.26259213759213756 0.005122950819672131 0.0042997542997543
23 0.5517418032786885 0.2592137592137592 0.0030737704918032786 0.007371007371007371
23 0.5461065573770492 0.25982800982800985 0.0025614754098360654 0.010442260442260442
4 0.23155737704918034 0.2896191646191646 0.004610655737704918 0.011056511056511056
23 0.2927766393442623 0.2853194103194103 0.00665983606557377 0.0042997542997543
23 0.9766905737704918 0.22972972972972974 0.0030737704918032786 0.009213759213759214
23 0.9715676229508197 0.23065110565110566 0.0030737704918032786 0.007985257985257985
23 0.9654200819672131 0.23126535626535627 0.0020491803278688526 0.009828009828009828
4 0.9813012295081968 0.23003685503685503 0.003586065573770492 0.007985257985257985
4 0.16342213114754098 0.3015970515970516 0.004098360655737705 0.011056511056511056
4 0.01869877049180328 0.3151105651105651 0.0056352459016393444 0.004914004914004914
4 0.07146516393442623 0.31111793611793614 0.007172131147540984 0.004914004914004914
23 0.4395491803278688 0.281019656019656 0.006147540983606557 0.003071253071253071
4 0.6542008196721312 0.2635135135135135 0.0025614754098360654 0.009213759213759214
4 0.09042008196721311 0.3108108108108108 0.004610655737704918 0.005528255528255528
4 0.6485655737704918 0.26474201474201475 0.0030737704918032786 0.009828009828009828
23 0.42418032786885246 0.2847051597051597 0.00665983606557377 0.0042997542997543
4 0.5532786885245902 0.27702702702702703 0.0015368852459016393 0.0085995085995086
23 0.43878073770491804 0.28716216216216217 0.007684426229508197 0.003071253071253071
4 0.5389344262295082 0.2788697788697789 0.003586065573770492 0.0085995085995086
4 0.5461065573770492 0.27825552825552824 0.0025614754098360654 0.009213759213759214
23 0.07146516393442623 0.3215601965601966 0.00665983606557377 0.0042997542997543
23 0.09093237704918032 0.32063882063882065 0.007684426229508197 0.0036855036855036856
23 0.9725922131147541 0.24785012285012284 0.0030737704918032786 0.006756756756756757
23 0.9823258196721312 0.24785012285012284 0.0025614754098360654 0.007371007371007371
23 0.9761782786885246 0.24815724815724816 0.0020491803278688526 0.007985257985257985
23 0.2336065573770492 0.3105036855036855 0.0030737704918032786 0.011056511056511056
23 0.16214139344262296 0.3166461916461916 0.004098360655737705 0.009213759213759214
23 0.9564549180327869 0.25061425061425063 0.0025614754098360654 0.005528255528255528
23 0.9610655737704918 0.25 0.0025614754098360654 0.006756756756756757
23 0.9667008196721312 0.24969287469287468 0.0030737704918032786 0.006756756756756757
30 0.288422131147541 0.30651105651105653 0.0194672131147541 0.03132678132678133
23 0.43980532786885246 0.2939189189189189 0.00819672131147541 0.0036855036855036856
4 0.13883196721311475 0.31971744471744473 0.0056352459016393444 0.010442260442260442
4 0.49103483606557374 0.29453316953316955 0.008709016393442622 0.005528255528255528
23 0.3045594262295082 0.31142506142506143 0.0030737704918032786 0.010442260442260442
23 0.42674180327868855 0.3022113022113022 0.007172131147540984 0.003071253071253071
4 0.4395491803278688 0.3019041769041769 0.006147540983606557 0.003071253071253071
7 0.25230532786885246 0.3194103194103194 0.04252049180327869 0.33783783783783783
7 0.1091188524590164 0.33261670761670764 0.038422131147540985 0.33906633906633904
7 0.04431352459016393 0.3381449631449631 0.04969262295081967 0.34336609336609336
4 0.49052254098360654 0.30436117936117935 0.00665983606557377 0.0036855036855036856
7 0.1836577868852459 0.3332309582309582 0.0353483606557377 0.3402948402948403
7 0.32325819672131145 0.32217444717444715 0.03944672131147541 0.335995085995086
23 0.3801229508196721 0.3178746928746929 0.0025614754098360654 0.007985257985257985
23 0.39036885245901637 0.31756756756756754 0.0030737704918032786 0.009213759213759214
4 0.375 0.3191031941031941 0.003586065573770492 0.009213759213759214
23 0.41162909836065575 0.31603194103194104 0.0025614754098360654 0.009213759213759214
4 0.4172643442622951 0.3154176904176904 0.0020491803278688526 0.0085995085995086
4 0.38524590163934425 0.3181818181818182 0.0025614754098360654 0.007985257985257985
4 0.4021516393442623 0.31726044226044225 0.0030737704918032786 0.0085995085995086
23 0.39651639344262296 0.3178746928746929 0.003586065573770492 0.011056511056511056
23 0.4067622950819672 0.31756756756756754 0.0030737704918032786 0.010442260442260442
4 0.491547131147541 0.3117321867321867 0.007172131147540984 0.003071253071253071
4 0.30609631147540983 0.32893120393120395 0.004098360655737705 0.010442260442260442
4 0.07428278688524591 0.35042997542997545 0.008709016393442622 0.007371007371007371
23 0.5630122950819673 0.3105036855036855 0.0020491803278688526 0.007371007371007371
4 0.5563524590163934 0.3117321867321867 0.003586065573770492 0.007985257985257985
4 0.5425204918032787 0.31296068796068793 0.004610655737704918 0.011056511056511056
4 0.5276639344262295 0.3148034398034398 0.0030737704918032786 0.009213759213759214
23 0.5358606557377049 0.3141891891891892 0.0025614754098360654 0.010442260442260442
23 0.5496926229508197 0.31296068796068793 0.0025614754098360654 0.007371007371007371
4 0.37576844262295084 0.3344594594594595 0.0030737704918032786 0.009828009828009828
23 0.38089139344262296 0.3344594594594595 0.0025614754098360654 0.009213759213759214
4 0.3860143442622951 0.33415233415233414 0.0030737704918032786 0.0085995085995086
23 0.49077868852459017 0.32524570024570026 0.00665983606557377 0.0042997542997543
23 0.41214139344262296 0.33261670761670764 0.0020491803278688526 0.007371007371007371
23 0.4024077868852459 0.3332309582309582 0.0025614754098360654 0.007985257985257985
23 0.39728483606557374 0.3344594594594595 0.0025614754098360654 0.009828009828009828
23 0.4918032786885246 0.3313882063882064 0.006147540983606557 0.0036855036855036856
4 0.09272540983606557 0.3654791154791155 0.0056352459016393444 0.0042997542997543
4 0.2353995901639344 0.35902948402948404 0.003586065573770492 0.010442260442260442
4 0.16547131147540983 0.36486486486486486 0.003586065573770492 0.007985257985257985
23 0.4920594262295082 0.3381449631449631 0.006147540983606557 0.0036855036855036856
4 0.35015368852459017 0.35073710073710074 0.008709016393442622 0.0042997542997543
4 0.3055840163934426 0.35626535626535627 0.004098360655737705 0.011056511056511056
4 0.578125 0.3332309582309582 0.0030737704918032786 0.009828009828009828
23 0.4180327868852459 0.34674447174447176 0.006147540983606557 0.002457002457002457
4 0.6042520491803278 0.3316953316953317 0.0015368852459016393 0.007985257985257985
4 0.5837602459016393 0.33353808353808356 0.0025614754098360654 0.009213759213759214
4 0.5735143442622951 0.3344594594594595 0.0030737704918032786 0.007371007371007371
4 0.5888831967213115 0.33292383292383293 0.0025614754098360654 0.007985257985257985
4 0.6001536885245902 0.332002457002457 0.0030737704918032786 0.009213759213759214
4 0.6098872950819673 0.332002457002457 0.004098360655737705 0.007985257985257985
4 0.6191086065573771 0.3316953316953317 0.0025614754098360654 0.007985257985257985
4 0.5945184426229508 0.33384520884520885 0.004098360655737705 0.0085995085995086
4 0.6150102459016393 0.332002457002457 0.0030737704918032786 0.006756756756756757
23 0.41854508196721313 0.35288697788697787 0.0056352459016393444 0.0036855036855036856
4 0.430327868852459 0.3525798525798526 0.008709016393442622 0.0042997542997543
4 0.1447233606557377 0.37653562653562656 0.00665983606557377 0.0042997542997543
4 0.07479508196721311 0.3835995085995086 0.006147540983606557 0.002457002457002457
4 0.5494364754098361 0.3449017199017199 0.003586065573770492 0.0085995085995086
4 0.5491803278688525 0.34674447174447176 0.0030737704918032786 0.009213759213759214
4 0.5543032786885246 0.3464373464373464 0.0025614754098360654 0.0085995085995086
4 0.4293032786885246 0.3605651105651106 0.006147540983606557 0.0036855036855036856
23 0.41905737704918034 0.3621007371007371 0.004610655737704918 0.003071253071253071
23 0.5893954918032787 0.3488943488943489 0.003586065573770492 0.0085995085995086
23 0.5837602459016393 0.3495085995085995 0.0030737704918032786 0.007371007371007371
4 0.6001536885245902 0.3488943488943489 0.0030737704918032786 0.0085995085995086
23 0.5786372950819673 0.35042997542997545 0.0025614754098360654 0.0085995085995086
4 0.5740266393442623 0.351044226044226 0.003586065573770492 0.007371007371007371
4 0.5945184426229508 0.3498157248157248 0.0025614754098360654 0.009828009828009828
23 0.6185963114754098 0.34797297297297297 0.0020491803278688526 0.009828009828009828
23 0.6357581967213115 0.3464373464373464 0.003586065573770492 0.009828009828009828
23 0.6403688524590164 0.3461302211302211 0.0020491803278688526 0.009828009828009828
23 0.6083504098360656 0.3492014742014742 0.0030737704918032786 0.009828009828009828
4 0.6242315573770492 0.34797297297297297 0.0020491803278688526 0.009213759213759214
4 0.6288422131147541 0.3476658476658477 0.0015368852459016393 0.0085995085995086
23 0.4198258196721312 0.3676289926289926 0.005122950819672131 0.003071253071253071
4 0.42853483606557374 0.3667076167076167 0.0056352459016393444 0.0036855036855036856
23 0.44287909836065575 0.36609336609336607 0.00665983606557377 0.0042997542997543
23 0.9462090163934426 0.32463144963144963 0.0025614754098360654 0.009828009828009828
23 0.9487704918032787 0.32432432432432434 0.004610655737704918 0.0085995085995086
15 0.38524590163934425 0.37346437346437344 0.03944672131147541 0.052825552825552825
4 0.3516905737704918 0.37684275184275184 0.006147540983606557 0.0036855036855036856
23 0.7840676229508197 0.3430589680589681 0.005122950819672131 0.0042997542997543
23 0.4203381147540984 0.3737714987714988 0.0056352459016393444 0.003071253071253071
4 0.4305840163934426 0.37346437346437344 0.007684426229508197 0.004914004914004914
23 0.9569672131147541 0.3298525798525799 0.007684426229508197 0.0036855036855036856
4 0.44339139344262296 0.37285012285012287 0.007172131147540984 0.0036855036855036856
4 0.5422643442622951 0.36885749385749383 0.003586065573770492 0.007371007371007371
4 0.5566086065573771 0.3679361179361179 0.0025614754098360654 0.007985257985257985
23 0.9592725409836066 0.33415233415233414 0.0056352459016393444 0.0036855036855036856
23 0.6075819672131147 0.3642506142506142 0.0025614754098360654 0.007371007371007371
23 0.41956967213114754 0.3799140049140049 0.003586065573770492 0.003071253071253071
23 0.6024590163934426 0.36455773955773957 0.0020491803278688526 0.009213759213759214
23 0.5753073770491803 0.3667076167076167 0.0025614754098360654 0.007985257985257985
23 0.5845286885245902 0.36609336609336607 0.0020491803278688526 0.006756756756756757
4 0.5632684426229508 0.3679361179361179 0.004098360655737705 0.010442260442260442
23 0.5806864754098361 0.367014742014742 0.0020491803278688526 0.0085995085995086
4 0.5632684426229508 0.36855036855036855 0.003586065573770492 0.009213759213759214
23 0.6352459016393442 0.36240786240786244 0.0025614754098360654 0.0085995085995086
23 0.7871413934426229 0.3498157248157248 0.005122950819672131 0.0042997542997543
23 0.6193647540983607 0.36363636363636365 0.0025614754098360654 0.009213759213759214
23 0.7738217213114754 0.35135135135135137 0.00665983606557377 0.0042997542997543
4 0.44313524590163933 0.3792997542997543 0.00665983606557377 0.003071253071253071
4 0.625 0.36455773955773957 0.0025614754098360654 0.0085995085995086
4 0.6306352459016393 0.36394348894348894 0.0020491803278688526 0.0085995085995086
23 0.6413934426229508 0.363022113022113 0.0025614754098360654 0.0085995085995086
23 0.3524590163934426 0.39097051597051596 0.007172131147540984 0.0036855036855036856
23 0.9590163934426229 0.3415233415233415 0.006147540983606557 0.003071253071253071
23 0.42110655737704916 0.3872850122850123 0.005122950819672131 0.003071253071253071
4 0.43084016393442626 0.38636363636363635 0.006147540983606557 0.0042997542997543
4 0.44390368852459017 0.38513513513513514 0.007172131147540984 0.002457002457002457
4 0.14600409836065573 0.41093366093366096 0.0056352459016393444 0.003071253071253071
23 0.7861168032786885 0.3584152334152334 0.007684426229508197 0.003071253071253071
23 0.7733094262295082 0.3593366093366093 0.004098360655737705 0.002457002457002457
4 0.5202356557377049 0.3820638820638821 0.00665983606557377 0.0036855036855036856
23 0.352202868852459 0.39711302211302213 0.00819672131147541 0.0042997542997543
4 0.4444159836065574 0.3906633906633907 0.007684426229508197 0.003071253071253071
23 0.4198258196721312 0.39342751842751844 0.005122950819672131 0.003071253071253071
4 0.43109631147540983 0.3925061425061425 0.007684426229508197 0.0036855036855036856
23 0.9585040983606558 0.3488943488943489 0.0056352459016393444 0.003071253071253071
23 0.7873975409836066 0.36455773955773957 0.00665983606557377 0.004914004914004914
23 0.7735655737704918 0.36609336609336607 0.004098360655737705 0.003071253071253071
23 0.4956454918032787 0.3894348894348894 0.007684426229508197 0.0042997542997543
15 0.2948258196721312 0.40755528255528256 0.015368852459016393 0.015356265356265357
23 0.35271516393442626 0.40325552825552824 0.00819672131147541 0.0036855036855036856
4 0.4451844262295082 0.3961916461916462 0.007172131147540984 0.0036855036855036856
23 0.42059426229508196 0.39957002457002455 0.005122950819672131 0.0042997542997543
23 0.9597848360655737 0.35503685503685506 0.007172131147540984 0.0042997542997543
23 0.4953893442622951 0.3961916461916462 0.00665983606557377 0.0042997542997543
4 0.43186475409836067 0.40417690417690416 0.004610655737704918 0.002457002457002457
23 0.42110655737704916 0.4057125307125307 0.005122950819672131 0.0036855036855036856
4 0.4456967213114754 0.4035626535626536 0.0056352459016393444 0.003071253071253071
4 0.3516905737704918 0.414004914004914 0.0025614754098360654 0.0085995085995086
23 0.9587602459016393 0.363022113022113 0.005122950819672131 0.0042997542997543
23 0.3670594262295082 0.41277641277641275 0.0030737704918032786 0.0085995085995086
23 0.383452868852459 0.4118550368550369 0.0020491803278688526 0.007985257985257985
23 0.37781762295081966 0.41246928746928746 0.0030737704918032786 0.007371007371007371
23 0.37269467213114754 0.41277641277641275 0.0025614754098360654 0.007985257985257985
4 0.4959016393442623 0.4023341523341523 0.00665983606557377 0.003071253071253071
4 0.3880635245901639 0.41154791154791154 0.0030737704918032786 0.0085995085995086
4 0.36014344262295084 0.41615479115479115 0.005122950819672131 0.014742014742014743
4 0.4208504098360656 0.4130835380835381 0.004098360655737705 0.002457002457002457
4 0.43109631147540983 0.41216216216216217 0.004610655737704918 0.003071253071253071
4 0.4492827868852459 0.4130835380835381 0.0025614754098360654 0.006756756756756757
4 0.3084016393442623 0.015663390663390665 0.006147540983606557 0.002457002457002457
4 0.21413934426229508 0.4407248157248157 0.0056352459016393444 0.01167076167076167
4 0.3245389344262295 0.015049140049140049 0.00665983606557377 0.0036855036855036856
23 0.3788422131147541 0.42813267813267813 0.003586065573770492 0.010442260442260442
23 0.36859631147540983 0.42905405405405406 0.0030737704918032786 0.009213759213759214
23 0.383452868852459 0.42782555282555285 0.0025614754098360654 0.007985257985257985
4 0.16982581967213115 0.4465601965601966 0.004098360655737705 0.009828009828009828
23 0.37371926229508196 0.42936117936117935 0.0025614754098360654 0.010442260442260442
23 0.3890881147540984 0.42813267813267813 0.0030737704918032786 0.009213759213759214
4 0.5230532786885246 0.417997542997543 0.010245901639344262 0.006142506142506142
4 0.8790983606557377 0.38882063882063883 0.007172131147540984 0.0036855036855036856
4 0.4495389344262295 0.42536855036855037 0.0025614754098360654 0.007371007371007371
4 0.8383709016393442 0.3928132678132678 0.00819672131147541 0.004914004914004914