23 0.03224043715846994 0.15682967959527824 0.007650273224043716 0.01770657672849916
4 0.47650273224043715 0.6669477234401349 0.012021857923497269 0.011804384485666104
23 0.023770491803278688 0.15978077571669477 0.008743169398907104 0.021079258010118045
4 0.4062841530054645 0.6888701517706577 0.012568306010928962 0.013490725126475547
4 0.21530054644808744 0.7318718381112985 0.012021857923497269 0.011804384485666104
23 0.01557377049180328 0.16146711635750421 0.00819672131147541 0.021079258010118045
4 0.17814207650273223 0.7407251264755481 0.012568306010928962 0.012647554806070826
4 0.8554644808743169 0.5973861720067454 0.010382513661202186 0.010961214165261383
7 0.3073770491803279 0.7428330522765598 0.573224043715847 0.16863406408094436
23 0.9456284153005464 0.607504215851602 0.014207650273224045 0.010961214165261383
23 0.9467213114754098 0.6193086003372681 0.013114754098360656 0.011804384485666104
23 0.8051912568306011 0.00505902192242833 0.00819672131147541 0.01011804384485666
23 0.7825136612021858 0.006745362563237774 0.008743169398907104 0.013490725126475547
23 0.774863387978142 0.008010118043844857 0.008743169398907104 0.016020236087689713
7 0.3103825136612022 0.7993254637436762 0.5693989071038251 0.1736930860033727
4 0.807103825136612 0.6913996627318718 0.00819672131147541 0.01854974704890388
23 0.7609289617486339 0.00927487352445194 0.007103825136612022 0.016020236087689713
23 0.76775956284153 0.00885328836424958 0.008743169398907104 0.01770657672849916
23 0.7967213114754098 0.0054806070826306915 0.007650273224043716 0.010961214165261383
4 0.7319672131147541 0.71964586846543 0.011475409836065573 0.01517706576728499
15 0.8751366120218579 0.7158516020236088 0.030601092896174863 0.05564924114671164
7 0.3122950819672131 0.8490725126475548 0.559016393442623 0.16947723440134907
30 0.8319672131147541 0.005902192242833052 0.016939890710382512 0.011804384485666104
23 0.4808743169398907 0.8351602023608768 0.013114754098360656 0.00927487352445194
4 0.464207650273224 0.8397976391231029 0.01366120218579235 0.012647554806070826
4 0.30573770491803276 0.8743676222596964 0.01366120218579235 0.011804384485666104
23 0.8702185792349727 0.7542158516020236 0.01366120218579235 0.016020236087689713
23 0.8860655737704918 0.7516863406408094 0.01366120218579235 0.016020236087689713
15 0.9057377049180327 0.013069139966273187 0.047540983606557376 0.026138279932546374
23 0.46530054644808744 0.8532883642495784 0.012021857923497269 0.012647554806070826
23 0.4822404371584699 0.8494940978077572 0.012021857923497269 0.01517706576728499
4 0.15273224043715847 0.9270657672849916 0.007650273224043716 0.02023608768971332
23 0.48387978142076504 0.8638279932546374 0.012568306010928962 0.01517706576728499
23 0.46557377049180326 0.8676222596964587 0.013114754098360656 0.01433389544688027
23 0.4852459016393443 0.8785834738617201 0.012021857923497269 0.011804384485666104
4 0.09316939890710382 0.9831365935919055 0.008743169398907104 0.021079258010118045
30 0.37076502732240435 0.9283305227655987 0.014754098360655738 0.02782462057335582
23 0.3882513661202186 0.9270657672849916 0.012568306010928962 0.013490725126475547
23 0.6614754098360656 0.8735244519392917 0.013114754098360656 0.012647554806070826
15 0.8756830601092896 0.8305227655986509 0.16065573770491803 0.12563237774030353
7 0.21639344262295082 0.9662731871838112 0.16721311475409836 0.0657672849915683
4 0.3800546448087432 0.9527824620573356 0.006557377049180328 0.01770657672849916
23 0.7666666666666667 0.8697301854974705 0.012568306010928962 0.010961214165261383
23 0.9587431693989071 0.8355817875210793 0.011475409836065573 0.010961214165261383
23 0.7674863387978142 0.8806913996627319 0.012021857923497269 0.011804384485666104
23 0.5587431693989071 0.927487352445194 0.012021857923497269 0.011804384485666104
23 0.5734972677595629 0.9249578414839797 0.011475409836065573 0.012647554806070826
23 0.48415300546448087 0.945193929173693 0.010382513661202186 0.011804384485666104
23 0.4967213114754098 0.9426644182124789 0.01366120218579235 0.011804384485666104
23 0.9603825136612022 0.8465430016863407 0.012568306010928962 0.010961214165261383
15 0.7163934426229508 0.8920741989881956 0.08360655737704918 0.1433389544688027
23 0.3814207650273224 0.9742833052276559 0.007650273224043716 0.0193929173693086
4 0.7685792349726775 0.8920741989881956 0.012568306010928962 0.011804384485666104
23 0.575136612021858 0.9359190556492412 0.010382513661202186 0.00927487352445194
23 0.4989071038251366 0.9532040472175379 0.012021857923497269 0.01011804384485666
30 0.4639344262295082 0.9633220910623946 0.014754098360655738 0.02782462057335582
30 0.5587431693989071 0.945193929173693 0.015300546448087432 0.024451939291736932
30 0.48360655737704916 0.9633220910623946 0.01639344262295082 0.026981450252951095
23 0.4997267759562842 0.9641652613827993 0.012021857923497269 0.01011804384485666
23 0.5756830601092896 0.948566610455312 0.012568306010928962 0.012647554806070826
4 0.9352459016393443 0.8857504215851602 0.012568306010928962 0.012647554806070826
23 0.7770491803278688 0.02782462057335582 0.00819672131147541 0.01770657672849916
23 0.8068306010928962 0.021500843170320406 0.007650273224043716 0.01770657672849916
23 0.8139344262295082 0.01981450252951096 0.007650273224043716 0.0193929173693086
23 0.7699453551912568 0.02951096121416526 0.007650273224043716 0.01770657672849916
23 0.7846994535519126 0.026981450252951095 0.00819672131147541 0.01854974704890388
23 0.7991803278688525 0.024030354131534568 0.007650273224043716 0.01854974704890388
23 0.7631147540983606 0.031618887015177066 0.00819672131147541 0.01854974704890388
15 0.8494535519125683 0.9144182124789207 0.05136612021857923 0.03794266441821248
15 0.5620218579234972 0.9759696458684655 0.05136612021857923 0.0387858347386172
15 0.48743169398907105 0.9865092748735245 0.05245901639344262 0.025295109612141653
7 0.3330601092896175 0.9890387858347386 0.2442622950819672 0.02023608768971332
23 0.9423497267759563 0.008010118043844857 0.012568306010928962 0.01011804384485666
7 0.4355191256830601 0.1205733558178752 0.2185792349726776 0.10118043844856661
23 0.8226775956284152 0.03752107925801012 0.008743169398907104 0.0193929173693086
4 0.7647540983606558 0.050168634064080946 0.008743169398907104 0.021922428330522766
4 0.8789617486338798 0.025295109612141653 0.011475409836065573 0.011804384485666104
23 0.7934426229508197 0.04468802698145025 0.00819672131147541 0.0193929173693086
23 0.8081967213114755 0.04131534569983136 0.006557377049180328 0.01517706576728499
23 0.8010928961748633 0.04300168634064081 0.007650273224043716 0.01770657672849916
23 0.816120218579235 0.03962900505902192 0.007650273224043716 0.02023608768971332
4 0.7718579234972678 0.049325463743676225 0.009289617486338797 0.021079258010118045
4 0.7795081967213114 0.048482293423271504 0.00819672131147541 0.01854974704890388
4 0.7866120218579234 0.047217537942664416 0.00819672131147541 0.021079258010118045
23 0.942896174863388 0.01897133220910624 0.01092896174863388 0.010961214165261383
4 0.7508196721311475 0.0657672849915683 0.012568306010928962 0.012647554806070826
4 0.7215846994535519 0.09696458684654301 0.012568306010928962 0.013490725126475547
23 0.659016393442623 0.1205733558178752 0.011475409836065573 0.011804384485666104
23 0.7221311475409836 0.10961214165261383 0.013114754098360656 0.013490725126475547
7 0.4524590163934426 0.17327150084317033 0.18633879781420765 0.09359190556492411
4 0.7237704918032787 0.12099494097807757 0.011475409836065573 0.010961214165261383
23 0.6592896174863389 0.13490725126475547 0.01092896174863388 0.010961214165261383
23 0.6453551912568306 0.13827993254637436 0.013114754098360656 0.01517706576728499
15 0.3008196721311475 0.21627318718381114 0.047540983606557376 0.11467116357504216
23 0.3401639344262295 0.21290050590219226 0.012021857923497269 0.010961214165261383
23 0.6612021857923497 0.14924114671163574 0.012568306010928962 0.012647554806070826
23 0.6303278688524591 0.15598650927487354 0.012021857923497269 0.012647554806070826
23 0.646448087431694 0.15219224283305227 0.011475409836065573 0.010961214165261383
23 0.7248633879781421 0.13870151770657674 0.012021857923497269 0.012647554806070826
4 0.7068306010928962 0.14249578414839797 0.01366120218579235 0.011804384485666104
23 0.3412568306010929 0.224283305227656 0.012568306010928962 0.011804384485666104
23 0.6631147540983606 0.16315345699831366 0.011475409836065573 0.011804384485666104
23 0.6478142076502732 0.16652613827993254 0.01366120218579235 0.013490725126475547
23 0.34289617486338797 0.23440134907251264 0.01366120218579235 0.011804384485666104
4 0.2827868852459016 0.25927487352445194 0.009836065573770493 0.022765598650927487
15 0.9204918032786885 0.13111298482293424 0.047540983606557376 0.08010118043844856
23 0.4202185792349727 0.24325463743676223 0.012568306010928962 0.011804384485666104
4 0.7289617486338797 0.17706576728499157 0.012021857923497269 0.011804384485666104
4 0.8896174863387978 0.1543001686340641 0.007650273224043716 0.0193929173693086
23 0.4210382513661202 0.25843170320404724 0.011475409836065573 0.010961214165261383
15 0.8153005464480875 0.18718381112984822 0.13278688524590163 0.20489038785834737
23 0.42295081967213116 0.2723440134907251 0.013114754098360656 0.010961214165261383
4 0.9169398907103825 0.17706576728499157 0.010382513661202186 0.011804384485666104
4 0.7330601092896175 0.2188026981450253 0.012021857923497269 0.012647554806070826
23 0.7057377049180328 0.22554806070826308 0.012568306010928962 0.011804384485666104
4 0.7180327868852459 0.2230185497470489 0.013114754098360656 0.013490725126475547
4 0.44098360655737706 0.29468802698145025 0.012568306010928962 0.013490725126475547
23 0.7191256830601093 0.23524451939291738 0.012021857923497269 0.012647554806070826
4 0.31010928961748635 0.3241989881956155 0.013114754098360656 0.013490725126475547
23 0.7344262295081967 0.2327150084317032 0.012021857923497269 0.011804384485666104
23 0.3114754098360656 0.05902192242833052 0.012568306010928962 0.011804384485666104
23 0.7349726775956285 0.25 0.012021857923497269 0.012647554806070826
4 0.8997267759562841 0.21838111298482293 0.009289617486338797 0.021922428330522766
30 0.03333333333333333 0.4072512647554806 0.06666666666666667 0.07925801011804384
15 0.9297814207650273 0.23313659359190556 0.048633879781420766 0.08684654300168634
4 0.5475409836065573 0.3246205733558179 0.015300546448087432 0.016020236087689713
23 0.03579234972677595 0.1239460370994941 0.007103825136612022 0.01854974704890388
23 0.02896174863387978 0.1260539629005059 0.007650273224043716 0.0193929173693086
4 0.7560109289617486 0.2870994940978078 0.013114754098360656 0.01433389544688027
30 0.01639344262295082 0.12900505902192244 0.018032786885245903 0.02782462057335582
23 0.5560109289617486 0.011804384485666104 0.012021857923497269 0.011804384485666104
4 0.5527322404371585 0.357504215851602 0.012568306010928962 0.013490725126475547
30 0.03907103825136612 0.47386172006745364 0.07049180327868852 0.07504215851602024
4 0.9174863387978142 0.28414839797639124 0.008743169398907104 0.02023608768971332
23 0.607103825136612 0.3617200674536256 0.011475409836065573 0.011804384485666104
15 0.39672131147540984 0.41526138279932545 0.14754098360655737 0.2251264755480607
23 0.6087431693989072 0.37352445193929174 0.012568306010928962 0.01011804384485666
4 0.5562841530054645 0.3899662731871838 0.012568306010928962 0.013490725126475547
23 0.6092896174863388 0.3844856661045531 0.012021857923497269 0.010961214165261383
23 0.6101092896174863 0.39502529510961215 0.012568306010928962 0.012647554806070826
23 0.5576502732240437 0.40640809443507586 0.011475409836065573 0.011804384485666104
7 0.4273224043715847 0.048060708263069137 0.22404371584699453 0.09612141652613827
23 0.03360655737704918 0.53035413153457 0.012568306010928962 0.011804384485666104
23 0.049453551912568304 0.5269814502529511 0.013114754098360656 0.011804384485666104
23 0.6112021857923498 0.40682967959527827 0.013114754098360656 0.010961214165261383
23 0.06420765027322405 0.5375210792580101 0.01366120218579235 0.013490725126475547
23 0.020765027322404372 0.5467959527824621 0.014754098360655738 0.013490725126475547
4 0.05081967213114754 0.5413153456998314 0.012021857923497269 0.011804384485666104
23 0.03551912568306011 0.5446880269814502 0.012568306010928962 0.010961214165261383
23 0.08825136612021858 0.5341483979763912 0.008743169398907104 0.02023608768971332
4 0.5606557377049181 0.433389544688027 0.012568306010928962 0.011804384485666104
4 0.9166666666666666 0.36129848229342326 0.014754098360655738 0.011804384485666104
23 0.6136612021857923 0.42833052276559863 0.010382513661202186 0.010961214165261383
4 0.05191256830601093 0.5543844856661045 0.012021857923497269 0.012647554806070826
4 0.06557377049180328 0.5518549747048904 0.014754098360655738 0.01433389544688027
4 0.036885245901639344 0.5586003372681282 0.012568306010928962 0.011804384485666104
23 0.022131147540983605 0.561973018549747 0.013114754098360656 0.010961214165261383
23 0.6144808743169399 0.44097807757166946 0.011475409836065573 0.012647554806070826
23 0.31311475409836065 0.07630691399662731 0.012568306010928962 0.012647554806070826
23 0.6158469945355192 0.45193929173693087 0.012021857923497269 0.012647554806070826
23 0.5568306010928962 0.026138279932546374 0.012568306010928962 0.010961214165261383
23 0.5084699453551913 0.5008431703204047 0.008743169398907104 0.01770657672849916
4 0.5374316939890711 0.4945193929173693 0.006557377049180328 0.01770657672849916
23 0.5300546448087432 0.49704890387858347 0.007103825136612022 0.016863406408094434
23 0.5150273224043715 0.5 0.00819672131147541 0.01854974704890388
23 0.4786885245901639 0.5080101180438449 0.008743169398907104 0.0193929173693086
23 0.4937158469945355 0.5046374367622259 0.00819672131147541 0.02023608768971332
23 0.48688524590163934 0.5071669477234402 0.00819672131147541 0.021079258010118045
23 0.5008196721311475 0.5042158516020236 0.008743169398907104 0.02023608768971332
7 0.5956284153005464 0.48440134907251264 0.07923497267759563 0.42833052276559863
15 0.04289617486338798 0.6058178752107926 0.05191256830601093 0.0851602023608769
4 0.32076502732240436 0.5480607082630692 0.012568306010928962 0.011804384485666104
23 0.6183060109289618 0.48524451939291735 0.01092896174863388 0.011804384485666104
23 0.46229508196721314 0.5219224283305227 0.012021857923497269 0.01433389544688027
4 0.07103825136612021 0.6066610455311973 0.007650273224043716 0.0193929173693086
4 0.337431693989071 0.551433389544688 0.011475409836065573 0.011804384485666104
4 0.1650273224043716 0.5906408094435076 0.012021857923497269 0.010961214165261383
23 0.44316939890710383 0.5311973018549747 0.011475409836065573 0.011804384485666104
4 0.32103825136612024 0.5586003372681282 0.012568306010928962 0.011804384485666104
23 0.5390710382513662 0.5168634064080945 0.007650273224043716 0.01770657672849916
23 0.5103825136612021 0.5231871838111298 0.006010928961748634 0.01517706576728499
4 0.5467213114754098 0.5164418212478921 0.006557377049180328 0.01770657672849916
23 0.5251366120218579 0.521079258010118 0.006557377049180328 0.01854974704890388
23 0.5322404371584699 0.5193929173693086 0.00819672131147541 0.0193929173693086
23 0.5024590163934426 0.5257166947723441 0.006010928961748634 0.01854974704890388
23 0.4953551912568306 0.5274030354131535 0.006557377049180328 0.01770657672849916
23 0.4882513661202186 0.5299325463743676 0.006010928961748634 0.01854974704890388
23 0.5174863387978142 0.5236087689713322 0.007650273224043716 0.02023608768971332
23 0.47185792349726774 0.5358347386172007 0.01366120218579235 0.010961214165261383
23 0.44426229508196724 0.5417369308600337 0.012021857923497269 0.011804384485666104
23 0.3226775956284153 0.5691399662731872 0.011475409836065573 0.01011804384485666
15 0.11748633879781421 0.6188870151770658 0.08306010928961749 0.15598650927487354
15 0.21967213114754097 0.5965430016863407 0.08196721311475409 0.1543001686340641
4 0.4592896174863388 0.5489038785834739 0.010382513661202186 0.01011804384485666
23 0.4453551912568306 0.5535413153456998 0.012568306010928962 0.011804384485666104
23 0.47295081967213115 0.5476391231028668 0.012568306010928962 0.011804384485666104
4 0.32349726775956283 0.5809443507588533 0.01366120218579235 0.011804384485666104
23 0.3112021857923497 0.5834738617200674 0.011475409836065573 0.010961214165261383
4 0.029508196721311476 0.6538785834738617 0.007650273224043716 0.021922428330522766
4 0.46147540983606555 0.5611298482293423 0.013114754098360656 0.011804384485666104
4 0.4726775956284153 0.5586003372681282 0.01366120218579235 0.011804384485666104
4 0.16830601092896175 0.6256323777403036 0.012568306010928962 0.011804384485666104
4 0.44754098360655736 0.5649241146711635 0.015300546448087432 0.011804384485666104
4 0.04180327868852459 0.6547217537942664 0.011475409836065573 0.013490725126475547
4 0.5491803278688525 0.5446880269814502 0.007650273224043716 0.01854974704890388
23 0.056557377049180325 0.6521922428330523 0.011475409836065573 0.012647554806070826
4 0.0715846994535519 0.6492411467116358 0.012021857923497269 0.012647554806070826
4 0.44726775956284154 0.5763069139966274 0.010382513661202186 0.011804384485666104
4 0.7912568306010929 0.5059021922428331 0.009289617486338797 0.021079258010118045
23 0.44781420765027324 0.5872681281618887 0.011475409836065573 0.010961214165261383
4 0.323224043715847 0.6142495784148398 0.008743169398907104 0.022765598650927487
4 0.5510928961748633 0.565345699831366 0.00819672131147541 0.01854974704890388
15 0.5163934426229508 0.5763069139966274 0.06721311475409836 0.08094435075885328
4 0.44972677595628413 0.5978077571669477 0.013114754098360656 0.01011804384485666
4 0.4486338797814208 0.6100337268128162 0.01092896174863388 0.011804384485666104
4 0.5527322404371585 0.5881112984822934 0.007650273224043716 0.016863406408094434
7 0.9625683060109289 0.5071669477234402 0.07377049180327869 0.49325463743676223
7 0.8997267759562841 0.5274030354131535 0.08579234972677596 0.4806070826306914
7 0.7532786885245901 0.565345699831366 0.08852459016393442 0.48903878583473864
7 0.6800546448087431 0.5809443507588533 0.08415300546448087 0.484822934232715
7 0.8234972677595629 0.5497470489038786 0.08961748633879782 0.4856661045531197
23 0.9306010928961749 0.5324620573355818 0.01366120218579235 0.012647554806070826