15 0.7841907151819323 0.2678018575851393 0.027603513174404015 0.0696594427244582
4 0.8240276035131744 0.3111455108359133 0.018820577164366373 0.02786377708978328
23 0.8798619824341279 0.34055727554179566 0.009410288582183186 0.03869969040247678
23 0.8670012547051443 0.3382352941176471 0.009410288582183186 0.03869969040247678
23 0.9109159347553325 0.3544891640866873 0.00878293601003764 0.032507739938080496
4 0.20796737766624843 0.14783281733746131 0.011292346298619825 0.05572755417956656
4 0.2242785445420326 0.15479876160990713 0.01191969887076537 0.05572755417956656
4 0.14899623588456712 0.13777089783281735 0.013801756587202008 0.06501547987616099
4 0.1329987452948557 0.13312693498452013 0.014429109159347553 0.06346749226006192
23 0.8246549560853199 0.34520123839009287 0.012547051442910916 0.020123839009287926
23 0.7634880803011292 0.3320433436532508 0.013174404015056462 0.018575851393188854
23 0.5056461731493099 0.2546439628482972 0.006900878293601004 0.029411764705882353
4 0.7948557089084065 0.34674922600619196 0.010037641154328732 0.03715170278637771
23 0.5150564617314931 0.2693498452012384 0.008155583437892095 0.034055727554179564
23 0.8735884567126725 0.39009287925696595 0.01066499372647428 0.015479876160990712
23 0.6053952321204517 0.31191950464396284 0.00878293601003764 0.017027863777089782
23 0.7647427854454203 0.36145510835913314 0.011292346298619825 0.017027863777089782
23 0.5445420326223338 0.2964396284829721 0.006900878293601004 0.03715170278637771
23 0.5545796737766625 0.2995356037151703 0.0056461731493099125 0.034055727554179564
23 0.5846925972396487 0.3088235294117647 0.01066499372647428 0.01393188854489164
23 0.6235884567126725 0.32120743034055727 0.011292346298619825 0.018575851393188854
23 0.6640526976160602 0.3428792569659443 0.014429109159347553 0.017027863777089782
4 0.6825595984943539 0.3498452012383901 0.015683814303638646 0.02476780185758514
23 0.8748431618569636 0.41640866873065013 0.012547051442910916 0.018575851393188854
23 0.633939774153074 0.34365325077399383 0.013174404015056462 0.017027863777089782
23 0.4777289836888331 0.2995356037151703 0.015056461731493099 0.02321981424148607
23 0.5749686323713927 0.32972136222910214 0.01066499372647428 0.017027863777089782
23 0.5919071518193224 0.33746130030959753 0.010037641154328732 0.010835913312693499
23 0.6144918444165621 0.3444272445820433 0.013801756587202008 0.020123839009287926
15 0.9112296110414053 0.43808049535603716 0.02383939774153074 0.07275541795665634
15 0.35727728983688833 0.2786377708978328 0.1273525721455458 0.20278637770897834
23 0.8720200752823086 0.4388544891640867 0.013801756587202008 0.01393188854489164
15 0.15715181932245922 0.22755417956656346 0.033249686323713924 0.0804953560371517
23 0.1351944792973651 0.22755417956656346 0.008155583437892095 0.043343653250773995
4 0.8713927227101631 0.46207430340557276 0.009410288582183186 0.01393188854489164
23 0.6910288582183187 0.40944272445820434 0.013174404015056462 0.018575851393188854
23 0.45294855708908405 0.3560371517027864 0.014429109159347553 0.02631578947368421
23 0.7151819322459222 0.44040247678018574 0.015056461731493099 0.029411764705882353
23 0.6907151819322459 0.4342105263157895 0.010037641154328732 0.009287925696594427
4 0.7343161856963614 0.4481424148606811 0.014429109159347553 0.02476780185758514
23 0.13205771643663738 0.29102167182662536 0.010037641154328732 0.04489164086687306
23 0.1587202007528231 0.30030959752321984 0.008155583437892095 0.03560371517027864
23 0.1468005018820577 0.2979876160990712 0.01066499372647428 0.04489164086687306
23 0.4498117942283563 0.39705882352941174 0.012547051442910916 0.021671826625386997
23 0.4504391468005019 0.423374613003096 0.015056461731493099 0.020123839009287926
23 0.6662484316185696 0.48993808049535603 0.008155583437892095 0.034055727554179564
4 0.17754077791718947 0.3637770897832817 0.01191969887076537 0.06191950464396285
4 0.20043914680050187 0.37306501547987614 0.013174404015056462 0.06037151702786378
4 0.21518193224592222 0.39241486068111453 0.006900878293601004 0.03869969040247678
23 0.42534504391468003 0.4651702786377709 0.01066499372647428 0.01393188854489164
23 0.4410288582183187 0.4698142414860681 0.01191969887076537 0.018575851393188854
23 0.424090338770389 0.4891640866873065 0.012547051442910916 0.020123839009287926
23 0.43946047678795486 0.4969040247678019 0.009410288582183186 0.009287925696594427
23 0.09284818067754078 0.39473684210526316 0.01191969887076537 0.017027863777089782
23 0.11072772898368884 0.40092879256965946 0.013174404015056462 0.01238390092879257
23 0.2129861982434128 0.4373065015479876 0.008155583437892095 0.032507739938080496
23 0.42252195734002507 0.5147058823529411 0.01066499372647428 0.017027863777089782
23 0.10978670012547051 0.42027863777089786 0.013801756587202008 0.02321981424148607
23 0.43914680050188204 0.5201238390092879 0.0075282308657465494 0.01238390092879257
23 0.09222082810539524 0.4179566563467492 0.01631116687578419 0.021671826625386997
15 0.19165621079046424 0.45588235294117646 0.029485570890840654 0.07275541795665634
23 0.4397741530740276 0.5386996904024768 0.010037641154328732 0.015479876160990712
15 0.71267252195734 0.6238390092879257 0.07967377666248432 0.30030959752321984
15 0.5492471769134254 0.5758513931888545 0.16750313676286072 0.4117647058823529
23 0.42189460476787954 0.5386996904024768 0.010037641154328732 0.015479876160990712
23 0.4375784190715182 0.565015479876161 0.009410288582183186 0.015479876160990712
23 0.42189460476787954 0.5611455108359134 0.01066499372647428 0.010835913312693499
15 0.3569636135508156 0.544891640866873 0.07340025094102885 0.19040247678018576
23 0.4190715181932246 0.5820433436532507 0.0075282308657465494 0.010835913312693499
23 0.43506900878293603 0.5874613003095975 0.009410288582183186 0.017027863777089782
15 0.2703889585947302 0.5379256965944272 0.043914680050188205 0.14705882352941177
23 0.08782936010037641 0.4852941176470588 0.014429109159347553 0.020123839009287926
4 0.1053952321204517 0.4907120743034056 0.014429109159347553 0.018575851393188854
23 0.17973651191969886 0.5139318885448917 0.011292346298619825 0.047987616099071206
4 0.16624843161856964 0.5185758513931888 0.00878293601003764 0.05417956656346749
4 0.15056461731493098 0.5147058823529411 0.015056461731493099 0.06191950464396285
23 0.4168757841907152 0.6075851393188855 0.010037641154328732 0.01393188854489164
23 0.4341279799247177 0.6137770897832817 0.010037641154328732 0.015479876160990712
23 0.6502509410288582 0.6795665634674922 0.013174404015056462 0.021671826625386997
23 0.4178168130489335 0.6269349845201239 0.0075282308657465494 0.01238390092879257
23 0.43224592220828106 0.6369969040247678 0.009410288582183186 0.015479876160990712
23 0.414366373902133 0.6524767801857585 0.01191969887076537 0.015479876160990712
23 0.4313048933500627 0.6609907120743034 0.008155583437892095 0.015479876160990712
23 0.4272271016311167 0.6811145510835913 0.008155583437892095 0.017027863777089782
23 0.2766624843161857 0.705108359133127 0.01066499372647428 0.05727554179566564
23 0.291405269761606 0.7120743034055728 0.011292346298619825 0.058823529411764705
4 0.2616060225846926 0.7043343653250774 0.01191969887076537 0.05727554179566564
23 0.04077791718946048 0.6578947368421053 0.010037641154328732 0.04953560371517028
4 0.006273525721455458 0.6664086687306502 0.012547051442910916 0.047987616099071206
23 0.7688205771643664 0.14783281733746131 0.02070263488080301 0.032507739938080496
4 0.4664366373902133 0.07430340557275542 0.01756587202007528 0.029411764705882353
15 0.8240276035131744 0.19272445820433437 0.01944792973651192 0.06346749226006192
23 0.7659974905897114 0.18111455108359134 0.01944792973651192 0.02476780185758514
23 0.3161856963613551 0.048761609907120744 0.011292346298619825 0.04643962848297214