4 0.9203703703703704 0.7082089552238806 0.008148148148148147 0.016417910447761194
7 0.975925925925926 0.7179104477611941 0.035555555555555556 0.10895522388059702
4 0.92 0.7261194029850746 0.007407407407407408 0.015671641791044775
4 0.932962962962963 0.7429104477611941 0.013333333333333334 0.022388059701492536
4 0.9188888888888889 0.7570895522388059 0.012592592592592593 0.016417910447761194
23 0.11074074074074074 0.735820895522388 0.022222222222222223 0.009701492537313432
4 0.1774074074074074 0.7432835820895523 0.0962962962962963 0.04701492537313433
23 0.5133333333333333 0.7735074626865671 0.00962962962962963 0.020895522388059702
23 0.5 0.7738805970149254 0.011111111111111112 0.018656716417910446
4 0.040740740740740744 0.01828358208955224 0.05037037037037037 0.03656716417910448
23 0.5577777777777778 0.7865671641791044 0.008888888888888889 0.019402985074626865
23 0.5696296296296296 0.7869402985074627 0.008148148148148147 0.020149253731343283
4 0.3844444444444444 0.7832089552238806 0.018518518518518517 0.008208955223880597
30 0.42444444444444446 0.7895522388059701 0.022222222222222223 0.027611940298507463
4 0.5848148148148148 0.7955223880597015 0.011851851851851851 0.020149253731343283
4 0.6148148148148148 0.7973880597014925 0.01037037037037037 0.02164179104477612
23 0.1874074074074074 0.7847014925373135 0.01037037037037037 0.01791044776119403
23 0.2788888888888889 0.7884328358208955 0.022222222222222223 0.013432835820895522
23 0.4677777777777778 0.7958955223880597 0.017037037037037038 0.008955223880597015
4 0.48777777777777775 0.8003731343283582 0.011111111111111112 0.020895522388059702
4 0.5277777777777778 0.8048507462686567 0.014074074074074074 0.026119402985074626
23 0.47 0.8052238805970149 0.017037037037037038 0.008955223880597015
23 0.2751851851851852 0.8003731343283582 0.01925925925925926 0.009701492537313432
23 0.30777777777777776 0.8014925373134328 0.017777777777777778 0.010447761194029851
4 0.5411111111111111 0.8100746268656717 0.011851851851851851 0.01791044776119403
23 0.2037037037037037 0.019402985074626865 0.00962962962962963 0.01791044776119403
4 0.6862962962962963 0.823134328358209 0.07481481481481482 0.06865671641791045
7 0.051111111111111114 0.801865671641791 0.05333333333333334 0.3238805970149254
4 0.4822222222222222 0.817910447761194 0.018518518518518517 0.011940298507462687
4 0.24814814814814815 0.8097014925373134 0.008148148148148147 0.015671641791044775
23 0.08962962962962963 0.016791044776119403 0.008148148148148147 0.017164179104477612
23 0.38851851851851854 0.027611940298507463 0.017777777777777778 0.007462686567164179
30 0.18 0.020522388059701493 0.018518518518518517 0.022388059701492536
4 0.30703703703703705 0.8283582089552238 0.016296296296296295 0.012686567164179104
4 0.6207407407407407 0.8406716417910448 0.01037037037037037 0.022388059701492536
4 0.6503703703703704 0.8481343283582089 0.01925925925925926 0.012686567164179104
15 0.2737037037037037 0.8365671641791045 0.035555555555555556 0.05149253731343283
15 0.5848148148148148 0.85 0.052592592592592594 0.05373134328358209
23 0.8825925925925926 0.04776119402985075 0.008148148148148147 0.018656716417910446
23 0.15407407407407409 0.8425373134328358 0.01925925925925926 0.010447761194029851
4 0.652962962962963 0.8611940298507462 0.023703703703703703 0.013432835820895522
4 0.4792592592592593 0.8623134328358208 0.018518518518518517 0.012686567164179104
23 0.5166666666666667 0.8675373134328358 0.016296296296296295 0.009701492537313432
4 0.6196296296296296 0.8716417910447761 0.011111111111111112 0.02164179104477612
23 0.14851851851851852 0.8567164179104477 0.025925925925925925 0.011940298507462687
4 0.7811111111111111 0.8865671641791045 0.07407407407407407 0.07164179104477612
23 0.4659259259259259 0.8768656716417911 0.017037037037037038 0.008955223880597015
23 0.5159259259259259 0.8798507462686567 0.017037037037037038 0.008955223880597015
23 0.30666666666666664 0.8746268656716418 0.018518518518518517 0.009701492537313432
4 0.38074074074074077 0.8776119402985074 0.02074074074074074 0.011940298507462687
4 0.4840740740740741 0.8817164179104477 0.012592592592592593 0.02164179104477612
23 0.2644444444444444 0.8738805970149254 0.01925925925925926 0.008955223880597015
23 0.4648148148148148 0.8861940298507462 0.017037037037037038 0.008955223880597015
30 0.42407407407407405 0.8858208955223881 0.025185185185185185 0.029104477611940297
23 0.5140740740740741 0.8932835820895523 0.01925925925925926 0.008955223880597015
23 0.2644444444444444 0.8843283582089553 0.022962962962962963 0.010447761194029851
4 0.6951851851851852 0.9007462686567164 0.07111111111111111 0.07164179104477612
4 0.3055555555555556 0.8902985074626866 0.016296296296296295 0.009701492537313432
4 0.6077777777777778 0.9082089552238806 0.014814814814814815 0.022388059701492536
4 0.5666666666666667 0.9070895522388059 0.01037037037037037 0.023134328358208955
4 0.5792592592592593 0.9078358208955224 0.012592592592592593 0.023134328358208955
4 0.5518518518518518 0.9070895522388059 0.013333333333333334 0.023134328358208955
23 0.5366666666666666 0.9208955223880597 0.017037037037037038 0.009701492537313432
23 0.3440740740740741 0.03544776119402985 0.017037037037037038 0.007462686567164179
23 0.3648148148148148 0.03656716417910448 0.018518518518518517 0.008955223880597015
23 0.3251851851851852 0.9160447761194029 0.016296296296296295 0.008955223880597015
23 0.457037037037037 0.9208955223880597 0.02 0.010447761194029851
23 0.3474074074074074 0.9167910447761194 0.017037037037037038 0.009701492537313432
4 0.4022222222222222 0.9227611940298508 0.006666666666666667 0.017164179104477612
30 0.3825925925925926 0.9242537313432836 0.027407407407407408 0.026865671641791045
7 0.85 0.9458955223880597 0.1711111111111111 0.034328358208955224
23 0.29185185185185186 0.9350746268656717 0.007407407407407408 0.017164179104477612
4 0.30444444444444446 0.935820895522388 0.008148148148148147 0.017164179104477612
30 0.32222222222222224 0.9373134328358209 0.02148148148148148 0.026119402985074626
23 0.3837037037037037 0.9451492537313433 0.01925925925925926 0.007462686567164179
23 0.29703703703703704 0.9503731343283582 0.017777777777777778 0.008208955223880597
23 0.3811111111111111 0.9537313432835821 0.018518518518518517 0.009701492537313432
30 0.12444444444444444 0.05522388059701493 0.02 0.023134328358208955
4 0.6103703703703703 0.10783582089552239 0.06666666666666667 0.06791044776119402
23 0.8566666666666667 0.14067164179104477 0.02074074074074074 0.009701492537313432
4 0.24703703703703703 0.13432835820895522 0.061481481481481484 0.07537313432835821
4 0.6622222222222223 0.17126865671641792 0.045925925925925926 0.05223880597014925
4 0.725925925925926 0.17947761194029851 0.061481481481481484 0.05522388059701493
4 0.5433333333333333 0.1742537313432836 0.05851851851851852 0.06044776119402985
4 0.4874074074074074 0.17238805970149254 0.023703703703703703 0.056716417910447764
4 0.2874074074074074 0.19141791044776119 0.06814814814814815 0.06940298507462686
4 0.13962962962962963 0.1966417910447761 0.12666666666666668 0.06567164179104477
4 0.3637037037037037 0.20559701492537313 0.03185185185185185 0.058208955223880594
4 0.8244444444444444 0.2865671641791045 0.06 0.03805970149253731
4 0.8748148148148148 0.3041044776119403 0.04666666666666667 0.07537313432835821
23 0.5555555555555556 0.29328358208955224 0.008148148148148147 0.019402985074626865
4 0.15185185185185185 0.3074626865671642 0.05851851851851852 0.07761194029850746
23 0.34 0.31604477611940296 0.008888888888888889 0.017164179104477612
23 0.38851851851851854 0.325 0.018518518518518517 0.010447761194029851
4 0.22925925925925925 0.32350746268656716 0.08888888888888889 0.034328358208955224
23 0.36814814814814817 0.34365671641791046 0.011851851851851851 0.019402985074626865
23 0.35444444444444445 0.3440298507462687 0.012592592592592593 0.01791044776119403
23 0.5066666666666667 0.35 0.016296296296296295 0.008208955223880597
4 0.8603703703703703 0.3630597014925373 0.03259259259259259 0.016417910447761194
23 0.4211111111111111 0.3578358208955224 0.017777777777777778 0.011194029850746268
4 0.3225925925925926 0.3675373134328358 0.00962962962962963 0.019402985074626865
7 0.9855555555555555 0.3977611940298508 0.027407407407407408 0.09104477611940298
23 0.4014814814814815 0.383955223880597 0.01037037037037037 0.020895522388059702
23 0.36148148148148146 0.3835820895522388 0.014074074074074074 0.022388059701492536
23 0.5444444444444444 0.3925373134328358 0.017037037037037038 0.008208955223880597
4 0.8022222222222222 0.40223880597014927 0.05851851851851852 0.08283582089552238
23 0.33925925925925926 0.38992537313432835 0.017777777777777778 0.009701492537313432
23 0.2611111111111111 0.38731343283582087 0.01925925925925926 0.010447761194029851
7 0.06333333333333334 0.3888059701492537 0.06592592592592593 0.09701492537313433
23 0.32037037037037036 0.39850746268656717 0.008148148148148147 0.014925373134328358
23 0.26037037037037036 0.4003731343283582 0.018518518518518517 0.010447761194029851
23 0.3951851851851852 0.40559701492537314 0.02074074074074074 0.012686567164179104
23 0.48185185185185186 0.41380597014925374 0.005925925925925926 0.016417910447761194
23 0.4703703703703704 0.41380597014925374 0.008888888888888889 0.016417910447761194
23 0.57 0.42014925373134326 0.014814814814814815 0.008955223880597015
4 0.9311111111111111 0.45186567164179103 0.051111111111111114 0.07164179104477612
23 0.4077777777777778 0.007462686567164179 0.012592592592592593 0.014925373134328358
23 0.18185185185185185 0.001119402985074627 0.018518518518518517 0.002238805970149254
30 0.3874074074074074 0.008582089552238806 0.023703703703703703 0.017164179104477612
30 0.36074074074074075 0.008582089552238806 0.022222222222222223 0.017164179104477612
4 0.9214814814814815 0.6776119402985075 0.008148148148148147 0.01791044776119403
4 0.9348148148148148 0.6932835820895522 0.00962962962962963 0.019402985074626865