23 0.2906378600823045 0.035830618892508145 0.01594650205761317 0.007057546145494028
15 0.7854938271604939 0.5344733984799132 0.05864197530864197 0.05971769815418024
15 0.8497942386831275 0.5347448425624322 0.05606995884773663 0.057003257328990226
4 0.6090534979423868 0.5361020629750272 0.00874485596707819 0.019543973941368076
4 0.6774691358024691 0.5361020629750272 0.00720164609053498 0.016829533116178068
23 0.6977880658436214 0.5366449511400652 0.006687242798353909 0.014657980456026058
4 0.6404320987654321 0.5371878393051032 0.007716049382716049 0.017915309446254073
23 0.6664094650205762 0.5371878393051032 0.00823045267489712 0.016829533116178068
4 0.5362654320987654 0.5374592833876222 0.00823045267489712 0.016286644951140065
4 0.5254629629629629 0.5377307274701412 0.0051440329218107 0.015743756786102063
23 0.6880144032921811 0.5377307274701412 0.007716049382716049 0.02062975027144408
4 0.6003086419753086 0.5382736156351792 0.006172839506172839 0.016829533116178068
4 0.5478395061728395 0.5385450597176982 0.00565843621399177 0.016286644951140065
23 0.503858024691358 0.5388165038002172 0.004629629629629629 0.017915309446254073
4 0.5725308641975309 0.5388165038002172 0.006687242798353909 0.016829533116178068
4 0.5823045267489712 0.5388165038002172 0.00874485596707819 0.019543973941368076
4 0.466820987654321 0.5388165038002172 0.004629629629629629 0.015743756786102063
23 0.5123456790123457 0.5388165038002172 0.00720164609053498 0.018458197611292075
4 0.6514917695473251 0.5388165038002172 0.009259259259259259 0.01737242128121607
4 0.47788065843621397 0.5390879478827362 0.00823045267489712 0.019001085776330078
23 0.5190329218106996 0.5401737242128122 0.00720164609053498 0.019001085776330078
23 0.2044753086419753 0.5521172638436482 0.006687242798353909 0.013572204125950055
23 0.22042181069958847 0.5523887079261672 0.00565843621399177 0.013572204125950055
23 0.2361111111111111 0.5523887079261672 0.00823045267489712 0.013572204125950055
23 0.2523148148148148 0.5523887079261672 0.00823045267489712 0.01520086862106406
23 0.2605452674897119 0.5523887079261672 0.00874485596707819 0.014115092290988056
23 0.21167695473251028 0.5523887079261672 0.00720164609053498 0.013572204125950055
23 0.227880658436214 0.5529315960912052 0.006687242798353909 0.014657980456026058
23 0.08770576131687242 0.5529315960912052 0.018518518518518517 0.007057546145494028
23 0.24434156378600824 0.5532030401737242 0.00874485596707819 0.01520086862106406
4 0.08796296296296297 0.5648751357220413 0.01594650205761317 0.008143322475570033
4 0.9920267489711934 0.5651465798045603 0.013888888888888888 0.007057546145494028
7 0.5807613168724279 0.5673181324647123 0.33641975308641975 0.03637350705754615
23 0.26260288065843623 0.5678610206297503 0.004629629629629629 0.013029315960912053
23 0.22582304526748972 0.5684039087947883 0.00411522633744856 0.013029315960912053
23 0.23405349794238683 0.5684039087947883 0.009259259259259259 0.009771986970684038
23 0.25617283950617287 0.5686753528773073 0.0051440329218107 0.011943539630836048
23 0.24151234567901234 0.5689467969598263 0.00360082304526749 0.014115092290988056
23 0.21939300411522633 0.5692182410423453 0.006687242798353909 0.011943539630836048
23 0.25 0.5692182410423453 0.00720164609053498 0.010857763300760043
23 0.24511316872427982 0.5697611292073833 0.00360082304526749 0.013029315960912053
23 0.20601851851851852 0.5700325732899023 0.006172839506172839 0.01248642779587405
23 0.2132201646090535 0.5703040173724213 0.0051440329218107 0.011943539630836048
4 0.08770576131687242 0.5757328990228013 0.013888888888888888 0.007057546145494028
23 0.2013888888888889 0.042073832790445166 0.0051440329218107 0.019001085776330078
23 0.21630658436213993 0.042073832790445166 0.006687242798353909 0.016829533116178068
4 0.20910493827160495 0.04261672095548317 0.006687242798353909 0.015743756786102063
4 0.2294238683127572 0.04261672095548317 0.00823045267489712 0.015743756786102063
23 0.2397119341563786 0.04261672095548317 0.006687242798353909 0.015743756786102063
23 0.22247942386831276 0.04288816503800217 0.00411522633744856 0.01737242128121607
23 0.14377572016460904 0.6077633007600435 0.007716049382716049 0.016829533116178068
15 0.22042181069958847 0.6093919652551575 0.07098765432098765 0.05266015200868621
15 0.06790123456790123 0.6278501628664495 0.04835390946502058 0.09229098805646037
7 0.7188786008230452 0.6324647122692725 0.2700617283950617 0.04343105320304017
4 0.2620884773662551 0.6408794788273615 0.01748971193415638 0.00760043431053203
4 0.555298353909465 0.6438653637350705 0.006172839506172839 0.015743756786102063
23 0.5419238683127572 0.6446796959826275 0.006687242798353909 0.016286644951140065
4 0.5475823045267489 0.6446796959826275 0.0051440329218107 0.015743756786102063
23 0.10416666666666667 0.6555374592833876 0.013374485596707819 0.0054288816503800215
23 0.18930041152263374 0.6555374592833876 0.00411522633744856 0.013029315960912053
23 0.22582304526748972 0.6555374592833876 0.004629629629629629 0.015743756786102063
23 0.5113168724279835 0.6558089033659066 0.00565843621399177 0.015743756786102063
4 0.5185185185185185 0.6558089033659066 0.006172839506172839 0.015743756786102063
23 0.24022633744855967 0.6558089033659066 0.0051440329218107 0.01248642779587405
23 0.22042181069958847 0.6560803474484256 0.006172839506172839 0.01520086862106406
23 0.5249485596707819 0.6563517915309446 0.004629629629629629 0.01520086862106406
23 0.1949588477366255 0.6563517915309446 0.0051440329218107 0.014657980456026058
23 0.20781893004115226 0.6563517915309446 0.00565843621399177 0.014657980456026058
23 0.2139917695473251 0.6563517915309446 0.00565843621399177 0.013572204125950055
23 0.23405349794238683 0.6563517915309446 0.0051440329218107 0.013029315960912053
4 0.5321502057613169 0.6566232356134636 0.00565843621399177 0.016286644951140065
23 0.2595164609053498 0.6566232356134636 0.006172839506172839 0.013029315960912053
23 0.24691358024691357 0.6568946796959826 0.0051440329218107 0.015743756786102063
23 0.2525720164609053 0.6568946796959826 0.00411522633744856 0.013572204125950055
23 0.2006172839506173 0.6571661237785016 0.0051440329218107 0.013572204125950055
23 0.5213477366255144 0.6701954397394136 0.00565843621399177 0.015743756786102063
23 0.21064814814814814 0.6715526601520087 0.00565843621399177 0.01520086862106406
23 0.22608024691358025 0.6718241042345277 0.006172839506172839 0.014115092290988056
23 0.2536008230452675 0.6720955483170467 0.0051440329218107 0.015743756786102063
23 0.17824074074074073 0.6723669923995657 0.006687242798353909 0.013572204125950055
23 0.24022633744855967 0.6723669923995657 0.006172839506172839 0.011943539630836048
23 0.20190329218106995 0.6726384364820847 0.00720164609053498 0.014657980456026058
23 0.26003086419753085 0.6726384364820847 0.007716049382716049 0.014657980456026058
23 0.19418724279835392 0.6729098805646037 0.0051440329218107 0.016829533116178068
23 0.2345679012345679 0.6729098805646037 0.0051440329218107 0.014115092290988056
23 0.24717078189300412 0.6729098805646037 0.006687242798353909 0.013572204125950055
23 0.18621399176954734 0.6729098805646037 0.006687242798353909 0.015743756786102063
23 0.2183641975308642 0.6731813246471227 0.00823045267489712 0.015743756786102063
7 0.7199074074074074 0.6805103148751357 0.2613168724279835 0.048859934853420196
4 0.9876543209876543 0.6805103148751357 0.01646090534979424 0.009229098805646038
23 0.5766460905349794 0.6891965255157437 0.016975308641975308 0.00760043431053203
4 0.5447530864197531 0.6897394136807817 0.01286008230452675 0.007057546145494028
4 0.5583847736625515 0.6902823018458197 0.012345679012345678 0.005971769815418024
15 0.4102366255144033 0.6976112920738328 0.16358024691358025 0.16666666666666666
4 0.9637345679012346 0.7062975027144408 0.013888888888888888 0.007057546145494028
7 0.9282407407407407 0.7065689467969598 0.050411522633744855 0.24592833876221498
23 0.9794238683127572 0.7073832790445168 0.013888888888888888 0.006514657980456026
4 0.08204732510288065 0.7103691639522258 0.00874485596707819 0.015743756786102063
23 0.6242283950617284 0.7119978284473398 0.013888888888888888 0.004885993485342019
23 0.9647633744855967 0.7149837133550488 0.01440329218106996 0.004885993485342019
4 0.9804526748971193 0.7155266015200868 0.015432098765432098 0.006514657980456026
23 0.6229423868312757 0.7176981541802389 0.013374485596707819 0.005971769815418024
4 0.3161008230452675 0.7239413680781759 0.013374485596707819 0.005971769815418024
4 0.06532921810699588 0.05564603691639522 0.026748971193415638 0.03311617806731813
4 0.6231995884773662 0.7269272529858849 0.01646090534979424 0.007057546145494028
7 0.7335390946502057 0.7293702497285559 0.20318930041152264 0.041802388707926165
7 0.875 0.7293702497285559 0.04681069958847737 0.19381107491856678
23 0.602366255144033 0.7331704668838219 0.00720164609053498 0.016829533116178068
4 0.61059670781893 0.7331704668838219 0.0051440329218107 0.01520086862106406
4 0.5943930041152263 0.7337133550488599 0.006172839506172839 0.015743756786102063
4 0.5095164609053497 0.7347991313789359 0.01440329218106996 0.008143322475570033
23 0.7507716049382716 0.05646036916395222 0.006687242798353909 0.014657980456026058
4 0.1476337448559671 0.7361563517915309 0.00720164609053498 0.015743756786102063
4 0.025205761316872428 0.05727470141150923 0.024691358024691357 0.02823018458197611
23 0.7620884773662552 0.05754614549402823 0.0051440329218107 0.01520086862106406
23 0.775977366255144 0.05754614549402823 0.004629629629629629 0.01520086862106406
4 0.5982510288065843 0.746742671009772 0.015432098765432098 0.007057546145494028
23 0.7883230452674898 0.059174809989142235 0.0051440329218107 0.016829533116178068
23 0.8009259259259259 0.059446254071661236 0.006687242798353909 0.01737242128121607
4 0.046553497942386834 0.7641150922909881 0.013888888888888888 0.008143322475570033
4 0.1476337448559671 0.7668295331161781 0.00720164609053498 0.01520086862106406
4 0.3150720164609053 0.7782301845819761 0.016975308641975308 0.009229098805646038
15 0.09619341563786009 0.7790445168295331 0.08076131687242798 0.11563517915309446
7 0.7258230452674898 0.7918023887079262 0.22890946502057613 0.05808903365906623
15 0.5573559670781894 0.06243213897937025 0.043209876543209874 0.038002171552660155
4 0.0470679012345679 0.7953311617806732 0.014917695473251029 0.008143322475570033
4 0.49537037037037035 0.7988599348534202 0.01646090534979424 0.008686210640608035
23 0.4079218106995885 0.8021172638436482 0.00565843621399177 0.017915309446254073
4 0.6679526748971193 0.06541802388707926 0.00977366255144033 0.013029315960912053
23 0.7309670781893004 0.06568946796959826 0.0051440329218107 0.017915309446254073
4 0.6329732510288066 0.06568946796959826 0.007716049382716049 0.016829533116178068
4 0.6453189300411523 0.06596091205211727 0.00720164609053498 0.016286644951140065
4 0.05169753086419753 0.8303474484256244 0.006687242798353909 0.015743756786102063
4 0.6558641975308642 0.06623235613463627 0.00874485596707819 0.01520086862106406
23 0.7008744855967078 0.06623235613463627 0.006687242798353909 0.01520086862106406
23 0.7129629629629629 0.06623235613463627 0.006687242798353909 0.018458197611292075
4 0.6790123456790124 0.06704668838219327 0.006687242798353909 0.014657980456026058
23 0.49511316872427985 0.06704668838219327 0.006172839506172839 0.014657980456026058
23 0.5972222222222222 0.06731813246471227 0.006172839506172839 0.016829533116178068
4 0.6149691358024691 0.06731813246471227 0.0051440329218107 0.016829533116178068
23 0.6072530864197531 0.06731813246471227 0.006687242798353909 0.017915309446254073
23 0.4050925925925926 0.06731813246471227 0.006687242798353909 0.017915309446254073
23 0.3289609053497942 0.06758957654723127 0.006687242798353909 0.016286644951140065
23 0.3948045267489712 0.06758957654723127 0.00874485596707819 0.015743756786102063
23 0.42901234567901236 0.06758957654723127 0.006687242798353909 0.015743756786102063
23 0.4462448559670782 0.06758957654723127 0.0051440329218107 0.015743756786102063
23 0.46399176954732513 0.06758957654723127 0.006687242798353909 0.01520086862106406
23 0.4827674897119342 0.06758957654723127 0.007716049382716049 0.01520086862106406
4 0.13117283950617284 0.8460912052117264 0.01440329218106996 0.00760043431053203
23 0.5069444444444444 0.06786102062975027 0.006687242798353909 0.014657980456026058
23 0.5192901234567902 0.06786102062975027 0.00823045267489712 0.014657980456026058
23 0.41280864197530864 0.06786102062975027 0.006687242798353909 0.014657980456026058
23 0.4351851851851852 0.06786102062975027 0.00565843621399177 0.01737242128121607
23 0.4207818930041152 0.06813246471226928 0.00823045267489712 0.015743756786102063
23 0.38143004115226337 0.06813246471226928 0.006687242798353909 0.01737242128121607
23 0.474022633744856 0.06840390879478828 0.00720164609053498 0.01520086862106406
4 0.08050411522633745 0.8526058631921825 0.006687242798353909 0.016829533116178068
23 0.08976337448559671 0.8526058631921825 0.00565843621399177 0.01520086862106406
23 0.09567901234567901 0.8526058631921825 0.00411522633744856 0.013572204125950055
23 0.07175925925925926 0.8526058631921825 0.006172839506172839 0.014657980456026058
23 0.11651234567901235 0.8526058631921825 0.006687242798353909 0.016286644951140065
23 0.06430041152263374 0.8528773072747015 0.0051440329218107 0.015743756786102063
23 0.05787037037037037 0.8531487513572205 0.006687242798353909 0.014657980456026058
23 0.10313786008230452 0.8542345276872965 0.007716049382716049 0.015743756786102063
23 0.3351337448559671 0.06867535287730728 0.0051440329218107 0.016286644951140065
4 0.024434156378600823 0.8555917480998915 0.025205761316872428 0.026601520086862108
15 0.8996913580246914 0.8591205211726385 0.056584362139917695 0.05591748099891422
23 0.3585390946502058 0.06921824104234528 0.006172839506172839 0.019001085776330078
7 0.5406378600823045 0.8721498371335505 0.6332304526748971 0.041802388707926165
23 0.9356995884773662 0.8759500542888164 0.00720164609053498 0.016829533116178068
4 0.9431584362139918 0.8762214983713354 0.006687242798353909 0.01737242128121607
23 0.9089506172839507 0.07057546145494029 0.00720164609053498 0.01520086862106406
7 0.9758230452674898 0.8813789359391965 0.047325102880658436 0.08957654723127036
23 0.7757201646090535 0.0722041259500543 0.00565843621399177 0.01520086862106406
23 0.7628600823045267 0.0727470141150923 0.00411522633744856 0.013029315960912053
23 0.7510288065843621 0.0727470141150923 0.006172839506172839 0.011943539630836048
23 0.8842592592592593 0.0727470141150923 0.0051440329218107 0.01737242128121607
23 0.7878086419753086 0.0738327904451683 0.00411522633744856 0.011943539630836048
23 0.8004115226337448 0.0738327904451683 0.004629629629629629 0.011943539630836048
4 0.035493827160493825 0.9104234527687296 0.03446502057613169 0.039630836047774155
7 0.5432098765432098 0.9147665580890336 0.6419753086419753 0.04343105320304017
4 0.15715020576131689 0.9158523344191096 0.03909465020576132 0.04451682953311618
15 0.9356995884773662 0.9180238870792616 0.00720164609053498 0.01737242128121607
23 0.9436728395061729 0.9196525515743756 0.00720164609053498 0.01520086862106406
15 0.8994341563786008 0.9280673181324647 0.058127572016460904 0.05808903365906623
4 0.03369341563786008 0.0781758957654723 0.00720164609053498 0.015743756786102063
23 0.205761316872428 0.9541259500542888 0.00565843621399177 0.01520086862106406
23 0.8446502057613169 0.9565689467969598 0.01440329218106996 0.007057546145494028
23 0.19135802469135801 0.9641693811074918 0.00360082304526749 0.014657980456026058
23 0.8438786008230452 0.9644408251900108 0.013888888888888888 0.007057546145494028
4 0.18518518518518517 0.9644408251900108 0.00720164609053498 0.014657980456026058
4 0.19830246913580246 0.9649837133550488 0.007716049382716049 0.015743756786102063
7 0.48405349794238683 0.9655266015200868 0.5236625514403292 0.039630836047774155
4 0.2525720164609053 0.08007600434310531 0.00565843621399177 0.014115092290988056
23 0.8104423868312757 0.9704125950054289 0.00565843621399177 0.013572204125950055
23 0.8166152263374485 0.9706840390879479 0.004629629629629629 0.013572204125950055
23 0.9045781893004116 0.9709554831704669 0.006687242798353909 0.013572204125950055
23 0.8029835390946503 0.9712269272529859 0.006687242798353909 0.01737242128121607
23 0.8307613168724279 0.9712269272529859 0.006687242798353909 0.015743756786102063
23 0.8238168724279835 0.9712269272529859 0.006687242798353909 0.01520086862106406
4 0.914866255144033 0.9714983713355049 0.006687242798353909 0.015743756786102063
23 0.878343621399177 0.9717698154180239 0.006687242798353909 0.014657980456026058
4 0.8966049382716049 0.9720412595005429 0.006172839506172839 0.01520086862106406
4 0.17978395061728394 0.9856134636264929 0.03960905349794239 0.02768729641693811
7 0.48225308641975306 0.994028230184582 0.5241769547325102 0.010857763300760043
4 0.05452674897119342 0.10260586319218241 0.041666666666666664 0.04125950054288816
23 0.22839506172839505 0.10477741585233442 0.00874485596707819 0.015743756786102063
23 0.25205761316872427 0.10477741585233442 0.006172839506172839 0.015743756786102063
23 0.2602880658436214 0.10477741585233442 0.006687242798353909 0.014657980456026058
23 0.2672325102880658 0.10477741585233442 0.006687242798353909 0.017915309446254073
23 0.23945473251028807 0.10504885993485343 0.006172839506172839 0.01520086862106406
23 0.2175925925925926 0.10586319218241043 0.00565843621399177 0.014657980456026058
4 0.20344650205761317 0.10667752442996743 0.0051440329218107 0.018458197611292075
7 0.617798353909465 0.10776330076004344 0.6296296296296297 0.04343105320304017
23 0.2101337448559671 0.10776330076004344 0.007716049382716049 0.019001085776330078
4 0.20730452674897118 0.1270358306188925 0.03343621399176955 0.041802388707926165
4 0.16280864197530864 0.1281216069489685 0.03189300411522634 0.03637350705754615
15 0.9771090534979424 0.13355048859934854 0.044753086419753084 0.06188925081433225
15 0.26363168724279834 0.15336590662323563 0.042695473251028807 0.04125950054288816
4 0.29140946502057613 0.16232356134636264 0.006172839506172839 0.016286644951140065
4 0.07227366255144033 0.16748099891422366 0.04218106995884774 0.04343105320304017
4 0.1566358024691358 0.16856677524429967 0.03446502057613169 0.04723127035830619
4 0.19855967078189302 0.17019543973941367 0.03960905349794239 0.04288816503800217
7 0.6622942386831275 0.1756243213897937 0.39300411522633744 0.048859934853420196
23 0.04038065843621399 0.1758957654723127 0.006172839506172839 0.01737242128121607
23 0.028292181069958847 0.1764386536373507 0.0051440329218107 0.014657980456026058
23 0.24279835390946503 0.18295331161780673 0.006172839506172839 0.01520086862106406
23 0.2345679012345679 0.18295331161780673 0.006172839506172839 0.014657980456026058
4 0.27752057613168724 0.19462540716612378 0.007716049382716049 0.019001085776330078
23 0.29449588477366256 0.19462540716612378 0.00720164609053498 0.019001085776330078
23 0.2862654320987654 0.19543973941368079 0.00565843621399177 0.02008686210640608
23 0.10056584362139917 0.20928338762214985 0.006687242798353909 0.015743756786102063
4 0.996656378600823 0.21064060803474485 0.00565843621399177 0.008686210640608035
23 0.10853909465020577 0.21118349619978286 0.00720164609053498 0.01737242128121607
23 0.3359053497942387 0.21552660152008687 0.00823045267489712 0.013029315960912053
23 0.3436213991769547 0.21579804560260588 0.00823045267489712 0.015743756786102063
23 0.36059670781893005 0.21579804560260588 0.007716049382716049 0.015743756786102063
23 0.35108024691358025 0.21606948968512488 0.0051440329218107 0.014115092290988056
23 0.739454732510288 0.21715526601520088 0.007716049382716049 0.016286644951140065
23 0.8070987654320988 0.21769815418023888 0.006172839506172839 0.018458197611292075
23 0.8168724279835391 0.2182410423452769 0.00977366255144033 0.021172638436482084
23 0.3523662551440329 0.23072747014115091 0.00720164609053498 0.013572204125950055
23 0.3595679012345679 0.23072747014115091 0.00823045267489712 0.013572204125950055
23 0.3721707818930041 0.23235613463626492 0.006172839506172839 0.01737242128121607
23 0.3369341563786008 0.23262757871878392 0.007716049382716049 0.014657980456026058
23 0.34439300411522633 0.23262757871878392 0.007716049382716049 0.013572204125950055
23 0.37808641975308643 0.23344191096634093 0.00823045267489712 0.01520086862106406
23 0.21270576131687244 0.0067861020629750276 0.01440329218106996 0.00760043431053203
23 0.7404835390946503 0.23778501628664495 0.007716049382716049 0.01520086862106406
15 0.900977366255144 0.24674267100977199 0.07973251028806584 0.20195439739413681
15 0.9763374485596708 0.248099891422367 0.046296296296296294 0.06188925081433225
23 0.42489711934156377 0.256243213897937 0.00823045267489712 0.019001085776330078
4 0.32175925925925924 0.2679153094462541 0.006687242798353909 0.01737242128121607
4 0.30709876543209874 0.2722584147665581 0.0051440329218107 0.011943539630836048
7 0.664866255144033 0.2749728555917481 0.38786008230452673 0.04505971769815418
4 0.4400720164609053 0.2776872964169381 0.014917695473251029 0.008143322475570033
23 0.4611625514403292 0.2782301845819761 0.014917695473251029 0.008143322475570033
7 0.6159979423868313 0.016829533116178068 0.6342592592592593 0.033659066232356136
23 0.46219135802469136 0.28637350705754616 0.016975308641975308 0.007057546145494028
23 0.46219135802469136 0.2945168295331162 0.01594650205761317 0.005971769815418024
23 0.29038065843621397 0.012757871878393051 0.01440329218106996 0.00760043431053203
23 0.4637345679012346 0.2996742671009772 0.018518518518518517 0.003257328990228013
7 0.1478909465020576 0.013029315960912053 0.11522633744855967 0.025515743756786103
23 0.4619341563786008 0.30537459283387625 0.015432098765432098 0.008143322475570033
23 0.4984567901234568 0.30836047774158526 0.01903292181069959 0.009229098805646038
23 0.46219135802469136 0.31406080347448423 0.013888888888888888 0.007057546145494028
23 0.8209876543209876 0.31460369163952223 0.00720164609053498 0.014657980456026058
23 0.49819958847736623 0.31677524429967424 0.014917695473251029 0.006514657980456026
23 0.4781378600823045 0.32166123778501626 0.01954732510288066 0.007057546145494028
4 0.0933641975308642 0.3243756786102063 0.004629629629629629 0.014115092290988056
4 0.06867283950617284 0.3243756786102063 0.00565843621399177 0.014115092290988056
4 0.17232510288065844 0.3243756786102063 0.00565843621399177 0.013029315960912053
4 0.10365226337448559 0.3243756786102063 0.004629629629629629 0.013029315960912053
4 0.08101851851851852 0.3246471226927253 0.006687242798353909 0.016829533116178068
4 0.14531893004115226 0.3249185667752443 0.006687242798353909 0.011400651465798045
4 0.12242798353909465 0.3249185667752443 0.0051440329218107 0.013572204125950055
4 0.15612139917695472 0.3251900108577633 0.006172839506172839 0.013029315960912053
4 0.13220164609053497 0.3251900108577633 0.006687242798353909 0.013029315960912053
23 0.060699588477366256 0.3254614549402823 0.00720164609053498 0.011943539630836048
4 0.18544238683127573 0.3308903365906623 0.013374485596707819 0.00760043431053203
23 0.4773662551440329 0.3311617806731813 0.018518518518518517 0.00760043431053203
23 0.739454732510288 0.3325190010857763 0.007716049382716049 0.016286644951140065
4 0.8217592592592593 0.3336047774158523 0.00823045267489712 0.016286644951140065
23 0.08513374485596707 0.016286644951140065 0.00565843621399177 0.01737242128121607
4 0.07818930041152264 0.016558089033659067 0.006687242798353909 0.015743756786102063
4 0.18467078189300412 0.34093376764386535 0.014917695473251029 0.007057546145494028
4 0.06455761316872428 0.3493485342019544 0.01440329218106996 0.005971769815418024
4 0.45267489711934156 0.3526058631921824 0.00720164609053498 0.017915309446254073
4 0.06610082304526749 0.35884907709011943 0.015432098765432098 0.00760043431053203
4 0.9645061728395061 0.36373507057546145 0.00720164609053498 0.014657980456026058
15 0.3690843621399177 0.36563517915309446 0.1527777777777778 0.16449511400651465
4 0.18647119341563786 0.36672095548317046 0.012345679012345678 0.004885993485342019
7 0.6630658436213992 0.3745928338762215 0.38477366255144035 0.038002171552660155
23 0.18569958847736626 0.3754071661237785 0.01286008230452675 0.006514657980456026
4 0.06507201646090535 0.3778501628664495 0.013888888888888888 0.006514657980456026
4 0.18467078189300412 0.38599348534201955 0.01440329218106996 0.007057546145494028
15 0.0470679012345679 0.02225841476655809 0.047325102880658436 0.039630836047774155
4 0.06610082304526749 0.39060803474484257 0.014917695473251029 0.008143322475570033
23 0.4529320987654321 0.3949511400651466 0.006687242798353909 0.01737242128121607
4 0.06532921810699588 0.4033659066232356 0.01440329218106996 0.0054288816503800215
4 0.18647119341563786 0.4033659066232356 0.012345679012345678 0.005971769815418024
4 0.18569958847736626 0.4142236699239957 0.01286008230452675 0.006514657980456026
4 0.06661522633744855 0.4166666666666667 0.014917695473251029 0.008143322475570033
23 0.8024691358024691 0.4210097719869707 0.00720164609053498 0.016286644951140065
4 0.18647119341563786 0.4253528773072747 0.01131687242798354 0.004885993485342019
23 0.2906378600823045 0.025787187839305104 0.014917695473251029 0.008143322475570033
15 0.9375 0.42698154180238873 0.12397119341563786 0.10694896851248643
23 0.06455761316872428 0.42861020629750274 0.013888888888888888 0.007057546145494028
23 0.7391975308641975 0.43023887079261675 0.00720164609053498 0.014115092290988056
4 0.18518518518518517 0.4375678610206297 0.013374485596707819 0.006514657980456026
4 0.06635802469135803 0.43919652551574373 0.015432098765432098 0.006514657980456026
4 0.16743827160493827 0.44625407166123776 0.006172839506172839 0.014657980456026058
4 0.14506172839506173 0.44652551574375676 0.00565843621399177 0.014115092290988056
4 0.11265432098765432 0.44679695982627576 0.006687242798353909 0.01520086862106406
4 0.18647119341563786 0.44679695982627576 0.01286008230452675 0.0054288816503800215
4 0.15612139917695472 0.44706840390879476 0.00565843621399177 0.013572204125950055
4 0.13554526748971193 0.44733984799131377 0.004629629629629629 0.014115092290988056
4 0.08487654320987655 0.44761129207383277 0.006687242798353909 0.01520086862106406
4 0.12525720164609053 0.44788273615635177 0.00565843621399177 0.016286644951140065
4 0.09927983539094651 0.44815418023887077 0.004629629629629629 0.013572204125950055
23 0.06532921810699588 0.4503257328990228 0.015432098765432098 0.007057546145494028
4 0.4053497942386831 0.4568403908794788 0.00720164609053498 0.016829533116178068
4 0.38040123456790126 0.46226927252985883 0.007716049382716049 0.016829533116178068
7 0.6640946502057613 0.46769815418023886 0.39300411522633744 0.039630836047774155
4 0.9974279835390947 0.496742671009772 0.00411522633744856 0.014115092290988056