4 0.8960674157303371 0.7138810198300283 0.007022471910112359 0.015580736543909348
7 0.9518960674157303 0.7220254957507082 0.037219101123595506 0.10198300283286119
4 0.8960674157303371 0.7308781869688386 0.006320224719101123 0.014872521246458924
4 0.9083567415730337 0.7464589235127479 0.011938202247191011 0.021246458923512748
4 0.8950140449438202 0.7602691218130312 0.011235955056179775 0.015580736543909348
23 0.1288623595505618 0.7535410764872521 0.021067415730337078 0.0084985835694051
4 0.19206460674157302 0.7595609065155807 0.09058988764044944 0.04320113314447592
23 0.5112359550561798 0.7825779036827195 0.008426966292134831 0.019830028328611898
23 0.4982443820224719 0.78328611898017 0.009831460674157303 0.017705382436260624
4 0.04037921348314607 0.06657223796033994 0.06671348314606741 0.04745042492917847
23 0.5533707865168539 0.7939093484419264 0.008426966292134831 0.018413597733711047
23 0.5646067415730337 0.7942634560906515 0.007022471910112359 0.019121813031161474
4 0.3890449438202247 0.7939093484419264 0.0175561797752809 0.007790368271954674
30 0.4273174157303371 0.7992209631728046 0.020365168539325844 0.026203966005665724
4 0.5793539325842697 0.8024079320113314 0.010533707865168539 0.019121813031161474
4 0.6077949438202247 0.8034702549575071 0.009831460674157303 0.019830028328611898
23 0.20224719101123595 0.7985127478753541 0.009831460674157303 0.0169971671388102
23 0.2893258426966292 0.8006373937677054 0.021067415730337078 0.012747875354107648
23 0.4683988764044944 0.8048866855524079 0.016151685393258428 0.007790368271954674
4 0.48735955056179775 0.80842776203966 0.010533707865168539 0.019121813031161474
4 0.5252808988764045 0.8123229461756374 0.013342696629213483 0.024787535410764873
23 0.4705056179775281 0.8133852691218131 0.016151685393258428 0.0084985835694051
23 0.28581460674157305 0.8119688385269122 0.0175561797752809 0.009206798866855524
23 0.3167134831460674 0.8126770538243626 0.016853932584269662 0.009915014164305949
4 0.5382724719101124 0.81657223796034 0.011235955056179775 0.0169971671388102
23 0.20540730337078653 0.07223796033994334 0.009129213483146067 0.016288951841359773
4 0.6759129213483146 0.8268413597733711 0.0702247191011236 0.06373937677053824
7 0.07338483146067416 0.8172804532577904 0.04564606741573034 0.306657223796034
4 0.4824438202247191 0.8250708215297451 0.016853932584269662 0.0113314447592068
4 0.26053370786516855 0.8211756373937678 0.007022471910112359 0.014872521246458924
23 0.09726123595505617 0.07152974504249292 0.007724719101123595 0.016288951841359773
23 0.3806179775280899 0.0768413597733711 0.016853932584269662 0.007082152974504249
30 0.18258426966292135 0.07365439093484419 0.016853932584269662 0.021246458923512748
4 0.3163623595505618 0.8378186968838527 0.014747191011235955 0.012039660056657223
4 0.6141151685393258 0.8445467422096318 0.009129213483146067 0.021246458923512748
4 0.6422050561797753 0.8512747875354107 0.018258426966292134 0.0113314447592068
15 0.2851123595505618 0.8463172804532578 0.03300561797752809 0.04815864022662889
15 0.5804073033707865 0.8541076487252125 0.04915730337078652 0.05028328611898017
23 0.8493679775280899 0.08781869688385269 0.007724719101123595 0.0169971671388102
23 0.1716994382022472 0.8541076487252125 0.018258426966292134 0.009915014164305949
4 0.6446629213483146 0.8636685552407932 0.021769662921348316 0.012039660056657223
4 0.4803370786516854 0.8675637393767706 0.0175561797752809 0.012039660056657223
23 0.5158005617977528 0.8714589235127479 0.01544943820224719 0.0084985835694051
4 0.6137640449438202 0.8739376770538244 0.010533707865168539 0.020538243626062325
23 0.16643258426966293 0.8675637393767706 0.02457865168539326 0.0113314447592068
4 0.7668539325842697 0.8852691218130312 0.06882022471910113 0.06657223796033994
23 0.46804775280898875 0.8813739376770539 0.016151685393258428 0.007790368271954674
23 0.5154494382022472 0.8834985835694051 0.016151685393258428 0.0084985835694051
23 0.31706460674157305 0.8820821529745042 0.0175561797752809 0.0084985835694051
4 0.38728932584269665 0.8834985835694051 0.019662921348314606 0.0113314447592068
4 0.48525280898876405 0.8856232294617564 0.011235955056179775 0.019830028328611898
23 0.27668539325842695 0.8820821529745042 0.018258426966292134 0.0084985835694051
23 0.4669943820224719 0.8902266288951841 0.016151685393258428 0.007790368271954674
30 0.42837078651685395 0.8905807365439093 0.023174157303370788 0.026912181303116147
23 0.5136938202247191 0.8962464589235127 0.0175561797752809 0.0084985835694051
23 0.2770365168539326 0.8919971671388102 0.021769662921348316 0.009206798866855524
4 0.6857443820224719 0.9001416430594901 0.06671348314606741 0.06657223796033994
4 0.3160112359550562 0.896600566572238 0.01544943820224719 0.009206798866855524
4 0.6028792134831461 0.9086402266288952 0.013342696629213483 0.021246458923512748
4 0.5639044943820225 0.9086402266288952 0.009831460674157303 0.021246458923512748
4 0.5758426966292135 0.9086402266288952 0.011938202247191011 0.021954674220963172
4 0.5495084269662921 0.9086402266288952 0.011938202247191011 0.021954674220963172
23 0.5354634831460674 0.921742209631728 0.016151685393258428 0.009206798866855524
23 0.33848314606741575 0.08498583569405099 0.016151685393258428 0.007082152974504249
23 0.35814606741573035 0.08569405099150142 0.016853932584269662 0.0084985835694051
23 0.33497191011235955 0.9206798866855525 0.01544943820224719 0.0084985835694051
23 0.46032303370786515 0.9231586402266289 0.018960674157303372 0.009206798866855524
23 0.35639044943820225 0.9213881019830028 0.016151685393258428 0.009206798866855524
4 0.4080056179775281 0.9259915014164306 0.006320224719101123 0.016288951841359773
30 0.38939606741573035 0.9281161473087819 0.025280898876404494 0.024787535410764873
7 0.8328651685393258 0.9405099150141643 0.16151685393258428 0.029745042492917848
23 0.30372191011235955 0.9394475920679887 0.007022471910112359 0.016288951841359773
4 0.31566011235955055 0.9398016997167139 0.007724719101123595 0.016288951841359773
30 0.33286516853932585 0.9412181303116147 0.019662921348314606 0.024787535410764873
23 0.3908005617977528 0.9475920679886686 0.018258426966292134 0.006373937677053824
23 0.3089887640449438 0.9539660056657224 0.016853932584269662 0.007082152974504249
23 0.3890449438202247 0.9557365439093485 0.0175561797752809 0.009206798866855524
30 0.1306179775280899 0.10764872521246459 0.018960674157303372 0.021954674220963172
4 0.5919943820224719 0.14907932011331446 0.06179775280898876 0.06373937677053824
23 0.8258426966292135 0.1763456090651558 0.019662921348314606 0.0084985835694051
4 0.2482443820224719 0.18024079320113315 0.05688202247191011 0.0708215297450425
4 0.6425561797752809 0.20856940509915015 0.042837078651685394 0.04886685552407932
4 0.7029494382022472 0.21529745042492918 0.05758426966292135 0.051699716713881017
4 0.5294943820224719 0.21352691218130312 0.054775280898876406 0.056657223796033995
4 0.4768258426966292 0.21246458923512748 0.021769662921348316 0.05311614730878187
4 0.2875702247191011 0.23406515580736545 0.06320224719101124 0.06515580736543909
4 0.14747191011235955 0.2415014164305949 0.11938202247191011 0.06019830028328612
4 0.35990168539325845 0.24610481586402266 0.02949438202247191 0.05453257790368272
4 0.7981039325842697 0.3155099150141643 0.056179775280898875 0.03541076487252125
4 0.8462078651685393 0.33109065155807366 0.04353932584269663 0.0708215297450425
23 0.543188202247191 0.3261331444759207 0.007724719101123595 0.018413597733711047
4 0.16081460674157302 0.34631728045325777 0.05407303370786517 0.07223796033994334
23 0.3395365168539326 0.351628895184136 0.008426966292134831 0.015580736543909348
23 0.38553370786516855 0.3590651558073654 0.0175561797752809 0.009206798866855524
4 0.2341994382022472 0.36012747875354106 0.08356741573033707 0.031161473087818695
23 0.36657303370786515 0.3771246458923513 0.011235955056179775 0.018413597733711047
23 0.3532303370786517 0.3778328611898017 0.011938202247191011 0.0169971671388102
23 0.4978932584269663 0.3810198300283286 0.01544943820224719 0.007082152974504249
4 0.8335674157303371 0.38703966005665724 0.030196629213483147 0.014872521246458924
23 0.41713483146067415 0.3895184135977337 0.016151685393258428 0.010623229461756374
4 0.3237359550561798 0.4004957507082153 0.009129213483146067 0.018413597733711047
7 0.9571629213483146 0.4178470254957507 0.033707865168539325 0.08498583569405099
23 0.3985252808988764 0.415014164305949 0.009129213483146067 0.019830028328611898
23 0.3609550561797753 0.415014164305949 0.012640449438202247 0.021246458923512748
23 0.5344101123595506 0.4206798866855524 0.016151685393258428 0.007082152974504249
4 0.7787921348314607 0.4256373937677054 0.05407303370786517 0.07790368271954674
23 0.3398876404494382 0.4213881019830028 0.016853932584269662 0.009206798866855524
23 0.2654494382022472 0.4203257790368272 0.018258426966292134 0.009915014164305949
7 0.07830056179775281 0.4252832861189802 0.060393258426966294 0.09135977337110482
23 0.3219803370786517 0.42988668555240794 0.007724719101123595 0.014164305949008499
23 0.26509831460674155 0.43271954674220964 0.0175561797752809 0.009206798866855524
23 0.39325842696629215 0.43555240793201133 0.019662921348314606 0.0113314447592068
23 0.4750702247191011 0.44157223796033995 0.0056179775280898875 0.015580736543909348
23 0.46418539325842695 0.44192634560906513 0.008426966292134831 0.015580736543909348
23 0.5589887640449438 0.4461756373937677 0.014044943820224719 0.0084985835694051
4 0.9020365168539326 0.47060906515580736 0.047050561797752806 0.06728045325779036
30 0.09936797752808989 0.03647308781869688 0.02598314606741573 0.0169971671388102
23 0.3985252808988764 0.054178470254957506 0.009831460674157303 0.018413597733711047
23 0.1836376404494382 0.05099150141643059 0.016853932584269662 0.009915014164305949
30 0.3792134831460674 0.05488668555240793 0.021067415730337078 0.021954674220963172
30 0.3539325842696629 0.05559490084985836 0.018960674157303372 0.021954674220963172
4 0.8964185393258427 0.6848441926345609 0.007724719101123595 0.0169971671388102
4 0.9090589887640449 0.6997167138810199 0.009129213483146067 0.017705382436260624