4 0.9740423387096774 0.6396761133603239 0.010584677419354838 0.008771929824561403
7 0.6043346774193549 0.5475708502024291 0.1219758064516129 0.4574898785425101
4 0.4196068548387097 0.006072874493927126 0.010584677419354838 0.008097165991902834
4 0.02721774193548387 0.3883265856950067 0.01965725806451613 0.030364372469635626
4 0.9712701612903226 0.6609311740890689 0.011592741935483871 0.009446693657219974
4 0.05141129032258065 0.4048582995951417 0.046370967741935484 0.058704453441295545
23 0.45211693548387094 0.5354251012145749 0.005544354838709678 0.01282051282051282
23 0.42338709677419356 0.5280026990553306 0.006048387096774193 0.01417004048582996
23 0.4128024193548387 0.5263157894736842 0.005544354838709678 0.01417004048582996
4 0.5665322580645161 0.5711875843454791 0.011592741935483871 0.02564102564102564
23 0.9047379032258065 0.6710526315789473 0.012096774193548387 0.008771929824561403
23 0.7207661290322581 0.09581646423751687 0.008568548387096774 0.016869095816464237
23 0.9029737903225806 0.6781376518218624 0.010584677419354838 0.008771929824561403
4 0.015372983870967742 0.4257759784075574 0.030745967741935484 0.05668016194331984
23 0.41557459677419356 0.5441970310391363 0.006048387096774193 0.0155195681511471
23 0.4264112903225806 0.5472334682860999 0.006048387096774193 0.01417004048582996
23 0.4206149193548387 0.5455465587044535 0.005544354838709678 0.0155195681511471
23 0.4100302419354839 0.5435222672064778 0.008064516129032258 0.017543859649122806
30 0.7323588709677419 0.10053981106612686 0.011088709677419355 0.017543859649122806
23 0.7416834677419355 0.1039136302294197 0.008064516129032258 0.016194331983805668
4 0.045110887096774195 0.4507422402159244 0.04788306451612903 0.058704453441295545
23 0.7643649193548387 0.11099865047233469 0.008568548387096774 0.016869095816464237
30 0.7535282258064516 0.10796221322537113 0.01310483870967742 0.016869095816464237
4 0.8966733870967742 0.7182860998650472 0.010584677419354838 0.010121457489878543
4 0.8296370967741935 0.6993927125506073 0.011592741935483871 0.008771929824561403
23 0.15700604838709678 0.5114709851551957 0.006048387096774193 0.014844804318488529
23 0.1514616935483871 0.5104588394062078 0.00655241935483871 0.01349527665317139
23 0.16280241935483872 0.5138326585695007 0.00655241935483871 0.01417004048582996
23 0.1461693548387097 0.5091093117408907 0.006048387096774193 0.01349527665317139
23 0.13961693548387097 0.507085020242915 0.007056451612903226 0.016194331983805668
7 0.9266633064516129 0.7311066126855601 0.10131048387096774 0.39203778677462886
4 0.013356854838709678 0.47199730094466935 0.026713709677419355 0.053306342780026994
7 0.6537298387096774 0.6555330634278003 0.1028225806451613 0.3974358974358974
7 0.7540322580645161 0.684885290148448 0.03225806451612903 0.04116059379217274
7 0.7230342741935484 0.676450742240216 0.10181451612903226 0.3960863697705803
7 0.8588709677419355 0.7159244264507423 0.10534274193548387 0.4001349527665317
7 0.7895665322580645 0.6977058029689609 0.10332661290322581 0.39541160593792174
23 0.1436491935483871 0.5242914979757085 0.00655241935483871 0.014844804318488529
23 0.14944556451612903 0.5266531713900134 0.00655241935483871 0.01417004048582996
4 0.04007056451612903 0.4959514170040486 0.046875 0.05735492577597841
23 0.15977822580645162 0.5300269905533064 0.005544354838709678 0.01417004048582996
23 0.15473790322580644 0.5286774628879892 0.005544354838709678 0.01417004048582996
4 0.553679435483871 0.6427125506072875 0.005544354838709678 0.01282051282051282
23 0.5085685483870968 0.6309041835357625 0.006048387096774193 0.01282051282051282
23 0.49193548387096775 0.6258434547908233 0.005544354838709678 0.01417004048582996
23 0.4962197580645161 0.6271929824561403 0.006048387096774193 0.012145748987854251
4 0.5410786290322581 0.6400134952766532 0.005544354838709678 0.01417004048582996
4 0.5486391129032258 0.6420377867746289 0.00655241935483871 0.01282051282051282
4 0.5370463709677419 0.6396761133603239 0.005040322580645161 0.010796221322537112
23 0.5035282258064516 0.6298920377867746 0.006048387096774193 0.01349527665317139
23 0.7472278225806451 0.7047908232118758 0.011592741935483871 0.009446693657219974
23 0.8923891129032258 0.7483130904183536 0.011592741935483871 0.008771929824561403
23 0.5514112903225806 0.6602564102564102 0.00655241935483871 0.01282051282051282
23 0.5060483870967742 0.6470985155195681 0.006048387096774193 0.014844804318488529
23 0.5463709677419355 0.6589068825910931 0.00655241935483871 0.01349527665317139
23 0.4886592741935484 0.6430499325236168 0.006048387096774193 0.01349527665317139
23 0.5015120967741935 0.6467611336032388 0.006048387096774193 0.01282051282051282
23 0.5252016129032258 0.6535087719298246 0.005544354838709678 0.01349527665317139
23 0.5098286290322581 0.6491228070175439 0.006048387096774193 0.014844804318488529
23 0.5201612903225806 0.6518218623481782 0.006048387096774193 0.01282051282051282
23 0.5383064516129032 0.6572199730094467 0.005544354838709678 0.012145748987854251
23 0.49243951612903225 0.6447368421052632 0.006048387096774193 0.01282051282051282
23 0.48462701612903225 0.6427125506072875 0.00655241935483871 0.01417004048582996
23 0.5342741935483871 0.6568825910931174 0.00655241935483871 0.01282051282051282
23 0.8079637096774194 0.7385290148448043 0.011592741935483871 0.009446693657219974
4 0.13356854838709678 0.5549932523616734 0.005040322580645161 0.01417004048582996
23 0.12903225806451613 0.5546558704453441 0.007056451612903226 0.01417004048582996
4 0.011340725806451613 0.5209176788124157 0.022681451612903226 0.05668016194331984
4 0.16910282258064516 0.5691632928475033 0.011088709677419355 0.008097165991902834
23 0.47857862903225806 0.6643049932523617 0.011088709677419355 0.008771929824561403
23 0.1693548387096774 0.5762483130904184 0.012600806451612902 0.010796221322537112
15 0.14793346774193547 0.5728744939271255 0.03276209677419355 0.04251012145748988
4 0.33795362903225806 0.0016869095816464238 0.012600806451612902 0.0033738191632928477
15 0.3797883064516129 0.02631578947368421 0.051915322580645164 0.05263157894736842
23 0.5433467741935484 0.6882591093117408 0.010584677419354838 0.007422402159244264
23 0.47757056451612906 0.6710526315789473 0.012600806451612902 0.008771929824561403
23 0.4049899193548387 0.017543859649122806 0.012096774193548387 0.009446693657219974
23 0.5423387096774194 0.6946693657219973 0.011088709677419355 0.010121457489878543
23 0.4765625 0.6774628879892037 0.011592741935483871 0.008771929824561403
4 0.4649697580645161 0.6747638326585695 0.011088709677419355 0.008771929824561403
15 0.5098286290322581 0.6916329284750338 0.0625 0.0641025641025641
23 0.5410786290322581 0.701417004048583 0.009072580645161291 0.006072874493927126
23 0.8165322580645161 0.7810391363022942 0.012096774193548387 0.009446693657219974
23 0.47580645161290325 0.684885290148448 0.010584677419354838 0.009446693657219974
23 0.4032258064516129 0.6656545209176788 0.00655241935483871 0.01349527665317139
23 0.4135584677419355 0.6686909581646424 0.00655241935483871 0.01349527665317139
23 0.39264112903225806 0.6626180836707153 0.00655241935483871 0.0155195681511471
23 0.39818548387096775 0.6643049932523617 0.006048387096774193 0.01349527665317139
23 0.4080141129032258 0.667004048582996 0.006048387096774193 0.01417004048582996
23 0.7998991935483871 0.7790148448043185 0.009072580645161291 0.008097165991902834
23 0.4183467741935484 0.6707152496626181 0.00655241935483871 0.01417004048582996
23 0.8830645161290323 0.8036437246963563 0.011592741935483871 0.009446693657219974
23 0.9576612903225806 0.8259109311740891 0.003528225806451613 0.006747638326585695
4 0.46244959677419356 0.6879217273954116 0.010584677419354838 0.008771929824561403
23 0.4735383064516129 0.691970310391363 0.010584677419354838 0.008097165991902834
4 0.9558971774193549 0.832995951417004 0.004032258064516129 0.005398110661268556
23 0.9473286290322581 0.8299595141700404 0.011592741935483871 0.008097165991902834
23 0.5383064516129032 0.7159244264507423 0.009072580645161291 0.006747638326585695
23 0.4730342741935484 0.6993927125506073 0.010080645161290322 0.008097165991902834
4 0.3298891129032258 0.6592442645074224 0.030745967741935484 0.04048582995951417
4 0.9551411290322581 0.8383940620782726 0.0045362903225806455 0.007422402159244264
4 0.38533266129032256 0.676450742240216 0.00655241935483871 0.01349527665317139
4 0.3755040322580645 0.6744264507422402 0.00655241935483871 0.01417004048582996
23 0.946320564516129 0.8367071524966262 0.011592741935483871 0.008771929824561403
23 0.5378024193548387 0.7226720647773279 0.011088709677419355 0.008771929824561403
23 0.5481350806451613 0.7260458839406208 0.011088709677419355 0.008771929824561403
23 0.36189516129032256 0.6744264507422402 0.010080645161290322 0.008771929824561403
23 0.46018145161290325 0.7024291497975709 0.012096774193548387 0.008771929824561403
23 0.4720262096774194 0.7058029689608637 0.009576612903225807 0.007422402159244264
4 0.3263608870967742 0.0016869095816464238 0.011592741935483871 0.0033738191632928477
4 0.9538810483870968 0.8464912280701754 0.0045362903225806455 0.008771929824561403
4 0.7434475806451613 0.786774628879892 0.009576612903225807 0.018218623481781375
23 0.9450604838709677 0.844804318488529 0.011592741935483871 0.010121457489878543
23 0.34954637096774194 0.6784750337381916 0.010584677419354838 0.008097165991902834
23 0.36038306451612906 0.6818488529014844 0.011592741935483871 0.009446693657219974
23 0.47076612903225806 0.713225371120108 0.009072580645161291 0.006747638326585695
23 0.45942540322580644 0.7105263157894737 0.011088709677419355 0.008771929824561403
23 0.9526209677419355 0.8532388663967612 0.005040322580645161 0.008097165991902834
23 0.3482862903225806 0.6865721997300944 0.011592741935483871 0.007422402159244264
23 0.9513608870967742 0.8606612685560054 0.005040322580645161 0.006747638326585695
23 0.9427923387096774 0.8593117408906883 0.011088709677419355 0.008771929824561403
23 0.3470262096774194 0.694331983805668 0.009576612903225807 0.008097165991902834
4 0.9508568548387096 0.8677462887989204 0.004032258064516129 0.008771929824561403
4 0.5226814516129032 0.7466261808367072 0.005040322580645161 0.01417004048582996
4 0.5052923387096774 0.7422402159244265 0.007056451612903226 0.01417004048582996
4 0.5181451612903226 0.7459514170040485 0.008064516129032258 0.016194331983805668
30 0.07585685483870967 0.6201079622132254 0.05897177419354839 0.06275303643724696
4 0.5100806451612904 0.7442645074224021 0.007560483870967742 0.0155195681511471
30 0.1353326612903226 0.6390013495276653 0.0655241935483871 0.06612685560053981
23 0.3503024193548387 0.009109311740890687 0.010080645161290322 0.007422402159244264
30 0.19682459677419356 0.6572199730094467 0.06451612903225806 0.06612685560053981
4 0.9493447580645161 0.8744939271255061 0.0045362903225806455 0.008097165991902834
4 0.2535282258064516 0.6767881241565452 0.056451612903225805 0.07692307692307693
23 0.9405241935483871 0.8738191632928475 0.011592741935483871 0.009446693657219974
4 0.9478326612903226 0.8805668016194332 0.005544354838709678 0.008097165991902834
23 0.34450604838709675 0.7101889338731444 0.009576612903225807 0.008771929824561403
4 0.9475806451612904 0.8876518218623481 0.004032258064516129 0.006747638326585695
23 0.3548387096774194 0.7192982456140351 0.010584677419354838 0.008771929824561403
23 0.9372479838709677 0.893387314439946 0.011088709677419355 0.007422402159244264
7 0.5584677419354839 0.07017543859649122 0.20161290322580644 0.09379217273954116
23 0.3419858870967742 0.7260458839406208 0.010584677419354838 0.008771929824561403
23 0.9362399193548387 0.9001349527665317 0.010584677419354838 0.008097165991902834
4 0.9445564516129032 0.9031713900134952 0.005040322580645161 0.007422402159244264
23 0.3409778225806452 0.7327935222672065 0.011592741935483871 0.010121457489878543
23 0.9342237903225806 0.9139676113360324 0.011088709677419355 0.008771929824561403
4 0.6565020161290323 0.8390688259109311 0.02217741935483871 0.030364372469635626
30 0.19128024193548387 0.7182860998650472 0.05141129032258065 0.06072874493927125
30 0.06149193548387097 0.6815114709851552 0.06451612903225806 0.06680161943319839
4 0.3359375 0.011133603238866396 0.010080645161290322 0.010121457489878543
30 0.12701612903225806 0.7007422402159245 0.06754032258064516 0.06680161943319839
4 0.2908266129032258 0.7503373819163293 0.057459677419354836 0.07624831309041835
23 0.782258064516129 0.8940620782726046 0.005544354838709678 0.01417004048582996
4 0.8014112903225806 0.8997975708502024 0.006048387096774193 0.01282051282051282
23 0.7963709677419355 0.898110661268556 0.005040322580645161 0.01282051282051282
23 0.7860383064516129 0.8960863697705803 0.005544354838709678 0.01282051282051282
4 0.7918346774193549 0.8977732793522267 0.0045362903225806455 0.011470985155195682
23 0.3485383064516129 0.0155195681511471 0.011088709677419355 0.008097165991902834
4 0.24294354838709678 0.7462887989203779 0.055443548387096774 0.08636977058029689
23 0.3800403225806452 0.7908232118758435 0.009576612903225807 0.008097165991902834
23 0.4793346774193548 0.8211875843454791 0.005544354838709678 0.01417004048582996
23 0.018901209677419355 0.6899460188933874 0.007560483870967742 0.016194331983805668
23 0.4735383064516129 0.8195006747638327 0.00655241935483871 0.01282051282051282
4 0.4309475806451613 0.808029689608637 0.026713709677419355 0.03576248313090418
4 0.46799395161290325 0.8184885290148448 0.005544354838709678 0.01349527665317139
4 0.48412298387096775 0.8232118758434548 0.006048387096774193 0.01417004048582996
4 0.41557459677419356 0.03508771929824561 0.012096774193548387 0.009446693657219974
4 0.02620967741935484 0.6936572199730094 0.00655241935483871 0.01417004048582996
23 0.7704133064516129 0.9095816464237517 0.005040322580645161 0.012145748987854251
23 0.7847782258064516 0.9136302294197031 0.005544354838709678 0.014844804318488529
23 0.7658770161290323 0.9089068825910931 0.005544354838709678 0.01417004048582996
23 0.7741935483870968 0.9112685560053981 0.005544354838709678 0.01282051282051282
23 0.4032258064516129 0.032388663967611336 0.01310483870967742 0.010121457489878543
23 0.7515120967741935 0.9048582995951417 0.006048387096774193 0.014844804318488529
23 0.7613407258064516 0.9075573549257759 0.005544354838709678 0.01349527665317139
23 0.7905745967741935 0.9159919028340081 0.006048387096774193 0.014844804318488529
23 0.7570564516129032 0.9062078272604588 0.005544354838709678 0.01417004048582996
23 0.7464717741935484 0.9041835357624831 0.006048387096774193 0.01282051282051282
23 0.7792338709677419 0.9132928475033738 0.005040322580645161 0.01349527665317139
23 0.6645665322580645 0.8876518218623481 0.00655241935483871 0.0155195681511471
4 0.6685987903225806 0.888663967611336 0.006048387096774193 0.014844804318488529
23 0.6736391129032258 0.8900134952766532 0.006048387096774193 0.014844804318488529
23 0.3863407258064516 0.8097165991902834 0.009576612903225807 0.008097165991902834
23 0.3971774193548387 0.812753036437247 0.009576612903225807 0.007422402159244264
23 0.3755040322580645 0.8066801619433198 0.010080645161290322 0.007422402159244264
23 0.7293346774193549 0.9089068825910931 0.010080645161290322 0.008771929824561403
23 0.5080645161290323 0.8512145748987854 0.005544354838709678 0.01417004048582996
23 0.5032762096774194 0.8498650472334683 0.006048387096774193 0.01417004048582996
23 0.5136088709677419 0.8529014844804319 0.00655241935483871 0.014844804318488529
4 0.8082157258064516 0.9375843454790823 0.008064516129032258 0.017543859649122806
23 0.7774697580645161 0.9294871794871795 0.005040322580645161 0.011470985155195682
4 0.5395665322580645 0.8616734143049932 0.006048387096774193 0.01417004048582996
4 0.547883064516129 0.8640350877192983 0.005544354838709678 0.01282051282051282
23 0.8190524193548387 0.9412955465587044 0.006048387096774193 0.01349527665317139
4 0.7736895161290323 0.9281376518218624 0.006048387096774193 0.01282051282051282
4 0.0045362903225806455 0.7101889338731444 0.007056451612903226 0.016194331983805668
23 0.7867943548387096 0.9328609986504723 0.00655241935483871 0.014844804318488529
4 0.7484879032258065 0.921727395411606 0.005040322580645161 0.01282051282051282
4 0.8021673387096774 0.937246963562753 0.005544354838709678 0.01417004048582996
23 0.764616935483871 0.926450742240216 0.006048387096774193 0.01282051282051282
23 0.8145161290322581 0.9406207827260459 0.005544354838709678 0.01417004048582996
4 0.7522681451612904 0.9230769230769231 0.00655241935483871 0.01349527665317139
4 0.7608366935483871 0.9254385964912281 0.005040322580645161 0.01349527665317139
4 0.7913306451612904 0.9338731443994602 0.005040322580645161 0.01349527665317139
4 0.7563004032258065 0.9240890688259109 0.005544354838709678 0.01282051282051282
4 0.7691532258064516 0.9278002699055331 0.005544354838709678 0.012145748987854251
4 0.7817540322580645 0.9318488529014844 0.005040322580645161 0.011470985155195682
23 0.9080141129032258 0.967948717948718 0.00655241935483871 0.01349527665317139
4 0.913054435483871 0.9692982456140351 0.007560483870967742 0.016194331983805668
23 0.5569556451612904 0.8721322537112011 0.006048387096774193 0.01417004048582996
23 0.6890120967741935 0.9132928475033738 0.012096774193548387 0.009446693657219974
23 0.6343245967741935 0.900472334682861 0.011592741935483871 0.009446693657219974
23 0.0733366935483871 0.742914979757085 0.00655241935483871 0.01417004048582996
15 0.8686995967741935 0.9618758434547908 0.07913306451612903 0.07489878542510121
23 0.6880040322580645 0.9224021592442645 0.011592741935483871 0.010796221322537112
4 0.9059979838709677 0.9844804318488529 0.005544354838709678 0.01349527665317139
4 0.6033266129032258 0.9011470985155196 0.00655241935483871 0.01417004048582996
23 0.5977822580645161 0.8997975708502024 0.007056451612903226 0.016194331983805668
15 0.015625 0.7341430499325237 0.029737903225806453 0.0465587044534413
23 0.5814012096774194 0.895748987854251 0.010584677419354838 0.008771929824561403
4 0.5443548387096774 0.8852901484480432 0.005040322580645161 0.01282051282051282
23 0.4329637096774194 0.8549257759784076 0.010080645161290322 0.007422402159244264
4 0.4223790322580645 0.851889338731444 0.010080645161290322 0.008097165991902834
23 0.44380040322580644 0.8579622132253711 0.010080645161290322 0.008771929824561403
23 0.4705141129032258 0.8670715249662618 0.011088709677419355 0.008097165991902834
23 0.48185483870967744 0.8707827260458839 0.010080645161290322 0.008097165991902834
23 0.6867439516129032 0.9298245614035088 0.011088709677419355 0.009446693657219974
4 0.23412298387096775 0.8022941970310391 0.02721774193548387 0.03643724696356275
23 0.5803931451612904 0.902834008097166 0.010080645161290322 0.007422402159244264
4 0.4805947580645161 0.8788798920377868 0.010584677419354838 0.007422402159244264
4 0.3180443548387097 0.016531713900134953 0.029233870967741934 0.033063427800269905
23 0.3470262096774194 0.021929824561403508 0.011088709677419355 0.008097165991902834
4 0.2545362903225806 0.00775978407557355 0.028225806451612902 0.0155195681511471
23 0.6305443548387096 0.9240890688259109 0.011088709677419355 0.009446693657219974
23 0.5786290322580645 0.909919028340081 0.010584677419354838 0.009446693657219974
4 0.6176915322580645 0.9210526315789473 0.011088709677419355 0.009446693657219974
4 0.3346774193548387 0.018893387314439947 0.009072580645161291 0.008097165991902834
4 0.4793346774193548 0.8859649122807017 0.010080645161290322 0.008771929824561403
23 0.6287802419354839 0.9311740890688259 0.010584677419354838 0.008097165991902834
23 0.5776209677419355 0.9173414304993253 0.010080645161290322 0.008097165991902834
4 0.6169354838709677 0.9291497975708503 0.011592741935483871 0.009446693657219974
4 0.4664818548387097 0.8900134952766532 0.010080645161290322 0.007422402159244264
23 0.4783266129032258 0.893387314439946 0.010584677419354838 0.008097165991902834
23 0.5768649193548387 0.9240890688259109 0.010080645161290322 0.008771929824561403
23 0.6859879032258065 0.9551282051282052 0.006048387096774193 0.01282051282051282
4 0.41507056451612906 0.04251012145748988 0.012096774193548387 0.009446693657219974
23 0.4022177419354839 0.038798920377867745 0.01310483870967742 0.009446693657219974
23 0.9876512096774194 0.20614035087719298 0.010584677419354838 0.008097165991902834
23 0.6804435483870968 0.9534412955465587 0.007056451612903226 0.01282051282051282
4 0.6151713709677419 0.9362348178137652 0.010584677419354838 0.008771929824561403
23 0.4770665322580645 0.900472334682861 0.011592741935483871 0.009446693657219974
4 0.4657258064516129 0.8974358974358975 0.009576612903225807 0.007422402159244264
23 0.9969758064516129 0.2101889338731444 0.005040322580645161 0.008771929824561403
15 0.5524193548387096 0.9234143049932524 0.04284274193548387 0.05735492577597841
4 0.5758568548387096 0.9308367071524967 0.010584677419354838 0.010121457489878543
15 0.7726814516129032 0.9652496626180836 0.09778225806451613 0.06815114709851552
23 0.6842237903225806 0.9689608636977058 0.00655241935483871 0.01417004048582996
23 0.5743447580645161 0.9379217273954116 0.011088709677419355 0.008771929824561403
23 0.6781754032258065 0.9672739541160594 0.008064516129032258 0.016194331983805668
4 0.6018145161290323 0.9595141700404858 0.011592741935483871 0.008097165991902834
23 0.5176411290322581 0.9500674763832658 0.010080645161290322 0.007422402159244264
4 0.569304435483871 0.9652496626180836 0.005544354838709678 0.01282051282051282
4 0.5269657258064516 0.9541160593792173 0.005544354838709678 0.01282051282051282
4 0.5647681451612904 0.9649122807017544 0.005544354838709678 0.01349527665317139
4 0.5740927419354839 0.9672739541160594 0.006048387096774193 0.01349527665317139
4 0.5564516129032258 0.9625506072874493 0.005544354838709678 0.01349527665317139
4 0.5609879032258065 0.9635627530364372 0.005544354838709678 0.01417004048582996
4 0.5332661290322581 0.9558029689608637 0.008568548387096774 0.018218623481781375
4 0.5524193548387096 0.9612010796221323 0.005544354838709678 0.012145748987854251
4 0.5395665322580645 0.9574898785425101 0.006048387096774193 0.01349527665317139
4 0.5435987903225806 0.9588394062078273 0.0045362903225806455 0.012145748987854251
4 0.5476310483870968 0.9598515519568152 0.005040322580645161 0.011470985155195682
23 0.4939516129032258 0.9507422402159245 0.009576612903225807 0.008771929824561403
23 0.49294354838709675 0.9574898785425101 0.009576612903225807 0.008097165991902834
23 0.48286290322580644 0.9544534412955465 0.010584677419354838 0.008771929824561403
23 0.3465221774193548 0.029352226720647773 0.010080645161290322 0.008771929824561403
4 0.3341733870967742 0.02564102564102564 0.012096774193548387 0.010796221322537112
23 0.6582661290322581 0.1194331983805668 0.012600806451612902 0.011470985155195682
4 0.41381048387096775 0.04993252361673414 0.012600806451612902 0.009446693657219974
23 0.40045362903225806 0.04588394062078273 0.01310483870967742 0.010796221322537112
4 0.9866431451612904 0.21356275303643724 0.010080645161290322 0.008771929824561403
23 0.9959677419354839 0.21963562753036436 0.007056451612903226 0.010121457489878543
4 0.41255040322580644 0.05701754385964912 0.010584677419354838 0.007422402159244264
23 0.3996975806451613 0.053306342780026994 0.01310483870967742 0.010121457489878543
30 0.9848790322580645 0.22807017543859648 0.012600806451612902 0.016194331983805668
30 0.9949596774193549 0.23515519568151147 0.009072580645161291 0.020917678812415654
4 0.5554435483870968 0.11167341430499325 0.03780241935483871 0.05195681511470985
23 0.983366935483871 0.24021592442645073 0.011088709677419355 0.008771929824561403
23 0.3465221774193548 0.06511470985155196 0.007560483870967742 0.017543859649122806
23 0.3399697580645161 0.0641025641025641 0.007056451612903226 0.0155195681511471
4 0.9821068548387096 0.24730094466936572 0.010584677419354838 0.008771929824561403
30 0.993195564516129 0.2540485829959514 0.012600806451612902 0.018218623481781375
23 0.9810987903225806 0.25472334682861 0.011088709677419355 0.008097165991902834
23 0.7525201612903226 0.1946693657219973 0.007560483870967742 0.017543859649122806
4 0.7752016129032258 0.20107962213225372 0.006048387096774193 0.01349527665317139
23 0.7525201612903226 0.19534412955465588 0.006048387096774193 0.01417004048582996
4 0.7691532258064516 0.20006747638326586 0.00655241935483871 0.0155195681511471
23 0.6948084677419355 0.1788124156545209 0.007560483870967742 0.0155195681511471
4 0.9798387096774194 0.26214574898785425 0.011592741935483871 0.010121457489878543
23 0.9783266129032258 0.2692307692307692 0.012096774193548387 0.010121457489878543
7 0.3407258064516129 0.0931174089068826 0.5544354838709677 0.1862348178137652
4 0.8041834677419355 0.21963562753036436 0.010080645161290322 0.009446693657219974
4 0.7908266129032258 0.2165991902834008 0.011088709677419355 0.007422402159244264
23 0.9569052419354839 0.26383265856950067 0.006048387096774193 0.014844804318488529
23 0.7895665322580645 0.2236842105263158 0.011592741935483871 0.008097165991902834
4 0.8016633064516129 0.23313090418353577 0.010080645161290322 0.008771929824561403
23 0.7885584677419355 0.2304318488529015 0.011592741935483871 0.008097165991902834
4 0.6577620967741935 0.19365721997300944 0.010584677419354838 0.008097165991902834
23 0.8004032258064516 0.24055330634278002 0.010080645161290322 0.007422402159244264
23 0.7875504032258065 0.23684210526315788 0.012096774193548387 0.010121457489878543
4 0.6685987903225806 0.20445344129554655 0.012096774193548387 0.008771929824561403
4 0.7986391129032258 0.247638326585695 0.011088709677419355 0.009446693657219974
23 0.9470766129032258 0.29959514170040485 0.007056451612903226 0.016194331983805668
23 0.9392641129032258 0.29790823211875844 0.006048387096774193 0.014844804318488529
7 0.3389616935483871 0.12887989203778677 0.563508064516129 0.20040485829959515
23 0.9886592741935484 0.3168016194331984 0.011088709677419355 0.008771929824561403
23 0.9967237903225806 0.3208502024291498 0.005544354838709678 0.008771929824561403
4 0.6522177419354839 0.22267206477732793 0.009576612903225807 0.008097165991902834
4 0.6517137096774194 0.22941970310391363 0.011088709677419355 0.008097165991902834
15 0.7210181451612904 0.26686909581646423 0.11441532258064516 0.15182186234817813
4 0.6116431451612904 0.24426450742240216 0.01663306451612903 0.01349527665317139
7 0.3293850806451613 0.1720647773279352 0.5599798387096774 0.20715249662618085
23 0.7749495967741935 0.31275303643724695 0.010080645161290322 0.008097165991902834
23 0.7741935483870968 0.3184885290148448 0.011592741935483871 0.007422402159244264
4 0.7731854838709677 0.32388663967611336 0.010080645161290322 0.008771929824561403
4 0.7726814516129032 0.33063427800269907 0.011088709677419355 0.009446693657219974
23 0.44380040322580644 0.2412280701754386 0.00655241935483871 0.01349527665317139
23 0.4480846774193548 0.242914979757085 0.00655241935483871 0.01417004048582996
23 0.7716733870967742 0.33738191632928477 0.012600806451612902 0.010796221322537112
23 0.4170866935483871 0.23650472334682862 0.006048387096774193 0.01417004048582996
23 0.4269153225806452 0.2392037786774629 0.00655241935483871 0.014844804318488529
23 0.41305443548387094 0.23582995951417005 0.006048387096774193 0.01282051282051282
23 0.4223790322580645 0.23852901484480432 0.005544354838709678 0.01349527665317139
30 0.6144153225806451 0.29520917678812414 0.015120967741935484 0.020917678812415654
4 0.5383064516129032 0.2742914979757085 0.02469758064516129 0.03441295546558704
4 0.09727822580645161 0.14878542510121456 0.03528225806451613 0.04723346828609987
4 0.7701612903225806 0.34379217273954116 0.009576612903225807 0.008097165991902834
23 0.6696068548387096 0.05229419703103914 0.011088709677419355 0.010121457489878543
4 0.6698588709677419 0.32219973009446695 0.010080645161290322 0.008771929824561403
4 0.6827116935483871 0.3255735492577598 0.009576612903225807 0.008771929824561403
23 0.4107862903225806 0.25101214574898784 0.007560483870967742 0.01417004048582996
23 0.40725806451612906 0.25 0.006048387096774193 0.01417004048582996
4 0.6217237903225806 0.3117408906882591 0.011088709677419355 0.008097165991902834
23 0.41507056451612906 0.25303643724696356 0.00655241935483871 0.01417004048582996
23 0.41935483870967744 0.2550607287449393 0.00655241935483871 0.014844804318488529
23 0.42288306451612906 0.2560728744939271 0.006048387096774193 0.014844804318488529
23 0.7379032258064516 0.34885290148448045 0.007056451612903226 0.01417004048582996
23 0.7318548387096774 0.347165991902834 0.007560483870967742 0.01417004048582996
23 0.7421875 0.35020242914979755 0.005544354838709678 0.01349527665317139
23 0.7472278225806451 0.3515519568151147 0.007560483870967742 0.01417004048582996
23 0.7190020161290323 0.34379217273954116 0.005040322580645161 0.0155195681511471
23 0.7076612903225806 0.3410931174089069 0.00655241935483871 0.01417004048582996
23 0.7258064516129032 0.34615384615384615 0.008064516129032258 0.016869095816464237
23 0.6819556451612904 0.33367071524966263 0.011592741935483871 0.007422402159244264
23 0.6696068548387096 0.33029689608636975 0.011088709677419355 0.007422402159244264
23 0.7583165322580645 0.35560053981106615 0.007056451612903226 0.0155195681511471
23 0.7515120967741935 0.3535762483130904 0.007056451612903226 0.016194331983805668
4 0.7129536290322581 0.3427800269905533 0.00655241935483871 0.014844804318488529
23 0.7026209677419355 0.34041835357624833 0.007056451612903226 0.016194331983805668
4 0.6683467741935484 0.3360323886639676 0.009072580645161291 0.007422402159244264
4 0.5246975806451613 0.29520917678812414 0.006048387096774193 0.01282051282051282
4 0.6809475806451613 0.3410931174089069 0.010080645161290322 0.007422402159244264
4 0.4856350806451613 0.2854251012145749 0.03578629032258065 0.047908232118758436
4 0.0751008064516129 0.17408906882591094 0.021169354838709676 0.02834008097165992
4 0.6799395161290323 0.347165991902834 0.011088709677419355 0.009446693657219974
23 0.7348790322580645 0.3647098515519568 0.006048387096774193 0.01282051282051282
4 0.7391633064516129 0.36605937921727394 0.005544354838709678 0.0155195681511471
4 0.7149697580645161 0.358974358974359 0.00655241935483871 0.01417004048582996
23 0.7298387096774194 0.36403508771929827 0.00655241935483871 0.014844804318488529
23 0.75 0.3697705802968961 0.007056451612903226 0.014844804318488529
23 0.7232862903225806 0.36201079622132254 0.00655241935483871 0.014844804318488529
23 0.7552923387096774 0.37112010796221323 0.007560483870967742 0.014844804318488529
23 0.7444556451612904 0.36875843454790824 0.007560483870967742 0.016194331983805668
4 0.5992943548387096 0.3316464237516869 0.03578629032258065 0.0465587044534413
4 0.5221774193548387 0.3117408906882591 0.005040322580645161 0.012145748987854251
7 0.5670362903225806 0.038798920377867745 0.20262096774193547 0.07759784075573549
30 0.5602318548387096 0.3316464237516869 0.03225806451612903 0.05465587044534413
4 0.7474798387096774 0.3849527665317139 0.006048387096774193 0.01417004048582996
4 0.7530241935483871 0.3869770580296896 0.006048387096774193 0.014844804318488529
4 0.7361391129032258 0.38225371120107965 0.006048387096774193 0.0155195681511471
23 0.5254536290322581 0.3272604588394062 0.011088709677419355 0.008097165991902834
23 0.5241935483870968 0.3343454790823212 0.010080645161290322 0.008097165991902834
4 0.5063004032258065 0.3299595141700405 0.011592741935483871 0.024291497975708502
4 0.7227822580645161 0.3917004048582996 0.007056451612903226 0.0155195681511471
4 0.5803931451612904 0.35458839406207826 0.018649193548387098 0.016869095816464237
4 0.5219254032258065 0.34885290148448045 0.011088709677419355 0.007422402159244264
4 0.7207661290322581 0.40823211875843457 0.006048387096774193 0.01417004048582996
23 0.7497479838709677 0.41734143049932526 0.010584677419354838 0.008771929824561403
23 0.7663810483870968 0.4227395411605938 0.011088709677419355 0.008097165991902834
4 0.5317540322580645 0.3647098515519568 0.010584677419354838 0.008097165991902834
15 0.5582157258064516 0.39304993252361675 0.03225806451612903 0.03441295546558704
4 0.5282258064516129 0.3873144399460189 0.009576612903225807 0.007422402159244264
4 0.5274697580645161 0.39473684210526316 0.010080645161290322 0.009446693657219974
23 0.5587197580645161 0.41869095816464236 0.00655241935483871 0.014844804318488529
4 0.5640120967741935 0.42105263157894735 0.006048387096774193 0.01349527665317139
4 0.547883064516129 0.41632928475033737 0.005040322580645161 0.014844804318488529
23 0.553679435483871 0.4180161943319838 0.00655241935483871 0.01282051282051282
15 0.08215725806451613 0.2857624831309042 0.04133064516129032 0.05060728744939271
23 0.5246975806451613 0.41194331983805665 0.010584677419354838 0.008097165991902834
4 0.5350302419354839 0.4224021592442645 0.009576612903225807 0.008097165991902834
23 0.5241935483870968 0.41936572199730093 0.011088709677419355 0.008771929824561403
4 0.5226814516129032 0.4257759784075574 0.010584677419354838 0.008771929824561403
4 0.5337701612903226 0.42948717948717946 0.011592741935483871 0.009446693657219974
4 0.5735887096774194 0.44568151147098517 0.036290322580645164 0.048582995951417005
4 0.9231350806451613 0.5543184885290149 0.011088709677419355 0.008771929824561403
4 0.5877016129032258 0.46356275303643724 0.010080645161290322 0.008097165991902834
23 0.5194052419354839 0.44568151147098517 0.009072580645161291 0.005398110661268556
23 0.9226310483870968 0.5617408906882592 0.011088709677419355 0.008771929824561403
23 0.5176411290322581 0.4534412955465587 0.011592741935483871 0.010121457489878543
4 0.5294858870967742 0.45681511470985153 0.012600806451612902 0.011470985155195682
23 0.9211189516129032 0.5681511470985156 0.010584677419354838 0.007422402159244264
23 0.421875 0.002699055330634278 0.012096774193548387 0.005398110661268556
4 0.4329637096774194 0.004048582995951417 0.011088709677419355 0.008097165991902834
23 0.31275201612903225 0.4143049932523617 0.007056451612903226 0.01417004048582996
23 0.30670362903225806 0.4132928475033738 0.005040322580645161 0.01417004048582996
23 0.2963709677419355 0.41025641025641024 0.007056451612903226 0.01417004048582996
23 0.3016633064516129 0.41261808367071523 0.007056451612903226 0.01349527665317139
4 0.03704637096774194 0.3427800269905533 0.019153225806451613 0.02564102564102564
4 0.060735887096774195 0.35560053981106615 0.04435483870967742 0.0553306342780027
30 0.5640120967741935 0.49966261808367074 0.03528225806451613 0.05195681511470985
4 0.9148185483870968 0.6062753036437247 0.010584677419354838 0.009446693657219974
4 0.8470262096774194 0.5890688259109311 0.010584677419354838 0.009446693657219974
4 0.028981854838709676 0.36403508771929827 0.020161290322580645 0.02496626180836707