4 0.6657331975560081 0.373046875 0.0050916496945010185 0.07421875
4 0.9979633401221996 0.427734375 0.003564154786150713 0.08984375
4 0.9921079429735234 0.42578125 0.00560081466395112 0.07421875
30 0.655040733197556 0.380859375 0.01120162932790224 0.09375
30 0.6412932790224033 0.37890625 0.012219959266802444 0.09375
4 0.5664460285132383 0.404296875 0.003564154786150713 0.0546875
23 0.6306008146639511 0.412109375 0.004582484725050916 0.07421875
4 0.5822301425661914 0.41015625 0.003564154786150713 0.0546875
4 0.18508146639511203 0.37109375 0.012219959266802444 0.13671875
4 0.9404276985743381 0.48828125 0.004582484725050916 0.0703125
4 0.6112525458248472 0.44921875 0.004582484725050916 0.078125
4 0.6224541751527495 0.44921875 0.00560081466395112 0.078125
23 0.01094704684317719 0.375 0.004582484725050916 0.07421875
4 0.1494399185336049 0.4140625 0.00560081466395112 0.0703125
4 0.14332993890020368 0.4140625 0.004582484725050916 0.07421875
4 0.8615071283095723 0.513671875 0.0050916496945010185 0.0703125
4 0.1560590631364562 0.41796875 0.004582484725050916 0.08203125
4 0.16216904276985744 0.419921875 0.0050916496945010185 0.0703125
4 0.8411405295315683 0.509765625 0.004582484725050916 0.0703125
4 0.1234725050916497 0.4140625 0.0050916496945010185 0.0703125
4 0.16929735234215887 0.419921875 0.0050916496945010185 0.0703125
23 0.13009164969450102 0.416015625 0.0050916496945010185 0.078125
23 0.03538696537678208 0.40234375 0.004582484725050916 0.07421875
4 0.13671079429735233 0.416015625 0.00560081466395112 0.07421875
23 0.01705702647657841 0.404296875 0.004582484725050916 0.06640625
23 0.029276985743380855 0.40625 0.004582484725050916 0.0703125
23 0.023167006109979633 0.404296875 0.004582484725050916 0.07421875
23 0.0414969450101833 0.408203125 0.004582484725050916 0.0703125
23 0.048116089613034624 0.408203125 0.00560081466395112 0.08203125
23 0.6369653767820774 0.498046875 0.004582484725050916 0.06640625
23 0.6435845213849287 0.5 0.004582484725050916 0.0703125
23 0.629837067209776 0.498046875 0.00560081466395112 0.07421875
4 0.9979633401221996 0.56640625 0.003054989816700611 0.078125
4 0.9867617107942973 0.568359375 0.006109979633401222 0.08203125
23 0.9928716904276986 0.58203125 0.004073319755600814 0.0546875
4 0.5285132382892057 0.54296875 0.004073319755600814 0.05078125
4 0.5346232179226069 0.54296875 0.003054989816700611 0.0546875
4 0.5234215885947047 0.54296875 0.003564154786150713 0.05078125
4 0.5412423625254582 0.548828125 0.004073319755600814 0.0546875
4 0.8276476578411406 0.59765625 0.004073319755600814 0.07421875
4 0.8546334012219959 0.6015625 0.004582484725050916 0.06640625
23 0.8215376782077393 0.59765625 0.004582484725050916 0.0703125
23 0.8403767820773931 0.599609375 0.0050916496945010185 0.0703125
23 0.8469959266802444 0.60546875 0.00560081466395112 0.07421875
23 0.8342668024439919 0.603515625 0.004582484725050916 0.0703125
23 0.649949083503055 0.6171875 0.004582484725050916 0.0703125
4 0.6025967413441955 0.611328125 0.003564154786150713 0.046875
4 0.5287678207739308 0.61328125 0.004073319755600814 0.05078125
4 0.5236761710794298 0.6171875 0.004073319755600814 0.0546875
4 0.5338594704684317 0.62109375 0.0050916496945010185 0.06640625
4 0.5404786150712831 0.626953125 0.0050916496945010185 0.07421875
4 0.9004582484725051 0.677734375 0.004582484725050916 0.06640625
4 0.9177698574338086 0.681640625 0.004073319755600814 0.06640625
4 0.9116598778004074 0.68359375 0.004073319755600814 0.06640625
30 0.9406822810590632 0.69140625 0.012219959266802444 0.1015625
15 0.6377291242362525 0.650390625 0.010692464358452138 0.07421875
4 0.5511710794297352 0.66015625 0.003564154786150713 0.05859375
4 0.5460794297352343 0.658203125 0.0025458248472505093 0.046875
4 0.6242362525458248 0.685546875 0.008655804480651732 0.13671875
4 0.6573319755600815 0.693359375 0.003564154786150713 0.046875
23 0.6670061099796334 0.693359375 0.003054989816700611 0.05078125
23 0.6619144602851323 0.693359375 0.003054989816700611 0.05078125
23 0.6496945010183299 0.703125 0.004582484725050916 0.0703125
4 0.6008146639511202 0.701171875 0.004073319755600814 0.05078125
4 0.9302443991853361 0.7578125 0.004582484725050916 0.06640625
4 0.5330957230142567 0.70703125 0.004073319755600814 0.0703125
4 0.9103869653767821 0.765625 0.004073319755600814 0.0703125
4 0.5514256619144603 0.7265625 0.003564154786150713 0.0546875
15 0.8503054989816701 0.76953125 0.019348268839103868 0.14453125
23 0.9429735234215886 0.79296875 0.00560081466395112 0.0625
23 0.9368635437881874 0.79296875 0.0050916496945010185 0.0703125
4 0.9518839103869654 0.830078125 0.009164969450101833 0.1328125
4 0.630091649694501 0.802734375 0.004073319755600814 0.06640625
23 0.6494399185336049 0.80859375 0.004582484725050916 0.06640625
4 0.5669551934826884 0.826171875 0.003564154786150713 0.05078125
23 0.5608452138492872 0.8359375 0.004582484725050916 0.0703125
15 0.6611507128309573 0.896484375 0.010692464358452138 0.11328125
15 0.5916496945010183 0.90625 0.010692464358452138 0.1171875
15 0.6374745417515275 0.931640625 0.010183299389002037 0.0859375
4 0.9577393075356415 0.962890625 0.007128309572301426 0.06640625
4 0.6028513238289206 0.935546875 0.0025458248472505093 0.05078125
23 0.6486761710794298 0.95703125 0.00560081466395112 0.0703125
4 0.8314663951120163 0.978515625 0.0050916496945010185 0.03515625
4 0.824847250509165 0.9765625 0.0050916496945010185 0.0390625
4 0.46283095723014256 0.255859375 0.003564154786150713 0.05078125
4 0.48370672097759676 0.259765625 0.003054989816700611 0.0546875
23 0.4786150712830957 0.259765625 0.003564154786150713 0.05859375
23 0.47352342158859473 0.2578125 0.003564154786150713 0.0546875
4 0.15325865580448064 0.24609375 0.006619144602851324 0.0859375
4 0.1446028513238289 0.25 0.006109979633401222 0.08984375
23 0.03004073319755601 0.234375 0.0050916496945010185 0.078125