23 0.07244597249508841 0.7878787878787878 0.003929273084479371 0.0367965367965368
23 0.05648330058939096 0.7987012987012987 0.003929273084479371 0.030303030303030304
23 0.18418467583497053 0.7294372294372294 0.0044204322200392925 0.032467532467532464
23 0.15201375245579568 0.7467532467532467 0.0044204322200392925 0.030303030303030304
4 0.1574165029469548 0.7445887445887446 0.0044204322200392925 0.032467532467532464
4 0.051326129666011786 0.8041125541125541 0.004911591355599214 0.0367965367965368
23 0.4769155206286837 0.5735930735930735 0.0044204322200392925 0.030303030303030304
4 0.07858546168958742 0.788961038961039 0.003929273084479371 0.0367965367965368
23 0.3197445972495088 0.658008658008658 0.0044204322200392925 0.0367965367965368
23 0.4729862475442043 0.5757575757575758 0.0044204322200392925 0.02813852813852814
23 0.045923379174852653 0.8062770562770563 0.003929273084479371 0.030303030303030304
23 0.299852652259332 0.670995670995671 0.0044204322200392925 0.03463203463203463
4 0.18983300589390964 0.7316017316017316 0.004911591355599214 0.03463203463203463
23 0.03757367387033399 0.8138528138528138 0.003929273084479371 0.03463203463203463
23 0.04199410609037328 0.8106060606060606 0.004911591355599214 0.03463203463203463
23 0.08742632612966601 0.7867965367965368 0.003929273084479371 0.032467532467532464
23 0.09135559921414538 0.7846320346320347 0.0054027504911591355 0.032467532467532464
23 0.1706777996070727 0.7413419913419913 0.0054027504911591355 0.030303030303030304
23 0.39980353634577603 0.6179653679653679 0.0044204322200392925 0.02813852813852814
23 0.1618369351669941 0.7456709956709957 0.0044204322200392925 0.030303030303030304
4 0.2944499017681729 0.6742424242424242 0.0054027504911591355 0.03896103896103896
23 0.08349705304518663 0.7911255411255411 0.003929273084479371 0.030303030303030304
23 0.16650294695481335 0.7456709956709957 0.0044204322200392925 0.032467532467532464
4 0.32588408644400785 0.6601731601731602 0.0054027504911591355 0.03463203463203463
23 0.5228388998035364 0.553030303030303 0.004911591355599214 0.030303030303030304
23 0.1942534381139489 0.7305194805194806 0.003929273084479371 0.030303030303030304
23 0.20284872298624754 0.7261904761904762 0.0044204322200392925 0.03463203463203463
23 0.1986738703339882 0.7283549783549783 0.0044204322200392925 0.03463203463203463
23 0.4354125736738703 0.6006493506493507 0.003929273084479371 0.02813852813852814
23 0.28585461689587427 0.6818181818181818 0.0044204322200392925 0.032467532467532464
4 0.44081532416502944 0.5974025974025974 0.0054027504911591355 0.03463203463203463
23 0.29027504911591356 0.6807359307359307 0.0044204322200392925 0.032467532467532464
23 0.5555009823182712 0.5378787878787878 0.004911591355599214 0.032467532467532464
23 0.33079567779960706 0.6590909090909091 0.00343811394891945 0.02813852813852814
23 0.6569253438113949 0.48268398268398266 0.003929273084479371 0.02813852813852814
23 0.33472495088408644 0.6569264069264069 0.003929273084479371 0.02813852813852814
4 0.40446954813359526 0.6190476190476191 0.005893909626719057 0.0367965367965368
4 0.5272593320235757 0.553030303030303 0.004911591355599214 0.03463203463203463
23 0.28094302554027506 0.6861471861471862 0.0044204322200392925 0.03463203463203463
23 0.6861493123772102 0.46645021645021645 0.003929273084479371 0.02813852813852814
23 0.33914538310412573 0.6547619047619048 0.00343811394891945 0.025974025974025976
4 0.5604125736738703 0.5367965367965368 0.0054027504911591355 0.0367965367965368
23 0.44965618860510803 0.5974025974025974 0.00343811394891945 0.02813852813852814
23 0.44597249508840864 0.5995670995670995 0.003929273084479371 0.02813852813852814
23 0.4535854616895874 0.5952380952380952 0.00343811394891945 0.025974025974025976
4 0.6618369351669942 0.48268398268398266 0.004911591355599214 0.0367965367965368
23 0.4258349705304519 0.6103896103896104 0.003929273084479371 0.025974025974025976
23 0.5410117878192534 0.5476190476190477 0.0044204322200392925 0.030303030303030304
23 0.4216601178781925 0.6147186147186147 0.00343811394891945 0.02813852813852814
23 0.5449410609037328 0.5476190476190477 0.0054027504911591355 0.030303030303030304
23 0.5658153241650294 0.5367965367965368 0.003929273084479371 0.030303030303030304
23 0.4167485265225933 0.6168831168831169 0.00343811394891945 0.02813852813852814
23 0.5370825147347741 0.551948051948052 0.003929273084479371 0.030303030303030304
23 0.5736738703339882 0.5324675324675324 0.00343811394891945 0.02813852813852814
23 0.7740667976424361 0.42424242424242425 0.004911591355599214 0.032467532467532464
23 0.5697445972495089 0.5346320346320347 0.00343811394891945 0.02813852813852814
4 0.6915520628683693 0.4686147186147186 0.0054027504911591355 0.03463203463203463
23 0.6795186640471512 0.4751082251082251 0.003929273084479371 0.02813852813852814
23 0.8413555992141454 0.3874458874458874 0.0044204322200392925 0.030303030303030304
23 0.6711689587426326 0.47943722943722944 0.00343811394891945 0.02813852813852814
4 0.7794695481335953 0.4231601731601732 0.004911591355599214 0.0367965367965368
23 0.9427799607072691 0.3344155844155844 0.0044204322200392925 0.030303030303030304
23 0.7048133595284872 0.46320346320346323 0.00343811394891945 0.02813852813852814
4 0.8369351669941061 0.3917748917748918 0.004911591355599214 0.03896103896103896
23 0.675098231827112 0.47943722943722944 0.003929273084479371 0.02813852813852814
23 0.7008840864440079 0.4653679653679654 0.00343811394891945 0.023809523809523808
23 0.9270628683693517 0.3430735930735931 0.00343811394891945 0.02813852813852814
23 0.7087426326129665 0.461038961038961 0.003929273084479371 0.02813852813852814
23 0.819007858546169 0.4036796536796537 0.0044204322200392925 0.02813852813852814
23 0.8234282907662083 0.4015151515151515 0.003929273084479371 0.02813852813852814
4 0.9223968565815324 0.3474025974025974 0.004911591355599214 0.03896103896103896
23 0.7932220039292731 0.41774891774891776 0.004911591355599214 0.030303030303030304
4 0.9476915520628684 0.3344155844155844 0.0054027504911591355 0.03896103896103896
4 0.13212180746561886 0.7748917748917749 0.005893909626719057 0.05194805194805195
23 0.7892927308447937 0.4199134199134199 0.0044204322200392925 0.02813852813852814
23 0.7973968565815324 0.4155844155844156 0.004911591355599214 0.030303030303030304
23 0.8278487229862476 0.39935064935064934 0.00343811394891945 0.025974025974025976
23 0.9086444007858546 0.35714285714285715 0.00343811394891945 0.02813852813852814
4 0.14047151277013753 0.7727272727272727 0.0063850687622789785 0.049783549783549784
23 0.9047151277013753 0.3593073593073593 0.00343811394891945 0.025974025974025976
4 0.46660117878192536 0.5963203463203464 0.00343811394891945 0.025974025974025976
23 0.9609528487229863 0.329004329004329 0.003929273084479371 0.030303030303030304
23 0.9135559921414538 0.354978354978355 0.00343811394891945 0.02813852813852814
23 0.9570235756385069 0.33116883116883117 0.00343811394891945 0.025974025974025976
4 0.12450884086444008 0.7835497835497836 0.0054027504911591355 0.05411255411255411
23 0.9653732809430255 0.329004329004329 0.003929273084479371 0.02813852813852814
23 0.5139980353634578 0.577922077922078 0.0044204322200392925 0.032467532467532464
4 0.6272102161100196 0.5162337662337663 0.0068762278978389 0.05411255411255411
4 0.6382612966601179 0.5097402597402597 0.0063850687622789785 0.05411255411255411
23 0.4130648330058939 0.6341991341991342 0.0044204322200392925 0.030303030303030304
4 0.650049115913556 0.5064935064935064 0.005893909626719057 0.05411255411255411
23 0.5331532416502947 0.5692640692640693 0.0044204322200392925 0.030303030303030304
23 0.6672396856581533 0.5010822510822511 0.004911591355599214 0.030303030303030304
23 0.6964636542239686 0.48484848484848486 0.00343811394891945 0.030303030303030304
4 0.4776522593320236 0.6038961038961039 0.00343811394891945 0.025974025974025976
23 0.7843811394891945 0.43722943722943725 0.004911591355599214 0.032467532467532464
23 0.8320235756385069 0.4145021645021645 0.00343811394891945 0.02813852813852814
23 0.9526031434184676 0.35064935064935066 0.0044204322200392925 0.030303030303030304
23 0.05255402750491159 0.8376623376623377 0.003929273084479371 0.030303030303030304
23 0.07907662082514735 0.8235930735930735 0.0044204322200392925 0.030303030303030304
23 0.9179764243614931 0.37012987012987014 0.003929273084479371 0.025974025974025976
23 0.1581532416502947 0.7835497835497836 0.003929273084479371 0.025974025974025976
23 0.19032416502946956 0.7662337662337663 0.004911591355599214 0.03463203463203463
23 0.505648330058939 0.5974025974025974 0.004911591355599214 0.030303030303030304
23 0.5012278978388998 0.5995670995670995 0.0044204322200392925 0.02813852813852814
23 0.2956777996070727 0.711038961038961 0.0044204322200392925 0.030303030303030304
23 0.44179764243614933 0.6341991341991342 0.003929273084479371 0.02813852813852814
23 0.331286836935167 0.6937229437229437 0.0044204322200392925 0.030303030303030304
23 0.5663064833005894 0.5692640692640693 0.004911591355599214 0.030303030303030304
4 0.4673379174852652 0.6266233766233766 0.003929273084479371 0.02813852813852814
23 0.4629174852652259 0.6287878787878788 0.00343811394891945 0.02813852813852814
23 0.4587426326129666 0.6331168831168831 0.00343811394891945 0.02813852813852814
4 0.48354616895874264 0.6201298701298701 0.0044204322200392925 0.030303030303030304
23 0.21586444007858546 0.7781385281385281 0.004911591355599214 0.032467532467532464
23 0.20604125736738704 0.7857142857142857 0.0044204322200392925 0.032467532467532464
23 0.22077603143418467 0.7781385281385281 0.004911591355599214 0.03463203463203463
23 0.4020137524557957 0.6818181818181818 0.003929273084479371 0.030303030303030304
23 0.41920432220039294 0.672077922077922 0.003929273084479371 0.025974025974025976
23 0.41527504911591356 0.6742424242424242 0.00343811394891945 0.02813852813852814
23 0.30402750491159136 0.7456709956709957 0.0044204322200392925 0.030303030303030304
4 0.21193516699410608 0.7976190476190477 0.00343811394891945 0.02813852813852814
23 0.30795677799607074 0.7478354978354979 0.0044204322200392925 0.025974025974025976
4 0.4943516699410609 0.6515151515151515 0.0054027504911591355 0.03463203463203463
23 0.35289783889980353 0.7305194805194806 0.004911591355599214 0.03463203463203463
23 0.33840864440078583 0.7380952380952381 0.0044204322200392925 0.032467532467532464
23 0.3224459724950884 0.7510822510822511 0.003929273084479371 0.030303030303030304
23 0.3268664047151277 0.7489177489177489 0.0054027504911591355 0.030303030303030304
23 0.4029960707269155 0.70995670995671 0.0044204322200392925 0.025974025974025976
23 0.4074165029469548 0.7088744588744589 0.003929273084479371 0.02813852813852814
23 0.4199410609037328 0.7023809523809523 0.00343811394891945 0.025974025974025976
23 0.4157662082514735 0.7045454545454546 0.00343811394891945 0.025974025974025976
4 0.39906679764243613 0.7142857142857143 0.00343811394891945 0.02813852813852814
23 0.4118369351669941 0.7067099567099567 0.00343811394891945 0.02813852813852814
23 0.42730844793713163 0.7002164502164502 0.00343811394891945 0.02813852813852814
4 0.45235756385068765 0.6915584415584416 0.00343811394891945 0.025974025974025976
4 0.3705795677799607 0.7380952380952381 0.003929273084479371 0.02813852813852814
4 0.4567779960707269 0.6915584415584416 0.0044204322200392925 0.030303030303030304
23 0.5473968565815324 0.6417748917748918 0.00343811394891945 0.02813852813852814
4 0.4611984282907662 0.6893939393939394 0.00343811394891945 0.02813852813852814
23 0.556237721021611 0.6374458874458875 0.0044204322200392925 0.030303030303030304
23 0.5520628683693517 0.6417748917748918 0.0044204322200392925 0.030303030303030304
23 0.6645383104125737 0.5833333333333334 0.0044204322200392925 0.02813852813852814
23 0.3131139489194499 0.775974025974026 0.00343811394891945 0.025974025974025976
23 0.30893909626719057 0.7803030303030303 0.003929273084479371 0.02813852813852814
23 0.6694499017681729 0.5963203463203464 0.003929273084479371 0.030303030303030304
23 0.5149803536345776 0.6796536796536796 0.003929273084479371 0.025974025974025976
23 0.4243614931237721 0.7305194805194806 0.0044204322200392925 0.030303030303030304
4 0.6738703339882122 0.5952380952380952 0.0044204322200392925 0.030303030303030304
4 0.4287819253438114 0.7283549783549783 0.0044204322200392925 0.030303030303030304
4 0.50049115913556 0.6915584415584416 0.0054027504911591355 0.032467532467532464
4 0.331286836935167 0.7878787878787878 0.003929273084479371 0.02813852813852814
23 0.32637524557956776 0.79004329004329 0.004911591355599214 0.03463203463203463
4 0.5385559921414538 0.6774891774891775 0.003929273084479371 0.02813852813852814
23 0.5424852652259332 0.6753246753246753 0.003929273084479371 0.030303030303030304
23 0.5527996070726916 0.672077922077922 0.003929273084479371 0.02813852813852814
23 0.5478880157170923 0.6742424242424242 0.0044204322200392925 0.030303030303030304
23 0.6655206286836935 0.6158008658008658 0.0044204322200392925 0.02813852813852814
23 0.3013261296660118 0.8127705627705628 0.0044204322200392925 0.03463203463203463
4 0.4629174852652259 0.7294372294372294 0.003929273084479371 0.025974025974025976
23 0.27897838899803534 0.829004329004329 0.007858546168958742 0.023809523809523808
23 0.4584970530451866 0.7316017316017316 0.0044204322200392925 0.030303030303030304
23 0.15913555992141454 0.8982683982683982 0.0044204322200392925 0.0367965367965368
23 0.34012770137524556 0.801948051948052 0.0044204322200392925 0.032467532467532464
23 0.35486247544204325 0.7943722943722944 0.0044204322200392925 0.032467532467532464
23 0.6335952848722987 0.6439393939393939 0.0068762278978389 0.021645021645021644
4 0.5304518664047151 0.7012987012987013 0.003929273084479371 0.02813852813852814
23 0.8472495088408645 0.5324675324675324 0.0068762278978389 0.01948051948051948
23 0.3818762278978389 0.7867965367965368 0.0029469548133595285 0.02813852813852814
23 0.4346758349705305 0.7619047619047619 0.00343811394891945 0.02813852813852814
23 0.4398330058939096 0.7770562770562771 0.003929273084479371 0.025974025974025976
23 0.4354125736738703 0.7922077922077922 0.0044204322200392925 0.030303030303030304
23 0.43148330058939094 0.7965367965367965 0.003929273084479371 0.02813852813852814
23 0.9167485265225933 0.5357142857142857 0.003929273084479371 0.02813852813852814
4 0.18516699410609036 0.9361471861471862 0.003929273084479371 0.025974025974025976
4 0.181237721021611 0.9383116883116883 0.003929273084479371 0.02813852813852814
23 0.13555992141453832 0.9675324675324676 0.007858546168958742 0.025974025974025976
23 0.6004420432220039 0.7164502164502164 0.004911591355599214 0.030303030303030304
4 0.19204322200392926 0.9393939393939394 0.009332023575638507 0.05411255411255411
23 0.237475442043222 0.9145021645021645 0.0068762278978389 0.021645021645021644
4 0.3067288801571709 0.8841991341991342 0.008840864440078585 0.05627705627705628
4 0.837426326129666 0.6006493506493507 0.003929273084479371 0.02813852813852814
4 0.8416011787819253 0.5984848484848485 0.004911591355599214 0.025974025974025976
4 0.26645383104125736 0.9101731601731602 0.003929273084479371 0.02813852813852814
4 0.262524557956778 0.9145021645021645 0.00343811394891945 0.025974025974025976
23 0.3894891944990177 0.8474025974025974 0.003929273084479371 0.02813852813852814
4 0.43664047151277013 0.8225108225108225 0.003929273084479371 0.030303030303030304
4 0.6328585461689588 0.7186147186147186 0.00343811394891945 0.025974025974025976
4 0.6370333988212181 0.7153679653679653 0.00343811394891945 0.025974025974025976
4 0.849705304518664 0.6028138528138528 0.009332023575638507 0.05627705627705628
4 0.4106090373280943 0.8452380952380952 0.003929273084479371 0.032467532467532464
4 0.662573673870334 0.7088744588744589 0.01031434184675835 0.05411255411255411
23 0.7885559921414538 0.6428571428571429 0.003929273084479371 0.025974025974025976
4 0.818762278978389 0.6309523809523809 0.004911591355599214 0.03896103896103896
23 0.8136051080550099 0.6331168831168831 0.004911591355599214 0.03463203463203463
4 0.49729862475442044 0.8106060606060606 0.0044204322200392925 0.0367965367965368
4 0.462671905697446 0.8322510822510822 0.003929273084479371 0.02813852813852814
4 0.47544204322200395 0.8246753246753247 0.0044204322200392925 0.030303030303030304
23 0.49238703339882123 0.816017316017316 0.00343811394891945 0.02813852813852814
4 0.46660117878192536 0.8300865800865801 0.004911591355599214 0.030303030303030304
23 0.47102161100196466 0.827922077922078 0.00343811394891945 0.02813852813852814
4 0.48379174852652257 0.8203463203463204 0.004911591355599214 0.030303030303030304
4 0.48845776031434185 0.8181818181818182 0.003929273084479371 0.025974025974025976
23 0.4204322200392927 0.8571428571428571 0.00343811394891945 0.02813852813852814
23 0.4287819253438114 0.854978354978355 0.003929273084479371 0.025974025974025976
23 0.4165029469548134 0.8614718614718615 0.00343811394891945 0.025974025974025976
23 0.424852652259332 0.8571428571428571 0.003929273084479371 0.025974025974025976
4 0.43320235756385067 0.8528138528138528 0.00343811394891945 0.02813852813852814