4 0.2831001076426265 0.4322916666666667 0.005382131324004306 0.005208333333333333
4 0.284983853606028 0.4479166666666667 0.007534983853606028 0.0036458333333333334
4 0.3215823466092573 0.4518229166666667 0.03767491926803014 0.033854166666666664
4 0.08665231431646932 0.46197916666666666 0.04682454251883746 0.044270833333333336
4 0.28417653390742736 0.45677083333333335 0.008611410118406888 0.0046875
4 0.2868675995694295 0.4734375 0.00914962325080732 0.007291666666666667
4 0.12029063509149623 0.48151041666666666 0.02583423035522067 0.022916666666666665
23 0.37244348762109797 0.47291666666666665 0.008611410118406888 0.005208333333333333
23 0.3339612486544672 0.4778645833333333 0.006996770721205597 0.005729166666666666
23 0.3716361679224973 0.47734375 0.011840688912809472 0.004166666666666667
23 0.147470398277718 0.4875 0.005920344456404736 0.014583333333333334
23 0.33880516684607104 0.48151041666666666 0.00914962325080732 0.005208333333333333
4 0.284983853606028 0.48385416666666664 0.006996770721205597 0.003125
4 0.2847147470398278 0.4875 0.008611410118406888 0.005729166666666666
4 0.08557588805166846 0.5046875 0.04628632938643703 0.0453125
4 0.28632938643702904 0.50625 0.00914962325080732 0.005729166666666666
4 0.2855220667384284 0.5109375 0.008611410118406888 0.004166666666666667
4 0.5110333692142088 0.5252604166666667 0.006458557588805167 0.0109375
15 0.13266953713670612 0.5401041666666667 0.02691065662002153 0.029166666666666667
15 0.12890204520990312 0.5744791666666667 0.024757804090419805 0.025
4 0.0721205597416577 0.59375 0.013993541442411194 0.005729166666666666
23 0.14316469321851452 0.5934895833333333 0.0032292787944025836 0.008333333333333333
23 0.1377825618945102 0.5940104166666667 0.005920344456404736 0.008333333333333333
23 0.1496232508073197 0.5942708333333333 0.006458557588805167 0.009895833333333333
23 0.15392895586652314 0.5940104166666667 0.004305705059203444 0.008333333333333333
4 0.07158234660925726 0.5989583333333334 0.012378902045209902 0.0046875
4 0.0756189451022605 0.6049479166666667 0.00914962325080732 0.005729166666666666
23 0.24973089343379978 0.015364583333333333 0.002152852529601722 0.005208333333333333
23 0.2602260495156082 0.015625 0.004843918191603875 0.005729166666666666
23 0.07534983853606028 0.61171875 0.005920344456404736 0.0020833333333333333
23 0.0756189451022605 0.61640625 0.006458557588805167 0.003125
4 0.5457481162540366 0.6020833333333333 0.010764262648008612 0.010416666666666666
4 0.7090958019375673 0.5971354166666667 0.008611410118406888 0.009895833333333333
4 0.6657696447793326 0.59921875 0.012378902045209902 0.008854166666666666
4 0.596340150699677 0.603125 0.006458557588805167 0.007291666666666667
4 0.14208826695371368 0.63671875 0.04520990312163617 0.04739583333333333
4 0.189989235737352 0.63828125 0.04736275565123789 0.036458333333333336
23 0.11167922497308934 0.024739583333333332 0.006458557588805167 0.005729166666666666
4 0.7376210979547901 0.6494791666666667 0.011840688912809472 0.007291666666666667
4 0.6784176533907428 0.6533854166666667 0.012917115177610334 0.0067708333333333336
23 0.1480086114101184 0.6859375 0.005382131324004306 0.011458333333333333
4 0.12809472551130247 0.028385416666666666 0.007534983853606028 0.0109375
23 0.16953713670613563 0.027083333333333334 0.00914962325080732 0.005729166666666666
4 0.15931108719052745 0.027864583333333335 0.008073196986006458 0.013020833333333334
23 0.2604951560818084 0.025 0.0032292787944025836 0.0046875
23 0.1428955866523143 0.70703125 0.0032292787944025836 0.0067708333333333336
23 0.2545748116254037 0.02578125 0.0016146393972012918 0.0067708333333333336
4 0.23896663078579117 0.026822916666666665 0.012378902045209902 0.007291666666666667
23 0.12728740581270184 0.70859375 0.0032292787944025836 0.0046875
4 0.13428417653390742 0.7088541666666667 0.005920344456404736 0.010416666666666666
23 0.2502691065662002 0.026822916666666665 0.004305705059203444 0.0078125
15 0.2109795479009688 0.028645833333333332 0.022604951560818085 0.022395833333333334
23 0.19725511302475782 0.71875 0.003767491926803014 0.007291666666666667
23 0.14666307857911734 0.7203125 0.005920344456404736 0.010416666666666666
23 0.13213132400430572 0.7213541666666666 0.002691065662002153 0.007291666666666667
23 0.15527448869752422 0.72109375 0.005920344456404736 0.009895833333333333
23 0.12621097954790098 0.7221354166666667 0.004305705059203444 0.0078125
23 0.15204520990312165 0.7213541666666666 0.005382131324004306 0.008333333333333333
4 0.23762109795479008 0.7184895833333333 0.005382131324004306 0.0078125
4 0.17195909580193758 0.72109375 0.004843918191603875 0.009375
4 0.20694294940796557 0.7200520833333334 0.004843918191603875 0.009895833333333333
23 0.11706135629709365 0.7229166666666667 0.002691065662002153 0.0067708333333333336
4 0.22739504843918193 0.7197916666666667 0.002691065662002153 0.0078125
4 0.18810548977395047 0.7216145833333333 0.004843918191603875 0.009895833333333333
4 0.2548439181916039 0.7213541666666666 0.003767491926803014 0.0078125
4 0.616254036598493 0.72109375 0.02906350914962325 0.034375
4 0.4628632938643703 0.7278645833333334 0.04305705059203445 0.034895833333333334
4 0.5403659849300323 0.7252604166666666 0.038751345532831 0.0375
4 0.8003229278794403 0.7177083333333333 0.03606027987082885 0.04010416666666667
4 0.5040365984930032 0.7276041666666667 0.03659849300322928 0.034895833333333334
23 0.9359526372443487 0.7135416666666666 0.002691065662002153 0.014583333333333334
4 0.5828848223896663 0.7255208333333333 0.03390742734122713 0.04010416666666667
23 0.9639397201291712 0.7125 0.004305705059203444 0.011979166666666667
4 0.7685683530678149 0.7192708333333333 0.03982777179763186 0.033854166666666664
23 0.9456404736275565 0.71328125 0.003767491926803014 0.014583333333333334
23 0.9547900968783638 0.7135416666666666 0.002152852529601722 0.009895833333333333
23 0.9407965554359526 0.7138020833333333 0.005920344456404736 0.016666666666666666
4 0.6517761033369214 0.7236979166666667 0.03444564047362755 0.034895833333333334
23 0.9693218514531755 0.7140625 0.005382131324004306 0.011458333333333333
4 0.6907965554359526 0.725 0.03498385360602799 0.0359375
4 0.7284714747039828 0.72421875 0.031754574811625406 0.033854166666666664
15 0.3643702906350915 0.7432291666666667 0.02798708288482239 0.030208333333333334
23 0.15204520990312165 0.034375 0.002152852529601722 0.005729166666666666
4 0.3221205597416577 0.75 0.03283100107642627 0.028645833333333332
4 0.8310010764262648 0.7348958333333333 0.01776103336921421 0.027083333333333334
4 0.2586114101184069 0.7671875 0.008073196986006458 0.0026041666666666665
4 0.25834230355220666 0.7708333333333334 0.007534983853606028 0.0026041666666666665
23 0.9270721205597416 0.7502604166666667 0.008611410118406888 0.003125
23 0.25941872981700753 0.775 0.00968783638320775 0.0046875
23 0.7193218514531755 0.7598958333333333 0.005382131324004306 0.008333333333333333
23 0.0879978471474704 0.7838541666666666 0.007534983853606028 0.005208333333333333
15 0.5527448869752422 0.76875 0.03444564047362755 0.03177083333333333
4 0.8385360602798708 0.7622395833333333 0.013993541442411194 0.005729166666666666
23 0.9235737351991389 0.759375 0.01022604951560818 0.003125
23 0.08772874058127018 0.7901041666666667 0.00914962325080732 0.0036458333333333334
23 0.08745963401506997 0.7947916666666667 0.011302475780409042 0.005208333333333333
23 0.0879978471474704 0.8010416666666667 0.00914962325080732 0.005208333333333333
23 0.3205059203444564 0.7963541666666667 0.014531754574811625 0.007291666666666667
15 0.5869214208826695 0.7872395833333333 0.042518837459634015 0.033854166666666664
23 0.35818083961248653 0.7950520833333333 0.016146393972012917 0.009375
15 0.9730893433799784 0.77421875 0.0527448869752422 0.08385416666666666
23 0.3414962325080732 0.79609375 0.004305705059203444 0.008333333333333333
23 0.3458019375672766 0.79609375 0.0032292787944025836 0.0067708333333333336
23 0.33772874058127017 0.7973958333333333 0.0032292787944025836 0.008854166666666666
23 0.08826695371367062 0.8057291666666667 0.00968783638320775 0.0036458333333333334
23 0.33180839612486546 0.7973958333333333 0.003767491926803014 0.0078125
4 0.27771797631862216 0.8005208333333333 0.042518837459634015 0.035416666666666666
15 0.17545748116254037 0.8044270833333333 0.116254036598493 0.109375
23 0.0879978471474704 0.8104166666666667 0.008611410118406888 0.0046875
23 0.0756189451022605 0.8114583333333333 0.004843918191603875 0.0015625
4 0.732508073196986 0.79453125 0.002691065662002153 0.0078125
15 0.8277717976318623 0.7947916666666667 0.03444564047362755 0.030208333333333334
23 0.07642626480086114 0.8208333333333333 0.004843918191603875 0.0036458333333333334
23 0.08880516684607104 0.8208333333333333 0.008611410118406888 0.004166666666666667
23 0.08907427341227125 0.8255208333333334 0.011302475780409042 0.004166666666666667
23 0.9259956942949408 0.7986979166666667 0.00968783638320775 0.0026041666666666665
4 0.4429494079655544 0.815625 0.002691065662002153 0.0109375
4 0.42895586652314316 0.8166666666666667 0.005920344456404736 0.011979166666666667
4 0.43918191603875134 0.8169270833333333 0.005382131324004306 0.011979166666666667
4 0.44833153928955866 0.8169270833333333 0.004305705059203444 0.015104166666666667
4 0.43379978471474706 0.8174479166666667 0.003767491926803014 0.011458333333333333
4 0.7104413347685683 0.80859375 0.011302475780409042 0.005729166666666666
23 0.0898815931108719 0.8317708333333333 0.008611410118406888 0.0046875
23 0.07696447793326157 0.8359375 0.00968783638320775 0.0046875
23 0.08934337997847147 0.8354166666666667 0.005920344456404736 0.0026041666666666665
4 0.07319698600645856 0.846875 0.011302475780409042 0.0036458333333333334
4 0.6157158234660925 0.8296875 0.030678148546824543 0.0234375
23 0.09041980624327234 0.8510416666666667 0.003767491926803014 0.003125
23 0.7946716899892358 0.82734375 0.0016146393972012918 0.007291666666666667
23 0.7892895586652314 0.8283854166666667 0.004305705059203444 0.009895833333333333
23 0.47389666307857914 0.8390625 0.015608180839612486 0.005729166666666666
23 0.8011302475780409 0.828125 0.006996770721205597 0.009375
23 0.7839074273412271 0.8286458333333333 0.004305705059203444 0.010416666666666666
4 0.7220129171151776 0.83125 0.012917115177610334 0.005208333333333333
23 0.9389128094725512 0.825 0.003767491926803014 0.00625
23 0.08961248654467169 0.8572916666666667 0.00914962325080732 0.005729166666666666
23 0.9456404736275565 0.83359375 0.008611410118406888 0.004166666666666667
4 0.07481162540365985 0.8635416666666667 0.011302475780409042 0.005729166666666666
23 0.9860064585575888 0.8354166666666667 0.003767491926803014 0.0125
23 0.0898815931108719 0.865625 0.008611410118406888 0.005729166666666666
23 0.9908503767491926 0.8356770833333333 0.005382131324004306 0.010416666666666666
23 0.9757804090419806 0.83671875 0.002152852529601722 0.013541666666666667
23 0.9806243272335845 0.8369791666666667 0.004843918191603875 0.0125
4 0.0721205597416577 0.8677083333333333 0.012917115177610334 0.005208333333333333
23 0.998654467168999 0.8375 0.0016146393972012918 0.010416666666666666
4 0.05032292787944026 0.86953125 0.013455328310010764 0.0036458333333333334
23 0.761302475780409 0.84609375 0.004843918191603875 0.007291666666666667
23 0.947524219590958 0.83984375 0.008611410118406888 0.004166666666666667
4 0.26695371367061355 0.8643229166666667 0.015069967707212056 0.007291666666666667
23 0.09068891280947255 0.8708333333333333 0.008611410118406888 0.0036458333333333334
23 0.04978471474703983 0.8736979166666666 0.010764262648008612 0.0036458333333333334
23 0.09122712594187299 0.8755208333333333 0.008611410118406888 0.00625
23 0.15177610333692143 0.04583333333333333 0.006996770721205597 0.007291666666666667
23 0.1813778256189451 0.04479166666666667 0.004843918191603875 0.005208333333333333
4 0.04951560818083961 0.8794270833333333 0.011302475780409042 0.00625
23 0.04951560818083961 0.8830729166666667 0.011840688912809472 0.0067708333333333336
23 0.9582884822389667 0.8544270833333333 0.005382131324004306 0.009895833333333333
23 0.9486006458557589 0.85546875 0.005382131324004306 0.011458333333333333
23 0.05032292787944026 0.88671875 0.010764262648008612 0.005208333333333333
23 0.14181916038751347 0.04765625 0.003767491926803014 0.005208333333333333
4 0.1676533907427341 0.046875 0.004305705059203444 0.009895833333333333
23 0.9695909580193757 0.85625 0.005920344456404736 0.008854166666666666
23 0.9539827771797632 0.8578125 0.005920344456404736 0.009895833333333333
4 0.13051668460710442 0.88828125 0.004843918191603875 0.009895833333333333
23 0.19294940796555435 0.8872395833333333 0.005382131324004306 0.009375
4 0.16227125941872983 0.04765625 0.004305705059203444 0.009895833333333333
23 0.24569429494079656 0.8859375 0.006996770721205597 0.011458333333333333
23 0.1886437029063509 0.8877604166666667 0.005382131324004306 0.009375
4 0.1159849300322928 0.8903645833333333 0.0032292787944025836 0.007291666666666667
23 0.19833153928955866 0.8875 0.005382131324004306 0.010416666666666666
4 0.23008611410118407 0.8864583333333333 0.006996770721205597 0.0125
4 0.13858988159311086 0.8895833333333333 0.004305705059203444 0.0078125
4 0.10441334768568353 0.8911458333333333 0.002152852529601722 0.005729166666666666
23 0.2134015069967707 0.8875 0.005920344456404736 0.009895833333333333
23 0.25053821313240043 0.8861979166666667 0.004305705059203444 0.008854166666666666
23 0.16227125941872983 0.8893229166666666 0.004843918191603875 0.011979166666666667
4 0.15688912809472552 0.8893229166666666 0.004843918191603875 0.0109375
4 0.1108719052744887 0.89140625 0.004843918191603875 0.008854166666666666
4 0.1671151776103337 0.8895833333333333 0.004305705059203444 0.009895833333333333
23 0.2096340150699677 0.88828125 0.008073196986006458 0.0140625
4 0.1232508073196986 0.8916666666666667 0.004843918191603875 0.0109375
4 0.1496232508073197 0.890625 0.005920344456404736 0.011458333333333333
4 0.14370290635091496 0.8908854166666667 0.005382131324004306 0.013541666666666667
23 0.41227125941872983 0.8916666666666667 0.007534983853606028 0.005208333333333333
23 0.34095801937567277 0.8958333333333334 0.00914962325080732 0.005208333333333333
4 0.24031216361679225 0.04609375 0.00968783638320775 0.00625
23 0.21232508073196987 0.9010416666666666 0.005382131324004306 0.009895833333333333
23 0.5131862217438106 0.8919270833333334 0.013993541442411194 0.0078125
23 0.20479009687836383 0.9028645833333333 0.0032292787944025836 0.0078125
23 0.9951560818083961 0.8768229166666667 0.00914962325080732 0.0046875
23 0.3641011840688913 0.89921875 0.008611410118406888 0.00625
23 0.34230355220667386 0.9018229166666667 0.00968783638320775 0.00625
23 0.9938105489773951 0.88671875 0.01022604951560818 0.0046875
4 0.11867599569429495 0.051041666666666666 0.03283100107642627 0.033854166666666664
23 0.21447793326157158 0.049479166666666664 0.008611410118406888 0.004166666666666667
15 0.9948869752421959 0.9138020833333333 0.00914962325080732 0.0046875
23 0.24811625403659848 0.9395833333333333 0.007534983853606028 0.005208333333333333
23 0.7534983853606028 0.9270833333333334 0.014531754574811625 0.0046875
4 0.151237890204521 0.9510416666666667 0.007534983853606028 0.008854166666666666
4 0.16846071044133476 0.9505208333333334 0.0032292787944025836 0.0109375
4 0.3215823466092573 0.9453125 0.013993541442411194 0.004166666666666667
4 0.17384284176533907 0.95078125 0.004305705059203444 0.013541666666666667
23 0.2518837459634015 0.9481770833333333 0.006996770721205597 0.003125
4 0.15769644779332614 0.9513020833333333 0.005382131324004306 0.011979166666666667
4 0.9639397201291712 0.92734375 0.00914962325080732 0.017708333333333333
4 0.9526372443487621 0.9286458333333333 0.005382131324004306 0.016145833333333335
4 0.9833153928955867 0.928125 0.005382131324004306 0.011458333333333333
23 0.3202368137782562 0.953125 0.012378902045209902 0.00625
23 0.2360064585575888 0.95703125 0.008073196986006458 0.005729166666666666
23 0.23842841765339073 0.96640625 0.005382131324004306 0.007291666666666667
23 0.2516146393972013 0.97265625 0.008611410118406888 0.0046875
23 0.2147470398277718 0.0546875 0.006458557588805167 0.003125
23 0.21582346609257266 0.059895833333333336 0.008073196986006458 0.0036458333333333334
23 0.527448869752422 0.04973958333333333 0.015069967707212056 0.005729166666666666
23 0.21609257265877288 0.06614583333333333 0.010764262648008612 0.005208333333333333
23 0.21582346609257266 0.06979166666666667 0.006458557588805167 0.0020833333333333333
4 0.2448869752421959 0.06927083333333334 0.01022604951560818 0.004166666666666667
23 0.06189451022604951 0.07760416666666667 0.004843918191603875 0.014583333333333334
4 0.11410118406889128 0.07682291666666667 0.01022604951560818 0.013020833333333334
23 0.21582346609257266 0.07395833333333333 0.007534983853606028 0.0036458333333333334
4 0.046555435952637246 0.08072916666666667 0.008611410118406888 0.015104166666666667
23 0.21555435952637245 0.07864583333333333 0.005920344456404736 0.003125
23 0.21689989235737353 0.08385416666666666 0.006458557588805167 0.0026041666666666665
4 0.2357373519913886 0.08307291666666666 0.011840688912809472 0.005208333333333333
15 0.16738428417653392 0.090625 0.07050592034445641 0.0671875
4 0.3468783638320775 0.09036458333333333 0.030139935414424113 0.027604166666666666
4 0.3145855758880517 0.09244791666666667 0.02583423035522067 0.0296875
23 0.038751345532831 0.10286458333333333 0.008611410118406888 0.005208333333333333
15 0.06673842841765339 0.10598958333333333 0.02744886975242196 0.023958333333333335
4 0.0968783638320775 0.10598958333333333 0.00968783638320775 0.004166666666666667
23 0.038482238966630784 0.10963541666666667 0.006996770721205597 0.004166666666666667
23 0.6014531754574811 0.09114583333333333 0.005920344456404736 0.010416666666666666
23 0.6181377825618946 0.090625 0.004305705059203444 0.008854166666666666
23 0.5947255113024758 0.09244791666666667 0.005920344456404736 0.009895833333333333
4 0.09660925726587728 0.11067708333333333 0.007534983853606028 0.003125
15 0.5570505920344456 0.09583333333333334 0.024757804090419805 0.019270833333333334
4 0.4881593110871905 0.09817708333333333 0.031754574811625406 0.035416666666666666
4 0.23708288482238968 0.10755208333333334 0.014531754574811625 0.008333333333333333
4 0.2214747039827772 0.10859375 0.016684607104413347 0.00625
4 0.5266415500538213 0.10104166666666667 0.03283100107642627 0.0296875
4 0.0984930032292788 0.11692708333333333 0.010764262648008612 0.005729166666666666
23 0.23627556512378903 0.11432291666666666 0.011302475780409042 0.0046875
23 0.5796555435952637 0.10859375 0.012917115177610334 0.007291666666666667
4 0.4068891280947255 0.11692708333333333 0.03552206673842842 0.03177083333333333
23 0.23654467168998924 0.12265625 0.00968783638320775 0.004166666666666667
4 0.07104413347685684 0.13255208333333332 0.005920344456404736 0.0109375
4 0.07696447793326157 0.13385416666666666 0.005920344456404736 0.011979166666666667
15 0.11248654467168999 0.13619791666666667 0.02583423035522067 0.01875
23 0.56243272335845 0.12421875 0.015608180839612486 0.00625
23 0.5479009687836384 0.12630208333333334 0.012917115177610334 0.004166666666666667
4 0.03471474703982777 0.14505208333333333 0.008611410118406888 0.005729166666666666
4 0.18406889128094725 0.14375 0.005920344456404736 0.011458333333333333
4 0.17707212055974167 0.14453125 0.005920344456404736 0.010416666666666666
4 0.039289558665231435 0.15182291666666667 0.011302475780409042 0.0036458333333333334
4 0.4714747039827772 0.13932291666666666 0.023681377825618945 0.021875
4 0.03256189451022605 0.16041666666666668 0.005382131324004306 0.0067708333333333336
4 0.1302475780409042 0.16484375 0.01022604951560818 0.014583333333333334
23 0.3110871905274489 0.15885416666666666 0.008611410118406888 0.0046875
15 0.08207750269106566 0.17005208333333333 0.01776103336921421 0.021875
23 0.3118945102260495 0.16510416666666666 0.004843918191603875 0.0026041666666666665
23 0.31243272335844996 0.16927083333333334 0.005920344456404736 0.0026041666666666665
23 0.0581270182992465 0.17890625 0.007534983853606028 0.00625
4 0.4278794402583423 0.16953125 0.004305705059203444 0.009375
23 0.31216361679224974 0.175 0.007534983853606028 0.004166666666666667
15 0.49354144241119485 0.16875 0.023143164693218515 0.016666666666666666
4 0.9733584499461787 0.15338541666666666 0.02906350914962325 0.033854166666666664
15 0.3490312163616792 0.18359375 0.03390742734122713 0.0796875
23 0.05651237890204521 0.19505208333333332 0.007534983853606028 0.0026041666666666665
4 0.7553821313240043 0.171875 0.03606027987082885 0.0328125
4 0.9407965554359526 0.16666666666666666 0.03552206673842842 0.03958333333333333
23 0.3127018299246502 0.18854166666666666 0.006996770721205597 0.0036458333333333334
23 0.2997847147470398 0.18932291666666667 0.010764262648008612 0.005208333333333333
23 0.4278794402583423 0.18515625 0.014531754574811625 0.008854166666666666
4 0.7935952637244349 0.17265625 0.03552206673842842 0.03229166666666667
4 0.9071582346609257 0.16875 0.038751345532831 0.03958333333333333
4 0.6843379978471474 0.17682291666666666 0.031216361679224973 0.034375
4 0.8684068891280947 0.17161458333333332 0.03767491926803014 0.03854166666666667
4 0.7193218514531755 0.17734375 0.04305705059203445 0.035416666666666666
4 0.8323466092572659 0.175 0.031754574811625406 0.029166666666666667
23 0.3135091496232508 0.19348958333333333 0.01022604951560818 0.005208333333333333
23 0.30005382131324004 0.19453125 0.008073196986006458 0.0036458333333333334
4 0.20532831001076426 0.20208333333333334 0.03767491926803014 0.04375
23 0.08772874058127018 0.22473958333333333 0.007534983853606028 0.010416666666666666
4 0.11706135629709365 0.22890625 0.02691065662002153 0.030208333333333334
15 0.453713670613563 0.21848958333333332 0.02852529601722282 0.027083333333333334
23 0.5554359526372443 0.21614583333333334 0.01829924650161464 0.0078125
4 0.48519913885898813 0.22682291666666668 0.03336921420882669 0.034895833333333334
23 0.5570505920344456 0.22760416666666666 0.021528525296017224 0.008333333333333333
23 0.5567814854682455 0.24010416666666667 0.0193756727664155 0.0078125
4 0.11463939720129171 0.26848958333333334 0.02798708288482239 0.024479166666666666
4 0.4747039827771798 0.26171875 0.03283100107642627 0.03697916666666667
4 0.4311087190527449 0.2640625 0.042518837459634015 0.034375
4 0.38966630785791173 0.26614583333333336 0.03444564047362755 0.03958333333333333
4 0.27744886975242194 0.27395833333333336 0.011302475780409042 0.0036458333333333334
4 0.2766415500538213 0.2786458333333333 0.007534983853606028 0.003125
4 0.3132400430570506 0.2786458333333333 0.03982777179763186 0.041666666666666664
4 0.34983853606027987 0.27890625 0.03498385360602799 0.04114583333333333
4 0.5094187298170075 0.28020833333333334 0.006996770721205597 0.015104166666666667
4 0.2779870828848224 0.290625 0.011840688912809472 0.005208333333333333
4 0.27771797631862216 0.29635416666666664 0.00914962325080732 0.0036458333333333334
4 0.27771797631862216 0.3072916666666667 0.008073196986006458 0.0036458333333333334
4 0.2782561894510226 0.3109375 0.00914962325080732 0.004166666666666667
4 0.503767491926803 0.30703125 0.011840688912809472 0.0067708333333333336
4 0.12055974165769645 0.32473958333333336 0.0263724434876211 0.030208333333333334
23 0.5021528525296017 0.31796875 0.007534983853606028 0.008333333333333333
4 0.47793326157158234 0.31875 0.006458557588805167 0.00625
23 0.5032292787944026 0.3216145833333333 0.006458557588805167 0.00625
4 0.27906350914962325 0.33229166666666665 0.008611410118406888 0.0046875
4 0.4776641550053821 0.3268229166666667 0.010764262648008612 0.0078125
23 0.5034983853606028 0.3268229166666667 0.008611410118406888 0.0036458333333333334
4 0.27879440258342303 0.33645833333333336 0.006458557588805167 0.0046875
23 0.5032292787944026 0.33203125 0.008611410118406888 0.0046875
4 0.47793326157158234 0.33489583333333334 0.00914962325080732 0.008333333333333333
23 0.5032292787944026 0.33619791666666665 0.00914962325080732 0.0026041666666666665
4 0.2796017222820237 0.3494791666666667 0.00914962325080732 0.0046875
23 0.09149623250807319 0.35963541666666665 0.005382131324004306 0.011979166666666667
4 0.2798708288482239 0.3541666666666667 0.008073196986006458 0.0046875
4 0.08934337997847147 0.37005208333333334 0.012917115177610334 0.00625
4 0.2796017222820237 0.3651041666666667 0.006458557588805167 0.0026041666666666665
23 0.09230355220667384 0.3809895833333333 0.008073196986006458 0.011979166666666667
4 0.28094725511302476 0.384375 0.006996770721205597 0.003125
4 0.08046286329386437 0.4125 0.05543595263724435 0.04895833333333333
4 0.12567276641550054 0.42604166666666665 0.02691065662002153 0.034895833333333334
4 0.36571582346609255 0.41953125 0.03659849300322928 0.03697916666666667