7 0.618324607329843 0.060810810810810814 0.1256544502617801 0.12162162162162163
7 0.04581151832460733 0.1138996138996139 0.09162303664921466 0.12355212355212356
4 0.08115183246073299 0.19498069498069498 0.015706806282722512 0.025096525096525095
23 0.06335078534031413 0.20656370656370657 0.008376963350785341 0.015444015444015444
23 0.9730366492146597 0.10907335907335908 0.0062827225130890054 0.04054054054054054
23 0.9672774869109948 0.111003861003861 0.0036649214659685864 0.04247104247104247
23 0.9615183246073299 0.11196911196911197 0.006806282722513089 0.03861003861003861
30 0.0856020942408377 0.22876447876447875 0.013612565445026177 0.04054054054054054
23 0.11178010471204189 0.2277992277992278 0.013612565445026177 0.03861003861003861
23 0.07513089005235601 0.2335907335907336 0.009947643979057591 0.032818532818532815
23 0.5013089005235603 0.1833976833976834 0.015706806282722512 0.032818532818532815
15 0.05706806282722513 0.24034749034749034 0.014659685863874346 0.05019305019305019
23 0.38089005235602097 0.21042471042471042 0.013089005235602094 0.03474903474903475
4 0.5316753926701571 0.20656370656370657 0.013612565445026177 0.059845559845559844
4 0.3256544502617801 0.24806949806949807 0.012041884816753926 0.07335907335907337
4 0.9657068062827225 0.16988416988416988 0.0036649214659685864 0.02702702702702703
4 0.14109947643979057 0.277992277992278 0.008900523560209424 0.023166023166023165
4 0.9698952879581152 0.17277992277992277 0.004712041884816754 0.023166023166023165
4 0.9740837696335078 0.17277992277992277 0.0031413612565445027 0.021235521235521235
30 0.4175392670157068 0.25386100386100385 0.032984293193717276 0.15057915057915058
30 0.35732984293193715 0.2731660231660232 0.0356020942408377 0.17374517374517376
30 0.4730366492146597 0.26158301158301156 0.042408376963350786 0.16602316602316602
4 0.23036649214659685 0.2972972972972973 0.007329842931937173 0.03088803088803089
23 0.9706806282722513 0.2055984555984556 0.015706806282722512 0.04054054054054054
30 0.2913612565445026 0.3127413127413127 0.012565445026178011 0.04054054054054054
30 0.2756544502617801 0.3166023166023166 0.010471204188481676 0.032818532818532815
30 0.8479057591623037 0.28474903474903474 0.03193717277486911 0.12548262548262548
23 0.9908376963350786 0.2722007722007722 0.007329842931937173 0.009652509652509652
23 0.9913612565445026 0.2857142857142857 0.007853403141361256 0.015444015444015444
4 0.2918848167539267 0.3783783783783784 0.025654450261780103 0.07528957528957529
23 0.275130890052356 0.38996138996138996 0.0062827225130890054 0.015444015444015444
4 0.9837696335078534 0.3001930501930502 0.012041884816753926 0.03088803088803089
4 0.887434554973822 0.3204633204633205 0.01099476439790576 0.06177606177606178
23 0.9965968586387435 0.3185328185328185 0.0036649214659685864 0.019305019305019305
23 0.2693717277486911 0.4295366795366795 0.005759162303664921 0.032818532818532815
23 0.2918848167539267 0.4305019305019305 0.004712041884816754 0.02895752895752896
23 0.2835078534031414 0.4333976833976834 0.004188481675392671 0.03088803088803089
23 0.8363874345549738 0.39864864864864863 0.011518324607329843 0.06177606177606178
30 0.275130890052356 0.47876447876447875 0.008900523560209424 0.04826254826254826
30 0.2929319371727749 0.4768339768339768 0.010471204188481676 0.04826254826254826
4 0.2845549738219895 0.4874517374517375 0.0062827225130890054 0.04247104247104247
4 0.2672774869109948 0.49324324324324326 0.007329842931937173 0.03861003861003861
30 0.775392670157068 0.4314671814671815 0.029842931937172777 0.09845559845559845
23 0.9821989528795811 0.4111969111969112 0.005235602094240838 0.013513513513513514
23 0.287434554973822 0.527027027027027 0.002617801047120419 0.02702702702702703
23 0.2819371727748691 0.527992277992278 0.0031413612565445027 0.025096525096525095
4 0.7439790575916231 0.4700772200772201 0.013089005235602094 0.07335907335907337
4 0.6628272251308901 0.4826254826254826 0.010471204188481676 0.07528957528957529
4 0.020942408376963352 0.5888030888030888 0.020942408376963352 0.0444015444015444
15 0.9759162303664921 0.46814671814671815 0.013612565445026177 0.05019305019305019
4 0.4680628272251309 0.5501930501930502 0.04554973821989529 0.17953667953667954
4 0.41832460732984295 0.5646718146718147 0.05392670157068063 0.16602316602316602
30 0.3219895287958115 0.5772200772200772 0.05287958115183246 0.1776061776061776
4 0.3680628272251309 0.5772200772200772 0.0387434554973822 0.19111969111969113
4 0.9709424083769633 0.502895752895753 0.007329842931937173 0.009652509652509652
15 0.9554973821989529 0.5125482625482626 0.017277486910994764 0.03474903474903475
23 0.7701570680628272 0.5444015444015444 0.006806282722513089 0.04247104247104247
4 0.9701570680628272 0.5202702702702703 0.006806282722513089 0.019305019305019305
23 0.7798429319371728 0.5608108108108109 0.009947643979057591 0.015444015444015444
23 0.8117801047120419 0.555984555984556 0.01099476439790576 0.03088803088803089
23 0.8348167539267015 0.5588803088803089 0.004712041884816754 0.021235521235521235
23 0.9986910994764397 0.5424710424710425 0.0015706806282722514 0.02702702702702703
4 0.9960732984293194 0.5444015444015444 0.0031413612565445027 0.025096525096525095
4 0.6931937172774869 0.5888030888030888 0.014659685863874346 0.07142857142857142
15 0.824607329842932 0.5801158301158301 0.013612565445026177 0.04054054054054054
23 0.8476439790575916 0.5791505791505791 0.0062827225130890054 0.015444015444015444
30 0.7848167539267016 0.5888030888030888 0.012041884816753926 0.04826254826254826
4 0.8031413612565445 0.5907335907335908 0.012041884816753926 0.052123552123552123
15 0.9612565445026178 0.5743243243243243 0.014136125654450262 0.05791505791505792
23 0.2879581151832461 0.6756756756756757 0.013089005235602094 0.025096525096525095
23 0.5772251308900523 0.6447876447876448 0.008376963350785341 0.019305019305019305
23 0.5630890052356021 0.6467181467181468 0.008376963350785341 0.017374517374517374
23 0.5973821989528796 0.6515444015444015 0.008376963350785341 0.021235521235521235
4 0.56282722513089 0.666023166023166 0.010471204188481676 0.019305019305019305
23 0.5780104712041885 0.6640926640926641 0.007329842931937173 0.015444015444015444
4 0.4442408376963351 0.6853281853281853 0.04450261780104712 0.11583011583011583
4 0.4463350785340314 0.6920849420849421 0.050785340314136125 0.11969111969111969
23 0.2324607329842932 0.7277992277992278 0.009947643979057591 0.025096525096525095
23 0.580890052356021 0.6843629343629344 0.005235602094240838 0.019305019305019305
23 0.5856020942408376 0.6882239382239382 0.007853403141361256 0.017374517374517374
23 0.21465968586387435 0.7374517374517374 0.014659685863874346 0.02702702702702703
23 0.6384816753926702 0.6853281853281853 0.013089005235602094 0.025096525096525095
23 0.4827225130890052 0.7084942084942085 0.017277486910994764 0.13127413127413126
23 0.5960732984293193 0.694015444015444 0.010471204188481676 0.02895752895752896
23 0.5654450261780105 0.7094594594594594 0.006806282722513089 0.015444015444015444
23 0.6528795811518324 0.7065637065637066 0.0062827225130890054 0.02895752895752896
15 0.5361256544502618 0.7306949806949807 0.031413612565445025 0.07142857142857142
4 0.5835078534031414 0.7364864864864865 0.005235602094240838 0.04054054054054054
23 0.28979057591623036 0.7741312741312741 0.007329842931937173 0.03861003861003861
23 0.05287958115183246 0.8127413127413128 0.0062827225130890054 0.023166023166023165
4 0.6657068062827225 0.7432432432432432 0.008900523560209424 0.0444015444015444
23 0.6523560209424084 0.7586872586872587 0.005759162303664921 0.032818532818532815
30 0.6308900523560209 0.7654440154440154 0.03769633507853403 0.11776061776061776
4 0.5534031413612566 0.778957528957529 0.006806282722513089 0.013513513513513514
4 0.5340314136125655 0.7837837837837838 0.0062827225130890054 0.015444015444015444
23 0.518848167539267 0.7876447876447876 0.009947643979057591 0.019305019305019305
4 0.41492146596858637 0.8011583011583011 0.031413612565445025 0.10038610038610038
30 0.7303664921465969 0.7635135135135135 0.0356020942408377 0.138996138996139
23 0.26570680628272253 0.8272200772200772 0.005235602094240838 0.03667953667953668
23 0.6738219895287958 0.775096525096525 0.007329842931937173 0.015444015444015444
23 0.2712041884816754 0.834942084942085 0.004712041884816754 0.02895752895752896
23 0.5541884816753927 0.8001930501930502 0.011518324607329843 0.025096525096525095
23 0.2895287958115183 0.8359073359073359 0.009424083769633508 0.0444015444015444
4 0.5431937172774869 0.805019305019305 0.005235602094240838 0.032818532818532815
23 0.6599476439790576 0.7982625482625483 0.005759162303664921 0.03088803088803089
23 0.6680628272251309 0.8108108108108109 0.0062827225130890054 0.03474903474903475
4 0.44502617801047123 0.8416988416988417 0.043455497382198956 0.16216216216216217
23 0.6727748691099477 0.8156370656370656 0.004712041884816754 0.03667953667953668
4 0.6774869109947644 0.8194980694980695 0.0036649214659685864 0.025096525096525095
23 0.7094240837696335 0.8262548262548263 0.010471204188481676 0.021235521235521235
4 0.05837696335078534 0.9083011583011583 0.050785340314136125 0.17953667953667954
4 0.11465968586387434 0.9034749034749034 0.040837696335078534 0.1891891891891892
23 0.4905759162303665 0.8803088803088803 0.0193717277486911 0.12548262548262548
23 0.5047120418848168 0.8803088803088803 0.017277486910994764 0.1138996138996139
23 0.6782722513089006 0.8976833976833977 0.004188481675392671 0.02702702702702703
7 0.9643979057591623 0.03185328185328185 0.06282722513089005 0.0637065637065637
23 0.6560209424083769 0.9198841698841699 0.0062827225130890054 0.04247104247104247
4 0.6643979057591624 0.9324324324324325 0.01099476439790576 0.02702702702702703