30 0.8672638436482085 0.3642098273572377 0.016286644951140065 0.013944223107569721
23 0.8604777415852335 0.3648738379814077 0.009229098805646038 0.00796812749003984
30 0.8235613463626493 0.3602257636122178 0.013029315960912053 0.01195219123505976
4 0.8574918566775245 0.3701859229747676 0.01031487513572204 0.009296148738379814
15 0.8395765472312704 0.37284196547144755 0.029315960912052116 0.03652058432934927
30 0.7801302931596091 0.3618857901726428 0.01520086862106406 0.014608233731739707
23 0.7676438653637351 0.3608897742363878 0.007057546145494028 0.010624169986719787
23 0.7638436482084691 0.3642098273572377 0.008143322475570033 0.0073041168658698535
23 0.7728013029315961 0.3705179282868526 0.008143322475570033 0.0099601593625498
23 0.8167752442996743 0.3798140770252324 0.014115092290988056 0.010624169986719787
23 0.76085776330076 0.3705179282868526 0.009229098805646038 0.00796812749003984
23 0.7692725298588491 0.37250996015936255 0.006514657980456026 0.006640106241699867
23 0.8108034744842563 0.3834661354581673 0.01031487513572204 0.0099601593625498
23 0.756243213897937 0.37284196547144755 0.008686210640608035 0.008632138114209827
23 0.751357220412595 0.3751660026560425 0.01031487513572204 0.00796812749003984
30 0.7771444082519001 0.3801460823373174 0.01520086862106406 0.014608233731739707
23 0.8053745928338762 0.38645418326693226 0.010857763300760043 0.0099601593625498
23 0.7646579804560261 0.3798140770252324 0.009771986970684038 0.00796812749003984
23 0.746742671009772 0.3784860557768924 0.008143322475570033 0.006640106241699867
23 0.8002171552660152 0.3894422310756972 0.008686210640608035 0.008632138114209827
23 0.76085776330076 0.3837981407702523 0.008686210640608035 0.008632138114209827
23 0.755971769815418 0.38612217795484727 0.008686210640608035 0.008632138114209827
23 0.738599348534202 0.3854581673306773 0.008686210640608035 0.0099601593625498
23 0.750814332247557 0.3884462151394422 0.009229098805646038 0.009296148738379814
23 0.7681867535287731 0.3934262948207171 0.009771986970684038 0.00796812749003984
30 0.7320846905537459 0.3891102257636122 0.015743756786102063 0.013944223107569721
23 0.7635722041259501 0.39575033200531207 0.008143322475570033 0.00597609561752988
23 0.760043431053203 0.397742363877822 0.008143322475570033 0.0073041168658698535
30 0.7223127035830619 0.39243027888446214 0.011943539630836048 0.01593625498007968
23 0.745656894679696 0.397742363877822 0.009771986970684038 0.008632138114209827
23 0.756514657980456 0.399734395750332 0.00760043431053203 0.00796812749003984
23 0.7714440825190011 0.4027224435590969 0.009229098805646038 0.00796812749003984
23 0.7681867535287731 0.40604249667994685 0.01031487513572204 0.0099601593625498
23 0.7160694896851248 0.39674634794156705 0.009771986970684038 0.009296148738379814
30 0.73914223669924 0.40172642762284194 0.013029315960912053 0.01195219123505976
23 0.7635722041259501 0.40803452855245687 0.009229098805646038 0.00796812749003984
23 0.759500542888165 0.40969455511288183 0.009229098805646038 0.00796812749003984
23 0.754343105320304 0.41268260292164677 0.01031487513572204 0.009296148738379814
30 0.7288273615635179 0.40869853917662685 0.014115092290988056 0.01593625498007968
23 0.751628664495114 0.4163346613545817 0.01031487513572204 0.008632138114209827
23 0.7054831704668838 0.4073705179282869 0.01031487513572204 0.0099601593625498
23 0.747557003257329 0.41832669322709165 0.01031487513572204 0.0099601593625498
23 0.7223127035830619 0.41401062416998674 0.00760043431053203 0.00796812749003984
30 0.741585233441911 0.4216467463479416 0.014657980456026058 0.013944223107569721
23 0.7638436482084691 0.4266268260292165 0.008686210640608035 0.012616201859229747
23 0.759771986970684 0.4299468791500664 0.01031487513572204 0.009296148738379814
30 0.7309989142236699 0.4256308100929615 0.013572204125950055 0.01195219123505976
23 0.7100977198697068 0.42231075697211157 0.011400651465798045 0.008632138114209827
23 0.753800217155266 0.43359893758300133 0.008686210640608035 0.0099601593625498
23 0.7247557003257329 0.4292828685258964 0.011943539630836048 0.009296148738379814
30 0.75 0.43758300132802125 0.016286644951140065 0.015272244355909695
23 0.7174267100977199 0.4339309428950863 0.009771986970684038 0.009296148738379814
30 0.73914223669924 0.4435590969455511 0.016829533116178068 0.015272244355909695
23 0.7304560260586319 0.448539176626826 0.011943539630836048 0.0099601593625498
23 0.7255700325732899 0.45086321381142097 0.009771986970684038 0.008632138114209827
30 0.6552660152008686 0.44787516600265603 0.03745928338762215 0.0398406374501992
4 0.7008686210640608 0.4717795484727756 0.016829533116178068 0.01593625498007968
30 0.6034201954397395 0.48306772908366535 0.03854505971769816 0.04050464807436919
4 0.6026058631921825 0.5063081009296149 0.013572204125950055 0.019256308100929615
4 0.5960912052117264 0.5086321381142098 0.010857763300760043 0.012616201859229747
4 0.5727470141150923 0.5149402390438247 0.008686210640608035 0.014608233731739707
4 0.5684039087947883 0.5185922974767596 0.011943539630836048 0.015272244355909695
30 0.5494028230184582 0.5169322709163346 0.03908794788273615 0.049800796812749
4 0.5176438653637351 0.5537848605577689 0.011943539630836048 0.01195219123505976
30 0.49185667752442996 0.5547808764940239 0.035830618892508145 0.03718459495351926
4 0.512214983713355 0.5594289508632138 0.014115092290988056 0.013944223107569721
30 0.43621064060803477 0.5972775564409031 0.03528773072747014 0.039176626826029216
4 0.47122692725298587 0.6241699867197875 0.019001085776330078 0.01593625498007968
30 0.38355048859934854 0.6314741035856574 0.03908794788273615 0.041168658698539175
4 0.38707926167209555 0.6636786188579017 0.01520086862106406 0.014608233731739707
4 0.3542345276872964 0.6660026560424966 0.01248642779587405 0.019256308100929615
4 0.3507057546145494 0.6686586985391766 0.010857763300760043 0.012616201859229747
30 0.3330618892508143 0.6679946879150066 0.033659066232356136 0.039176626826029216
4 0.36644951140065146 0.6779548472775564 0.013572204125950055 0.012616201859229747
4 0.30266015200868623 0.6992031872509961 0.01031487513572204 0.017264276228419653
30 0.28203040173724214 0.6985391766268261 0.03311617806731813 0.043824701195219126
4 0.2977741585233442 0.702855245683931 0.010857763300760043 0.012616201859229747
4 0.24267100977198697 0.7177954847277557 0.08306188925081433 0.09694555112881806
4 0.18322475570032573 0.75132802124834 0.07763300760043432 0.08366533864541832
23 0.995114006514658 0.18725099601593626 0.006514657980456026 0.0073041168658698535
4 0.992128121606949 0.18857901726427623 0.006514657980456026 0.00796812749003984
30 0.9866992399565689 0.19156706507304117 0.014115092290988056 0.013944223107569721
23 0.997557003257329 0.199203187250996 0.003800217155266015 0.009296148738379814
23 0.9796416938110749 0.19687915006640105 0.00760043431053203 0.00796812749003984
23 0.995656894679696 0.20053120849933598 0.005971769815418024 0.00597609561752988
23 0.992128121606949 0.20152722443559096 0.005971769815418024 0.005312084993359893
4 0.9847991313789359 0.20783532536520585 0.009229098805646038 0.00796812749003984
23 0.9799131378935939 0.2104913678618858 0.00760043431053203 0.00796812749003984
4 0.997014115092291 0.21679946879150067 0.004885993485342019 0.0073041168658698535
23 0.991313789359392 0.22078353253652058 0.00760043431053203 0.008632138114209827
15 0.995656894679696 0.23273572377158033 0.00760043431053203 0.029880478087649404
23 0.9733984799131379 0.22675962815405046 0.009229098805646038 0.008632138114209827
23 0.995114006514658 0.23904382470119523 0.008686210640608035 0.009296148738379814
23 0.9568403908794788 0.23671978751660028 0.009229098805646038 0.008632138114209827
23 0.9671552660152009 0.2410358565737052 0.008686210640608035 0.00796812749003984
23 0.9630836047774158 0.24269588313413015 0.009229098805646038 0.00796812749003984
4 0.9486970684039088 0.2400398406374502 0.01031487513572204 0.010624169986719787
23 0.9742128121606949 0.24701195219123506 0.008143322475570033 0.0099601593625498
23 0.9454397394136808 0.24402390438247012 0.009771986970684038 0.008632138114209827
4 0.9410966340933767 0.24667994687915007 0.01031487513572204 0.0099601593625498
23 0.9679695982627579 0.25232403718459495 0.009229098805646038 0.0073041168658698535
23 0.9362106406080347 0.24767596281540505 0.007057546145494028 0.008632138114209827
23 0.9777415852334419 0.25630810092961487 0.008143322475570033 0.006640106241699867
23 0.9337676438653637 0.25 0.00760043431053203 0.011288180610889775
23 0.9701411509229099 0.26095617529880477 0.008143322475570033 0.00796812749003984
15 0.9554831704668838 0.2589641434262948 0.03257328990228013 0.029216467463479414
23 0.9307817589576547 0.2539840637450199 0.006514657980456026 0.0073041168658698535
23 0.9400108577633007 0.2639442231075697 0.005971769815418024 0.006640106241699867
23 0.9199239956568946 0.26128818061088976 0.007057546145494028 0.006640106241699867
23 0.9329533116178067 0.2679282868525896 0.00760043431053203 0.0073041168658698535
23 0.9869706840390879 0.2795484727755644 0.011400651465798045 0.012616201859229747
23 0.9625407166123778 0.27622841965471445 0.010857763300760043 0.0099601593625498
23 0.9229098805646037 0.2692563081009296 0.006514657980456026 0.006640106241699867
23 0.9174809989142236 0.2682602921646746 0.009771986970684038 0.008632138114209827
23 0.9413680781758957 0.27556440903054447 0.006514657980456026 0.0073041168658698535
23 0.9549402823018458 0.2815405046480744 0.00760043431053203 0.008632138114209827
30 0.9367535287730727 0.28087649402390436 0.016286644951140065 0.01593625498007968
30 0.9248099891422367 0.2792164674634794 0.016286644951140065 0.014608233731739707
23 0.99185667752443 0.29349269588313415 0.01031487513572204 0.009296148738379814
23 0.9036373507057546 0.27689243027888444 0.01031487513572204 0.009296148738379814
23 0.9177524429967426 0.28320053120849936 0.010857763300760043 0.0099601593625498
23 0.8892508143322475 0.2775564409030544 0.00760043431053203 0.00796812749003984
23 0.8992942453854506 0.28087649402390436 0.008686210640608035 0.009296148738379814
23 0.8854505971769815 0.2815405046480744 0.00760043431053203 0.00796812749003984
23 0.9104234527687296 0.28917662682602924 0.010857763300760043 0.0099601593625498
23 0.8811074918566775 0.2861885790172643 0.01031487513572204 0.009296148738379814
23 0.9020086862106406 0.29415670650730413 0.009771986970684038 0.009296148738379814
23 0.8745928338762216 0.2901726427622842 0.008686210640608035 0.00796812749003984
23 0.8705211726384365 0.2921646746347942 0.009771986970684038 0.009296148738379814
30 0.8944082519001085 0.29814077025232405 0.01520086862106406 0.015272244355909695
23 0.8640065146579805 0.2961487383798141 0.009229098805646038 0.0073041168658698535
4 0.9058089033659066 0.3044488711819389 0.009229098805646038 0.00796812749003984
4 0.8878935939196525 0.301460823373174 0.008686210640608035 0.00796812749003984
23 0.8602062975027145 0.29880478087649404 0.00760043431053203 0.0073041168658698535
23 0.8838219326818675 0.3041168658698539 0.007057546145494028 0.0073041168658698535
4 0.8808360477741585 0.3054448871181939 0.008686210640608035 0.009296148738379814
4 0.8547774158523345 0.30312084993359895 0.006514657980456026 0.0073041168658698535
23 0.8680781758957655 0.3110889774236388 0.007057546145494028 0.0073041168658698535
30 0.8764929424538545 0.31341301460823373 0.017915309446254073 0.015272244355909695
4 0.8501628664495114 0.3090969455511288 0.008686210640608035 0.008632138114209827
4 0.8642779587404995 0.3137450199203187 0.007057546145494028 0.0073041168658698535
4 0.8455483170466884 0.3114209827357238 0.008143322475570033 0.008632138114209827
4 0.8585776330076005 0.3154050464807437 0.008686210640608035 0.008632138114209827
4 0.8564060803474485 0.3190571049136786 0.007057546145494028 0.0073041168658698535
23 0.8705211726384365 0.32237715803452854 0.008143322475570033 0.00796812749003984
4 0.8512486427795874 0.32138114209827356 0.008143322475570033 0.00597609561752988
4 0.8488056460369164 0.32270916334661354 0.007057546145494028 0.0073041168658698535
4 0.8664495114006515 0.3283532536520584 0.008686210640608035 0.009296148738379814
4 0.8626492942453855 0.33100929614873836 0.008686210640608035 0.0073041168658698535
15 0.8365906623235614 0.3286852589641434 0.0249728555917481 0.03054448871181939
30 0.8181324647122693 0.32636122177954846 0.016286644951140065 0.015272244355909695
23 0.8583061889250815 0.3339973439575033 0.010857763300760043 0.009296148738379814
23 0.8702497285559175 0.33698539176626824 0.008686210640608035 0.009296148738379814
23 0.8640065146579805 0.34130146082337315 0.009229098805646038 0.00796812749003984
30 0.8078175895765473 0.3336653386454183 0.018458197611292075 0.015272244355909695
23 0.8599348534201955 0.34462151394422313 0.009229098805646038 0.008632138114209827
30 0.8531487513572205 0.3459495351925631 0.01520086862106406 0.011288180610889775
4 0.8224755700325733 0.34063745019920316 0.007057546145494028 0.006640106241699867
4 0.8832790445168295 0.35391766268260294 0.01031487513572204 0.009296148738379814
4 0.8165038002171553 0.3429614873837981 0.006514657980456026 0.00597609561752988
4 0.8797502714440825 0.3559096945551129 0.008143322475570033 0.0073041168658698535
23 0.8091748099891423 0.34395750332005315 0.009229098805646038 0.009296148738379814
23 0.8762214983713354 0.35790172642762286 0.009229098805646038 0.008632138114209827
4 0.8450054288816504 0.352257636122178 0.00760043431053203 0.0073041168658698535
23 0.8737785016286646 0.35922974767596283 0.00760043431053203 0.008632138114209827
23 0.8067318132464713 0.34760956175298807 0.009229098805646038 0.008632138114209827
30 0.8344191096634094 0.35424966799468793 0.01520086862106406 0.013280212483399735
4 0.8536916395222585 0.35889774236387784 0.008143322475570033 0.010624169986719787