30 0.8466807165437302 0.26771907216494845 0.014752370916754479 0.01095360824742268
23 0.8403582718651211 0.2696520618556701 0.008429926238145416 0.006443298969072165
30 0.8045310853530031 0.27319587628865977 0.011591148577449948 0.009664948453608248
4 0.8382507903055848 0.27545103092783507 0.008956796628029505 0.007087628865979381
15 0.821390937829294 0.2818943298969072 0.02528977871443625 0.03157216494845361
30 0.7629083245521602 0.28350515463917525 0.0136986301369863 0.011597938144329897
23 0.7510537407797682 0.2851159793814433 0.005795574288724974 0.00902061855670103
23 0.7478925184404637 0.28898195876288657 0.007376185458377239 0.005798969072164949
23 0.7573761854583773 0.2934922680412371 0.00684931506849315 0.008376288659793814
23 0.8005795574288725 0.2931701030927835 0.012644889357218124 0.007731958762886598
23 0.7457850368809273 0.2957474226804124 0.008429926238145416 0.006443298969072165
23 0.7542149631190727 0.296069587628866 0.005795574288724974 0.005154639175257732
23 0.7953108535300316 0.297680412371134 0.008956796628029505 0.008376288659793814
23 0.7415700737618546 0.29896907216494845 0.007376185458377239 0.007087628865979381
23 0.7373551106427819 0.3021907216494845 0.009483667017913594 0.005798969072164949
30 0.7626448893572181 0.3015463917525773 0.0136986301369863 0.011597938144329897
23 0.7905690200210748 0.3018685567010309 0.009483667017913594 0.007731958762886598
23 0.7507903055848262 0.30380154639175255 0.008956796628029505 0.005798969072164949
23 0.7334035827186512 0.30605670103092786 0.007376185458377239 0.005154639175257732
23 0.78609062170706 0.30573453608247425 0.007376185458377239 0.007087628865979381
23 0.7476290832455216 0.3086340206185567 0.007376185458377239 0.007087628865979381
23 0.7434141201264489 0.3118556701030928 0.007376185458377239 0.007087628865979381
23 0.7265542676501581 0.31475515463917525 0.007376185458377239 0.008376288659793814
23 0.7386722866174921 0.31507731958762886 0.007903055848261328 0.007731958762886598
23 0.756059009483667 0.3160438144329897 0.008956796628029505 0.005798969072164949
30 0.7207586933614331 0.31926546391752575 0.01422550052687039 0.01095360824742268
23 0.7518440463645943 0.31926546391752575 0.007376185458377239 0.004510309278350515
23 0.7489462592202318 0.32184278350515466 0.007376185458377239 0.005798969072164949
30 0.7120653319283456 0.3247422680412371 0.010010537407797681 0.013530927835051547
23 0.7352476290832455 0.3247422680412371 0.008956796628029505 0.006443298969072165
23 0.7457850368809273 0.3247422680412371 0.00684931506849315 0.006443298969072165
23 0.7605374077976818 0.3244201030927835 0.008429926238145416 0.006443298969072165
23 0.7579030558482613 0.3282860824742268 0.008956796628029505 0.008376288659793814
23 0.7067966280295047 0.32989690721649484 0.008429926238145416 0.007731958762886598
30 0.7294520547945206 0.33021907216494845 0.011591148577449948 0.009664948453608248
23 0.7536880927291886 0.33086340206185566 0.008429926238145416 0.006443298969072165
23 0.75 0.3334407216494845 0.008429926238145416 0.006443298969072165
23 0.7452581664910432 0.33762886597938147 0.008956796628029505 0.007087628865979381
30 0.7204952581664911 0.3385953608247423 0.012118018967334035 0.013530927835051547
23 0.7434141201264489 0.34149484536082475 0.009483667017913594 0.006443298969072165
23 0.6981032665964173 0.34246134020618557 0.008956796628029505 0.007731958762886598
23 0.7397260273972602 0.3440721649484536 0.008956796628029505 0.007731958762886598
23 0.7149631190727082 0.34536082474226804 0.00684931506849315 0.006443298969072165
30 0.7344573234984194 0.3485824742268041 0.013171759747102213 0.01095360824742268
23 0.7565858798735511 0.3489046391752577 0.007376185458377239 0.01095360824742268
23 0.7528977871443625 0.35277061855670105 0.009483667017913594 0.007087628865979381
30 0.7249736564805058 0.3547036082474227 0.012118018967334035 0.009664948453608248
23 0.7044257112750263 0.3556701030927835 0.01053740779768177 0.006443298969072165
23 0.7476290832455216 0.35760309278350516 0.007376185458377239 0.008376288659793814
23 0.7194415173867229 0.3592139175257732 0.011064278187565859 0.007087628865979381
30 0.7447312961011591 0.36211340206185566 0.01422550052687039 0.012242268041237113
23 0.7131190727081138 0.36533505154639173 0.008429926238145416 0.007731958762886598
30 0.7352476290832455 0.3698453608247423 0.014752370916754479 0.012242268041237113
23 0.7273445732349842 0.37661082474226804 0.01053740779768177 0.007731958762886598
23 0.7233930453108536 0.3798324742268041 0.008956796628029505 0.006443298969072165
30 0.6554267650158061 0.3917525773195876 0.033192834562697573 0.03350515463917526
4 0.7025816649104321 0.40496134020618557 0.014752370916754479 0.01288659793814433
30 0.6109062170706007 0.43588917525773196 0.03424657534246575 0.03414948453608247
4 0.613277133825079 0.4581185567010309 0.011064278187565859 0.01675257731958763
4 0.6074815595363541 0.46166237113402064 0.009483667017913594 0.010309278350515464
4 0.5861433087460485 0.4722938144329897 0.00684931506849315 0.01288659793814433
4 0.5824552160168599 0.47712628865979384 0.010010537407797681 0.01288659793814433
30 0.5640147523709168 0.4793814432989691 0.033192834562697573 0.043170103092783504
4 0.5387249736564805 0.5209407216494846 0.01053740779768177 0.009664948453608248
30 0.5139620653319283 0.5273840206185567 0.03161222339304531 0.030927835051546393
4 0.5342465753424658 0.5277061855670103 0.012644889357218124 0.01095360824742268
30 0.46680716543730244 0.5792525773195877 0.03108535300316122 0.03350515463917526
4 0.5039515279241307 0.5979381443298969 0.01685985247629083 0.01288659793814433
30 0.4212328767123288 0.6227448453608248 0.03477344573234984 0.03414948453608247
4 0.42887249736564803 0.6530283505154639 0.013171759747102213 0.011597938144329897
4 0.3980505795574289 0.6620489690721649 0.010010537407797681 0.01675257731958763
4 0.39488935721812435 0.665270618556701 0.009483667017913594 0.010309278350515464
30 0.3780295047418335 0.6681701030927835 0.029504741833508957 0.03350515463917526
4 0.41122233930453106 0.6707474226804123 0.012118018967334035 0.010309278350515464
4 0.35326659641728136 0.7042525773195877 0.007903055848261328 0.015463917525773196
30 0.33324552160168597 0.7077963917525774 0.02792413066385669 0.03865979381443299
4 0.34905163329820865 0.7087628865979382 0.009483667017913594 0.010309278350515464
4 0.29847207586933616 0.7342139175257731 0.07218124341412013 0.08247422680412371
4 0.24631190727081137 0.7786726804123711 0.0684931506849315 0.0702319587628866
23 0.9870916754478398 0.030927835051546393 0.00684931506849315 0.008376288659793814
23 0.9839304531085353 0.03350515463917526 0.007376185458377239 0.007087628865979381
23 0.9797154899894626 0.03608247422680412 0.00684931506849315 0.007087628865979381
23 0.9770811380400422 0.04059278350515464 0.007376185458377239 0.007731958762886598
4 0.9741833508956796 0.04381443298969072 0.008429926238145416 0.007731958762886598
4 0.969968387776607 0.04606958762886598 0.008429926238145416 0.008376288659793814
23 0.9673340358271865 0.04929123711340206 0.00684931506849315 0.006443298969072165
23 0.9636459430979979 0.05186855670103093 0.007376185458377239 0.007087628865979381
23 0.9815595363540569 0.05219072164948454 0.00684931506849315 0.005798969072164949
23 0.9594309799789252 0.05380154639175258 0.00684931506849315 0.007731958762886598
23 0.9573234984193888 0.05766752577319588 0.006322444678609062 0.007731958762886598
23 0.9660168598524763 0.06733247422680412 0.007903055848261328 0.006443298969072165
23 0.9444151738672286 0.07216494845360824 0.005795574288724974 0.005798969072164949
30 0.976027397260274 0.07152061855670103 0.014752370916754479 0.01288659793814433
4 0.9417808219178082 0.0744201030927835 0.005795574288724974 0.006443298969072165
30 0.9370389884088515 0.0782860824742268 0.012644889357218124 0.01095360824742268
23 0.9510010537407798 0.08247422680412371 0.007903055848261328 0.007087628865979381
23 0.9309799789251844 0.08472938144329897 0.00684931506849315 0.006443298969072165
23 0.946786090621707 0.08505154639175258 0.005268703898840885 0.005154639175257732
23 0.9436248682824026 0.08634020618556701 0.005268703898840885 0.004510309278350515
23 0.9720758693361433 0.08859536082474227 0.007903055848261328 0.007731958762886598
4 0.9620653319283456 0.0898840206185567 0.00684931506849315 0.007087628865979381
4 0.9373024236037935 0.09439432989690721 0.008429926238145416 0.006443298969072165
4 0.9567966280295047 0.09536082474226804 0.005795574288724974 0.004510309278350515
23 0.9704952581664911 0.09697164948453608 0.007903055848261328 0.005154639175257732
23 0.9330874604847208 0.0976159793814433 0.00684931506849315 0.006443298969072165
4 0.9517913593256059 0.09987113402061856 0.00684931506849315 0.005154639175257732
23 0.9454689146469969 0.10502577319587629 0.006322444678609062 0.007087628865979381
15 0.9633825079030558 0.1130798969072165 0.030031612223393046 0.02384020618556701
23 0.9291359325605901 0.11436855670103092 0.007903055848261328 0.007087628865979381
23 0.952054794520548 0.12177835051546392 0.007903055848261328 0.007087628865979381
4 0.9815595363540569 0.12242268041237113 0.01053740779768177 0.007087628865979381
23 0.9773445732349842 0.12564432989690721 0.008429926238145416 0.007087628865979381
23 0.9146469968387777 0.12757731958762886 0.007903055848261328 0.007087628865979381
4 0.9747102212855637 0.12757731958762886 0.004741833508956797 0.005154639175257732
23 0.9251844046364595 0.12951030927835053 0.007903055848261328 0.006443298969072165
23 0.9720758693361433 0.12983247422680413 0.005268703898840885 0.006443298969072165
23 0.9214963119072708 0.13208762886597938 0.008429926238145416 0.006443298969072165
4 0.9072708113804004 0.132409793814433 0.008956796628029505 0.00902061855670103
23 0.9694415173867229 0.132409793814433 0.008429926238145416 0.007087628865979381
23 0.9325605900948367 0.13369845360824742 0.00684931506849315 0.008376288659793814
23 0.9665437302423604 0.13563144329896906 0.007376185458377239 0.007087628865979381
23 0.904899894625922 0.13692010309278352 0.008429926238145416 0.007087628865979381
23 0.9623287671232876 0.13756443298969073 0.006322444678609062 0.007087628865979381
4 0.9012118018967334 0.1401417525773196 0.008956796628029505 0.007731958762886598
23 0.9275553213909379 0.1404639175257732 0.008429926238145416 0.005798969072164949
23 0.8964699683877766 0.14239690721649484 0.005795574288724974 0.007087628865979381
23 0.9375658587987356 0.14207474226804123 0.007376185458377239 0.005154639175257732
23 0.8943624868282403 0.14497422680412372 0.006322444678609062 0.009664948453608248
23 0.9860379346680717 0.14561855670103094 0.008429926238145416 0.008376288659793814
23 0.9307165437302424 0.1478737113402062 0.007376185458377239 0.006443298969072165
15 0.9164910432033719 0.148840206185567 0.029504741833508957 0.02384020618556701
23 0.8922550052687039 0.14948453608247422 0.005795574288724974 0.005798969072164949
23 0.9025289778714436 0.15689432989690721 0.005268703898840885 0.005798969072164949
23 0.9757639620653319 0.15528350515463918 0.007376185458377239 0.007087628865979381
23 0.8830347734457323 0.15850515463917525 0.006322444678609062 0.005154639175257732
23 0.8962065331928346 0.16237113402061856 0.00684931506849315 0.005798969072164949
23 0.9494204425711275 0.16237113402061856 0.010010537407797681 0.010309278350515464
23 0.9257112750263435 0.1643041237113402 0.009483667017913594 0.007731958762886598
23 0.886722866174921 0.16559278350515463 0.005795574288724974 0.005154639175257732
23 0.8814541622760801 0.16591494845360824 0.008429926238145416 0.007087628865979381
23 0.9051633298208641 0.16784793814432988 0.005795574288724974 0.005798969072164949
23 0.9188619599578504 0.17074742268041238 0.006322444678609062 0.007087628865979381
30 0.9017386722866175 0.17364690721649484 0.01422550052687039 0.01288659793814433
30 0.8901475237091675 0.17461340206185566 0.014752370916754479 0.011597938144329897
23 0.9560063224446786 0.17461340206185566 0.008956796628029505 0.007087628865979381
23 0.8695995785036881 0.17686855670103094 0.008956796628029505 0.007087628865979381
23 0.8838250790305585 0.1797680412371134 0.009483667017913594 0.007731958762886598
23 0.8559009483667018 0.18041237113402062 0.00684931506849315 0.006443298969072165
23 0.8659114857744995 0.18170103092783504 0.007376185458377239 0.007731958762886598
23 0.8527397260273972 0.18492268041237114 0.00684931506849315 0.006443298969072165
23 0.8775026343519494 0.1871778350515464 0.009483667017913594 0.007731958762886598
23 0.8490516332982087 0.19039948453608246 0.008956796628029505 0.007087628865979381
23 0.8703898840885143 0.19362113402061856 0.008429926238145416 0.007731958762886598
23 0.8435194942044257 0.1955541237113402 0.007903055848261328 0.006443298969072165
23 0.839831401475237 0.19813144329896906 0.008429926238145416 0.007731958762886598
30 0.8635405690200211 0.19909793814432988 0.013171759747102213 0.012242268041237113
23 0.8340358271865121 0.2036082474226804 0.008429926238145416 0.005798969072164949
4 0.875131717597471 0.2026417525773196 0.008429926238145416 0.006443298969072165
4 0.8577449947312961 0.2036082474226804 0.007903055848261328 0.006443298969072165
23 0.8308746048472075 0.20682989690721648 0.00684931506849315 0.005798969072164949
23 0.8540569020021075 0.20682989690721648 0.006322444678609062 0.005798969072164949
4 0.8514225500526871 0.20908505154639176 0.007376185458377239 0.007731958762886598
4 0.8263962065331928 0.21198453608247422 0.005795574288724974 0.005798969072164949
23 0.8400948366701791 0.21681701030927836 0.006322444678609062 0.005798969072164949
30 0.8485247629083246 0.21746134020618557 0.016332982086406742 0.012242268041237113
4 0.8227081138040042 0.2184278350515464 0.007376185458377239 0.007087628865979381
4 0.8369336143308747 0.22036082474226804 0.006322444678609062 0.005798969072164949
4 0.8184931506849316 0.22197164948453607 0.00684931506849315 0.007087628865979381
4 0.8316649104320337 0.22293814432989692 0.007376185458377239 0.007087628865979381
4 0.8300842992623815 0.2268041237113402 0.006322444678609062 0.005798969072164949
23 0.8437829293993677 0.2271262886597938 0.007376185458377239 0.006443298969072165
4 0.8256059009483667 0.23002577319587628 0.007376185458377239 0.004510309278350515
4 0.8234984193888304 0.23195876288659795 0.006322444678609062 0.005798969072164949
4 0.8408851422550052 0.23356958762886598 0.007376185458377239 0.007731958762886598
4 0.8377239199157007 0.23711340206185566 0.007903055848261328 0.005798969072164949
15 0.8124341412012644 0.24001288659793815 0.02160168598524763 0.026417525773195876
30 0.7945205479452054 0.2416237113402062 0.01422550052687039 0.012242268041237113
23 0.8340358271865121 0.24097938144329897 0.010010537407797681 0.007087628865979381
23 0.8456269757639621 0.24130154639175258 0.007376185458377239 0.007731958762886598
23 0.8403582718651211 0.24645618556701032 0.008429926238145416 0.006443298969072165
30 0.785827186512118 0.2509664948453608 0.01685985247629083 0.012242268041237113
23 0.8369336143308747 0.2506443298969072 0.007903055848261328 0.007087628865979381
30 0.8306111696522656 0.25322164948453607 0.0136986301369863 0.008376288659793814
4 0.8005795574288725 0.2545103092783505 0.006322444678609062 0.005154639175257732
4 0.8606427818756586 0.2545103092783505 0.008956796628029505 0.007087628865979381
4 0.7953108535300316 0.25773195876288657 0.005795574288724974 0.004510309278350515
4 0.8574815595363541 0.25708762886597936 0.007376185458377239 0.005798969072164949
23 0.7884615384615384 0.2606314432989691 0.007903055848261328 0.007731958762886598
23 0.8543203371970495 0.25966494845360827 0.007903055848261328 0.007087628865979381
4 0.8237618545837724 0.2609536082474227 0.00684931506849315 0.005798969072164949
23 0.8522128556375131 0.2619201030927835 0.006322444678609062 0.007087628865979381
23 0.7863540569020021 0.2644974226804124 0.007903055848261328 0.007087628865979381
30 0.8137513171759747 0.2651417525773196 0.0136986301369863 0.010309278350515464
4 0.8327186512118019 0.2654639175257732 0.00684931506849315 0.00902061855670103