25 0.7990683229813664 0.15843023255813954 0.013664596273291925 0.031007751937984496
4 0.2891304347826087 0.01065891472868217 0.018012422360248446 0.02131782945736434
23 0.7838509316770186 0.1618217054263566 0.02422360248447205 0.030038759689922482
15 0.42453416149068324 0.05377906976744186 0.02670807453416149 0.046511627906976744
23 0.40341614906832296 0.05184108527131783 0.018012422360248446 0.018410852713178296
4 0.9236024844720497 0.2185077519379845 0.014906832298136646 0.02810077519379845
23 0.7462732919254659 0.17296511627906977 0.012422360248447204 0.025193798449612403
23 0.7180124223602484 0.16472868217054262 0.015527950310559006 0.01937984496124031
4 0.6934782608695652 0.16327519379844962 0.015527950310559006 0.029069767441860465
15 0.8937888198757764 0.22577519379844962 0.05217391304347826 0.06686046511627906
4 0.9319875776397516 0.23934108527131784 0.02236024844720497 0.11724806201550388
4 0.7055900621118012 0.18313953488372092 0.01987577639751553 0.023255813953488372
15 0.8391304347826087 0.22577519379844962 0.06583850931677018 0.12887596899224807
23 0.14409937888198757 0.016472868217054265 0.010559006211180125 0.020348837209302327
23 0.6888198757763975 0.1826550387596899 0.012422360248447204 0.014534883720930232
15 0.21366459627329193 0.040213178294573645 0.016770186335403725 0.03294573643410853
23 0.9183229813664596 0.2543604651162791 0.016770186335403725 0.031007751937984496
33 0.6462732919254658 0.18313953488372092 0.09130434782608696 0.18023255813953487
4 0.6869565217391305 0.2059108527131783 0.015527950310559006 0.03875968992248062
4 0.6055900621118012 0.18313953488372092 0.011801242236024845 0.01065891472868217
15 0.2847826086956522 0.0872093023255814 0.02422360248447205 0.041666666666666664
4 0.2201863354037267 0.07218992248062016 0.009316770186335404 0.02616279069767442
4 0.5857142857142857 0.18313953488372092 0.02236024844720497 0.04941860465116279
4 0.9816770186335404 0.30329457364341084 0.016770186335403725 0.023255813953488372
4 0.2093167701863354 0.0692829457364341 0.014285714285714285 0.02616279069767442
23 0.7183229813664597 0.22965116279069767 0.014285714285714285 0.02810077519379845
4 0.5506211180124223 0.17974806201550386 0.019254658385093167 0.035852713178294575
4 0.6965838509316771 0.2248062015503876 0.012422360248447204 0.030038759689922482
4 0.9027950310559006 0.28875968992248063 0.02422360248447205 0.05813953488372093
23 0.9428571428571428 0.3018410852713178 0.008695652173913044 0.015503875968992248
4 0.9586956521739131 0.3066860465116279 0.013664596273291925 0.015503875968992248
4 0.6037267080745342 0.2010658914728682 0.008074534161490683 0.012596899224806201
4 0.5664596273291925 0.19137596899224807 0.013664596273291925 0.018410852713178296
4 0.8139751552795031 0.2756782945736434 0.06024844720496894 0.03197674418604651
4 0.15807453416149067 0.07800387596899225 0.014906832298136646 0.018410852713178296
4 0.27701863354037265 0.1182170542635659 0.014906832298136646 0.020348837209302327
4 0.5503105590062112 0.20348837209302326 0.011801242236024845 0.020348837209302327
4 0.6931677018633541 0.24806201550387597 0.0068322981366459624 0.01744186046511628
4 0.7065217391304348 0.25290697674418605 0.018012422360248446 0.027131782945736434
23 0.9295031055900621 0.3231589147286822 0.014285714285714285 0.02616279069767442
4 0.570807453416149 0.21463178294573643 0.013043478260869565 0.03391472868217054
23 0.977639751552795 0.3391472868217054 0.01987577639751553 0.05813953488372093
4 0.6015527950310559 0.22577519379844962 0.017391304347826087 0.02616279069767442
23 0.24503105590062113 0.11967054263565892 0.0515527950310559 0.03875968992248062
23 0.13136645962732918 0.08817829457364341 0.008074534161490683 0.016472868217054265
23 0.4894409937888199 0.2000968992248062 0.011180124223602485 0.023255813953488372
4 0.5826086956521739 0.23013565891472867 0.01987577639751553 0.0562015503875969
23 0.1 0.08478682170542635 0.008074534161490683 0.022286821705426358
25 0.7298136645962733 0.2761627906976744 0.021739130434782608 0.023255813953488372
4 0.06832298136645963 0.07800387596899225 0.008695652173913044 0.018410852713178296
23 0.5481366459627329 0.2238372093023256 0.012422360248447204 0.022286821705426358
4 0.49906832298136644 0.21172480620155038 0.017391304347826087 0.0377906976744186
4 0.9450310559006211 0.34738372093023256 0.031055900621118012 0.02422480620155039
4 0.5118012422360249 0.21656976744186046 0.017391304347826087 0.031007751937984496
4 0.18850931677018634 0.1187015503875969 0.02360248447204969 0.055232558139534885
23 0.1298136645962733 0.10174418604651163 0.007453416149068323 0.011627906976744186
4 0.596583850931677 0.25242248062015504 0.018633540372670808 0.0436046511627907
23 0.7158385093167702 0.2911821705426357 0.009937888198757764 0.01744186046511628
23 0.06801242236024845 0.09544573643410853 0.009316770186335404 0.020348837209302327
25 0.7440993788819876 0.3018410852713178 0.016149068322981366 0.02422480620155039
4 0.9736024844720497 0.37306201550387597 0.017391304347826087 0.02131782945736434
4 0.12422360248447205 0.1182170542635659 0.017391304347826087 0.02616279069767442
23 0.8885093167701863 0.3507751937984496 0.034161490683229816 0.06782945736434108
23 0.9714285714285714 0.39195736434108525 0.018633540372670808 0.030038759689922482
23 0.8152173913043478 0.3478682170542636 0.03540372670807453 0.03875968992248062
23 0.1248447204968944 0.14001937984496124 0.0068322981366459624 0.016472868217054265
4 0.5934782608695652 0.28343023255813954 0.008695652173913044 0.012596899224806201
4 0.29409937888198756 0.19767441860465115 0.008074534161490683 0.020348837209302327
23 0.30869565217391304 0.20300387596899225 0.019254658385093167 0.022286821705426358
23 0.48478260869565215 0.2562984496124031 0.011801242236024845 0.013565891472868217
4 0.49751552795031057 0.2606589147286822 0.013043478260869565 0.016472868217054265
4 0.365527950310559 0.22189922480620156 0.009316770186335404 0.020348837209302327
23 0.1046583850931677 0.1434108527131783 0.009937888198757764 0.023255813953488372
23 0.5083850931677019 0.26598837209302323 0.009316770186335404 0.014534883720930232
23 0.06770186335403727 0.13323643410852712 0.0068322981366459624 0.018410852713178296
23 0.37919254658385093 0.22916666666666666 0.019254658385093167 0.022286821705426358
23 0.591304347826087 0.29602713178294576 0.010559006211180125 0.020348837209302327
4 0.48478260869565215 0.26695736434108525 0.014285714285714285 0.013565891472868217
4 0.9645962732919254 0.4161821705426357 0.011801242236024845 0.02422480620155039
23 0.49596273291925463 0.2761627906976744 0.009937888198757764 0.02131782945736434
4 0.5891304347826087 0.31492248062015504 0.010559006211180125 0.02131782945736434
4 0.6009316770186336 0.3221899224806202 0.010559006211180125 0.011627906976744186
4 0.12267080745341614 0.18071705426356588 0.02608695652173913 0.031007751937984496
23 0.481055900621118 0.29069767441860467 0.017391304347826087 0.044573643410852716
23 0.5183229813664596 0.31007751937984496 0.020496894409937887 0.02810077519379845
23 0.503416149068323 0.3071705426356589 0.013043478260869565 0.044573643410852716
15 0.44285714285714284 0.2926356589147287 0.06583850931677018 0.0755813953488372
23 0.37857142857142856 0.30862403100775193 0.016149068322981366 0.020348837209302327
23 0.5183229813664596 0.35174418604651164 0.014285714285714285 0.02422480620155039
23 0.5319875776397516 0.35852713178294576 0.011180124223602485 0.02131782945736434
4 0.3763975155279503 0.3241279069767442 0.017391304347826087 0.02422480620155039
23 0.5142857142857142 0.37209302325581395 0.013664596273291925 0.02131782945736434
23 0.5335403726708075 0.37839147286821706 0.013043478260869565 0.02131782945736434
4 0.5226708074534161 0.376453488372093 0.004968944099378882 0.01937984496124031
23 0.55 0.4011627906976744 0.031677018633540374 0.025193798449612403
23 0.5263975155279503 0.3943798449612403 0.012422360248447204 0.02131782945736434
4 0.515527950310559 0.39195736434108525 0.016770186335403725 0.018410852713178296
4 0.5099378881987577 0.40406976744186046 0.013664596273291925 0.02131782945736434
23 0.7860248447204969 0.4893410852713178 0.012422360248447204 0.016472868217054265
23 0.8130434782608695 0.49806201550387597 0.008695652173913044 0.018410852713178296
4 0.5251552795031056 0.4103682170542636 0.008074534161490683 0.01937984496124031
4 0.7996894409937888 0.4941860465116279 0.013043478260869565 0.020348837209302327
23 0.5173913043478261 0.40843023255813954 0.004968944099378882 0.015503875968992248
23 0.5425465838509317 0.4161821705426357 0.03540372670807453 0.02616279069767442
33 0.4437888198757764 0.3866279069767442 0.14409937888198757 0.1753875968992248
23 0.834472049689441 0.5300387596899225 0.011801242236024845 0.03682170542635659
23 0.818944099378882 0.5271317829457365 0.013664596273291925 0.02422480620155039
23 0.7922360248447204 0.5198643410852714 0.017391304347826087 0.018410852713178296
4 0.7788819875776397 0.5159883720930233 0.004968944099378882 0.015503875968992248
15 0.15714285714285714 0.32848837209302323 0.0546583850931677 0.04941860465116279
4 0.7897515527950311 0.5348837209302325 0.03540372670807453 0.027131782945736434
15 0.8624223602484472 0.5712209302325582 0.04596273291925466 0.06395348837209303
23 0.7829192546583851 0.5508720930232558 0.014906832298136646 0.020348837209302327
4 0.7984472049689441 0.5566860465116279 0.016770186335403725 0.031007751937984496
4 0.19937888198757764 0.375 0.020496894409937887 0.027131782945736434
23 0.8139751552795031 0.5663759689922481 0.018633540372670808 0.0436046511627907
4 0.11459627329192547 0.3546511627906977 0.020496894409937887 0.022286821705426358
4 0.6829192546583851 0.5377906976744186 0.016149068322981366 0.02131782945736434
4 0.19627329192546583 0.3953488372093023 0.016149068322981366 0.01937984496124031
23 0.15838509316770186 0.3856589147286822 0.009937888198757764 0.020348837209302327
4 0.1124223602484472 0.37306201550387597 0.018633540372670808 0.01937984496124031
23 0.14627329192546584 0.38323643410852715 0.006211180124223602 0.01937984496124031
23 0.15248447204968943 0.3851744186046512 0.0055900621118012426 0.016472868217054265
4 0.17329192546583852 0.39244186046511625 0.0068322981366459624 0.01744186046511628
4 0.134472049689441 0.3808139534883721 0.0068322981366459624 0.018410852713178296
23 0.1670807453416149 0.39147286821705424 0.008695652173913044 0.018410852713178296
25 0.6760869565217391 0.5494186046511628 0.02111801242236025 0.022286821705426358
4 0.6996894409937888 0.5566860465116279 0.018012422360248446 0.029069767441860465
4 0.7201863354037267 0.562984496124031 0.011180124223602485 0.029069767441860465
4 0.11180124223602485 0.3871124031007752 0.014906832298136646 0.016472868217054265
4 0.737888198757764 0.5804263565891473 0.016149068322981366 0.02616279069767442
23 0.6416149068322982 0.5552325581395349 0.013043478260869565 0.0436046511627907
15 0.584472049689441 0.5387596899224806 0.02546583850931677 0.041666666666666664
25 0.7024844720496894 0.5755813953488372 0.024844720496894408 0.020348837209302327
4 0.17577639751552795 0.4186046511627907 0.006211180124223602 0.014534883720930232
4 0.1829192546583851 0.42296511627906974 0.006211180124223602 0.01744186046511628
4 0.18757763975155278 0.4258720930232558 0.004968944099378882 0.015503875968992248
4 0.6804347826086956 0.5755813953488372 0.0068322981366459624 0.015503875968992248
4 0.7695652173913043 0.6075581395348837 0.02546583850931677 0.05813953488372093
4 0.7521739130434782 0.6090116279069767 0.010559006211180125 0.020348837209302327
4 0.7229813664596273 0.6022286821705426 0.013043478260869565 0.023255813953488372
23 0.7956521739130434 0.625 0.011180124223602485 0.027131782945736434
4 0.17732919254658386 0.43992248062015504 0.013664596273291925 0.020348837209302327
25 0.679192546583851 0.5935077519379846 0.009937888198757764 0.025193798449612403
4 0.7996894409937888 0.6312984496124031 0.009316770186335404 0.02131782945736434
23 0.10062111801242236 0.4219961240310077 0.009937888198757764 0.02616279069767442
4 0.10962732919254659 0.4258720930232558 0.009937888198757764 0.023255813953488372
23 0.651863354037267 0.5935077519379846 0.031055900621118012 0.0377906976744186
15 0.8562111801242236 0.6555232558139535 0.05714285714285714 0.06686046511627906
4 0.17360248447204968 0.46027131782945735 0.015527950310559006 0.020348837209302327
15 0.1919254658385093 0.47625968992248063 0.020496894409937887 0.040697674418604654
4 0.10248447204968944 0.4500968992248062 0.019254658385093167 0.020348837209302327
4 0.7301242236024845 0.6511627906976745 0.0484472049689441 0.04748062015503876
4 0.16987577639751553 0.4883720930232558 0.008695652173913044 0.018410852713178296
4 0.10093167701863354 0.4675387596899225 0.017391304347826087 0.01937984496124031
23 0.6378881987577639 0.6322674418604651 0.02546583850931677 0.029069767441860465
4 0.7717391304347826 0.6753875968992248 0.015527950310559006 0.04844961240310078
4 0.153416149068323 0.49127906976744184 0.019254658385093167 0.022286821705426358
4 0.11987577639751552 0.48352713178294576 0.014906832298136646 0.01937984496124031
4 0.7145962732919254 0.6666666666666666 0.008074534161490683 0.00872093023255814
23 0.7285714285714285 0.6710271317829457 0.015527950310559006 0.015503875968992248
4 0.7437888198757764 0.686531007751938 0.016149068322981366 0.0377906976744186
4 0.16614906832298137 0.5121124031007752 0.011801242236024845 0.030038759689922482
23 0.7130434782608696 0.6787790697674418 0.015527950310559006 0.018410852713178296
4 0.7267080745341615 0.6875 0.014285714285714285 0.02131782945736434
4 0.09378881987577639 0.49709302325581395 0.010559006211180125 0.02422480620155039
23 0.1468944099378882 0.5140503875968992 0.012422360248447204 0.027131782945736434
23 0.1341614906832298 0.5101744186046512 0.011180124223602485 0.027131782945736434
23 0.10993788819875776 0.5033914728682171 0.009937888198757764 0.023255813953488372
4 0.5714285714285714 0.6453488372093024 0.037267080745341616 0.05232558139534884
15 0.8034161490683229 0.7306201550387597 0.055279503105590065 0.08624031007751938
33 0.6677018633540373 0.6942829457364341 0.03602484472049689 0.05426356589147287
23 0.9385093167701863 0.7877906976744186 0.014906832298136646 0.02131782945736434
23 0.7462732919254659 0.7296511627906976 0.014285714285714285 0.03488372093023256
4 0.9593167701863354 0.7955426356589147 0.02670807453416149 0.027131782945736434
4 0.9145962732919255 0.7834302325581395 0.031677018633540374 0.031007751937984496
33 0.6186335403726708 0.7034883720930233 0.02981366459627329 0.04844961240310078
33 0.7192546583850932 0.7374031007751938 0.03975155279503106 0.06395348837209303
23 0.6385093167701863 0.7180232558139535 0.013664596273291925 0.018410852713178296
33 0.665527950310559 0.7277131782945736 0.027950310559006212 0.03391472868217054
15 0.16801242236024844 0.5780038759689923 0.027950310559006212 0.04941860465116279
4 0.7437888198757764 0.7577519379844961 0.013043478260869565 0.025193798449612403
4 0.10838509316770187 0.5809108527131783 0.009316770186335404 0.02616279069767442
4 0.08322981366459627 0.5741279069767442 0.009316770186335404 0.02616279069767442
4 0.11770186335403726 0.5847868217054264 0.012422360248447204 0.027131782945736434
4 0.09503105590062112 0.5784883720930233 0.015527950310559006 0.035852713178294575
4 0.1298136645962733 0.5891472868217055 0.013043478260869565 0.027131782945736434
4 0.14192546583850932 0.5949612403100775 0.012422360248447204 0.025193798449612403
33 0.6642857142857143 0.7577519379844961 0.02608695652173913 0.03972868217054264
33 0.6149068322981367 0.7437015503875969 0.03229813664596273 0.050387596899224806
4 0.6375776397515528 0.751937984496124 0.02546583850931677 0.05232558139534884
15 0.90527950310559 0.8338178294573644 0.05714285714285714 0.0998062015503876
33 0.9493788819875777 0.8502906976744186 0.0422360248447205 0.10271317829457365
4 0.5670807453416149 0.7412790697674418 0.044099378881987575 0.060077519379844964
15 0.8586956521739131 0.8343023255813954 0.04596273291925466 0.08236434108527131
4 0.7816770186335403 0.812015503875969 0.011801242236024845 0.013565891472868217
25 0.6748447204968944 0.7853682170542635 0.02670807453416149 0.03391472868217054
4 0.15062111801242237 0.6303294573643411 0.008074534161490683 0.020348837209302327
23 0.15714285714285714 0.6332364341085271 0.007453416149068323 0.02131782945736434
4 0.16211180124223604 0.6346899224806202 0.006211180124223602 0.016472868217054265
4 0.6555900621118013 0.7848837209302325 0.017391304347826087 0.029069767441860465
25 0.7807453416149068 0.8280038759689923 0.010559006211180125 0.020348837209302327
4 0.7524844720496895 0.8217054263565892 0.018633540372670808 0.020348837209302327
4 0.6447204968944099 0.8042635658914729 0.02111801242236025 0.027131782945736434
25 0.7639751552795031 0.8410852713178295 0.043478260869565216 0.029069767441860465
4 0.15279503105590062 0.6608527131782945 0.02298136645962733 0.03488372093023256
4 0.5683229813664596 0.7877906976744186 0.03850931677018633 0.04263565891472868
4 0.9127329192546584 0.8997093023255814 0.017391304347826087 0.027131782945736434
23 0.8975155279503105 0.8977713178294574 0.010559006211180125 0.025193798449612403
4 0.9540372670807453 0.9156976744186046 0.008695652173913044 0.029069767441860465
23 0.9462732919254658 0.9142441860465116 0.011180124223602485 0.020348837209302327
23 0.12360248447204969 0.6918604651162791 0.009937888198757764 0.025193798449612403
23 0.1375776397515528 0.6971899224806202 0.009937888198757764 0.02616279069767442
23 0.14782608695652175 0.7005813953488372 0.010559006211180125 0.02422480620155039
23 0.07857142857142857 0.6821705426356589 0.009937888198757764 0.025193798449612403
23 0.08850931677018634 0.685077519379845 0.012422360248447204 0.027131782945736434
23 0.11428571428571428 0.6937984496124031 0.0068322981366459624 0.018410852713178296
23 0.06925465838509316 0.6812015503875969 0.013043478260869565 0.022286821705426358
4 0.8751552795031056 0.1686046511627907 0.013664596273291925 0.03488372093023256
4 0.9015527950310559 0.18071705426356588 0.007453416149068323 0.01744186046511628
4 0.7102484472049689 0.12742248062015504 0.04906832298136646 0.050387596899224806