23 0.5781700288184438 0.10785714285714286 0.012247838616714697 0.011428571428571429
23 0.13580691642651296 0.024285714285714285 0.010086455331412104 0.03142857142857143
23 0.1206772334293948 0.02142857142857143 0.006484149855907781 0.03142857142857143
15 0.6206772334293948 0.13214285714285715 0.04755043227665706 0.08285714285714285
23 0.5579971181556196 0.11928571428571429 0.015129682997118156 0.02
23 0.579250720461095 0.12642857142857142 0.009365994236311239 0.01
23 0.9834293948126801 0.21071428571428572 0.005763688760806916 0.032857142857142856
4 0.9639769452449568 0.21785714285714286 0.01585014409221902 0.018571428571428572
23 0.5561959654178674 0.13642857142857143 0.012968299711815562 0.015714285714285715
23 0.5778097982708934 0.1407142857142857 0.010086455331412104 0.012857142857142857
4 0.11671469740634005 0.056428571428571425 0.010806916426512969 0.012857142857142857
4 0.05943804034582133 0.045714285714285714 0.006484149855907781 0.024285714285714285
23 0.555835734870317 0.15571428571428572 0.010086455331412104 0.01
23 0.5760086455331412 0.16071428571428573 0.008645533141210375 0.011428571428571429
15 0.4697406340057637 0.14142857142857143 0.12536023054755044 0.17142857142857143
4 0.11707492795389049 0.07428571428571429 0.013688760806916427 0.014285714285714285
23 0.5551152737752162 0.17285714285714285 0.010806916426512969 0.014285714285714285
4 0.1149135446685879 0.09071428571428572 0.009365994236311239 0.014285714285714285
4 0.3472622478386167 0.14357142857142857 0.010086455331412104 0.03571428571428571
23 0.5540345821325648 0.195 0.011527377521613832 0.015714285714285715
4 0.11311239193083573 0.11071428571428571 0.009365994236311239 0.014285714285714285
15 0.17507204610951008 0.125 0.059077809798270896 0.12571428571428572
23 0.3400576368876081 0.17357142857142857 0.013688760806916427 0.018571428571428572
4 0.11311239193083573 0.12785714285714286 0.009365994236311239 0.011428571428571429
23 0.5507925072046109 0.22 0.012968299711815562 0.01
23 0.26837175792507206 0.17142857142857143 0.009365994236311239 0.03
23 0.33645533141210376 0.19214285714285714 0.013688760806916427 0.011428571428571429
4 0.11131123919308357 0.14785714285714285 0.010086455331412104 0.015714285714285715
7 0.042867435158501443 0.14142857142857143 0.05475504322766571 0.1657142857142857
4 0.12644092219020173 0.17714285714285713 0.011527377521613832 0.014285714285714285
23 0.21577809798270894 0.20285714285714285 0.013688760806916427 0.017142857142857144
4 0.319164265129683 0.2257142857142857 0.011527377521613832 0.02
4 0.3360951008645533 0.2292857142857143 0.012247838616714697 0.04857142857142857
23 0.2478386167146974 0.225 0.004322766570605188 0.02142857142857143
23 0.23703170028818443 0.225 0.006484149855907781 0.024285714285714285
23 0.21685878962536023 0.225 0.011527377521613832 0.01
23 0.21397694524495678 0.24642857142857144 0.012247838616714697 0.014285714285714285
23 0.33825648414985593 0.275 0.00792507204610951 0.032857142857142856
4 0.25324207492795386 0.25785714285714284 0.020172910662824207 0.022857142857142857
4 0.28170028818443804 0.26571428571428574 0.016570605187319884 0.02
23 0.21397694524495678 0.27 0.013688760806916427 0.012857142857142857
23 0.2680115273775216 0.2914285714285714 0.00792507204610951 0.02857142857142857
4 0.24927953890489912 0.28785714285714287 0.02521613832853026 0.02142857142857143
15 0.31484149855907784 0.3028571428571429 0.03025936599423631 0.05714285714285714
23 0.27737752161383283 0.2957142857142857 0.007204610951008645 0.03
15 0.9852305475504323 0.445 0.028097982708933718 0.14142857142857143
23 0.2889048991354467 0.3 0.009365994236311239 0.03
23 0.3414985590778098 0.31285714285714283 0.010806916426512969 0.011428571428571429
23 0.36059077809798273 0.3171428571428571 0.011527377521613832 0.015714285714285715
4 0.569164265129683 0.3657142857142857 0.008645533141210375 0.02142857142857143
23 0.21361671469740634 0.29285714285714287 0.011527377521613832 0.017142857142857144
23 0.590778097982709 0.3821428571428571 0.010086455331412104 0.012857142857142857
23 0.3645533141210375 0.3357142857142857 0.008645533141210375 0.011428571428571429
23 0.3393371757925072 0.33214285714285713 0.010806916426512969 0.01
23 0.763328530259366 0.42714285714285716 0.015129682997118156 0.015714285714285715
23 0.3407780979827089 0.3464285714285714 0.013688760806916427 0.015714285714285715
23 0.3627521613832853 0.35428571428571426 0.012247838616714697 0.011428571428571429
23 0.5904178674351584 0.40285714285714286 0.012247838616714697 0.015714285714285715
4 0.5695244956772334 0.3985714285714286 0.01440922190201729 0.02
23 0.8105187319884726 0.4492857142857143 0.006484149855907781 0.025714285714285714
4 0.17255043227665706 0.32357142857142857 0.007204610951008645 0.03142857142857143
4 0.7662103746397695 0.44857142857142857 0.019452449567723344 0.02
23 0.3634726224783862 0.37214285714285716 0.010806916426512969 0.015714285714285715
23 0.33789625360230546 0.36857142857142855 0.01585014409221902 0.015714285714285715
4 0.5623198847262247 0.4157142857142857 0.012247838616714697 0.017142857142857144
4 0.27737752161383283 0.37142857142857144 0.018011527377521614 0.018571428571428572
23 0.29394812680115273 0.37642857142857145 0.006484149855907781 0.024285714285714285
23 0.8069164265129684 0.48428571428571426 0.008645533141210375 0.03
4 0.3115994236311239 0.3821428571428571 0.007204610951008645 0.03
4 0.30295389048991356 0.38142857142857145 0.006484149855907781 0.03
4 0.32132564841498557 0.385 0.008645533141210375 0.03857142857142857
4 0.7640489913544669 0.485 0.015129682997118156 0.02142857142857143
23 0.5878962536023055 0.4592857142857143 0.012247838616714697 0.012857142857142857
23 0.23198847262247838 0.3942857142857143 0.012247838616714697 0.012857142857142857
23 0.3069164265129683 0.4142857142857143 0.010806916426512969 0.011428571428571429
4 0.5648414985590778 0.47214285714285714 0.01585014409221902 0.014285714285714285
23 0.5882564841498559 0.48 0.011527377521613832 0.01
23 0.3346541786743516 0.4278571428571429 0.010086455331412104 0.011428571428571429
23 0.3562680115273775 0.43357142857142855 0.012968299711815562 0.017142857142857144
23 0.3076368876080692 0.42928571428571427 0.00792507204610951 0.01
15 0.2680115273775216 0.4228571428571429 0.032420749279538905 0.06142857142857143
4 0.6019452449567724 0.495 0.008645533141210375 0.03
23 0.23018731988472624 0.41785714285714287 0.010806916426512969 0.011428571428571429
4 0.8018731988472623 0.5407142857142857 0.015129682997118156 0.015714285714285715
23 0.5623198847262247 0.4907142857142857 0.011527377521613832 0.014285714285714285
23 0.3061959654178674 0.4421428571428571 0.01440922190201729 0.015714285714285715
15 0.4643371757925072 0.48 0.14625360230547552 0.3171428571428571
23 0.3515850144092219 0.4592857142857143 0.011527377521613832 0.011428571428571429
15 0.670749279538905 0.5307142857142857 0.1260806916426513 0.15
23 0.22874639769452448 0.4392857142857143 0.012247838616714697 0.014285714285714285
4 0.8000720461095101 0.5607142857142857 0.013688760806916427 0.02
23 0.3061959654178674 0.46 0.013688760806916427 0.011428571428571429
4 0.5594380403458213 0.5207142857142857 0.012968299711815562 0.014285714285714285
23 0.22910662824207492 0.45571428571428574 0.011527377521613832 0.017142857142857144
7 0.029178674351585013 0.4235714285714286 0.058357348703170026 0.40714285714285714
4 0.2889048991354467 0.48142857142857143 0.013688760806916427 0.015714285714285715
15 0.13184438040345822 0.4664285714285714 0.01585014409221902 0.07428571428571429
4 0.952449567723343 0.10214285714285715 0.009365994236311239 0.022857142857142857
15 0.9769452449567724 0.6457142857142857 0.04250720461095101 0.15428571428571428
4 0.5615994236311239 0.56 0.01440922190201729 0.018571428571428572
23 0.7982708933717579 0.6157142857142858 0.01440922190201729 0.012857142857142857
23 0.3515850144092219 0.5278571428571428 0.010086455331412104 0.014285714285714285
4 0.5594380403458213 0.58 0.013688760806916427 0.015714285714285715
4 0.9045389048991355 0.09 0.01729106628242075 0.02
23 0.3512247838616715 0.5464285714285714 0.010806916426512969 0.011428571428571429
23 0.5832132564841499 0.6107142857142858 0.010086455331412104 0.011428571428571429
4 0.7053314121037464 0.6414285714285715 0.013688760806916427 0.02142857142857143
23 0.3288904899135447 0.5642857142857143 0.00792507204610951 0.011428571428571429
4 0.5579971181556196 0.6128571428571429 0.01440922190201729 0.014285714285714285
23 0.34978386167146974 0.57 0.010806916426512969 0.012857142857142857
23 0.3015129682997118 0.5607142857142857 0.011527377521613832 0.014285714285714285
4 0.6855187319884726 0.6457142857142857 0.010806916426512969 0.03857142857142857
4 0.12211815561959655 0.5357142857142857 0.018011527377521614 0.024285714285714285
23 0.5821325648414986 0.6314285714285715 0.012968299711815562 0.014285714285714285
23 0.32780979827089335 0.5835714285714285 0.00792507204610951 0.011428571428571429
23 0.3025936599423631 0.5785714285714286 0.013688760806916427 0.014285714285714285
4 0.5561959654178674 0.6321428571428571 0.013688760806916427 0.012857142857142857
23 0.3479827089337176 0.5942857142857143 0.013688760806916427 0.018571428571428572
23 0.3249279538904899 0.595 0.009365994236311239 0.011428571428571429
23 0.5821325648414986 0.6485714285714286 0.013688760806916427 0.017142857142857144
4 0.5554755043227666 0.6485714285714286 0.01440922190201729 0.015714285714285715
4 0.13148414985590778 0.5621428571428572 0.020172910662824207 0.02
4 0.10987031700288184 0.5578571428571428 0.02089337175792507 0.02142857142857143
23 0.3469020172910663 0.6078571428571429 0.012968299711815562 0.015714285714285715
23 0.646613832853026 0.6721428571428572 0.00792507204610951 0.03857142857142857
23 0.30187319884726227 0.6042857142857143 0.013688760806916427 0.014285714285714285
23 0.5788904899135446 0.6664285714285715 0.011527377521613832 0.01
23 0.32636887608069165 0.6142857142857143 0.010806916426512969 0.017142857142857144
4 0.5335014409221902 0.6578571428571428 0.016570605187319884 0.015714285714285715
23 0.37103746397694526 0.625 0.010086455331412104 0.012857142857142857
23 0.5810518731988472 0.6864285714285714 0.016570605187319884 0.014285714285714285
23 0.7907060518731989 0.7328571428571429 0.01440922190201729 0.017142857142857144
4 0.12536023054755044 0.6121428571428571 0.019452449567723344 0.05285714285714286
4 0.520893371757925 0.7007142857142857 0.007204610951008645 0.032857142857142856
4 0.5093659942363112 0.6992857142857143 0.008645533141210375 0.03142857142857143
23 0.7899855907780979 0.76 0.012968299711815562 0.012857142857142857
23 0.4423631123919308 0.69 0.00792507204610951 0.025714285714285714
4 0.4535302593659942 0.6935714285714286 0.008645533141210375 0.02857142857142857
23 0.4711815561959654 0.6971428571428572 0.006484149855907781 0.022857142857142857
23 0.4621757925072046 0.6957142857142857 0.006484149855907781 0.02857142857142857
23 0.48162824207492794 0.7021428571428572 0.00792507204610951 0.03428571428571429
4 0.4322766570605187 0.695 0.006484149855907781 0.03
4 0.9816282420749279 0.12 0.015129682997118156 0.015714285714285715
4 0.10482708933717579 0.6392857142857142 0.008645533141210375 0.03857142857142857
15 0.055835734870317004 0.6442857142857142 0.03818443804034582 0.09857142857142857
4 0.7417146974063401 0.795 0.018731988472622477 0.017142857142857144
23 0.3414985590778098 0.7121428571428572 0.009365994236311239 0.03428571428571429
23 0.3314121037463977 0.7107142857142857 0.005043227665706052 0.03428571428571429
23 0.3224063400576369 0.7107142857142857 0.007204610951008645 0.027142857142857142
23 0.3523054755043228 0.7185714285714285 0.00792507204610951 0.03
23 0.36131123919308356 0.7214285714285714 0.006484149855907781 0.027142857142857142
23 0.49819884726224783 0.7521428571428571 0.005763688760806916 0.027142857142857142
23 0.5086455331412104 0.7564285714285715 0.0036023054755043226 0.022857142857142857
23 0.5172910662824207 0.7585714285714286 0.004322766570605188 0.02857142857142857
23 0.526657060518732 0.76 0.007204610951008645 0.02857142857142857
15 0.46325648414985593 0.7571428571428571 0.030979827089337175 0.06285714285714286
4 0.11599423631123919 0.6857142857142857 0.024495677233429394 0.04
4 0.7409942363112392 0.8207142857142857 0.021613832853025938 0.022857142857142857
23 0.14085014409221902 0.7021428571428572 0.015129682997118156 0.02
4 0.3000720461095101 0.7357142857142858 0.020172910662824207 0.06142857142857143
4 0.28061959654178675 0.7321428571428571 0.01729106628242075 0.06
4 0.18119596541786742 0.7142857142857143 0.016570605187319884 0.017142857142857144
4 0.16030259365994237 0.7114285714285714 0.01729106628242075 0.017142857142857144
23 0.21505763688760807 0.725 0.01585014409221902 0.018571428571428572
4 0.5021613832853026 0.7907142857142857 0.012968299711815562 0.011428571428571429
23 0.3202449567723343 0.7535714285714286 0.008645533141210375 0.02857142857142857
23 0.19956772334293948 0.735 0.00792507204610951 0.027142857142857142
23 0.21469740634005763 0.7428571428571429 0.010806916426512969 0.017142857142857144
23 0.7845821325648416 0.865 0.016570605187319884 0.015714285714285715
4 0.14085014409221902 0.7328571428571429 0.018731988472622477 0.018571428571428572
23 0.18948126801152737 0.7442857142857143 0.00792507204610951 0.025714285714285714
23 0.5248559077809798 0.8185714285714286 0.005763688760806916 0.027142857142857142
23 0.5162103746397695 0.8185714285714286 0.010086455331412104 0.032857142857142856
23 0.5353025936599424 0.8228571428571428 0.00792507204610951 0.03142857142857143
4 0.42939481268011526 0.8014285714285714 0.00792507204610951 0.025714285714285714
23 0.545028818443804 0.8257142857142857 0.007204610951008645 0.024285714285714285
23 0.5543948126801153 0.8292857142857143 0.007204610951008645 0.032857142857142856
23 0.5871757925072046 0.8471428571428572 0.006484149855907781 0.022857142857142857
7 0.024135446685878963 0.7507142857142857 0.048270893371757925 0.25857142857142856
15 0.16642651296829972 0.7857142857142857 0.027377521613832854 0.054285714285714284
4 0.6401296829971181 0.8957142857142857 0.02089337175792507 0.024285714285714285
4 0.4783861671469741 0.8685714285714285 0.015129682997118156 0.017142857142857144
4 0.460014409221902 0.865 0.010086455331412104 0.017142857142857144
23 0.7748559077809798 0.9428571428571428 0.005763688760806916 0.03
23 0.784221902017291 0.9464285714285714 0.00792507204610951 0.03571428571428571
4 0.6322046109510087 0.9314285714285714 0.009365994236311239 0.032857142857142856
23 0.6509365994236311 0.9464285714285714 0.013688760806916427 0.014285714285714285
23 0.8198847262247838 0.9857142857142858 0.008645533141210375 0.025714285714285714
4 0.003962536023054755 0.8292857142857143 0.00792507204610951 0.024285714285714285
4 0.7820605187319885 0.9842857142857143 0.018011527377521614 0.02857142857142857
23 0.5630403458213257 0.9578571428571429 0.00792507204610951 0.032857142857142856
23 0.5965417867435159 0.06285714285714286 0.015129682997118156 0.02
15 0.5428674351585014 0.96 0.010086455331412104 0.037142857142857144
4 0.11851585014409222 0.895 0.009365994236311239 0.025714285714285714
4 0.9834293948126801 0.14714285714285713 0.01585014409221902 0.012857142857142857
15 0.8652737752161384 0.12785714285714286 0.030979827089337175 0.10714285714285714
15 0.7795389048991355 0.11428571428571428 0.07780979827089338 0.11571428571428571
23 0.18840057636887608 0.007142857142857143 0.00792507204610951 0.014285714285714285
23 0.21505763688760807 0.009285714285714286 0.009365994236311239 0.018571428571428572
23 0.9823487031700289 0.165 0.012968299711815562 0.017142857142857144
23 0.19704610951008644 0.01 0.00792507204610951 0.02
23 0.20605187319884727 0.01 0.008645533141210375 0.02
23 0.5594380403458213 0.07928571428571428 0.012247838616714697 0.014285714285714285
23 0.5821325648414986 0.08785714285714286 0.009365994236311239 0.014285714285714285
15 0.7092939481268011 0.11785714285714285 0.04106628242074928 0.14
23 0.5605187319884726 0.09642857142857143 0.013688760806916427 0.015714285714285715