23 0.5317589576547231 0.5007598784194529 0.016829533116178068 0.015197568389057751
23 0.5336590662323561 0.5117781155015197 0.016829533116178068 0.016717325227963525
4 0.8802931596091205 0.4004559270516717 0.019001085776330078 0.022036474164133738
4 0.7901737242128122 0.4319908814589666 0.02062975027144408 0.016717325227963525
4 0.05971769815418024 0.17515197568389057 0.02008686210640608 0.02127659574468085
4 0.016015200868621064 0.1899696048632219 0.01031487513572204 0.022796352583586626
15 0.7090119435396308 0.4939209726443769 0.04723127035830619 0.06914893617021277
15 0.07546145494028231 0.699468085106383 0.05591748099891422 0.13145896656534956
4 0.8927795874049945 0.43617021276595747 0.013029315960912053 0.02735562310030395
15 0.7844733984799132 0.4745440729483283 0.0499457111834962 0.0737082066869301
15 0.8591205211726385 0.45098784194528874 0.04723127035830619 0.07066869300911854
4 0.6080347448425625 0.5330547112462006 0.019001085776330078 0.0182370820668693
15 0.9264386536373507 0.4308510638297872 0.04723127035830619 0.06914893617021277
4 0.33767643865363733 0.6234802431610942 0.017915309446254073 0.02127659574468085
4 0.3968512486427796 0.6048632218844985 0.017915309446254073 0.016717325227963525
15 0.03881650380021716 0.7211246200607903 0.04668838219326819 0.11246200607902736
4 0.6777958740499457 0.5174772036474165 0.01520086862106406 0.029635258358662615
15 0.1965255157437568 0.6728723404255319 0.04723127035830619 0.11246200607902736
4 0.8333333333333334 0.4677051671732523 0.011400651465798045 0.023556231003039513
15 0.15743756786102062 0.6861702127659575 0.05266015200868621 0.12006079027355623
15 0.11834961997828447 0.6998480243161094 0.051031487513572206 0.12310030395136778
15 0.24077090119435396 0.6641337386018237 0.0494028230184582 0.11854103343465046
4 0.42996742671009774 0.06231003039513678 0.016286644951140065 0.013677811550151976
4 0.0249728555917481 0.1979483282674772 0.01031487513572204 0.02127659574468085
15 0.4595548317046688 0.6698328267477204 0.04668838219326819 0.07522796352583587
15 0.34283387622149836 0.712386018237082 0.041802388707926165 0.041033434650455926
4 0.3721498371335505 0.7177051671732523 0.019543973941368076 0.020516717325227963
4 0.4524972855591748 0.7127659574468085 0.021172638436482084 0.022036474164133738
4 0.05836047774158523 0.19338905775075987 0.031487513572204126 0.041033434650455926
15 0.09609120521172639 0.8411854103343465 0.04017372421281216 0.0737082066869301
15 0.06270358306188925 0.8525835866261399 0.033659066232356136 0.07142857142857142
15 0.13816503800217156 0.8290273556231003 0.04288816503800217 0.08738601823708207
15 0.1786102062975027 0.817629179331307 0.03908794788273615 0.08130699088145897
15 0.4161237785016287 0.7408814589665653 0.08469055374592833 0.19072948328267478
15 0.21959826275787186 0.8066109422492401 0.04071661237785016 0.0919452887537994
15 0.26248642779587406 0.7959726443768997 0.046145494028230184 0.09878419452887538
15 0.3512486427795874 0.770516717325228 0.030944625407166124 0.0425531914893617
4 0.48724212812160694 0.7325227963525835 0.021715526601520086 0.0243161094224924
4 0.3797502714440825 0.7773556231003039 0.017915309446254073 0.02127659574468085
4 0.0996199782844734 0.8837386018237082 0.017915309446254073 0.017477203647416412
15 0.5266015200868621 0.7462006079027356 0.08469055374592833 0.07218844984802432
4 0.06514657980456026 0.8977963525835866 0.024429967426710098 0.020516717325227963
4 0.2250271444082519 0.8499240121580547 0.019001085776330078 0.018996960486322188
4 0.18322475570032573 0.8636018237082067 0.021172638436482084 0.017477203647416412
4 0.1444082519001086 0.8768996960486323 0.01737242128121607 0.022036474164133738
15 0.6137350705754615 0.726063829787234 0.08577633007600434 0.0737082066869301
4 0.2662866449511401 0.8400455927051672 0.023887079261672096 0.020516717325227963
4 0.33930510314875134 0.8233282674772037 0.01248642779587405 0.028875379939209727
15 0.35884907709011943 0.8202887537993921 0.03908794788273615 0.03875379939209726
4 0.15092290988056462 0.17059270516717326 0.01737242128121607 0.016717325227963525
15 0.7934310532030402 0.6880699088145896 0.12975027144408252 0.11398176291793313
15 0.5355591748099892 0.800531914893617 0.08740499457111835 0.0797872340425532
15 0.6224212812160695 0.7754559270516718 0.08523344191096634 0.07066869300911854
23 0.4215526601520087 0.848404255319149 0.015743756786102063 0.015957446808510637
4 0.10884907709011944 0.9502279635258358 0.0998914223669924 0.08662613981762918
4 0.43268186753528776 0.0851063829787234 0.016829533116178068 0.015197568389057751
23 0.4234527687296417 0.8594224924012158 0.017915309446254073 0.017477203647416412
4 0.501357220412595 0.8389057750759878 0.017915309446254073 0.031914893617021274
23 0.42698154180238873 0.8708206686930091 0.017915309446254073 0.019756838905775075
4 0.3504343105320304 0.9000759878419453 0.0249728555917481 0.022036474164133738
15 0.6300217155266015 0.8221884498480243 0.08903365906623235 0.07446808510638298
4 0.016015200868621064 0.22378419452887538 0.023887079261672096 0.03343465045592705
4 0.2893593919652552 0.135258358662614 0.019001085776330078 0.016717325227963525
4 0.3564060803474484 0.9270516717325228 0.024429967426710098 0.034954407294832825
23 0.15173724212812162 0.18199088145896655 0.01737242128121607 0.0182370820668693
4 0.508414766558089 0.89209726443769 0.013029315960912053 0.02811550151975684
4 0.3542345276872964 0.9471884498480243 0.013029315960912053 0.0182370820668693
23 0.18485342019543974 0.17287234042553193 0.01737242128121607 0.017477203647416412
15 0.6351791530944625 0.8742401215805471 0.08849077090119435 0.07750759878419453
15 0.5521172638436482 0.9034954407294833 0.09011943539630836 0.07750759878419453
4 0.36292073832790445 0.9692249240121581 0.023887079261672096 0.031914893617021274
15 0.30727470141150925 0.9893617021276596 0.04234527687296417 0.019756838905775075
23 0.43431053203040176 0.09536474164133739 0.016286644951140065 0.014437689969604863
15 0.21579804560260588 0.9525075987841946 0.08740499457111835 0.09346504559270517
4 0.25542888165038 0.15501519756838905 0.021715526601520086 0.017477203647416412
4 0.5160152008686211 0.9487082066869301 0.016829533116178068 0.019756838905775075
15 0.9752985884907709 0.8081306990881459 0.04668838219326819 0.09954407294832827
15 0.8165038002171553 0.8442249240121581 0.14115092290988057 0.1641337386018237
15 0.9258957654723127 0.8123100303951368 0.0732899022801303 0.13601823708206687
4 0.2918023887079262 0.15007598784194529 0.016829533116178068 0.0182370820668693
4 0.031487513572204126 0.23708206686930092 0.010857763300760043 0.020516717325227963
4 0.06406080347448426 0.2283434650455927 0.02714440825190011 0.053951367781155016
4 0.004614549402823019 0.260258358662614 0.009229098805646038 0.03115501519756839
15 0.73914223669924 0.04521276595744681 0.18186753528773072 0.09042553191489362
4 0.03230184581976113 0.2526595744680851 0.03745928338762215 0.03343465045592705
4 0.2947882736156352 0.16869300911854104 0.01737242128121607 0.0182370820668693
4 0.8292616720955484 0.007978723404255319 0.013572204125950055 0.015957446808510637
23 0.8593919652551575 0.004559270516717325 0.019543973941368076 0.00911854103343465
4 0.03854505971769816 0.2693768996960486 0.011943539630836048 0.020516717325227963
15 0.35993485342019543 0.17401215805471124 0.03420195439739414 0.03571428571428571
23 0.6452225841476655 0.08358662613981763 0.01520086862106406 0.013677811550151976
4 0.38680781758957655 0.1683130699088146 0.02768729641693811 0.020516717325227963
23 0.30890336590662326 0.19984802431610943 0.01031487513572204 0.02127659574468085
4 0.31894679695982625 0.19680851063829788 0.011400651465798045 0.023556231003039513
23 0.3308903365906623 0.19376899696048633 0.008686210640608035 0.019756838905775075
23 0.30293159609120524 0.2032674772036474 0.01031487513572204 0.020516717325227963
4 0.6482084690553745 0.09422492401215805 0.01520086862106406 0.014437689969604863
23 0.5203583061889251 0.1371580547112462 0.018458197611292075 0.015957446808510637
23 0.5578175895765473 0.12727963525835867 0.019001085776330078 0.018996960486322188
4 0.501085776330076 0.14551671732522797 0.019001085776330078 0.020516717325227963
4 0.6498371335504886 0.10372340425531915 0.016286644951140065 0.0182370820668693
30 0.5219869706840391 0.15045592705167174 0.021715526601520086 0.0243161094224924
23 0.502171552660152 0.16869300911854104 0.014657980456026058 0.013677811550151976
23 0.5608034744842563 0.14969604863221886 0.018458197611292075 0.018996960486322188
23 0.5944625407166124 0.1398176291793313 0.015743756786102063 0.030395136778115502
4 0.5776330076004343 0.1458966565349544 0.010857763300760043 0.022796352583586626
23 0.6566232356134636 0.12196048632218845 0.011943539630836048 0.022796352583586626
23 0.6482084690553745 0.12537993920972645 0.01031487513572204 0.028875379939209727
23 0.5257871878393051 0.16717325227963525 0.01737242128121607 0.016717325227963525
23 0.5396308360477742 0.16907294832826747 0.011400651465798045 0.023556231003039513
4 0.4565689467969598 0.196048632218845 0.019001085776330078 0.015197568389057751
23 0.44435396308360475 0.2066869300911854 0.008686210640608035 0.0182370820668693
4 0.4595548317046688 0.2074468085106383 0.014657980456026058 0.016717325227963525
4 0.06324647122692725 0.3525835866261398 0.016829533116178068 0.015957446808510637
15 0.16910966340933767 0.3183890577507599 0.09717698154180239 0.2530395136778115
15 0.24104234527687296 0.29749240121580545 0.09500542888165038 0.25227963525835867
4 0.2749728555917481 0.30775075987841943 0.009771986970684038 0.02127659574468085
15 0.3471769815418024 0.293693009118541 0.12052117263843648 0.17097264437689969
4 0.4139522258414767 0.27583586626139817 0.013572204125950055 0.029635258358662615
4 0.8534201954397395 0.13943768996960487 0.016286644951140065 0.016717325227963525
4 0.8987513572204126 0.12462006079027356 0.017915309446254073 0.013677811550151976
4 0.8672638436482085 0.1519756838905775 0.011400651465798045 0.02127659574468085
15 0.6286644951140065 0.23708206686930092 0.10857763300760044 0.13829787234042554
4 0.5705754614549403 0.25569908814589665 0.015743756786102063 0.031914893617021274
15 0.8911509229098805 0.1561550151975684 0.03637350705754615 0.044832826747720364
4 0.6875678610206297 0.22188449848024316 0.01248642779587405 0.02507598784194529
4 0.8602062975027145 0.1743920972644377 0.017915309446254073 0.018996960486322188
4 0.7652008686210641 0.21922492401215807 0.017915309446254073 0.018996960486322188
15 0.07790445168295332 0.44148936170212766 0.1237785016286645 0.17325227963525835
15 0.07763300760043432 0.44224924012158057 0.1237785016286645 0.17325227963525835
4 0.9172095548317046 0.1717325227963526 0.018458197611292075 0.018996960486322188
4 0.1503800217155266 0.4236322188449848 0.01248642779587405 0.022036474164133738
15 0.7975027144408252 0.21922492401215807 0.04288816503800217 0.050911854103343465
15 0.8976655808903365 0.1945288753799392 0.03474484256243214 0.044072948328267476
4 0.9242671009771987 0.18731003039513677 0.023887079261672096 0.0182370820668693
4 0.8735070575461455 0.20402735562310031 0.016829533116178068 0.030395136778115502
4 0.25814332247557004 0.42211246200607905 0.015743756786102063 0.015197568389057751
4 0.18946796959826276 0.44452887537993924 0.01737242128121607 0.013677811550151976
4 0.5814332247557004 0.31762917933130697 0.02008686210640608 0.017477203647416412
4 0.9242671009771987 0.20858662613981763 0.01520086862106406 0.017477203647416412
23 0.3113463626492943 0.4065349544072948 0.01031487513572204 0.022036474164133738
23 0.3352334419109663 0.39893617021276595 0.010857763300760043 0.022036474164133738
23 0.3507057546145494 0.39475683890577506 0.010857763300760043 0.025835866261398176
23 0.35912052117263843 0.3924772036474164 0.013029315960912053 0.023556231003039513
23 0.3957654723127036 0.38145896656534956 0.011943539630836048 0.026595744680851064
4 0.7747014115092291 0.2731762917933131 0.018458197611292075 0.020516717325227963
15 0.8032030401737242 0.26709726443769 0.03474484256243214 0.04711246200607903
4 0.8789359391965255 0.24430091185410335 0.016286644951140065 0.030395136778115502
4 0.9296959826275787 0.2275835866261398 0.02225841476655809 0.015957446808510637
4 0.33713355048859933 0.4209726443768997 0.021715526601520086 0.02127659574468085
15 0.9036373507057546 0.23860182370820668 0.03637350705754615 0.04027355623100304
23 0.6520086862106406 0.32674772036474165 0.02062975027144408 0.017477203647416412
23 0.014115092290988056 0.547112462006079 0.016829533116178068 0.014437689969604863
23 0.9307817589576547 0.25455927051671734 0.014657980456026058 0.017477203647416412
23 0.01737242128121607 0.5630699088145896 0.02008686210640608 0.019756838905775075
4 0.9332247557003257 0.27279635258358664 0.017915309446254073 0.015957446808510637
23 0.5171009771986971 0.4072948328267477 0.017915309446254073 0.014437689969604863
23 0.1769815418023887 0.5186170212765957 0.01031487513572204 0.023556231003039513
23 0.2011400651465798 0.5117781155015197 0.01031487513572204 0.02507598784194529
23 0.19408251900108578 0.513677811550152 0.009229098805646038 0.025835866261398176
23 0.21064060803474485 0.5091185410334347 0.009771986970684038 0.0243161094224924
23 0.18539630836047774 0.5174772036474165 0.01031487513572204 0.0243161094224924
4 0.06677524429967427 0.5581306990881459 0.01248642779587405 0.0243161094224924
23 0.23534201954397393 0.506079027355623 0.01737242128121607 0.013677811550151976
15 0.04723127035830619 0.5683890577507599 0.03691639522258415 0.05167173252279635
23 0.5168295331161781 0.4198328267477204 0.013572204125950055 0.011398176291793313
15 0.9049945711183496 0.29749240121580545 0.050488599348534204 0.0668693009118541
23 0.1468512486427796 0.5448328267477204 0.011400651465798045 0.022796352583586626
23 0.1237785016286645 0.5528115501519757 0.01031487513572204 0.022796352583586626
23 0.13925081433224756 0.5486322188449848 0.009229098805646038 0.023556231003039513
23 0.13192182410423453 0.5512917933130699 0.009771986970684038 0.022036474164133738
23 0.17209554831704668 0.5379939209726444 0.010857763300760043 0.025835866261398176
23 0.15580890336590664 0.5440729483282675 0.01031487513572204 0.026595744680851064
23 0.16476655808903365 0.5414133738601824 0.009229098805646038 0.023556231003039513
23 0.5219869706840391 0.4376899696048632 0.015743756786102063 0.012917933130699088
4 0.7242128121606949 0.3837386018237082 0.017915309446254073 0.02127659574468085
23 0.5225298588490771 0.4513677811550152 0.015743756786102063 0.011398176291793313
15 0.5944625407166124 0.44072948328267475 0.12323561346362649 0.17477203647416414
23 0.5255157437567861 0.4627659574468085 0.015743756786102063 0.011398176291793313
15 0.38246471226927253 0.513677811550152 0.08577633007600434 0.1899696048632219
15 0.32328990228013027 0.5330547112462006 0.08143322475570032 0.19224924012158054
4 0.42833876221498374 0.051291793313069906 0.01737242128121607 0.0182370820668693
15 0.6981541802388708 0.41717325227963525 0.05537459283387622 0.07066869300911854
23 0.5271444082519001 0.4756838905775076 0.015743756786102063 0.013677811550151976
4 0.8824647122692725 0.3670212765957447 0.01737242128121607 0.018996960486322188
15 0.8471769815418024 0.38145896656534956 0.04234527687296417 0.0668693009118541
23 0.5293159609120521 0.48822188449848025 0.01737242128121607 0.015197568389057751
15 0.9172095548317046 0.3636018237082067 0.048859934853420196 0.06458966565349544