4 0.8395127118644068 0.11745283018867925 0.0926906779661017 0.13679245283018868
23 0.058792372881355935 0.6481132075471698 0.007415254237288136 0.02830188679245283
4 0.05296610169491525 0.6481132075471698 0.009533898305084746 0.026415094339622643
4 0.09904661016949153 0.6608490566037736 0.021716101694915255 0.022641509433962263
4 0.659427966101695 0.75 0.04343220338983051 0.05849056603773585
23 0.3119703389830508 0.7 0.014300847457627119 0.018867924528301886
23 0.5211864406779662 0.06933962264150943 0.03072033898305085 0.033962264150943396
23 0.5640889830508474 0.7410377358490566 0.00847457627118644 0.017924528301886792
30 0.614406779661017 0.08490566037735849 0.013241525423728813 0.02169811320754717
4 0.4155190677966102 0.7264150943396226 0.013241525423728813 0.022641509433962263
4 0.09798728813559322 0.6768867924528302 0.023834745762711863 0.01509433962264151
15 0.3514300847457627 0.7193396226415094 0.0323093220338983 0.06886792452830189
23 0.0715042372881356 0.6811320754716981 0.034427966101694914 0.04716981132075472
4 0.3707627118644068 0.7278301886792453 0.012182203389830509 0.013207547169811321
30 0.3032309322033898 0.7183962264150944 0.012182203389830509 0.016037735849056604
4 0.8519597457627118 0.8056603773584906 0.021716101694915255 0.0330188679245283
30 0.3162076271186441 0.7240566037735849 0.00847457627118644 0.02169811320754717
30 0.6295021186440678 0.7731132075471698 0.012182203389830509 0.024528301886792454
4 0.477489406779661 0.7504716981132076 0.011652542372881356 0.026415094339622643
23 0.3810911016949153 0.7353773584905661 0.00847457627118644 0.017924528301886792
30 0.5651483050847458 0.7650943396226415 0.010063559322033898 0.022641509433962263
23 0.4141949152542373 0.7443396226415094 0.011652542372881356 0.009433962264150943
15 0.4446504237288136 0.75 0.045550847457627115 0.12641509433962264
4 0.3252118644067797 0.7339622641509433 0.005826271186440678 0.018867924528301886
4 0.512447033898305 0.7679245283018868 0.02489406779661017 0.07264150943396226
4 0.4147245762711864 0.7547169811320755 0.012711864406779662 0.012264150943396227
23 0.5638241525423728 0.7816037735849056 0.014830508474576272 0.010377358490566037
15 0.009798728813559322 0.6957547169811321 0.019597457627118644 0.07641509433962264
4 0.4576271186440678 0.06462264150943396 0.028601694915254237 0.04716981132075472
4 0.5460805084745762 0.7825471698113208 0.025423728813559324 0.04716981132075472
30 0.6289724576271186 0.7966981132075471 0.013771186440677966 0.01981132075471698
4 0.8509004237288136 0.8358490566037736 0.021716101694915255 0.033962264150943396
23 0.9584216101694916 0.8575471698113207 0.019597457627118644 0.08490566037735849
4 0.6411546610169492 0.09481132075471699 0.018538135593220338 0.03773584905660377
30 0.3961864406779661 0.7849056603773585 0.009004237288135594 0.03018867924528302
4 0.5426377118644068 0.8099056603773584 0.006885593220338983 0.02169811320754717
23 0.5291313559322034 0.8075471698113208 0.007415254237288136 0.022641509433962263
23 0.8344809322033898 0.855188679245283 0.013241525423728813 0.01509433962264151
23 0.5211864406779662 0.8070754716981132 0.006885593220338983 0.02169811320754717
4 0.5148305084745762 0.8061320754716981 0.006355932203389831 0.020754716981132074
4 0.5352224576271186 0.810377358490566 0.006885593220338983 0.024528301886792454
4 0.319385593220339 0.7768867924528302 0.014830508474576272 0.024528301886792454
4 0.4851694915254237 0.8028301886792453 0.02489406779661017 0.08679245283018867
4 0.5005296610169492 0.805188679245283 0.006885593220338983 0.020754716981132074
4 0.550582627118644 0.8136792452830188 0.006885593220338983 0.01981132075471698
4 0.5082097457627118 0.8080188679245283 0.006885593220338983 0.018867924528301886
30 0.6273834745762712 0.8278301886792453 0.013771186440677966 0.024528301886792454
4 0.7147775423728814 0.844811320754717 0.1016949152542373 0.08018867924528301
23 0.6059322033898306 0.8320754716981132 0.005296610169491525 0.016981132075471698
23 0.4107521186440678 0.8014150943396227 0.012182203389830509 0.024528301886792454
4 0.2963453389830508 0.7834905660377358 0.013241525423728813 0.013207547169811321
23 0.6165254237288136 0.8334905660377359 0.010063559322033898 0.017924528301886792
23 0.585010593220339 0.8382075471698113 0.007415254237288136 0.035849056603773584
23 0.5648834745762712 0.8349056603773585 0.019597457627118644 0.03962264150943396
30 0.7966101694915254 0.8721698113207547 0.010063559322033898 0.011320754716981131
4 0.5513771186440678 0.8386792452830188 0.005826271186440678 0.02169811320754717
4 0.501853813559322 0.8306603773584905 0.005826271186440678 0.02169811320754717
23 0.508739406779661 0.8330188679245283 0.00847457627118644 0.02358490566037736
23 0.5222457627118644 0.8349056603773585 0.005826271186440678 0.02358490566037736
23 0.5439618644067796 0.8391509433962264 0.00847457627118644 0.02169811320754717
4 0.5296610169491526 0.8367924528301887 0.005296610169491525 0.02169811320754717
23 0.5370762711864406 0.8382075471698113 0.005826271186440678 0.01981132075471698
23 0.606197033898305 0.8490566037735849 0.004766949152542373 0.016981132075471698
23 0.5153601694915254 0.8358490566037736 0.007415254237288136 0.02547169811320755
4 0.3847987288135593 0.8193396226415094 0.013771186440677966 0.013207547169811321
23 0.850635593220339 0.8938679245283019 0.018538135593220338 0.04905660377358491
15 0.8315677966101694 0.8933962264150943 0.020127118644067795 0.04150943396226415
4 0.3967161016949153 0.8287735849056603 0.010063559322033898 0.012264150943396227
30 0.5855402542372882 0.0910377358490566 0.015889830508474576 0.024528301886792454
4 0.7915783898305084 0.894811320754717 0.005826271186440678 0.016981132075471698
4 0.668167372881356 0.8839622641509434 0.006885593220338983 0.020754716981132074
30 0.368114406779661 0.0589622641509434 0.017478813559322032 0.03207547169811321
4 0.711864406779661 0.894811320754717 0.023305084745762712 0.018867924528301886
23 0.3938029661016949 0.8452830188679246 0.009533898305084746 0.02169811320754717
23 0.052701271186440676 0.7938679245283019 0.00847457627118644 0.022641509433962263
23 0.041048728813559324 0.7929245283018868 0.005826271186440678 0.022641509433962263
23 0.9613347457627118 0.9382075471698114 0.011652542372881356 0.011320754716981131
4 0.2958156779661017 0.8358490566037736 0.013771186440677966 0.016037735849056604
30 0.3543432203389831 0.05660377358490566 0.01694915254237288 0.031132075471698113
30 0.8013771186440678 0.9150943396226415 0.023305084745762712 0.020754716981132074
23 0.3268008474576271 0.05330188679245283 0.019597457627118644 0.027358490566037737
25 0.9698093220338984 0.9490566037735849 0.006885593220338983 0.035849056603773584
23 0.4769597457627119 0.8731132075471698 0.011122881355932203 0.013207547169811321
4 0.659957627118644 0.9028301886792452 0.007415254237288136 0.022641509433962263
4 0.4894067796610169 0.8764150943396226 0.012182203389830509 0.013207547169811321
23 0.8297139830508474 0.9330188679245283 0.017478813559322032 0.040566037735849055
4 0.3916843220338983 0.8655660377358491 0.01059322033898305 0.018867924528301886
23 0.7108050847457628 0.9155660377358491 0.024364406779661018 0.029245283018867925
23 0.7502648305084746 0.9245283018867925 0.013771186440677966 0.020754716981132074
15 0.4552436440677966 0.8783018867924528 0.03177966101694915 0.07641509433962264
23 0.7722457627118644 0.9316037735849056 0.006355932203389831 0.02169811320754717
23 0.7653601694915254 0.9316037735849056 0.005826271186440678 0.017924528301886792
4 0.2952860169491525 0.8584905660377359 0.015889830508474576 0.016037735849056604
23 0.4324682203389831 0.8806603773584906 0.011122881355932203 0.009433962264150943
4 0.5023834745762712 0.8933962264150943 0.011652542372881356 0.01981132075471698
23 0.8797669491525424 0.9542452830188679 0.028601694915254237 0.024528301886792454
23 0.9597457627118644 0.9702830188679246 0.007944915254237288 0.009433962264150943
23 0.7913135593220338 0.944811320754717 0.013241525423728813 0.03773584905660377
4 0.4883474576271186 0.8976415094339623 0.010063559322033898 0.010377358490566037
23 0.8103813559322034 0.9481132075471698 0.013241525423728813 0.038679245283018866
23 0.3919491525423729 0.8834905660377359 0.012182203389830509 0.011320754716981131
4 0.4319385593220339 0.8910377358490567 0.011652542372881356 0.010377358490566037
23 0.4761652542372881 0.9004716981132076 0.013241525423728813 0.026415094339622643
23 0.7492055084745762 0.9452830188679245 0.013241525423728813 0.02358490566037736
23 0.7643008474576272 0.9514150943396227 0.006885593220338983 0.01981132075471698
23 0.7717161016949152 0.9533018867924529 0.005296610169491525 0.016037735849056604
4 0.390625 0.894811320754717 0.007944915254237288 0.008490566037735849
4 0.4181673728813559 0.9 0.012182203389830509 0.011320754716981131
23 0.8752648305084746 0.9787735849056604 0.013241525423728813 0.031132075471698113
4 0.4396186440677966 0.9174528301886793 0.011122881355932203 0.01509433962264151
23 0.5998411016949152 0.10283018867924529 0.010063559322033898 0.02547169811320755
23 0.6154661016949152 0.1089622641509434 0.010063559322033898 0.02358490566037736
23 0.3638771186440678 0.07735849056603773 0.011652542372881356 0.011320754716981131
4 0.4745762711864407 0.09528301886792453 0.013771186440677966 0.024528301886792454
30 0.5858050847457628 0.11933962264150944 0.01694915254237288 0.02169811320754717
23 0.3424258474576271 0.08160377358490566 0.013771186440677966 0.024528301886792454
23 0.6054025423728814 0.12735849056603774 0.005826271186440678 0.016981132075471698
23 0.4017478813559322 0.09716981132075472 0.00847457627118644 0.03679245283018868
4 0.7039194915254238 0.1481132075471698 0.026483050847457626 0.03773584905660377
23 0.17558262711864406 0.0669811320754717 0.01641949152542373 0.01981132075471698
23 0.3342161016949153 0.10566037735849057 0.019597457627118644 0.02358490566037736
23 0.4986758474576271 0.1400943396226415 0.022775423728813558 0.03679245283018868
23 0.3289194915254237 0.12028301886792453 0.013241525423728813 0.011320754716981131
15 0.6453919491525424 0.16933962264150942 0.022775423728813558 0.04716981132075472
15 0.7126588983050848 0.18632075471698112 0.02754237288135593 0.045283018867924525
4 0.4017478813559322 0.13820754716981132 0.006885593220338983 0.020754716981132074
4 0.692531779661017 0.18443396226415093 0.01059322033898305 0.018867924528301886
4 0.7314618644067796 0.19245283018867926 0.00847457627118644 0.035849056603773584
23 0.8011122881355932 0.20424528301886793 0.014300847457627119 0.012264150943396227
7 0.8675847457627118 0.21650943396226416 0.026483050847457626 0.033962264150943396
7 0.8215042372881356 0.2099056603773585 0.029661016949152543 0.038679245283018866
15 0.4592161016949153 0.16132075471698112 0.05455508474576271 0.10660377358490566
23 0.4986758474576271 0.16839622641509433 0.025953389830508475 0.0330188679245283
4 0.8016419491525424 0.21745283018867925 0.012711864406779662 0.014150943396226415
23 0.691207627118644 0.20141509433962265 0.013771186440677966 0.012264150943396227
4 0.901218220338983 0.24339622641509434 0.03548728813559322 0.04622641509433962
30 0.8077330508474576 0.22971698113207548 0.015360169491525424 0.01981132075471698
4 0.9390889830508474 0.2537735849056604 0.007415254237288136 0.02358490566037736
4 0.2378177966101695 0.14575471698113207 0.012711864406779662 0.024528301886792454
23 0.2288135593220339 0.14528301886792452 0.005826271186440678 0.022641509433962263
4 0.2666843220338983 0.15188679245283018 0.03389830508474576 0.0330188679245283
7 0.8411016949152542 0.24622641509433962 0.02701271186440678 0.0330188679245283
23 0.9907309322033898 0.27169811320754716 0.012182203389830509 0.026415094339622643
4 0.4036016949152542 0.180188679245283 0.012182203389830509 0.02358490566037736
23 0.9801377118644068 0.27075471698113207 0.011652542372881356 0.03018867924528302
23 0.9578919491525424 0.26839622641509436 0.010063559322033898 0.026415094339622643
23 0.9472987288135594 0.26933962264150946 0.009004237288135594 0.022641509433962263
23 0.4173728813559322 0.19056603773584907 0.020127118644067795 0.03207547169811321
4 0.4337923728813559 0.2018867924528302 0.01641949152542373 0.027358490566037737
7 0.9282309322033898 0.2787735849056604 0.01694915254237288 0.027358490566037737
7 0.9864936440677966 0.29150943396226414 0.015889830508474576 0.016037735849056604
23 0.17134533898305085 0.16650943396226414 0.013771186440677966 0.018867924528301886
15 0.703125 0.24952830188679245 0.023305084745762712 0.02830188679245283
7 0.9457097457627118 0.28915094339622643 0.015360169491525424 0.013207547169811321
23 0.567531779661017 0.02547169811320755 0.024364406779661018 0.027358490566037737
4 0.9345868644067796 0.29952830188679247 0.02754237288135593 0.017924528301886792
23 0.7055084745762712 0.2679245283018868 0.015360169491525424 0.01509433962264151
4 0.7764830508474576 0.2825471698113208 0.03389830508474576 0.06792452830188679
7 0.993114406779661 0.31933962264150945 0.012711864406779662 0.01981132075471698
4 0.9759004237288136 0.31556603773584907 0.00847457627118644 0.022641509433962263
4 0.9510063559322034 0.3127358490566038 0.009533898305084746 0.026415094339622643
23 0.17108050847457626 0.1938679245283019 0.012711864406779662 0.01509433962264151
23 0.6938559322033898 0.27735849056603773 0.015360169491525424 0.01509433962264151
4 0.923728813559322 0.3160377358490566 0.04925847457627119 0.052830188679245285
23 0.6340042372881356 0.27169811320754716 0.012711864406779662 0.03018867924528302
4 0.8117055084745762 0.30047169811320756 0.036016949152542374 0.1009433962264151
23 0.6453919491525424 0.27735849056603773 0.011122881355932203 0.012264150943396227
23 0.7134533898305084 0.28915094339622643 0.00847457627118644 0.022641509433962263
23 0.605667372881356 0.27405660377358493 0.019597457627118644 0.018867924528301886
4 0.720603813559322 0.2929245283018868 0.006355932203389831 0.02169811320754717
4 0.739406779661017 0.30424528301886794 0.025423728813559324 0.04433962264150943
23 0.6419491525423728 0.2919811320754717 0.007944915254237288 0.017924528301886792
23 0.652542372881356 0.2938679245283019 0.006355932203389831 0.022641509433962263
23 0.6186440677966102 0.294811320754717 0.04078389830508475 0.02547169811320755
23 0.9833156779661016 0.35660377358490564 0.006355932203389831 0.018867924528301886
30 0.588718220338983 0.03443396226415094 0.018008474576271187 0.01509433962264151
4 0.9970868644067796 0.3622641509433962 0.004766949152542373 0.016981132075471698
15 0.9589512711864406 0.3584905660377358 0.03125 0.05566037735849057
4 0.9155190677966102 0.35188679245283017 0.01694915254237288 0.020754716981132074
4 0.5254237288135594 0.2966981132075472 0.013241525423728813 0.038679245283018866
23 0.5458156779661016 0.30235849056603775 0.009004237288135594 0.031132075471698113
23 0.989406779661017 0.3754716981132076 0.007944915254237288 0.02169811320754717
23 0.9316737288135594 0.36933962264150944 0.013241525423728813 0.018867924528301886
23 0.675052966101695 0.3471698113207547 0.011652542372881356 0.013207547169811321
4 0.829978813559322 0.37169811320754714 0.00847457627118644 0.02547169811320755
30 0.4896716101694915 0.31933962264150945 0.020127118644067795 0.02830188679245283
4 0.9547139830508474 0.39764150943396226 0.04290254237288135 0.027358490566037737
4 0.916843220338983 0.39339622641509436 0.034957627118644065 0.04245283018867924
23 0.643802966101695 0.35188679245283017 0.019067796610169493 0.02547169811320755
30 0.664989406779661 0.05235849056603774 0.014300847457627119 0.02358490566037736
23 0.6739936440677966 0.36698113207547167 0.011122881355932203 0.012264150943396227
4 0.9695444915254238 0.4216981132075472 0.009004237288135594 0.018867924528301886
23 0.9748411016949152 0.4226415094339623 0.006885593220338983 0.020754716981132074
4 0.4819915254237288 0.3466981132075472 0.02913135593220339 0.04245283018867924
23 0.9578919491525424 0.4207547169811321 0.015360169491525424 0.017924528301886792
4 0.833156779661017 0.4061320754716981 0.005826271186440678 0.02169811320754717
23 0.8432203389830508 0.40849056603773587 0.014300847457627119 0.02547169811320755
4 0.855667372881356 0.41132075471698115 0.00847457627118644 0.024528301886792454
23 0.7386122881355932 0.39622641509433965 0.009004237288135594 0.011320754716981131
23 0.6509533898305084 0.38443396226415094 0.025423728813559324 0.03490566037735849
23 0.466896186440678 0.3641509433962264 0.012182203389830509 0.012264150943396227
4 0.928760593220339 0.4400943396226415 0.045550847457627115 0.04339622641509434
4 0.7341101694915254 0.41132075471698115 0.005826271186440678 0.016037735849056604
4 0.972457627118644 0.44858490566037734 0.013241525423728813 0.016037735849056604
23 0.7560911016949152 0.41509433962264153 0.005826271186440678 0.022641509433962263
23 0.7425847457627118 0.4240566037735849 0.013771186440677966 0.03773584905660377
23 0.6689618644067796 0.41650943396226414 0.023834745762711863 0.02358490566037736
4 0.4909957627118644 0.389622641509434 0.0423728813559322 0.045283018867924525
30 0.9711334745762712 0.4683962264150943 0.015889830508474576 0.027358490566037737
30 0.9920550847457628 0.4716981132075472 0.014830508474576272 0.02830188679245283
23 0.7809851694915254 0.44150943396226416 0.015360169491525424 0.0330188679245283
23 0.6536016949152542 0.056132075471698115 0.009533898305084746 0.040566037735849055
4 0.9279661016949152 0.4674528301886792 0.005826271186440678 0.018867924528301886
23 0.9226694915254238 0.46650943396226413 0.007415254237288136 0.018867924528301886
23 0.9348516949152542 0.4693396226415094 0.007944915254237288 0.020754716981132074
30 0.9565677966101694 0.47264150943396227 0.012711864406779662 0.02169811320754717
4 0.5881885593220338 0.04764150943396227 0.011122881355932203 0.009433962264150943
23 0.5 0.41556603773584905 0.017478813559322032 0.020754716981132074
4 0.4849046610169492 0.4179245283018868 0.012182203389830509 0.016037735849056604
4 0.4992055084745763 0.43066037735849055 0.018538135593220338 0.017924528301886792
4 0.4666313559322034 0.43113207547169813 0.028601694915254237 0.0660377358490566
23 0.3564618644067797 0.41509433962264153 0.013771186440677966 0.029245283018867925
23 0.6501588983050848 0.4844339622641509 0.011122881355932203 0.02169811320754717
23 0.3546080508474576 0.4490566037735849 0.006885593220338983 0.02169811320754717
23 0.6604872881355932 0.4995283018867924 0.011122881355932203 0.022641509433962263
23 0.6490995762711864 0.5061320754716981 0.011652542372881356 0.020754716981132074
15 0.3183262711864407 0.4641509433962264 0.06038135593220339 0.11037735849056604
23 0.6615466101694916 0.5231132075471698 0.012711864406779662 0.024528301886792454
23 0.033103813559322036 0.42641509433962266 0.01641949152542373 0.01981132075471698
23 0.3665254237288136 0.480188679245283 0.012711864406779662 0.016037735849056604
23 0.6316207627118644 0.5245283018867924 0.013771186440677966 0.02169811320754717
23 0.6490995762711864 0.5287735849056604 0.010063559322033898 0.020754716981132074
23 0.0256885593220339 0.4382075471698113 0.015889830508474576 0.017924528301886792
23 0.3530190677966102 0.49150943396226415 0.013241525423728813 0.01509433962264151
4 0.3649364406779661 0.5028301886792453 0.01059322033898305 0.012264150943396227
23 0.6197033898305084 0.5433962264150943 0.009004237288135594 0.020754716981132074
23 0.607521186440678 0.5424528301886793 0.010063559322033898 0.013207547169811321
23 0.3527542372881356 0.5094339622641509 0.011122881355932203 0.014150943396226415
4 0.9647775423728814 0.6047169811320755 0.04078389830508475 0.04433962264150943
4 0.2886652542372881 0.5047169811320755 0.012711864406779662 0.026415094339622643
23 0.6157309322033898 0.5599056603773584 0.018008474576271187 0.020754716981132074
4 0.5993114406779662 0.5580188679245283 0.014300847457627119 0.026415094339622643
23 0.5058262711864406 0.5462264150943397 0.04396186440677966 0.029245283018867925
15 0.1520127118644068 0.49198113207547167 0.03177966101694915 0.07358490566037736
15 0.3972457627118644 0.5330188679245284 0.05402542372881356 0.10566037735849057
4 0.3641419491525424 0.5287735849056604 0.009533898305084746 0.010377358490566037
4 0.5460805084745762 0.560377358490566 0.03548728813559322 0.04716981132075472
23 0.5794491525423728 0.5712264150943396 0.011122881355932203 0.035849056603773584
23 0.2648305084745763 0.5259433962264151 0.0423728813559322 0.052830188679245285
15 0.949947033898305 0.6363207547169811 0.03548728813559322 0.05471698113207547
4 0.9711334745762712 0.6415094339622641 0.007944915254237288 0.016981132075471698
4 0.5889830508474576 0.5830188679245283 0.011122881355932203 0.038679245283018866
23 0.12658898305084745 0.5127358490566037 0.014300847457627119 0.02169811320754717
4 0.727489406779661 0.6122641509433963 0.012711864406779662 0.016981132075471698
30 0.4883474576271186 0.575 0.010063559322033898 0.03018867924528302
15 0.6829978813559322 0.6174528301886792 0.0736228813559322 0.08584905660377358
4 0.2709216101694915 0.020283018867924527 0.03548728813559322 0.040566037735849055
23 0.7259004237288136 0.6287735849056604 0.012182203389830509 0.018867924528301886
4 0.9695444915254238 0.6820754716981132 0.03072033898305085 0.05188679245283019
4 0.7259004237288136 0.6438679245283019 0.011652542372881356 0.013207547169811321
15 0.5145656779661016 0.6132075471698113 0.017478813559322032 0.031132075471698113
30 0.5007944915254238 0.6127358490566037 0.012711864406779662 0.02358490566037736
30 0.4806673728813559 0.6117924528301887 0.013241525423728813 0.02547169811320755
15 0.024364406779661018 0.5415094339622641 0.0323093220338983 0.07264150943396226
4 0.574947033898305 0.630188679245283 0.07574152542372882 0.06981132075471698
23 0.2441737288135593 0.016037735849056604 0.017478813559322032 0.03018867924528302
4 0.987552966101695 0.7037735849056603 0.010063559322033898 0.05566037735849057
23 0.4944385593220339 0.6334905660377359 0.014300847457627119 0.020754716981132074
23 0.4830508474576271 0.6377358490566037 0.015889830508474576 0.026415094339622643
4 0.3371292372881356 0.6202830188679245 0.04078389830508475 0.05471698113207547
23 0.06170550847457627 0.5783018867924529 0.003707627118644068 0.009433962264150943
4 0.3940677966101695 0.6330188679245283 0.03760593220338983 0.04433962264150943
23 0.6022245762711864 0.07452830188679245 0.012182203389830509 0.012264150943396227
4 0.1014300847457627 0.5962264150943396 0.009533898305084746 0.012264150943396227
23 0.022245762711864406 0.5834905660377359 0.030190677966101694 0.02169811320754717
4 0.08871822033898305 0.594811320754717 0.012182203389830509 0.01509433962264151
23 0.036016949152542374 0.5924528301886792 0.0005296610169491525 0.002830188679245283
4 0.7044491525423728 0.6976415094339623 0.0413135593220339 0.05566037735849057
15 0.6607521186440678 0.6924528301886792 0.04290254237288135 0.05
23 0.020391949152542374 0.5966981132075472 0.03177966101694915 0.018867924528301886
23 0.019597457627118644 0.6061320754716981 0.036546610169491525 0.01981132075471698
23 0.8879766949152542 0.7518867924528302 0.015360169491525424 0.024528301886792454
23 0.9258474576271186 0.7584905660377359 0.055614406779661014 0.033962264150943396
25 0.8652012711864406 0.75 0.03336864406779661 0.026415094339622643
4 0.3784427966101695 0.6806603773584906 0.06991525423728813 0.07924528301886792
23 0.975635593220339 0.775 0.012711864406779662 0.020754716981132074
30 0.3339512711864407 0.6778301886792453 0.012182203389830509 0.010377358490566037
4 0.9891419491525424 0.14056603773584905 0.02065677966101695 0.04339622641509434
15 0.0211864406779661 0.6382075471698113 0.036016949152542374 0.04716981132075472
4 0.5855402542372882 0.7273584905660377 0.029661016949152543 0.08490566037735849
30 0.3307733050847458 0.6886792452830188 0.012711864406779662 0.012264150943396227