30 0.7011577424023154 0.5645756457564576 0.031114327062228653 0.02152521525215252
4 0.11215629522431259 0.6073185731857319 0.04703328509406657 0.04305043050430504
4 0.7590448625180898 0.5716482164821648 0.03907380607814761 0.03505535055350553
30 0.9124457308248914 0.6497539975399754 0.020260492040520984 0.027675276752767528
30 0.9591172214182344 0.6608241082410824 0.023154848046309694 0.024600246002460024
30 0.9280028943560058 0.6703567035670357 0.026772793053545588 0.025215252152521524
15 0.7073082489146165 0.020910209102091022 0.05209840810419682 0.03628536285362854
15 0.8639652677279306 0.7183271832718328 0.053545586107091175 0.02890528905289053
15 0.6074529667149059 0.761070110701107 0.19030390738060782 0.15682656826568267
30 0.8256150506512301 0.7693726937269373 0.029667149059334298 0.024600246002460024
15 0.4236613603473227 0.79920049200492 0.09261939218523878 0.12607626076260764
15 0.86794500723589 0.7958179581795818 0.03907380607814761 0.04489544895448955
30 0.8191027496382055 0.8056580565805658 0.023878437047756874 0.02152521525215252
4 0.3683068017366136 0.8693111931119312 0.024602026049204053 0.011685116851168511
4 0.17872648335745298 0.8843788437884379 0.03328509406657019 0.03013530135301353
4 0.3672214182344428 0.8803813038130381 0.019536903039073805 0.014145141451414513
4 0.4113603473227207 0.8840713407134071 0.04052098408104197 0.03505535055350553
30 0.9160636758321273 0.8751537515375154 0.024602026049204053 0.025215252152521524
30 0.8824167872648335 0.8791512915129152 0.027496382054992764 0.025830258302583026
30 0.8541968162083936 0.8809963099630996 0.02532561505065123 0.023985239852398525
15 0.29124457308248913 0.9148216482164822 0.09044862518089725 0.07380073800738007
4 0.20839363241678727 0.9394218942189422 0.03328509406657019 0.028290282902829027
4 0.7995658465991317 0.9092865928659286 0.03762662807525326 0.03628536285362854
30 0.877713458755427 0.9083640836408364 0.02243125904486252 0.022755227552275523
15 0.7206946454413893 0.9446494464944649 0.05499276410998553 0.033825338253382534
30 0.880246020260492 0.9375768757687577 0.027496382054992764 0.02214022140221402
15 0.7912445730824892 0.9480319803198032 0.03183791606367583 0.02152521525215252
30 0.17185238784370477 0.08671586715867159 0.02532561505065123 0.025215252152521524
4 0.05426917510853835 0.1039360393603936 0.04413892908827786 0.037515375153751536
4 0.3100578871201158 0.08948339483394833 0.03183791606367583 0.015990159901599015
4 0.3429811866859624 0.08856088560885608 0.03183791606367583 0.014145141451414513
30 0.17583212735166426 0.11131611316113162 0.026772793053545588 0.02152521525215252
30 0.20332850940665703 0.10977859778597786 0.02532561505065123 0.02029520295202952
30 0.14290882778581765 0.11377613776137761 0.024602026049204053 0.02029520295202952
30 0.23082489146164978 0.10854858548585486 0.027496382054992764 0.023985239852398525
4 0.5459479015918958 0.10239852398523985 0.031114327062228653 0.024600246002460024
23 0.14435600578871202 0.1282287822878229 0.023878437047756874 0.010455104551045511
4 0.7973950795947902 0.09040590405904059 0.020260492040520984 0.00984009840098401
23 0.17691751085383503 0.12761377613776137 0.024602026049204053 0.012300123001230012
23 0.20477568740955138 0.13530135301353013 0.02243125904486252 0.011685116851168511
23 0.1447178002894356 0.13899138991389914 0.023154848046309694 0.00922509225092251
23 0.17655571635311143 0.13714637146371464 0.02532561505065123 0.008610086100861008
23 0.23299565846599132 0.13376383763837638 0.02243125904486252 0.011685116851168511
15 0.8813314037626628 0.09563345633456334 0.05065123010130246 0.03075030750307503
4 0.3874819102749638 0.12515375153751537 0.02170767004341534 0.008610086100861008
4 0.516642547033285 0.12484624846248463 0.01447178002894356 0.019065190651906518
15 0.47901591895803186 0.13899138991389914 0.03907380607814761 0.03997539975399754
15 0.554630969609262 0.14391143911439114 0.053545586107091175 0.033825338253382534
4 0.5202604920405209 0.15805658056580565 0.013748191027496382 0.02029520295202952
4 0.8900144717800289 0.13714637146371464 0.031114327062228653 0.023370233702337023
15 0.7145441389290883 0.15805658056580565 0.16063675832127353 0.13776137761377613
4 0.48227206946454415 0.17250922509225092 0.02243125904486252 0.006765067650676507
4 0.5086830680173662 0.17650676506765067 0.009406657018813314 0.014760147601476014
15 0.33755426917510856 0.1881918819188192 0.11794500723589002 0.0996309963099631
15 0.20658465991316932 0.232779827798278 0.057163531114327065 0.03505535055350553
15 0.5025325615050651 0.2395448954489545 0.05861070911722142 0.03505535055350553
15 0.8433429811866859 0.22847478474784746 0.05137481910274964 0.03013530135301353
4 0.2304630969609262 0.2742927429274293 0.04486251808972504 0.033210332103321034
4 0.5072358900144718 0.28690036900369004 0.04124457308248915 0.03567035670356704
15 0.2568740955137482 0.37392373923739236 0.08683068017366136 0.07072570725707257
4 0.14182344428364688 0.4289667896678967 0.03979739507959479 0.03936039360393604
4 0.09298118668596238 0.43419434194341944 0.04848046309696093 0.04120541205412054
15 0.46888567293777134 0.44341943419434193 0.21924746743849494 0.1838868388683887
30 0.804630969609262 0.4308118081180812 0.028219971056439943 0.01845018450184502
4 0.09768451519536903 0.48031980319803197 0.0426917510853835 0.047355473554735544
15 0.19319826338639653 0.479089790897909 0.04630969609261939 0.04797047970479705
30 0.8107814761215629 0.45141451414514144 0.02894356005788712 0.025830258302583026
4 0.2536179450072359 0.5058425584255842 0.03400868306801737 0.03198031980319803
30 0.8125904486251809 0.4735547355473555 0.02894356005788712 0.02152521525215252
4 0.1085383502170767 0.5242927429274292 0.04848046309696093 0.03628536285362854
4 0.1812590448625181 0.5209102091020911 0.024602026049204053 0.012915129151291513
30 0.8295947901591896 0.5218327183271833 0.026772793053545588 0.023370233702337023
4 0.1085383502170767 0.5648831488314883 0.04413892908827786 0.04366543665436654
15 0.7351664254703328 0.528290282902829 0.0361794500723589 0.04120541205412054
30 0.7883502170767004 0.5252152521525215 0.027496382054992764 0.025830258302583026