4 0.3660081053698075 0.8076923076923077 0.01165146909827761 0.05029585798816568
4 0.3842451874366768 0.7943786982248521 0.012664640324214792 0.05029585798816568
4 0.35612968591691996 0.8150887573964497 0.01165146909827761 0.05029585798816568
4 0.37487335359675783 0.8032544378698225 0.01165146909827761 0.05029585798816568
30 0.5977710233029382 0.6486686390532544 0.019756838905775075 0.0695266272189349
4 0.5866261398176292 0.6597633136094675 0.007598784194528876 0.03106508875739645
4 0.20390070921985815 0.9393491124260355 0.0070921985815602835 0.034023668639053255
4 0.6091691995947315 0.6464497041420119 0.007598784194528876 0.03254437869822485
4 0.898176291793313 0.4356508875739645 0.011144883485309016 0.05029585798816568
4 0.9075481256332321 0.4289940828402367 0.011144883485309016 0.04881656804733728
4 0.9174265450861195 0.4230769230769231 0.011144883485309016 0.051775147928994084
23 0.6998480243161094 0.5835798816568047 0.008105369807497468 0.03254437869822485
4 0.9262917933130699 0.41789940828402367 0.01165146909827761 0.05029585798816568
4 0.6390577507598785 0.6301775147928994 0.007598784194528876 0.03106508875739645
30 0.13069908814589665 0.9785502958579881 0.022289766970618033 0.03994082840236687
4 0.6210739614994935 0.6449704142011834 0.008105369807497468 0.034023668639053255
23 0.690982776089159 0.5961538461538461 0.005572441742654508 0.029585798816568046
4 0.7588652482269503 0.5465976331360947 0.008611955420466059 0.03254437869822485
23 0.6580547112462006 0.621301775147929 0.006585612968591692 0.03106508875739645
23 0.6833839918946302 0.6042899408284024 0.007598784194528876 0.03254437869822485
30 0.630192502532928 0.6427514792899408 0.015704154002026342 0.05325443786982249
4 0.14463019250253292 0.992603550295858 0.009625126646403243 0.011834319526627219
30 0.6674265450861195 0.625 0.010638297872340425 0.03994082840236687
4 0.7391084093211753 0.5747041420118343 0.007598784194528876 0.034023668639053255
15 0.7279635258358662 0.5828402366863905 0.019756838905775075 0.06804733727810651
23 0.6770516717325228 0.6227810650887574 0.008105369807497468 0.03254437869822485
30 0.34574468085106386 0.863905325443787 0.022289766970618033 0.08284023668639054
30 0.21808510638297873 0.9585798816568047 0.02077001013171226 0.07692307692307693
23 0.2315096251266464 0.9504437869822485 0.010638297872340425 0.04142011834319527
4 0.15121580547112462 0.9948224852071006 0.007598784194528876 0.0073964497041420114
23 0.7844478216818642 0.5488165680473372 0.009625126646403243 0.03994082840236687
4 0.7178318135764944 0.599112426035503 0.0060790273556231 0.029585798816568046
30 0.4022289766970618 0.8291420118343196 0.022796352583586626 0.07988165680473373
23 0.7023809523809523 0.6146449704142012 0.007598784194528876 0.03106508875739645
30 0.7727963525835866 0.5650887573964497 0.021783181357649443 0.08136094674556213
30 0.8229483282674772 0.5288461538461539 0.02127659574468085 0.07988165680473373
4 0.8102836879432624 0.5392011834319527 0.0070921985815602835 0.03106508875739645
23 0.8361195542046606 0.5236686390532544 0.009625126646403243 0.03698224852071006
30 0.8877912867274569 0.4874260355029586 0.02077001013171226 0.07988165680473373
4 0.6142350557244174 0.6893491124260355 0.008611955420466059 0.03698224852071006
30 0.9447821681864235 0.4519230769230769 0.022289766970618033 0.07840236686390532
23 0.957193515704154 0.44452662721893493 0.00911854103343465 0.03698224852071006
23 0.6367781155015197 0.6841715976331361 0.008105369807497468 0.03254437869822485
23 0.624113475177305 0.6930473372781065 0.007598784194528876 0.034023668639053255
23 0.6299392097264438 0.6886094674556213 0.008105369807497468 0.034023668639053255
23 0.662613981762918 0.6664201183431953 0.008611955420466059 0.034023668639053255
4 0.6950354609929078 0.643491124260355 0.007598784194528876 0.03254437869822485
23 0.6871833839918946 0.6486686390532544 0.007598784194528876 0.03254437869822485
4 0.6765450861195542 0.6612426035502958 0.0070921985815602835 0.03254437869822485
4 0.5916919959473151 0.7226331360946746 0.0070921985815602835 0.029585798816568046
4 0.6453900709219859 0.6871301775147929 0.0070921985815602835 0.028106508875739646
23 0.6707193515704154 0.6701183431952663 0.007598784194528876 0.029585798816568046
23 0.6519756838905775 0.6834319526627219 0.006585612968591692 0.03106508875739645
23 0.7125126646403243 0.6412721893491125 0.0060790273556231 0.029585798816568046
23 0.705420466058764 0.650887573964497 0.006585612968591692 0.03106508875739645
23 0.7459473150962512 0.6227810650887574 0.007598784194528876 0.03254437869822485
23 0.3665146909827761 0.8994082840236687 0.010638297872340425 0.042899408284023666
23 0.7522796352583586 0.6183431952662722 0.007598784194528876 0.03254437869822485
23 0.727710233029382 0.6420118343195266 0.006585612968591692 0.03106508875739645
4 0.6068895643363729 0.7374260355029586 0.005572441742654508 0.02514792899408284
4 0.6003039513677811 0.7440828402366864 0.007598784194528876 0.03254437869822485
23 0.41894630192502536 0.8794378698224852 0.010131712259371834 0.038461538461538464
23 0.7606382978723404 0.636094674556213 0.0060790273556231 0.029585798816568046
4 0.6339918946301925 0.7285502958579881 0.011144883485309016 0.04142011834319527
23 0.9128672745694022 0.5288461538461539 0.00911854103343465 0.03994082840236687
4 0.4138804457953394 0.8920118343195266 0.008105369807497468 0.03254437869822485
4 0.6238601823708206 0.7403846153846154 0.011144883485309016 0.05029585798816568
4 0.9609929078014184 0.4948224852071006 0.007598784194528876 0.034023668639053255
23 0.6565349544072948 0.7181952662721893 0.0070921985815602835 0.03106508875739645
4 0.7049138804457954 0.6863905325443787 0.008105369807497468 0.03106508875739645
23 0.9070415400202634 0.540680473372781 0.008105369807497468 0.03254437869822485
23 0.6697061803444783 0.7196745562130178 0.007598784194528876 0.03254437869822485
23 0.6512158054711246 0.7359467455621301 0.0070921985815602835 0.03106508875739645
4 0.6443768996960486 0.742603550295858 0.006585612968591692 0.029585798816568046
4 0.6132218844984803 0.7670118343195266 0.006585612968591692 0.03106508875739645
23 0.9906281661600811 0.4918639053254438 0.008105369807497468 0.034023668639053255
23 0.9959473150962512 0.4874260355029586 0.0070921985815602835 0.034023668639053255
15 0.6940222897669707 0.7107988165680473 0.02330293819655522 0.08284023668639054
4 0.49544072948328266 0.8631656804733728 0.007598784194528876 0.034023668639053255
4 0.2935663627152989 0.974112426035503 0.018743667679837893 0.04881656804733728
4 0.7135258358662614 0.7085798816568047 0.007598784194528876 0.034023668639053255
4 0.32776089159067884 0.9644970414201184 0.040526849037487336 0.06804733727810651
4 0.7069402228976697 0.716715976331361 0.0070921985815602835 0.03106508875739645
23 0.6671732522796353 0.7529585798816568 0.0060790273556231 0.028106508875739646
4 0.5200101317122594 0.8616863905325444 0.006585612968591692 0.029585798816568046
4 0.5331813576494427 0.8520710059171598 0.007598784194528876 0.03254437869822485
4 0.5392603850050659 0.8498520710059172 0.007598784194528876 0.029585798816568046
15 0.7378419452887538 0.7063609467455622 0.016210739614994935 0.07544378698224852
23 0.6555217831813577 0.7677514792899408 0.0070921985815602835 0.03106508875739645
4 0.9875886524822695 0.5295857988165681 0.007598784194528876 0.03254437869822485
23 0.9929078014184397 0.5251479289940828 0.007598784194528876 0.03254437869822485
23 0.997467071935157 0.5214497041420119 0.004052684903748734 0.03106508875739645
23 0.7279635258358662 0.7226331360946746 0.008105369807497468 0.03254437869822485
4 0.8318135764944276 0.6486686390532544 0.04002026342451875 0.11982248520710059
4 0.7973657548125633 0.6738165680473372 0.04154002026342452 0.11982248520710059
30 0.41919959473150964 0.9615384615384616 0.016717325227963525 0.05325443786982249
23 0.7127659574468085 0.7477810650887574 0.007598784194528876 0.03106508875739645
30 0.3637284701114488 0.9903846153846154 0.0121580547112462 0.016272189349112426
15 0.6375379939209727 0.8069526627218935 0.03546099290780142 0.08136094674556213
23 0.7201114488348531 0.7529585798816568 0.0070921985815602835 0.029585798816568046
30 0.6709726443768997 0.7965976331360947 0.013677811550151976 0.04437869822485207
30 0.8834853090172239 0.6442307692307693 0.0121580547112462 0.04585798816568047
30 0.680597771023303 0.7921597633136095 0.012664640324214792 0.04437869822485207
4 0.6565349544072948 0.8099112426035503 0.0060790273556231 0.028106508875739646
30 0.900709219858156 0.632396449704142 0.0121580547112462 0.042899408284023666
30 0.9574468085106383 0.5939349112426036 0.0121580547112462 0.04585798816568047
23 0.6638804457953394 0.8106508875739645 0.006585612968591692 0.03106508875739645
23 0.6955420466058764 0.7892011834319527 0.007598784194528876 0.034023668639053255
4 0.41109422492401215 0.9903846153846154 0.008611955420466059 0.016272189349112426
23 0.7155521783181358 0.7803254437869822 0.0070921985815602835 0.029585798816568046
23 0.4278115501519757 0.9911242603550295 0.008611955420466059 0.014792899408284023
4 0.7619047619047619 0.7559171597633136 0.008105369807497468 0.034023668639053255
23 0.6170212765957447 0.8616863905325444 0.008611955420466059 0.03106508875739645
23 0.7236575481256332 0.7884615384615384 0.0070921985815602835 0.03106508875739645
23 0.7358156028368794 0.7795857988165681 0.0070921985815602835 0.029585798816568046
7 0.4929078014184397 0.9363905325443787 0.1094224924012158 0.1242603550295858
23 0.729483282674772 0.7855029585798816 0.006585612968591692 0.03106508875739645
23 0.7781155015197568 0.75 0.007598784194528876 0.03254437869822485
4 0.9209726443768997 0.6494082840236687 0.008105369807497468 0.034023668639053255
4 0.9490881458966566 0.628698224852071 0.007598784194528876 0.03106508875739645
4 0.9772036474164134 0.610207100591716 0.007598784194528876 0.034023668639053255
23 0.7565856129685917 0.7707100591715976 0.008105369807497468 0.03254437869822485
23 0.7707700101317123 0.7603550295857988 0.008105369807497468 0.034023668639053255
23 0.8786727456940223 0.6863905325443787 0.007598784194528876 0.034023668639053255
23 0.9427558257345492 0.6412721893491125 0.008105369807497468 0.03254437869822485
23 0.9083080040526849 0.6664201183431953 0.0070921985815602835 0.03106508875739645
23 0.9146403242147924 0.6612426035502958 0.0070921985815602835 0.03106508875739645
23 0.9369300911854104 0.6457100591715976 0.008105369807497468 0.03106508875739645
23 0.9650455927051672 0.6264792899408284 0.008105369807497468 0.03254437869822485
23 0.9716312056737588 0.6235207100591716 0.006585612968591692 0.03106508875739645
23 0.6952887537993921 0.8321005917159763 0.0070921985815602835 0.03106508875739645
23 0.7013677811550152 0.8291420118343196 0.008105369807497468 0.03254437869822485
23 0.6722391084093212 0.8535502958579881 0.007598784194528876 0.029585798816568046
23 0.6593211752786221 0.8624260355029586 0.006585612968591692 0.03254437869822485
23 0.7079533941236069 0.8269230769230769 0.0060790273556231 0.029585798816568046
23 0.6851570415400202 0.8454142011834319 0.008105369807497468 0.03254437869822485
4 0.7196048632218845 0.8202662721893491 0.0070921985815602835 0.03254437869822485
4 0.8865248226950354 0.6989644970414202 0.007598784194528876 0.03106508875739645
23 0.6314589665653495 0.8846153846153846 0.0060790273556231 0.029585798816568046
4 0.6251266464032421 0.8905325443786982 0.007598784194528876 0.034023668639053255
23 0.6193009118541033 0.8949704142011834 0.0070921985815602835 0.034023668639053255
23 0.6537487335359676 0.871301775147929 0.0060790273556231 0.029585798816568046
23 0.7256838905775076 0.8202662721893491 0.006585612968591692 0.03106508875739645
4 0.7380952380952381 0.8113905325443787 0.007598784194528876 0.03254437869822485
23 0.7322695035460993 0.8173076923076923 0.008611955420466059 0.034023668639053255
4 0.6413373860182371 0.8831360946745562 0.007598784194528876 0.03106508875739645
4 0.7515197568389058 0.8032544378698225 0.008611955420466059 0.03254437869822485
23 0.8214285714285714 0.753698224852071 0.0070921985815602835 0.03106508875739645
23 0.815096251266464 0.7596153846153846 0.007598784194528876 0.03254437869822485
4 0.8490374873353597 0.735207100591716 0.008105369807497468 0.03254437869822485
23 0.8563829787234043 0.731508875739645 0.006585612968591692 0.029585798816568046
23 0.7591185410334347 0.8025147928994083 0.0070921985815602835 0.028106508875739646
23 0.7877406281661601 0.7825443786982249 0.007598784194528876 0.03106508875739645
23 0.7809017223910841 0.7877218934911243 0.008105369807497468 0.034023668639053255
4 0.7750759878419453 0.7921597633136095 0.007598784194528876 0.03106508875739645
4 0.8029381965552178 0.7714497041420119 0.0070921985815602835 0.03254437869822485
23 0.809017223910841 0.7692307692307693 0.006585612968591692 0.03106508875739645
4 0.8277608915906788 0.7551775147928994 0.007598784194528876 0.03106508875739645
23 0.8348530901722391 0.7514792899408284 0.008105369807497468 0.03254437869822485
23 0.8814589665653495 0.7174556213017751 0.0070921985815602835 0.03106508875739645
23 0.8627152988855117 0.731508875739645 0.0070921985815602835 0.03106508875739645
4 0.9047619047619048 0.7026627218934911 0.0070921985815602835 0.029585798816568046
23 0.9179331306990881 0.6930473372781065 0.007598784194528876 0.03106508875739645
23 0.9116008105369807 0.6989644970414202 0.0070921985815602835 0.03106508875739645
4 0.9338905775075987 0.6826923076923077 0.0070921985815602835 0.03106508875739645
23 0.9450354609929078 0.6745562130177515 0.0070921985815602835 0.029585798816568046
23 0.9397163120567376 0.6782544378698225 0.0070921985815602835 0.03106508875739645
4 0.9612462006079028 0.6627218934911243 0.0070921985815602835 0.03106508875739645
23 0.9741641337386018 0.6531065088757396 0.008105369807497468 0.029585798816568046
23 0.9683383991894631 0.6590236686390533 0.008105369807497468 0.029585798816568046