4 0.9706858407079646 0.5350162866449512 0.04092920353982301 0.02008686210640608
4 0.9579646017699115 0.5697611292073833 0.051991150442477874 0.021715526601520086
4 0.6045353982300885 0.7733441910966341 0.07300884955752213 0.030944625407166124
23 0.6803097345132744 0.8330618892508144 0.05088495575221239 0.06406080347448426
23 0.5625 0.8227470141150923 0.051991150442477874 0.06623235613463627
23 0.5293141592920354 0.8208469055374593 0.05420353982300885 0.06460369163952226
7 0.019358407079646017 0.8127035830618893 0.03871681415929203 0.21498371335504887
7 0.8235619469026548 0.9022801302931596 0.09955752212389381 0.13300760043431054
4 0.9651548672566371 0.09310532030401737 0.03871681415929203 0.023887079261672096
23 0.6946902654867256 0.07057546145494029 0.018805309734513276 0.013029315960912053
23 0.7118362831858407 0.0727470141150923 0.02101769911504425 0.014657980456026058
23 0.5868362831858407 0.07084690553745929 0.01991150442477876 0.014115092290988056
15 0.7190265486725663 0.1007057546145494 0.10398230088495575 0.04668838219326819
4 0.9242256637168141 0.1262214983713355 0.02765486725663717 0.009229098805646038
4 0.5801991150442478 0.09554831704668838 0.022123893805309734 0.017915309446254073
30 0.5237831858407079 0.09581976112920738 0.06637168141592921 0.04125950054288816
23 0.7682522123893806 0.12133550488599348 0.017699115044247787 0.014115092290988056
4 0.6277654867256637 0.10966340933767643 0.048672566371681415 0.031487513572204126
15 0.9164823008849557 0.1487513572204126 0.07300884955752213 0.03854505971769816
7 0.2323008849557522 0.10722041259500543 0.17256637168141592 0.21444082519001087
23 0.5287610619469026 0.14277958740499458 0.017699115044247787 0.013029315960912053
23 0.49944690265486724 0.14277958740499458 0.025442477876106196 0.008686210640608035
23 0.4153761061946903 0.18675352877307275 0.051991150442477874 0.0499457111834962
23 0.4502212389380531 0.19055374592833876 0.04756637168141593 0.0499457111834962