4 0.5088845014807503 0.2429245283018868 0.007897334649555774 0.05660377358490566
4 0.5728035538005923 0.375 0.003948667324777887 0.05188679245283019
4 0.547137216189536 0.4410377358490566 0.011352418558736426 0.0660377358490566
4 0.7314906219151036 0.11320754716981132 0.009871668311944718 0.05188679245283019
23 0.5419545903257651 0.4882075471698113 0.006416584402764067 0.04245283018867924
4 0.7546890424481737 0.09433962264150944 0.009378084896347482 0.05660377358490566
4 0.8008390918065152 0.02830188679245283 0.004442250740375123 0.05660377358490566
4 0.7904738400789734 0.04245283018867924 0.004442250740375123 0.06132075471698113
4 0.5431885488647581 0.5259433962264151 0.006416584402764067 0.03773584905660377
4 0.7472852912142152 0.1509433962264151 0.003948667324777887 0.06132075471698113
4 0.5584896347482725 0.5070754716981132 0.0034550839091806516 0.018867924528301886
4 0.7556762092793682 0.14386792452830188 0.011352418558736426 0.06132075471698113
4 0.5592300098716683 0.5448113207547169 0.004935834155972359 0.0330188679245283
4 0.7892398815399803 0.11556603773584906 0.0029615004935834156 0.04245283018867924
4 0.8139190523198421 0.08490566037735849 0.003948667324777887 0.02830188679245283
4 0.6779368213228035 0.3466981132075472 0.005429417571569595 0.03773584905660377
4 0.7571569595261599 0.2099056603773585 0.01085883514313919 0.05660377358490566
4 0.5567620927936822 0.5919811320754716 0.005429417571569595 0.03773584905660377
4 0.8149062191510366 0.11084905660377359 0.003948667324777887 0.02830188679245283
4 0.8198420533070089 0.10377358490566038 0.006416584402764067 0.02830188679245283
4 0.7342053307008884 0.2759433962264151 0.010365251727541954 0.06132075471698113
4 0.7448173741362291 0.2806603773584906 0.005923000987166831 0.04245283018867924
4 0.5913129318854886 0.5660377358490566 0.004442250740375123 0.02830188679245283
4 0.7581441263573544 0.2617924528301887 0.01085883514313919 0.0660377358490566
4 0.7386475814412635 0.3443396226415094 0.005923000987166831 0.08490566037735849
4 0.7324777887462981 0.3561320754716981 0.006910167818361303 0.09433962264150944
4 0.8067620927936822 0.22877358490566038 0.004442250740375123 0.02358490566037736
4 0.672507403751234 0.5023584905660378 0.005429417571569595 0.06132075471698113
4 0.8072556762092794 0.25235849056603776 0.004442250740375123 0.02830188679245283
4 0.5752714708785784 0.6910377358490566 0.0024679170779861796 0.04245283018867924
4 0.5728035538005923 0.6957547169811321 0.0029615004935834156 0.04245283018867924
4 0.7448173741362291 0.39622641509433965 0.004935834155972359 0.06132075471698113
4 0.7576505429417572 0.38207547169811323 0.006910167818361303 0.03773584905660377
4 0.8205824284304047 0.29009433962264153 0.006416584402764067 0.09905660377358491
4 0.7588845014807503 0.41745283018867924 0.006910167818361303 0.0330188679245283
4 0.815893385982231 0.3113207547169811 0.004935834155972359 0.07547169811320754
4 0.7453109575518263 0.4481132075471698 0.006416584402764067 0.03773584905660377
4 0.8951135241855873 0.1792452830188679 0.003948667324777887 0.05188679245283019
4 0.843040473840079 0.2806603773584906 0.006416584402764067 0.09433962264150944
4 0.8482230997038499 0.27122641509433965 0.006416584402764067 0.09905660377358491
4 0.8531589338598223 0.2806603773584906 0.005429417571569595 0.07075471698113207
4 0.0728035538005923 0.9764150943396226 0.0024679170779861796 0.03773584905660377
4 0.2724580454096742 0.6108490566037735 0.0019743336623889436 0.03773584905660377
4 0.14930898321816388 0.839622641509434 0.0029615004935834156 0.04716981132075472
4 0.13968410661401776 0.8561320754716981 0.004442250740375123 0.02358490566037736
4 0.5570088845014808 0.08726415094339622 0.003948667324777887 0.05188679245283019
4 0.2754195459032576 0.6084905660377359 0.0024679170779861796 0.03773584905660377
4 0.15202369200394866 0.839622641509434 0.0024679170779861796 0.04245283018867924
4 0.39659427443237905 0.38443396226415094 0.0024679170779861796 0.04245283018867924
4 0.39906219151036526 0.37971698113207547 0.0024679170779861796 0.04245283018867924
4 0.386969397828233 0.4080188679245283 0.005429417571569595 0.0330188679245283
4 0.26974333662388944 0.6297169811320755 0.003948667324777887 0.08962264150943396
23 0.2857847976307996 0.6202830188679245 0.004442250740375123 0.02358490566037736
4 0.1414116485686081 0.8962264150943396 0.007897334649555774 0.05660377358490566
4 0.38869693978282327 0.44339622641509435 0.00839091806515301 0.05660377358490566
4 0.16386969397828233 0.8655660377358491 0.0029615004935834156 0.03773584905660377
23 0.28627838104639686 0.6415094339622641 0.003948667324777887 0.018867924528301886