23 0.2573770491803279 0.2764350453172205 0.009836065573770493 0.01812688821752266
15 0.2901639344262295 0.26661631419939574 0.04972677595628415 0.1419939577039275
23 0.2587431693989071 0.290785498489426 0.01092896174863388 0.019637462235649546
23 0.33169398907103825 0.24395770392749244 0.011475409836065573 0.03474320241691843
23 0.03224043715846994 0.45845921450151056 0.012021857923497269 0.027190332326283987
23 0.0453551912568306 0.4486404833836858 0.011475409836065573 0.02416918429003021
23 0.006284153005464481 0.4780966767371601 0.012568306010928962 0.028700906344410877
23 0.01912568306010929 0.4690332326283988 0.012021857923497269 0.027190332326283987
23 0.1587431693989071 0.37537764350453173 0.013114754098360656 0.028700906344410877
23 0.12950819672131147 0.3957703927492447 0.013114754098360656 0.03172205438066465
23 0.260655737704918 0.3066465256797583 0.012021857923497269 0.021148036253776436
23 0.14453551912568305 0.3867069486404834 0.012021857923497269 0.027190332326283987
23 0.2617486338797814 0.32326283987915405 0.012568306010928962 0.021148036253776436
4 0.5486338797814208 0.1336858006042296 0.033879781420765025 0.08157099697885196
23 0.3262295081967213 0.29607250755287007 0.011475409836065573 0.019637462235649546
23 0.16174863387978142 0.4199395770392749 0.012568306010928962 0.028700906344410877
23 0.13387978142076504 0.4425981873111782 0.012568306010928962 0.0256797583081571
23 0.14808743169398908 0.43277945619335345 0.012021857923497269 0.027190332326283987
15 0.7565573770491804 0.03323262839879154 0.02896174863387978 0.06646525679758308
4 0.8601092896174863 0.0030211480362537764 0.012021857923497269 0.006042296072507553
15 0.662568306010929 0.1608761329305136 0.07704918032786885 0.1555891238670695
4 0.29043715846994533 0.4169184290030212 0.006557377049180328 0.027190332326283987
4 0.276775956284153 0.4282477341389728 0.00819672131147541 0.03323262839879154
4 0.28415300546448086 0.4229607250755287 0.007650273224043716 0.03172205438066465
23 0.2683060109289617 0.4342900302114804 0.007650273224043716 0.03172205438066465
23 0.7603825136612021 0.10120845921450151 0.009836065573770493 0.03625377643504532
23 0.6147540983606558 0.20619335347432025 0.010382513661202186 0.01812688821752266
15 0.8229508196721311 0.0702416918429003 0.053005464480874315 0.1163141993957704
15 0.3581967213114754 0.3950151057401813 0.030601092896174863 0.07250755287009064
15 0.25573770491803277 0.4879154078549849 0.019672131147540985 0.0513595166163142
23 0.7636612021857924 0.13746223564954682 0.009289617486338797 0.03474320241691843
23 0.3038251366120219 0.45468277945619334 0.006010928961748634 0.028700906344410877
33 0.31775956284153006 0.44637462235649544 0.017486338797814208 0.04682779456193353
4 0.28524590163934427 0.4780966767371601 0.030601092896174863 0.03474320241691843
4 0.019398907103825136 0.6722054380664653 0.029508196721311476 0.0755287009063444
23 0.8554644808743169 0.10876132930513595 0.009289617486338797 0.03474320241691843
23 0.6199453551912568 0.27416918429003023 0.01092896174863388 0.019637462235649546
23 0.38879781420765025 0.4350453172205438 0.009836065573770493 0.019637462235649546
23 0.7669398907103825 0.17598187311178248 0.009289617486338797 0.03474320241691843
15 0.48989071038251364 0.37009063444108764 0.13442622950819672 0.37009063444108764
23 0.3901639344262295 0.44939577039274925 0.010382513661202186 0.01812688821752266
15 0.17404371584699455 0.6080060422960725 0.05136612021857923 0.19184290030211482
15 0.09180327868852459 0.6646525679758308 0.05191256830601093 0.1933534743202417
23 0.3915300546448087 0.466012084592145 0.011475409836065573 0.021148036253776436
15 0.366120218579235 0.48942598187311176 0.02841530054644809 0.07099697885196375
23 0.5581967213114755 0.35725075528700906 0.009289617486338797 0.03323262839879154
15 0.6234972677595628 0.31344410876132933 0.030601092896174863 0.0755287009063444
23 0.769672131147541 0.21299093655589124 0.008743169398907104 0.03172205438066465
33 0.32868852459016396 0.5181268882175226 0.0273224043715847 0.05740181268882175
23 0.5989071038251366 0.3338368580060423 0.010382513661202186 0.01812688821752266
15 0.27595628415300544 0.5566465256797583 0.027868852459016394 0.05891238670694864
23 0.39262295081967213 0.4818731117824773 0.010382513661202186 0.01812688821752266
23 0.3942622950819672 0.4947129909365559 0.009836065573770493 0.01812688821752266
4 0.028688524590163935 0.7560422960725075 0.025136612021857924 0.07099697885196375
23 0.7737704918032787 0.25075528700906347 0.009836065573770493 0.03323262839879154
23 0.9420765027322404 0.13746223564954682 0.009836065573770493 0.03625377643504532
23 0.3 0.581570996978852 0.007103825136612022 0.03172205438066465
23 0.8655737704918033 0.1933534743202417 0.008743169398907104 0.03323262839879154
15 0.28114754098360656 0.6261329305135952 0.0273224043715847 0.055891238670694864
23 0.7765027322404372 0.2877643504531722 0.009289617486338797 0.03323262839879154
23 0.39699453551912567 0.5506042296072508 0.010382513661202186 0.01812688821752266
33 0.3726775956284153 0.5687311178247734 0.030054644808743168 0.07401812688821752
23 0.26010928961748636 0.649546827794562 0.007650273224043716 0.030211480362537766
23 0.3188524590163934 0.6329305135951662 0.00819672131147541 0.03323262839879154
23 0.8748633879781421 0.26057401812688824 0.009836065573770493 0.03625377643504532
23 0.8510928961748634 0.2764350453172205 0.009836065573770493 0.03323262839879154
7 0.6224043715846994 0.44033232628398794 0.06994535519125683 0.09969788519637462
4 0.0366120218579235 0.8459214501510574 0.025136612021857924 0.07401812688821752
23 0.9327868852459016 0.2280966767371601 0.009289617486338797 0.03474320241691843
23 0.376775956284153 0.6132930513595166 0.011475409836065573 0.021148036253776436
4 0.21885245901639344 0.7235649546827795 0.033879781420765025 0.08157099697885196
4 0.18387978142076503 0.7477341389728097 0.025683060109289616 0.07401812688821752
4 0.09699453551912568 0.8089123867069486 0.030601092896174863 0.08006042296072508
4 0.41475409836065574 0.5913897280966768 0.024043715846994537 0.07099697885196375
15 0.9013661202185792 0.26586102719033233 0.02896174863387978 0.07250755287009064
23 0.8543715846994535 0.31344410876132933 0.010382513661202186 0.03474320241691843
23 0.8781420765027322 0.29682779456193353 0.009836065573770493 0.03172205438066465
23 0.9363387978142077 0.26661631419939574 0.009836065573770493 0.030211480362537766
23 0.09754098360655737 0.870845921450151 0.008743169398907104 0.03172205438066465
23 0.06092896174863388 0.8957703927492447 0.009289617486338797 0.03323262839879154
23 0.18032786885245902 0.8149546827794562 0.008743169398907104 0.03323262839879154
23 0.13224043715846995 0.8481873111782477 0.008743169398907104 0.03323262839879154
23 0.8502732240437159 0.37386706948640486 0.007103825136612022 0.03172205438066465
23 0.8560109289617487 0.3716012084592145 0.007650273224043716 0.030211480362537766
23 0.8439890710382514 0.37990936555891236 0.007103825136612022 0.03172205438066465
23 0.8620218579234973 0.36706948640483383 0.006557377049180328 0.030211480362537766
15 0.2592896174863388 0.7968277945619335 0.02622950819672131 0.08459214501510574
23 0.2969945355191257 0.7719033232628398 0.007650273224043716 0.028700906344410877
23 0.28442622950819674 0.7809667673716012 0.007650273224043716 0.03172205438066465
23 0.2907103825136612 0.7779456193353474 0.007103825136612022 0.03172205438066465
23 0.30300546448087434 0.7696374622356495 0.007650273224043716 0.030211480362537766
15 0.8243169398907104 0.4244712990936556 0.034972677595628415 0.07854984894259819
23 0.9437158469945355 0.34818731117824775 0.010382513661202186 0.03323262839879154
15 0.9120218579234972 0.3859516616314199 0.02841530054644809 0.07099697885196375
15 0.326775956284153 0.7968277945619335 0.033879781420765025 0.0770392749244713
15 0.5109289617486339 0.6774924471299094 0.025683060109289616 0.08308157099697885
15 0.36666666666666664 0.777190332326284 0.02622950819672131 0.08308157099697885
15 0.5693989071038251 0.6374622356495468 0.026775956284153007 0.08006042296072508
15 0.6265027322404372 0.5981873111782477 0.02622950819672131 0.08006042296072508
15 0.45382513661202184 0.7182779456193353 0.025683060109289616 0.08308157099697885
15 0.6557377049180327 0.5793051359516617 0.026775956284153007 0.08157099697885196
15 0.4245901639344262 0.7386706948640483 0.025136612021857924 0.08006042296072508
15 0.4825136612021858 0.6986404833836858 0.026775956284153007 0.08157099697885196
15 0.3959016393442623 0.7583081570996979 0.02622950819672131 0.08006042296072508
15 0.5401639344262295 0.6593655589123867 0.026775956284153007 0.08308157099697885
15 0.5975409836065574 0.6193353474320241 0.025683060109289616 0.08308157099697885
23 0.8680327868852459 0.4350453172205438 0.007650273224043716 0.03474320241691843
23 0.85 0.4471299093655589 0.00819672131147541 0.03323262839879154
23 0.8622950819672132 0.438821752265861 0.007650273224043716 0.03474320241691843
23 0.8562841530054645 0.4425981873111782 0.00819672131147541 0.03474320241691843
23 0.7786885245901639 0.49924471299093653 0.008743169398907104 0.03323262839879154
23 0.7188524590163935 0.540785498489426 0.00819672131147541 0.030211480362537766
23 0.9469945355191257 0.3867069486404834 0.009836065573770493 0.03323262839879154
23 0.2587431693989071 0.8670694864048338 0.012568306010928962 0.0256797583081571
23 0.24453551912568305 0.8768882175226587 0.012021857923497269 0.027190332326283987
23 0.2715846994535519 0.8595166163141994 0.013114754098360656 0.027190332326283987
23 0.30327868852459017 0.8429003021148036 0.007103825136612022 0.03172205438066465
23 0.2907103825136612 0.8512084592145015 0.007103825136612022 0.030211480362537766
23 0.3092896174863388 0.8398791540785498 0.006557377049180328 0.028700906344410877
23 0.2972677595628415 0.8481873111782477 0.007103825136612022 0.03172205438066465
23 0.35355191256830604 0.8376132930513596 0.013114754098360656 0.027190332326283987
7 0.038524590163934426 0.38972809667673713 0.07704918032786885 0.13595166163141995
23 0.2967213114754098 0.9871601208459214 0.000546448087431694 0.0015105740181268882
23 0.296448087431694 0.9916918429003021 0.009289617486338797 0.013595166163141994
23 0.30245901639344264 0.9901812688821753 0.00819672131147541 0.01661631419939577
23 0.9519125683060109 0.552870090634441 0.012568306010928962 0.027190332326283987
23 0.505464480874317 0.8602719033232629 0.014207650273224045 0.030211480362537766
23 0.5319672131147541 0.8421450151057401 0.014754098360655738 0.03474320241691843
23 0.978688524590164 0.5362537764350453 0.013114754098360656 0.030211480362537766
23 0.9259562841530055 0.5725075528700906 0.013114754098360656 0.030211480362537766
23 0.5587431693989071 0.8255287009063444 0.014207650273224045 0.03172205438066465
4 0.46147540983606555 0.8957703927492447 0.027868852459016394 0.08459214501510574
4 0.8825136612021858 0.6072507552870091 0.029508196721311476 0.09063444108761329
4 0.8997267759562841 0.5996978851963746 0.006557377049180328 0.03323262839879154
23 0.3655737704918033 0.9705438066465257 0.012021857923497269 0.02416918429003021
4 0.4822404371584699 0.8904833836858006 0.009289617486338797 0.03474320241691843
23 0.8101092896174863 0.6676737160120846 0.02622950819672131 0.04833836858006042
4 0.576775956284153 0.831570996978852 0.00819672131147541 0.03323262839879154
4 0.996448087431694 0.5438066465256798 0.006010928961748634 0.03323262839879154
23 0.4204918032786885 0.9425981873111783 0.02622950819672131 0.045317220543806644
23 0.36721311475409835 0.9871601208459214 0.012021857923497269 0.021148036253776436
23 0.3691256830601093 0.9962235649546828 0.012568306010928962 0.004531722054380665
4 0.6663934426229509 0.8013595166163142 0.016939890710382512 0.11329305135951662
4 0.7068306010928962 0.7764350453172205 0.01639344262295082 0.11933534743202417
4 0.7467213114754099 0.75 0.01912568306010929 0.12235649546827794
23 0.8136612021857923 0.7069486404833837 0.02622950819672131 0.04682779456193353
23 0.4240437158469945 0.9780966767371602 0.0273224043715847 0.04078549848942598
23 0.6245901639344262 0.8512084592145015 0.008743169398907104 0.03323262839879154
23 0.6333333333333333 0.8474320241691843 0.008743169398907104 0.03323262839879154
23 0.6418032786885246 0.8413897280966768 0.008743169398907104 0.03323262839879154
23 0.6153005464480874 0.8595166163141994 0.008743169398907104 0.03323262839879154
23 0.8292349726775956 0.7356495468277946 0.025683060109289616 0.04984894259818731
7 0.5393442622950819 0.9191842900302115 0.12568306010928962 0.15861027190332327
7 0.9502732240437158 0.6487915407854985 0.09836065573770492 0.16767371601208458
4 0.8896174863387978 0.7288519637462235 0.013114754098360656 0.0377643504531722
23 0.8330601092896175 0.770392749244713 0.025683060109289616 0.04229607250755287