4 0.08932291666666667 0.6663591635916359 0.01875 0.013530135301353014
7 0.8307291666666666 0.46863468634686345 0.12395833333333334 0.44095940959409596
7 0.7424479166666667 0.4932349323493235 0.1296875 0.44526445264452646
7 0.9182291666666667 0.44587945879458796 0.1234375 0.44587945879458796
4 0.090625 0.6758917589175891 0.0171875 0.012915129151291513
23 0.11354166666666667 0.6860393603936039 0.011979166666666667 0.008610086100861008
4 0.12578125 0.6878843788437884 0.0067708333333333336 0.013530135301353014
23 0.18723958333333332 0.08425584255842558 0.008333333333333333 0.015990159901599015
23 0.11302083333333333 0.7084870848708487 0.01875 0.014145141451414513
4 0.8705729166666667 0.506150061500615 0.015625 0.01107011070110701
23 0.15052083333333333 0.7112546125461254 0.008333333333333333 0.014760147601476014
23 0.15677083333333333 0.7097170971709718 0.007291666666666667 0.015375153751537515
4 0.0984375 0.7263222632226323 0.0109375 0.020910209102091022
4 0.56015625 0.6060885608856088 0.0078125 0.014760147601476014
23 0.54921875 0.6254612546125461 0.0109375 0.010455104551045511
23 0.4830729166666667 0.6485239852398524 0.011979166666666667 0.008610086100861008
23 0.55078125 0.6313038130381304 0.011458333333333333 0.007995079950799507
23 0.18619791666666666 0.7346248462484625 0.011979166666666667 0.008610086100861008
23 0.5510416666666667 0.6374538745387454 0.0125 0.00922509225092251
23 0.4708333333333333 0.6599015990159902 0.013541666666666667 0.00984009840098401
23 0.18697916666666667 0.7420049200492005 0.0125 0.007995079950799507
23 0.4856770833333333 0.6617466174661747 0.0140625 0.00984009840098401
23 0.6265625 0.6276137761377614 0.0067708333333333336 0.013530135301353014
4 0.55390625 0.6500615006150061 0.0125 0.00922509225092251
4 0.6390625 0.6288437884378844 0.011458333333333333 0.007995079950799507
23 0.4875 0.6706642066420664 0.011458333333333333 0.007995079950799507
23 0.4744791666666667 0.6805043050430505 0.0140625 0.010455104551045511
4 0.48932291666666666 0.6777367773677737 0.011458333333333333 0.007995079950799507
4 0.9067708333333333 0.568880688806888 0.008854166666666666 0.015375153751537515
23 0.48984375 0.6832718327183271 0.0109375 0.008610086100861008
23 0.47552083333333334 0.6891143911439115 0.013541666666666667 0.01107011070110701
23 0.4609375 0.6943419434194342 0.011979166666666667 0.00922509225092251
4 0.5575520833333333 0.6685116851168512 0.011979166666666667 0.010455104551045511
23 0.49114583333333334 0.689729397293973 0.011979166666666667 0.008610086100861008
23 0.4627604166666667 0.7032595325953259 0.013020833333333334 0.00922509225092251
4 0.49270833333333336 0.698339483394834 0.0125 0.010455104551045511
4 0.62578125 0.665129151291513 0.011979166666666667 0.00984009840098401
4 0.56171875 0.6869618696186962 0.011458333333333333 0.007995079950799507
23 0.575 0.683579335793358 0.0125 0.00984009840098401
4 0.6265625 0.6718942189421894 0.0109375 0.007380073800738007
23 0.17734375 0.09932349323493235 0.011458333333333333 0.007995079950799507
7 0.9841145833333333 0.5704182041820418 0.030729166666666665 0.20602706027060272
23 0.5627604166666667 0.6924969249692496 0.0109375 0.007380073800738007
23 0.48125 0.7158671586715867 0.0140625 0.01107011070110701
23 0.4703125 0.7195571955719557 0.008333333333333333 0.015375153751537515
23 0.4622395833333333 0.7223247232472325 0.007291666666666667 0.014145141451414513
23 0.5768229166666666 0.690959409594096 0.0125 0.00984009840098401
4 0.6283854166666667 0.6777367773677737 0.0109375 0.007380073800738007
23 0.5640625 0.699569495694957 0.011458333333333333 0.007995079950799507
23 0.5778645833333333 0.6964944649446494 0.011979166666666667 0.007995079950799507
23 0.6296875 0.6848093480934809 0.0109375 0.007380073800738007
4 0.5513020833333333 0.7100246002460024 0.011979166666666667 0.008610086100861008
23 0.5786458333333333 0.7032595325953259 0.013541666666666667 0.00984009840098401
4 0.5390625 0.7140221402214022 0.011979166666666667 0.007995079950799507
23 0.5153645833333333 0.7312423124231242 0.0067708333333333336 0.013530135301353014
23 0.5052083333333334 0.734009840098401 0.008333333333333333 0.014760147601476014
4 0.6309895833333333 0.7001845018450185 0.011458333333333333 0.008610086100861008
23 0.5104166666666666 0.7333948339483395 0.007291666666666667 0.014145141451414513
23 0.6322916666666667 0.7063345633456335 0.0109375 0.008610086100861008
23 0.0953125 0.8545510455104551 0.011979166666666667 0.008610086100861008
4 0.4234375 0.7810578105781057 0.0125 0.00984009840098401
4 0.7513020833333334 0.6940344403444034 0.008333333333333333 0.015375153751537515
4 0.70625 0.7106396063960639 0.013541666666666667 0.00984009840098401
23 0.6567708333333333 0.72539975399754 0.011979166666666667 0.00922509225092251
4 0.6489583333333333 0.731549815498155 0.0067708333333333336 0.013530135301353014
4 0.8458333333333333 0.6934194341943419 0.013541666666666667 0.00922509225092251
23 0.23880208333333333 0.0910209102091021 0.0109375 0.007380073800738007
4 0.51328125 0.7893603936039361 0.011458333333333333 0.007995079950799507
23 0.5145833333333333 0.7958179581795818 0.0109375 0.007995079950799507
23 0.39036458333333335 0.8308733087330873 0.007291666666666667 0.014145141451414513
30 0.14270833333333333 0.9034440344403444 0.0421875 0.06519065190651907
30 0.10572916666666667 0.9142066420664207 0.043229166666666666 0.06457564575645756
23 0.41302083333333334 0.8317958179581796 0.007291666666666667 0.014760147601476014
23 0.5166666666666667 0.8041205412054121 0.010416666666666666 0.007380073800738007
23 0.21223958333333334 0.09993849938499386 0.011979166666666667 0.008610086100861008
4 0.9455729166666667 0.6928044280442804 0.00625 0.012300123001230012
30 0.32916666666666666 0.8622386223862238 0.041666666666666664 0.06334563345633457
30 0.37395833333333334 0.8505535055350554 0.043229166666666666 0.06396063960639606
4 0.5182291666666666 0.8111931119311193 0.011458333333333333 0.008610086100861008
4 0.39348958333333334 0.8459409594095941 0.0078125 0.015990159901599015
23 0.4166666666666667 0.8477859778597786 0.0067708333333333336 0.013530135301353014
4 0.8192708333333333 0.75 0.011458333333333333 0.007995079950799507
4 0.14713541666666666 0.9369618696186962 0.013020833333333334 0.00984009840098401
23 0.36015625 0.8788437884378844 0.0067708333333333336 0.012915129151291513
4 0.15989583333333332 0.9341943419434194 0.011979166666666667 0.008610086100861008
4 0.159375 0.9341943419434194 0.011458333333333333 0.007995079950799507
23 0.13359375 0.9418819188191881 0.013020833333333334 0.00922509225092251
4 0.10390625 0.95079950799508 0.011458333333333333 0.007995079950799507
4 0.11692708333333333 0.947109471094711 0.011979166666666667 0.007380073800738007
15 0.8815104166666666 0.7398523985239852 0.12291666666666666 0.12177121771217712
4 0.9419270833333333 0.724169741697417 0.011458333333333333 0.007995079950799507
23 0.5346354166666667 0.8357933579335793 0.0109375 0.007995079950799507
4 0.08567708333333333 0.13837638376383765 0.011979166666666667 0.008610086100861008
23 0.9434895833333333 0.7312423124231242 0.013541666666666667 0.00984009840098401
23 0.54140625 0.8410209102091021 0.0109375 0.007995079950799507
4 0.2625 0.9200492004920049 0.011979166666666667 0.00922509225092251
4 0.13723958333333333 0.9547970479704797 0.013020833333333334 0.010455104551045511
4 0.26458333333333334 0.9277367773677737 0.011979166666666667 0.007995079950799507
23 0.22916666666666666 0.10116851168511685 0.0078125 0.012915129151291513
4 0.8265625 0.778290282902829 0.011458333333333333 0.008610086100861008
23 0.9552083333333333 0.7481549815498155 0.008333333333333333 0.014760147601476014
4 0.24869791666666666 0.942189421894219 0.008333333333333333 0.015375153751537515
4 0.25442708333333336 0.9412669126691267 0.0078125 0.014760147601476014
4 0.22578125 0.9489544895448955 0.007291666666666667 0.014760147601476014
4 0.22135416666666666 0.95079950799508 0.007291666666666667 0.014145141451414513
4 0.17578125 0.9634071340713407 0.007291666666666667 0.014145141451414513
4 0.33619791666666665 0.9197416974169742 0.0078125 0.014760147601476014
4 0.20989583333333334 0.9541820418204182 0.0067708333333333336 0.013530135301353014
4 0.13203125 0.9750922509225092 0.00625 0.012915129151291513
4 0.21484375 0.9526445264452644 0.007291666666666667 0.014145141451414513
4 0.13776041666666666 0.9735547355473555 0.007291666666666667 0.015375153751537515
4 0.18098958333333334 0.9618696186961869 0.007291666666666667 0.014145141451414513
4 0.17135416666666667 0.9652521525215252 0.0078125 0.014760147601476014
4 0.32265625 0.9240467404674046 0.008854166666666666 0.015375153751537515
4 0.18645833333333334 0.9609471094710947 0.0078125 0.013530135301353014
4 0.1484375 0.9714022140221402 0.007291666666666667 0.014760147601476014
4 0.109375 0.9821648216482165 0.008333333333333333 0.014760147601476014
4 0.14348958333333334 0.9726322263222632 0.0067708333333333336 0.014145141451414513
4 0.10390625 0.984009840098401 0.0078125 0.014760147601476014
23 0.8161458333333333 0.7912054120541205 0.00625 0.012300123001230012
4 0.8106770833333333 0.7933579335793358 0.007291666666666667 0.013530135301353014
4 0.803125 0.7961254612546126 0.0078125 0.012915129151291513
4 0.8302083333333333 0.7887453874538746 0.0067708333333333336 0.012915129151291513
23 0.9481770833333333 0.7616851168511685 0.011979166666666667 0.008610086100861008
4 0.8471354166666667 0.8044280442804428 0.013541666666666667 0.00922509225092251
4 0.9247395833333333 0.783210332103321 0.0125 0.00922509225092251
4 0.8846354166666667 0.7945879458794588 0.011458333333333333 0.008610086100861008
23 0.9127604166666666 0.7869003690036901 0.0140625 0.00984009840098401
23 0.89921875 0.7921279212792128 0.013020833333333334 0.010455104551045511
4 0.43385416666666665 0.9194341943419434 0.007291666666666667 0.014145141451414513
23 0.8684895833333334 0.8022755227552275 0.0078125 0.015375153751537515
23 0.8609375 0.8044280442804428 0.009375 0.014760147601476014
23 0.8760416666666667 0.8013530135301353 0.009895833333333333 0.015375153751537515
4 0.8481770833333333 0.810270602706027 0.013020833333333334 0.00922509225092251
23 0.8661458333333333 0.8142681426814268 0.013541666666666667 0.00984009840098401
4 0.8505208333333333 0.8191881918819188 0.013541666666666667 0.00984009840098401
15 0.8208333333333333 0.8284132841328413 0.05520833333333333 0.06580565805658056
23 0.8807291666666667 0.8179581795817958 0.0078125 0.015375153751537515
23 0.8513020833333333 0.8265682656826568 0.011979166666666667 0.010455104551045511
4 0.85234375 0.8388683886838868 0.0078125 0.014760147601476014
23 0.52578125 0.027675276752767528 0.0109375 0.00984009840098401
4 0.8791666666666667 0.8459409594095941 0.0067708333333333336 0.012915129151291513
4 0.8466145833333333 0.8594710947109471 0.0067708333333333336 0.012915129151291513
4 0.8364583333333333 0.8625461254612546 0.0078125 0.014760147601476014
4 0.8421875 0.8613161131611317 0.008333333333333333 0.013530135301353014
4 0.85234375 0.8585485854858549 0.007291666666666667 0.014145141451414513
4 0.35494791666666664 0.9932349323493235 0.0078125 0.012300123001230012
23 0.8666666666666667 0.8576260762607626 0.011458333333333333 0.007995079950799507
23 0.5325520833333334 0.05996309963099631 0.011458333333333333 0.007995079950799507
4 0.6739583333333333 0.05289052890528905 0.011458333333333333 0.007995079950799507
23 0.66171875 0.05627306273062731 0.0109375 0.007380073800738007
4 0.7947916666666667 0.025830258302583026 0.011979166666666667 0.008610086100861008
4 0.63828125 0.07041820418204182 0.0078125 0.015375153751537515
4 0.7489583333333333 0.043357933579335796 0.0067708333333333336 0.013530135301353014
4 0.6638020833333333 0.06642066420664207 0.011979166666666667 0.008610086100861008
4 0.7981770833333334 0.03228782287822878 0.011458333333333333 0.007995079950799507
4 0.7583333333333333 0.044587945879458794 0.011458333333333333 0.007995079950799507
7 0.27057291666666666 0.1906519065190652 0.5411458333333333 0.24969249692496925
23 0.8135416666666667 0.044587945879458794 0.0078125 0.014760147601476014
4 0.5893229166666667 0.11254612546125461 0.011979166666666667 0.00922509225092251
23 0.7903645833333334 0.06918819188191883 0.011458333333333333 0.007995079950799507
23 0.7911458333333333 0.07595325953259532 0.011458333333333333 0.007995079950799507
23 0.8747395833333333 0.06580565805658056 0.013020833333333334 0.010455104551045511
23 0.7940104166666667 0.0897908979089791 0.011979166666666667 0.00984009840098401
23 0.6130208333333333 0.14852398523985239 0.011458333333333333 0.007995079950799507
23 0.7953125 0.0996309963099631 0.0109375 0.00984009840098401
23 0.7971354166666667 0.10639606396063961 0.011458333333333333 0.007995079950799507
4 0.6299479166666667 0.1534440344403444 0.0109375 0.007995079950799507
23 0.6143229166666667 0.1577490774907749 0.0109375 0.007380073800738007
23 0.84375 0.11469864698646987 0.007291666666666667 0.013530135301353014
4 0.7984375 0.12884378843788438 0.0067708333333333336 0.013530135301353014
15 0.7203125 0.15282902829028291 0.16354166666666667 0.1949569495694957
23 0.6361979166666667 0.18265682656826568 0.0125 0.008610086100861008
23 0.8434895833333333 0.12730627306273062 0.0067708333333333336 0.012300123001230012
4 0.6393229166666666 0.1900369003690037 0.0109375 0.007995079950799507
4 0.6408854166666667 0.19772447724477243 0.0125 0.010455104551045511
23 0.8466145833333333 0.1436039360393604 0.007291666666666667 0.014145141451414513
4 0.64296875 0.2054120541205412 0.011979166666666667 0.007995079950799507
4 0.80546875 0.16482164821648215 0.0078125 0.014760147601476014
4 0.6432291666666666 0.21279212792127922 0.010416666666666666 0.008610086100861008
4 0.6458333333333334 0.22047970479704798 0.009375 0.006765067650676507
4 0.38203125 0.29551045510455104 0.017708333333333333 0.02152521525215252
4 0.646875 0.23154981549815498 0.0140625 0.010455104551045511
4 0.6489583333333333 0.23646986469864698 0.0125 0.008610086100861008
4 0.83671875 0.18603936039360394 0.0078125 0.014760147601476014
4 0.6515625 0.2521525215252153 0.011458333333333333 0.007995079950799507
4 0.88046875 0.20694956949569496 0.007291666666666667 0.014145141451414513
23 0.7747395833333334 0.23769987699877 0.013020833333333334 0.00922509225092251
4 0.79140625 0.23308733087330874 0.011458333333333333 0.007995079950799507
23 0.675 0.265990159901599 0.013020833333333334 0.00984009840098401
4 0.5763020833333333 0.29489544895448955 0.011458333333333333 0.007995079950799507
4 0.709375 0.2592250922509225 0.009375 0.015375153751537515
4 0.715625 0.25768757687576876 0.0078125 0.015990159901599015
4 0.7223958333333333 0.2564575645756458 0.0078125 0.014145141451414513
23 0.7518229166666667 0.24846248462484624 0.007291666666666667 0.014145141451414513
23 0.734375 0.2530750307503075 0.00625 0.012915129151291513
23 0.746875 0.25030750307503075 0.0067708333333333336 0.013530135301353014
4 0.5778645833333333 0.3025830258302583 0.009895833333333333 0.007995079950799507
23 0.5669270833333333 0.3093480934809348 0.008333333333333333 0.015375153751537515
30 0.04739583333333333 0.45940959409594095 0.020833333333333332 0.01968019680196802
23 0.03177083333333333 0.466789667896679 0.013020833333333334 0.00922509225092251
4 0.0375 0.4797047970479705 0.007291666666666667 0.014145141451414513
30 0.05078125 0.47662976629766296 0.019791666666666666 0.01968019680196802
23 0.031510416666666666 0.48185731857318576 0.0067708333333333336 0.012915129151291513
4 0.28203125 0.4218942189421894 0.011979166666666667 0.014760147601476014
4 0.29401041666666666 0.43050430504305043 0.013020833333333334 0.015990159901599015
4 0.053125 0.5 0.0109375 0.007995079950799507
23 0.06302083333333333 0.501230012300123 0.007291666666666667 0.015375153751537515
23 0.5807291666666666 0.3720787207872079 0.008333333333333333 0.014760147601476014
23 0.5958333333333333 0.39760147601476015 0.0078125 0.014145141451414513
4 0.3072916666666667 0.47939729397293973 0.009895833333333333 0.00922509225092251
23 0.30833333333333335 0.5390528905289053 0.0125 0.00984009840098401