23 0.2435129740518962 0.31527777777777777 0.0054890219560878245 0.044444444444444446
23 0.26447105788423153 0.3055555555555556 0.005988023952095809 0.05
23 0.34006986027944114 0.2611111111111111 0.00499001996007984 0.05555555555555555
23 0.16092814371257486 0.36944444444444446 0.005988023952095809 0.05
4 0.19211576846307385 0.35 0.0074850299401197605 0.05
23 0.20658682634730538 0.3416666666666667 0.004491017964071856 0.05
4 0.21107784431137724 0.3416666666666667 0.0054890219560878245 0.04722222222222222
23 0.20109780439121758 0.3486111111111111 0.006487025948103792 0.04722222222222222
23 0.15394211576846306 0.37777777777777777 0.005988023952095809 0.05277777777777778
30 0.10079840319361277 0.4097222222222222 0.0074850299401197605 0.06388888888888888
4 0.5858283433133733 0.12638888888888888 0.0054890219560878245 0.06111111111111111
23 0.1092814371257485 0.4041666666666667 0.005988023952095809 0.04722222222222222
4 0.12275449101796407 0.4 0.003992015968063872 0.044444444444444446
23 0.11601796407185629 0.40694444444444444 0.0054890219560878245 0.044444444444444446
30 0.1317365269461078 0.3972222222222222 0.012974051896207584 0.08888888888888889
23 0.5808383233532934 0.13472222222222222 0.0054890219560878245 0.06666666666666667
4 0.6344810379241517 0.10555555555555556 0.006986027944111776 0.041666666666666664
30 0.21906187624750498 0.3486111111111111 0.010978043912175649 0.08333333333333333
23 0.5750998003992016 0.14027777777777778 0.0054890219560878245 0.06111111111111111
15 0.2876746506986028 0.30833333333333335 0.0249500998003992 0.17222222222222222
23 0.6407185628742516 0.10833333333333334 0.00499001996007984 0.041666666666666664
23 0.6292415169660679 0.11388888888888889 0.0054890219560878245 0.03888888888888889
30 0.1439620758483034 0.39861111111111114 0.012974051896207584 0.09444444444444444
23 0.30813373253493015 0.30277777777777776 0.005988023952095809 0.04722222222222222
23 0.3236027944111776 0.2986111111111111 0.004491017964071856 0.044444444444444446
23 0.8572854291417166 0.0125 0.007984031936127744 0.025
4 0.6210079840319361 0.13055555555555556 0.005988023952095809 0.05
4 0.5436626746506986 0.17777777777777778 0.005988023952095809 0.06111111111111111
23 0.5491516966067864 0.175 0.005988023952095809 0.06388888888888888
4 0.6539421157684631 0.11944444444444445 0.005988023952095809 0.06111111111111111
23 0.25798403193612773 0.3597222222222222 0.004491017964071856 0.04722222222222222
23 0.24500998003992017 0.36666666666666664 0.005988023952095809 0.05
23 0.250998003992016 0.36666666666666664 0.00499001996007984 0.05277777777777778
4 0.8520459081836327 0.027777777777777776 0.006487025948103792 0.05555555555555555
4 0.7946606786427146 0.05416666666666667 0.00499001996007984 0.06388888888888888
30 0.560379241516966 0.19027777777777777 0.0124750499001996 0.07222222222222222
30 0.23577844311377247 0.38055555555555554 0.011976047904191617 0.06944444444444445
4 0.5883233532934131 0.17777777777777778 0.0054890219560878245 0.041666666666666664
23 0.18862275449101795 0.4111111111111111 0.00499001996007984 0.05
23 0.1936127744510978 0.4083333333333333 0.00499001996007984 0.05277777777777778
4 0.6359780439121756 0.1527777777777778 0.006986027944111776 0.044444444444444446
4 0.6254990019960079 0.15833333333333333 0.0054890219560878245 0.044444444444444446
4 0.6299900199600799 0.15555555555555556 0.003992015968063872 0.044444444444444446
4 0.5833333333333334 0.18333333333333332 0.00499001996007984 0.044444444444444446
23 0.313872255489022 0.34305555555555556 0.00499001996007984 0.044444444444444446
30 0.08108782435129741 0.48194444444444445 0.011976047904191617 0.08055555555555556
4 0.3051397205588822 0.35138888888888886 0.0054890219560878245 0.05
30 0.1155189620758483 0.4652777777777778 0.011976047904191617 0.07222222222222222
4 0.07235528942115768 0.49027777777777776 0.00499001996007984 0.05277777777777778
30 0.09306387225548902 0.4777777777777778 0.0124750499001996 0.07222222222222222
4 0.10154690618762476 0.4736111111111111 0.004491017964071856 0.05555555555555555
23 0.0658682634730539 0.49444444444444446 0.005988023952095809 0.05
4 0.5775948103792415 0.19722222222222222 0.0029940119760479044 0.03611111111111111
15 0.6067864271457086 0.18055555555555555 0.023952095808383235 0.14166666666666666
23 0.3231037924151697 0.3472222222222222 0.00499001996007984 0.044444444444444446
30 0.20484031936127745 0.41805555555555557 0.011976047904191617 0.08611111111111111
4 0.7894211576846307 0.0763888888888889 0.0074850299401197605 0.05555555555555555
4 0.5736027944111777 0.20555555555555555 0.003493013972055888 0.041666666666666664
23 0.5698602794411177 0.21388888888888888 0.004491017964071856 0.041666666666666664
23 0.26921157684630737 0.39166666666666666 0.003992015968063872 0.04722222222222222
4 0.13373253493013973 0.4708333333333333 0.0074850299401197605 0.06388888888888888
4 0.27320359281437123 0.39305555555555555 0.00499001996007984 0.05555555555555555
23 0.7844311377245509 0.10138888888888889 0.005988023952095809 0.05277777777777778
23 0.34231536926147704 0.3625 0.005988023952095809 0.05277777777777778
23 0.6534431137724551 0.18055555555555555 0.005988023952095809 0.05
23 0.6422155688622755 0.19027777777777777 0.003992015968063872 0.041666666666666664
23 0.6462075848303394 0.19166666666666668 0.003992015968063872 0.03888888888888889
23 0.6372255489021956 0.19583333333333333 0.0054890219560878245 0.03888888888888889
23 0.842814371257485 0.07916666666666666 0.004491017964071856 0.04722222222222222
4 0.4249001996007984 0.3263888888888889 0.005988023952095809 0.06388888888888888
4 0.41791417165668665 0.33055555555555555 0.0074850299401197605 0.06666666666666667
23 0.7093313373253493 0.1597222222222222 0.006487025948103792 0.05
23 0.9261477045908184 0.03333333333333333 0.005988023952095809 0.04722222222222222
4 0.6319860279441117 0.20555555555555555 0.005988023952095809 0.044444444444444446
4 0.5958083832335329 0.23194444444444445 0.0054890219560878245 0.05555555555555555
4 0.590818363273453 0.23472222222222222 0.0054890219560878245 0.04722222222222222
30 0.33033932135728544 0.3902777777777778 0.010978043912175649 0.08055555555555556
30 0.25798403193612773 0.43194444444444446 0.0124750499001996 0.08888888888888889
23 0.06686626746506986 0.5444444444444444 0.006487025948103792 0.05
23 0.28867265469061876 0.41388888888888886 0.003992015968063872 0.05277777777777778
23 0.7744510978043913 0.13055555555555556 0.005988023952095809 0.05555555555555555
30 0.3188622754491018 0.39861111111111114 0.011477045908183632 0.07777777777777778
4 0.5726047904191617 0.2513888888888889 0.003493013972055888 0.03611111111111111
23 0.2841816367265469 0.41944444444444445 0.004491017964071856 0.05555555555555555
23 0.2936626746506986 0.41388888888888886 0.004491017964071856 0.058333333333333334
23 0.5770958083832335 0.24861111111111112 0.003992015968063872 0.03888888888888889
4 0.2791916167664671 0.4222222222222222 0.0054890219560878245 0.05
23 0.22280439121756487 0.4583333333333333 0.00499001996007984 0.06111111111111111
30 0.5409181636726547 0.275 0.011976047904191617 0.075
23 0.24476047904191617 0.4486111111111111 0.006487025948103792 0.06666666666666667
4 0.3101297405189621 0.4097222222222222 0.005988023952095809 0.05555555555555555
4 0.22979041916167664 0.45694444444444443 0.0074850299401197605 0.07222222222222222
4 0.3051397205588822 0.4125 0.004491017964071856 0.06388888888888888
23 0.2377744510978044 0.45555555555555555 0.005988023952095809 0.06944444444444445
23 0.5503992015968064 0.2722222222222222 0.0074850299401197605 0.075
23 0.11626746506986028 0.5263888888888889 0.004491017964071856 0.05277777777777778
4 0.10678642714570859 0.5319444444444444 0.00499001996007984 0.05
23 0.11127744510978044 0.5291666666666667 0.004491017964071856 0.05
4 0.21656686626746507 0.4708333333333333 0.008483033932135729 0.08055555555555556
23 0.12325349301397205 0.525 0.0054890219560878245 0.05
23 0.9473552894211577 0.043055555555555555 0.006986027944111776 0.06111111111111111
4 0.08632734530938124 0.5458333333333333 0.00499001996007984 0.05277777777777778
23 0.9171656686626747 0.06527777777777778 0.0054890219560878245 0.05
23 0.8512974051896207 0.10416666666666667 0.006986027944111776 0.06666666666666667
23 0.718313373253493 0.18472222222222223 0.005988023952095809 0.06111111111111111
23 0.9234031936127745 0.06527777777777778 0.004491017964071856 0.044444444444444446
30 0.562624750499002 0.2791666666666667 0.010978043912175649 0.08055555555555556
30 0.09505988023952096 0.5555555555555556 0.0124750499001996 0.08333333333333333
23 0.20833333333333334 0.4888888888888889 0.00499001996007984 0.05555555555555555
23 0.1656686626746507 0.5166666666666667 0.004491017964071856 0.05555555555555555
23 0.19411177644710578 0.5027777777777778 0.00499001996007984 0.06111111111111111
4 0.17315369261477045 0.5152777777777777 0.008982035928143712 0.06944444444444445
4 0.18712574850299402 0.5069444444444444 0.008982035928143712 0.06944444444444445
4 0.6531936127744511 0.2375 0.00499001996007984 0.05
23 0.18013972055888225 0.5138888888888888 0.00499001996007984 0.058333333333333334
4 0.20109780439121758 0.5013888888888889 0.008982035928143712 0.075
4 0.6457085828343313 0.24166666666666667 0.008982035928143712 0.05555555555555555
23 0.7916666666666666 0.15555555555555556 0.0074850299401197605 0.075
4 0.6377245508982036 0.24583333333333332 0.0074850299401197605 0.04722222222222222
4 0.15868263473053892 0.5263888888888889 0.008982035928143712 0.07222222222222222
23 0.6709081836327345 0.22916666666666666 0.009481037924151697 0.09444444444444444
23 0.843812375249501 0.12916666666666668 0.00499001996007984 0.05555555555555555
23 0.7108283433133733 0.20972222222222223 0.005988023952095809 0.05277777777777778
30 0.5855788423153693 0.28194444444444444 0.010479041916167664 0.07777777777777778
23 0.7856786427145709 0.16527777777777777 0.004491017964071856 0.05277777777777778
23 0.5738522954091816 0.28888888888888886 0.003493013972055888 0.041666666666666664
23 0.5778443113772455 0.2875 0.003992015968063872 0.03888888888888889
4 0.6254990019960079 0.26944444444444443 0.004491017964071856 0.05555555555555555
23 0.6017964071856288 0.2861111111111111 0.005988023952095809 0.05
23 0.6317365269461078 0.26944444444444443 0.00499001996007984 0.05555555555555555
4 0.6067864271457086 0.2861111111111111 0.0054890219560878245 0.05555555555555555
30 0.6187624750499002 0.2847222222222222 0.010479041916167664 0.08055555555555556
23 0.02844311377245509 0.6333333333333333 0.005988023952095809 0.04722222222222222
23 0.0344311377245509 0.6305555555555555 0.005988023952095809 0.05
4 0.9488522954091816 0.1111111111111111 0.0054890219560878245 0.06111111111111111
4 0.6793912175648703 0.26944444444444443 0.006986027944111776 0.05277777777777778
4 0.9423652694610778 0.12361111111111112 0.005988023952095809 0.06944444444444445
30 0.26422155688622756 0.5319444444444444 0.011477045908183632 0.06944444444444445
23 0.25449101796407186 0.5402777777777777 0.007984031936127744 0.06666666666666667
23 0.2742015968063872 0.5319444444444444 0.006986027944111776 0.06388888888888888
4 0.935129740518962 0.16111111111111112 0.008982035928143712 0.08055555555555556
4 0.5274451097804391 0.4111111111111111 0.009481037924151697 0.08333333333333333
4 0.05114770459081836 0.6986111111111111 0.008483033932135729 0.09444444444444444
4 0.45583832335329344 0.4666666666666667 0.009481037924151697 0.09444444444444444
4 0.003493013972055888 0.7583333333333333 0.003493013972055888 0.04722222222222222
4 0.010479041916167664 0.7555555555555555 0.006487025948103792 0.058333333333333334
30 0.01996007984031936 0.75 0.011976047904191617 0.06944444444444445
30 0.033932135728542916 0.7416666666666667 0.012974051896207584 0.07777777777777778
30 0.23677644710578843 0.6430555555555556 0.011477045908183632 0.075
23 0.24525948103792417 0.6402777777777777 0.005988023952095809 0.05277777777777778
30 0.9481037924151696 0.24027777777777778 0.011477045908183632 0.075
23 0.9323852295409182 0.25555555555555554 0.00499001996007984 0.044444444444444446
4 0.93687624750499 0.25555555555555554 0.004491017964071856 0.05
30 0.005738522954091816 0.8194444444444444 0.006487025948103792 0.08055555555555556
23 0.03817365269461078 0.8013888888888889 0.00499001996007984 0.05277777777777778
4 0.2218063872255489 0.6958333333333333 0.006986027944111776 0.058333333333333334
4 0.02220558882235529 0.8125 0.0054890219560878245 0.05
23 0.03268463073852296 0.8069444444444445 0.006487025948103792 0.05
30 0.48303393213572854 0.5513888888888889 0.0124750499001996 0.07777777777777778
30 0.5032435129740519 0.5402777777777777 0.011976047904191617 0.08055555555555556
4 0.7569860279441117 0.39444444444444443 0.0054890219560878245 0.05277777777777778
30 0.7290419161676647 0.4111111111111111 0.00998003992015968 0.058333333333333334
4 0.7210578842315369 0.4152777777777778 0.005988023952095809 0.06111111111111111
23 0.5227045908183633 0.5347222222222222 0.007984031936127744 0.06944444444444445
23 0.7619760479041916 0.39444444444444443 0.006487025948103792 0.058333333333333334
30 0.7405189620758483 0.4097222222222222 0.010978043912175649 0.06944444444444445
4 0.5132235528942116 0.5430555555555555 0.005988023952095809 0.05277777777777778
4 0.4748003992015968 0.5680555555555555 0.0054890219560878245 0.05277777777777778
23 0.011726546906187624 0.8416666666666667 0.005988023952095809 0.04722222222222222
23 0.7090818363273453 0.43333333333333335 0.006487025948103792 0.06111111111111111
30 0.24301397205588823 0.7083333333333334 0.00998003992015968 0.075
30 0.23178642714570857 0.7180555555555556 0.011477045908183632 0.075
23 0.469810379241517 0.5819444444444445 0.005988023952095809 0.05555555555555555
30 0.7315369261477046 0.4847222222222222 0.00998003992015968 0.07777777777777778
30 0.719560878243513 0.49166666666666664 0.01347305389221557 0.08333333333333333
4 0.2435129740518962 0.7847222222222222 0.00499001996007984 0.05277777777777778
23 0.2375249500998004 0.7930555555555555 0.0054890219560878245 0.058333333333333334
4 0.6337325349301397 0.058333333333333334 0.006986027944111776 0.041666666666666664
4 0.5895708582834331 0.09027777777777778 0.003992015968063872 0.05
23 0.6060379241516967 0.08333333333333333 0.005988023952095809 0.06111111111111111
4 0.594061876247505 0.09027777777777778 0.004491017964071856 0.05
30 0.3295908183632735 0.24444444444444444 0.0124750499001996 0.07777777777777778
23 0.6397205588822356 0.06388888888888888 0.00499001996007984 0.04722222222222222
23 0.6000499001996008 0.08888888888888889 0.006487025948103792 0.058333333333333334
4 0.6447105788423154 0.06388888888888888 0.00499001996007984 0.05
23 0.5528942115768463 0.11666666666666667 0.008483033932135729 0.06111111111111111
4 0.6279940119760479 0.0763888888888889 0.00499001996007984 0.041666666666666664
4 0.6215069860279441 0.07916666666666666 0.006986027944111776 0.04722222222222222
7 0.38947105788423153 0.22361111111111112 0.09181636726546906 0.20555555555555555
23 0.2569860279441118 0.30416666666666664 0.004491017964071856 0.044444444444444446