4 0.3445732349841939 0.7976923076923077 0.011591148577449948 0.052307692307692305
4 0.3635405690200211 0.7861538461538462 0.012644889357218124 0.052307692307692305
4 0.3340358271865121 0.8046153846153846 0.011591148577449948 0.052307692307692305
4 0.35379346680716545 0.7938461538461539 0.011591148577449948 0.052307692307692305
30 0.5874604847207587 0.6569230769230769 0.020021074815595362 0.07076923076923076
4 0.5756059009483667 0.666923076923077 0.007903055848261328 0.03230769230769231
4 0.1743940990516333 0.9176923076923077 0.00684931506849315 0.033846153846153845
4 0.5990516332982087 0.6553846153846153 0.007376185458377239 0.033846153846153845
4 0.9022655426765016 0.4676923076923077 0.011064278187565859 0.05076923076923077
4 0.9120126448893572 0.46153846153846156 0.011064278187565859 0.04923076923076923
4 0.922286617492097 0.45615384615384613 0.011064278187565859 0.052307692307692305
23 0.6941517386722866 0.6 0.007903055848261328 0.033846153846153845
4 0.9317702845100105 0.4523076923076923 0.011591148577449948 0.052307692307692305
4 0.6304004214963119 0.6423076923076924 0.007903055848261328 0.03230769230769231
30 0.09773445732349842 0.9638461538461538 0.022655426765015807 0.06923076923076923
4 0.08482613277133826 0.9807692307692307 0.007903055848261328 0.03230769230769231
4 0.6114330874604847 0.6553846153846153 0.007903055848261328 0.03538461538461538
23 0.684931506849315 0.6115384615384616 0.005795574288724974 0.03076923076923077
4 0.756059009483667 0.5676923076923077 0.008956796628029505 0.03230769230769231
23 0.6504214963119073 0.6346153846153846 0.00684931506849315 0.03076923076923077
23 0.6767650158061117 0.62 0.007376185458377239 0.033846153846153845
30 0.6211801896733403 0.6546153846153846 0.015806111696522657 0.05384615384615385
4 0.11195995785036882 0.9784615384615385 0.008956796628029505 0.03538461538461538
30 0.6599051633298209 0.64 0.011064278187565859 0.04153846153846154
4 0.7352476290832455 0.5946153846153847 0.007376185458377239 0.03538461538461538
15 0.7233930453108536 0.6023076923076923 0.020021074815595362 0.06923076923076923
23 0.6699157007376185 0.6384615384615384 0.007903055848261328 0.033846153846153845
30 0.3227081138040042 0.8538461538461538 0.022655426765015807 0.08615384615384615
30 0.18888303477344573 0.9384615384615385 0.02107481559536354 0.07846153846153846
23 0.20284510010537407 0.9315384615384615 0.01053740779768177 0.043076923076923075
4 0.11907270811380401 0.9823076923076923 0.007376185458377239 0.03230769230769231
23 0.7826659641728135 0.573076923076923 0.010010537407797681 0.04
4 0.7128556375131717 0.6176923076923077 0.006322444678609062 0.03076923076923077
30 0.38198103266596417 0.823076923076923 0.023182297154899896 0.08153846153846153
23 0.6965226554267651 0.6330769230769231 0.007903055848261328 0.03230769230769231
30 0.7702845100105374 0.5884615384615385 0.02160168598524763 0.08461538461538462
30 0.8229715489989463 0.5561538461538461 0.02107481559536354 0.08153846153846153
4 0.809536354056902 0.5653846153846154 0.007376185458377239 0.03230769230769231
23 0.8366701791359326 0.5523076923076923 0.009483667017913594 0.036923076923076927
30 0.8909378292939937 0.52 0.02054794520547945 0.08153846153846153
4 0.6040569020021075 0.7015384615384616 0.008956796628029505 0.038461538461538464
30 0.9504741833508957 0.48923076923076925 0.022655426765015807 0.08
23 0.9636459430979979 0.48307692307692307 0.008956796628029505 0.038461538461538464
23 0.6275026343519494 0.6976923076923077 0.007903055848261328 0.033846153846153845
23 0.6140674394099052 0.7061538461538461 0.007376185458377239 0.03538461538461538
23 0.6203898840885143 0.7023076923076923 0.007903055848261328 0.03538461538461538
23 0.6543730242360379 0.6823076923076923 0.008429926238145416 0.03538461538461538
4 0.6883561643835616 0.6615384615384615 0.007376185458377239 0.033846153846153845
23 0.6801896733403583 0.666923076923077 0.007376185458377239 0.033846153846153845
4 0.6691253951527925 0.6784615384615384 0.00684931506849315 0.03230769230769231
4 0.5800842992623815 0.7330769230769231 0.007376185458377239 0.03076923076923077
4 0.6364594309799789 0.7015384615384616 0.00684931506849315 0.02923076923076923
23 0.6628029504741834 0.686923076923077 0.007903055848261328 0.03076923076923077
23 0.6433087460484721 0.6992307692307692 0.00684931506849315 0.03076923076923077
23 0.7067966280295047 0.6607692307692308 0.006322444678609062 0.03076923076923077
23 0.6994204425711275 0.6707692307692308 0.00684931506849315 0.03076923076923077
23 0.7415700737618546 0.6453846153846153 0.007376185458377239 0.033846153846153845
23 0.3437829293993678 0.8923076923076924 0.01053740779768177 0.04461538461538461
23 0.7484193888303478 0.6415384615384615 0.007376185458377239 0.033846153846153845
23 0.7226027397260274 0.6638461538461539 0.00684931506849315 0.03076923076923077
4 0.5958904109589042 0.7507692307692307 0.005268703898840885 0.026153846153846153
4 0.5887776606954689 0.7561538461538462 0.007376185458377239 0.033846153846153845
23 0.398840885142255 0.8776923076923077 0.010010537407797681 0.04
23 0.7568493150684932 0.6615384615384615 0.006322444678609062 0.03076923076923077
4 0.6238145416227608 0.7438461538461538 0.011064278187565859 0.043076923076923075
23 0.91622760800843 0.5653846153846154 0.008956796628029505 0.04153846153846154
4 0.3933087460484721 0.89 0.007903055848261328 0.033846153846153845
4 0.613277133825079 0.7553846153846154 0.011064278187565859 0.05076923076923077
4 0.9668071654373024 0.5361538461538462 0.007376185458377239 0.03538461538461538
23 0.6475237091675448 0.7353846153846154 0.007376185458377239 0.03230769230769231
4 0.6981032665964173 0.7069230769230769 0.008429926238145416 0.03230769230769231
23 0.910168598524763 0.5769230769230769 0.007903055848261328 0.033846153846153845
23 0.6612223393045311 0.7384615384615385 0.007376185458377239 0.033846153846153845
23 0.6417281348788199 0.7530769230769231 0.007376185458377239 0.03230769230769231
4 0.6346153846153846 0.7592307692307693 0.00684931506849315 0.02923076923076923
4 0.6016859852476291 0.7815384615384615 0.00684931506849315 0.03076923076923077
23 0.9965753424657534 0.5353846153846153 0.005795574288724974 0.036923076923076927
15 0.6865121180189674 0.7315384615384616 0.023182297154899896 0.08461538461538462
4 0.47839831401475236 0.8692307692307693 0.007376185458377239 0.03538461538461538
4 0.26633298208640677 0.9684615384615385 0.0184404636459431 0.06
4 0.7070600632244468 0.7315384615384616 0.007376185458377239 0.03538461538461538
4 0.3029504741833509 0.9607692307692308 0.0410958904109589 0.07538461538461538
4 0.6999473129610115 0.7392307692307692 0.007376185458377239 0.03230769230769231
23 0.6583245521601686 0.7730769230769231 0.006322444678609062 0.02923076923076923
4 0.5036880927291886 0.8707692307692307 0.00684931506849315 0.02923076923076923
4 0.5176501580611169 0.8615384615384616 0.007376185458377239 0.033846153846153845
4 0.523972602739726 0.8592307692307692 0.007903055848261328 0.03076923076923077
15 0.7323498419388831 0.7315384615384616 0.015806111696522657 0.07692307692307693
23 0.6459430979978925 0.786923076923077 0.007376185458377239 0.03230769230769231
4 0.993940990516333 0.5738461538461539 0.007376185458377239 0.033846153846153845
23 0.9976290832455216 0.5715384615384616 0.0036880927291886197 0.03538461538461538
23 0.7215489989462592 0.7476923076923077 0.007903055848261328 0.033846153846153845
4 0.8306111696522656 0.6815384615384615 0.04056902002107481 0.12307692307692308
4 0.7945205479452054 0.7038461538461539 0.04214963119072708 0.12307692307692308
30 0.3980505795574289 0.963076923076923 0.01685985247629083 0.055384615384615386
23 0.7057428872497366 0.7715384615384615 0.007903055848261328 0.03230769230769231
30 0.33956796628029506 0.9884615384615385 0.012118018967334035 0.02
15 0.6267123287671232 0.8253846153846154 0.03635405690200211 0.08153846153846153
23 0.7131190727081138 0.7784615384615384 0.007376185458377239 0.03076923076923077
30 0.6614857744994731 0.8184615384615385 0.0136986301369863 0.046153846153846156
30 0.8843519494204426 0.683076923076923 0.012118018967334035 0.046153846153846156
30 0.6714963119072708 0.8153846153846154 0.012644889357218124 0.04461538461538461
4 0.6464699683877766 0.8307692307692308 0.006322444678609062 0.02923076923076923
30 0.9025289778714436 0.6715384615384615 0.012118018967334035 0.043076923076923075
30 0.9620653319283456 0.6376923076923077 0.012118018967334035 0.046153846153846156
23 0.6541095890410958 0.8323076923076923 0.00684931506849315 0.03076923076923077
23 0.6870389884088515 0.813076923076923 0.007376185458377239 0.03538461538461538
4 0.3890937829293994 0.9915384615384616 0.008956796628029505 0.013846153846153847
23 0.708113804004215 0.8061538461538461 0.007376185458377239 0.03076923076923077
23 0.40648050579557427 0.9923076923076923 0.008956796628029505 0.012307692307692308
4 0.7568493150684932 0.7861538461538462 0.007903055848261328 0.03538461538461538
23 0.6045837723919916 0.88 0.008429926238145416 0.03076923076923077
23 0.7162802950474183 0.8153846153846154 0.007376185458377239 0.03230769230769231
23 0.7291886195995785 0.8076923076923077 0.007376185458377239 0.03076923076923077
7 0.47418335089567965 0.9423076923076923 0.11380400421496312 0.1123076923076923
23 0.7226027397260274 0.813076923076923 0.00684931506849315 0.03076923076923077
23 0.773709167544784 0.7815384615384615 0.007376185458377239 0.033846153846153845
4 0.9233403582718651 0.6915384615384615 0.007903055848261328 0.03538461538461538
4 0.9525816649104321 0.6738461538461539 0.007903055848261328 0.03230769230769231
4 0.982086406743941 0.6569230769230769 0.007376185458377239 0.03538461538461538
23 0.7507903055848262 0.8007692307692308 0.007903055848261328 0.033846153846153845
23 0.7658061116965227 0.7915384615384615 0.007903055848261328 0.03538461538461538
23 0.8788198103266597 0.7253846153846154 0.007376185458377239 0.03538461538461538
23 0.945995785036881 0.6853846153846154 0.007903055848261328 0.033846153846153845
23 0.9099051633298209 0.7076923076923077 0.007376185458377239 0.03230769230769231
23 0.916754478398314 0.7038461538461539 0.007376185458377239 0.03230769230769231
23 0.9399367755532139 0.6892307692307692 0.008429926238145416 0.03230769230769231
23 0.9694415173867229 0.6723076923076923 0.007903055848261328 0.033846153846153845
23 0.976027397260274 0.67 0.00684931506849315 0.03076923076923077
23 0.6865121180189674 0.8576923076923076 0.007376185458377239 0.03230769230769231
23 0.6928345626975764 0.8553846153846154 0.007903055848261328 0.033846153846153845
23 0.6620126448893572 0.8776923076923077 0.007903055848261328 0.03076923076923077
23 0.648840885142255 0.8861538461538462 0.006322444678609062 0.033846153846153845
23 0.6996838777660696 0.8538461538461538 0.006322444678609062 0.03076923076923077
23 0.6757112750263435 0.8707692307692307 0.007903055848261328 0.033846153846153845
4 0.7118018967334035 0.8484615384615385 0.00684931506849315 0.03230769230769231
4 0.886986301369863 0.7392307692307692 0.007903055848261328 0.03230769230769231
23 0.6195995785036881 0.9053846153846153 0.006322444678609062 0.03076923076923077
4 0.613013698630137 0.9115384615384615 0.007376185458377239 0.03538461538461538
23 0.6066912539515279 0.9153846153846154 0.00684931506849315 0.033846153846153845
23 0.642781875658588 0.8938461538461538 0.006322444678609062 0.03076923076923077
23 0.7181243414120126 0.8492307692307692 0.00684931506849315 0.03076923076923077
4 0.7310326659641728 0.8407692307692308 0.007376185458377239 0.033846153846153845
23 0.7249736564805058 0.8461538461538461 0.008429926238145416 0.03538461538461538
4 0.6296101159114857 0.9053846153846153 0.007903055848261328 0.03230769230769231
4 0.7452581664910432 0.8338461538461538 0.008956796628029505 0.03230769230769231
23 0.8184931506849316 0.79 0.007376185458377239 0.03230769230769231
23 0.8119072708113804 0.7953846153846154 0.007376185458377239 0.033846153846153845
4 0.8474710221285564 0.7738461538461539 0.007903055848261328 0.033846153846153845
23 0.8553740779768177 0.77 0.00684931506849315 0.02923076923076923
23 0.7531612223393045 0.8338461538461538 0.00684931506849315 0.02923076923076923
23 0.7831928345626976 0.8161538461538461 0.007903055848261328 0.03230769230769231
23 0.7760800842992623 0.8207692307692308 0.007903055848261328 0.03538461538461538
4 0.7697576396206534 0.8246153846153846 0.007903055848261328 0.03230769230769231
4 0.7992623814541623 0.806923076923077 0.00684931506849315 0.03230769230769231
23 0.8055848261327714 0.8046153846153846 0.006322444678609062 0.03230769230769231
4 0.8250790305584826 0.7923076923076923 0.007903055848261328 0.03230769230769231
23 0.8324552160168599 0.7884615384615384 0.008429926238145416 0.03230769230769231
23 0.8814541622760801 0.7584615384615384 0.007376185458377239 0.03230769230769231
23 0.8616965226554267 0.7707692307692308 0.007376185458377239 0.03230769230769231
4 0.9059536354056902 0.7446153846153846 0.007376185458377239 0.02923076923076923
23 0.9193888303477344 0.7353846153846154 0.007903055848261328 0.03076923076923077
23 0.9130663856691253 0.74 0.007376185458377239 0.02923076923076923
4 0.9362486828240253 0.7253846153846154 0.007376185458377239 0.02923076923076923
23 0.9481032665964173 0.7184615384615385 0.007376185458377239 0.027692307692307693
23 0.9425711275026344 0.7215384615384616 0.007376185458377239 0.02923076923076923
4 0.9652265542676501 0.7076923076923077 0.007376185458377239 0.02923076923076923
23 0.9786617492096944 0.7 0.008429926238145416 0.027692307692307693
23 0.9723393045310853 0.7046153846153846 0.008429926238145416 0.026153846153846153