4 0.9340717299578059 0.46816770186335405 0.0379746835443038 0.018115942028985508
4 0.9435654008438819 0.5015527950310559 0.04746835443037975 0.019668737060041408
4 0.745253164556962 0.7370600414078675 0.06645569620253164 0.027950310559006212
23 0.8496835443037974 0.78027950310559 0.04113924050632911 0.06055900621118013
23 0.7368143459915611 0.7883022774327122 0.04113924050632911 0.06262939958592133
23 0.7056962025316456 0.7911490683229814 0.043248945147679324 0.061076604554865424
7 0.17827004219409281 0.8667184265010351 0.1350210970464135 0.2039337474120083
4 0.6640295358649789 0.06832298136645963 0.03481012658227848 0.021739130434782608
23 0.4050632911392405 0.08695652173913043 0.016877637130801686 0.011904761904761904
23 0.4219409282700422 0.08643892339544514 0.017932489451476793 0.013975155279503106
23 0.3069620253164557 0.1027432712215321 0.017932489451476793 0.013457556935817806
15 0.4451476793248945 0.1105072463768116 0.0949367088607595 0.04192546583850932
4 0.6466244725738397 0.10429606625258799 0.02531645569620253 0.008281573498964804
4 0.3159282700421941 0.12629399585921325 0.0189873417721519 0.016563146997929608
30 0.26529535864978904 0.13457556935817805 0.05907172995780591 0.03778467908902691
23 0.5021097046413502 0.1224120082815735 0.015822784810126583 0.012939958592132506
15 0.7658227848101266 0.1063664596273292 0.05485232067510549 0.03260869565217391
4 0.8006329113924051 0.1048136645962733 0.014767932489451477 0.011387163561076604
4 0.36761603375527424 0.13198757763975155 0.043248945147679324 0.028985507246376812
15 0.6529535864978903 0.12577639751552794 0.06540084388185655 0.035196687370600416
7 0.0379746835443038 0.18633540372670807 0.0759493670886076 0.20600414078674947
23 0.2979957805907173 0.17624223602484473 0.015822784810126583 0.011904761904761904
23 0.27109704641350213 0.18064182194616976 0.023206751054852322 0.007246376811594203
23 0.22151898734177214 0.23266045548654243 0.043248945147679324 0.04710144927536232
23 0.2552742616033755 0.23110766045548653 0.04008438818565401 0.04710144927536232
4 0.8966244725738397 0.3302277432712215 0.03375527426160337 0.017080745341614908
4 0.9166666666666666 0.36024844720496896 0.04535864978902954 0.019668737060041408