23 0.07041540020263425 0.8470982142857143 0.004052684903748734 0.03794642857142857
23 0.053951367781155016 0.8604910714285714 0.004052684903748734 0.03125
23 0.18490374873353596 0.7700892857142857 0.004559270516717325 0.033482142857142856
23 0.1519756838905775 0.7924107142857143 0.004559270516717325 0.03125
4 0.157548125633232 0.7890625 0.004559270516717325 0.033482142857142856
4 0.0486322188449848 0.8671875 0.005065856129685917 0.03794642857142857
23 0.48530901722391084 0.5625 0.004559270516717325 0.03125
4 0.07649442755825735 0.8470982142857143 0.004052684903748734 0.03794642857142857
23 0.3242147922998987 0.6752232142857143 0.004559270516717325 0.03794642857142857
23 0.48125633232016213 0.5647321428571429 0.005065856129685917 0.029017857142857144
23 0.04305977710233029 0.8705357142857143 0.004052684903748734 0.03125
23 0.3036980749746707 0.6908482142857143 0.004559270516717325 0.03571428571428571
4 0.19072948328267478 0.7700892857142857 0.005065856129685917 0.03571428571428571
23 0.03470111448834853 0.8794642857142857 0.004052684903748734 0.03571428571428571
23 0.03900709219858156 0.8761160714285714 0.005065856129685917 0.03571428571428571
23 0.085612968591692 0.84375 0.004052684903748734 0.033482142857142856
23 0.08966565349544073 0.8404017857142857 0.005572441742654508 0.033482142857142856
23 0.171225937183384 0.7834821428571429 0.005572441742654508 0.03125
23 0.40628166160081053 0.6194196428571429 0.005065856129685917 0.029017857142857144
23 0.16210739614994935 0.7901785714285714 0.004559270516717325 0.03125
4 0.2983789260385005 0.6953125 0.0060790273556231 0.04017857142857143
23 0.08181357649442755 0.8482142857142857 0.004052684903748734 0.03125
23 0.16666666666666666 0.7890625 0.004559270516717325 0.033482142857142856
4 0.3302938196555218 0.6752232142857143 0.005572441742654508 0.03571428571428571
23 0.5324214792299898 0.5334821428571429 0.005065856129685917 0.03125
23 0.1952887537993921 0.7689732142857143 0.004052684903748734 0.03125
23 0.20415400202634246 0.7633928571428571 0.004559270516717325 0.03571428571428571
23 0.19984802431610943 0.765625 0.004559270516717325 0.03571428571428571
23 0.4430091185410334 0.5959821428571429 0.004559270516717325 0.029017857142857144
23 0.28926038500506585 0.703125 0.004559270516717325 0.033482142857142856
4 0.44832826747720367 0.5926339285714286 0.005572441742654508 0.03571428571428571
23 0.2938196555217832 0.703125 0.004559270516717325 0.033482142857142856
23 0.5661094224924013 0.5122767857142857 0.005065856129685917 0.033482142857142856
23 0.3353596757852077 0.6741071428571429 0.004052684903748734 0.029017857142857144
23 0.6702127659574468 0.43973214285714285 0.004559270516717325 0.029017857142857144
23 0.3394123606889564 0.6707589285714286 0.004559270516717325 0.029017857142857144
4 0.41109422492401215 0.6205357142857143 0.0060790273556231 0.03794642857142857
4 0.5369807497467072 0.5323660714285714 0.005065856129685917 0.03571428571428571
23 0.2844478216818642 0.7087053571428571 0.004559270516717325 0.03571428571428571
23 0.7001013171225937 0.4185267857142857 0.004559270516717325 0.029017857142857144
23 0.34397163120567376 0.6674107142857143 0.004052684903748734 0.026785714285714284
4 0.5711752786220872 0.5111607142857143 0.005572441742654508 0.03794642857142857
23 0.4577001013171226 0.5904017857142857 0.004052684903748734 0.029017857142857144
23 0.45364741641337386 0.59375 0.004559270516717325 0.029017857142857144
23 0.461499493414387 0.5881696428571429 0.004052684903748734 0.026785714285714284
4 0.6752786220871327 0.43861607142857145 0.005065856129685917 0.03794642857142857
23 0.4331306990881459 0.6082589285714286 0.004559270516717325 0.026785714285714284
23 0.5511651469098278 0.5256696428571429 0.004559270516717325 0.03125
23 0.42857142857142855 0.6127232142857143 0.004052684903748734 0.029017857142857144
23 0.5552178318135765 0.5245535714285714 0.005572441742654508 0.03125
23 0.5767477203647416 0.5100446428571429 0.004052684903748734 0.03125
23 0.4237588652482269 0.6160714285714286 0.004052684903748734 0.029017857142857144
23 0.5473657548125633 0.5301339285714286 0.004052684903748734 0.03125
23 0.5848530901722391 0.5044642857142857 0.004052684903748734 0.029017857142857144
23 0.7905268490374874 0.36049107142857145 0.005065856129685917 0.033482142857142856
23 0.5808004052684904 0.5066964285714286 0.004052684903748734 0.029017857142857144
4 0.7059270516717325 0.41964285714285715 0.005572441742654508 0.03571428571428571
23 0.6932624113475178 0.42857142857142855 0.004559270516717325 0.029017857142857144
23 0.8594224924012158 0.3125 0.004559270516717325 0.03125
23 0.684903748733536 0.4341517857142857 0.004052684903748734 0.029017857142857144
4 0.7960992907801419 0.359375 0.005065856129685917 0.03794642857142857
23 0.9635258358662614 0.2421875 0.004559270516717325 0.03125
23 0.7193515704154002 0.41294642857142855 0.004052684903748734 0.029017857142857144
4 0.8551165146909828 0.31808035714285715 0.005572441742654508 0.04017857142857143
23 0.6889564336372846 0.4341517857142857 0.004559270516717325 0.029017857142857144
23 0.7155521783181358 0.41517857142857145 0.0035460992907801418 0.024553571428571428
23 0.9475683890577508 0.2533482142857143 0.004052684903748734 0.029017857142857144
23 0.723404255319149 0.4095982142857143 0.004559270516717325 0.029017857142857144
23 0.8366261398176292 0.3325892857142857 0.005065856129685917 0.029017857142857144
23 0.8411854103343465 0.32924107142857145 0.004559270516717325 0.029017857142857144
4 0.9427558257345492 0.25892857142857145 0.005572441742654508 0.04017857142857143
23 0.8100303951367781 0.3515625 0.005065856129685917 0.03125
4 0.9685916919959473 0.24107142857142858 0.0060790273556231 0.04017857142857143
4 0.13171225937183384 0.8247767857142857 0.0060790273556231 0.05357142857142857
23 0.8059777102330293 0.35379464285714285 0.005065856129685917 0.029017857142857144
23 0.8145896656534954 0.3482142857142857 0.005065856129685917 0.03125
23 0.8454913880445796 0.32700892857142855 0.004052684903748734 0.026785714285714284
23 0.9288247213779128 0.27120535714285715 0.004052684903748734 0.029017857142857144
4 0.1403242147922999 0.8214285714285714 0.006585612968591692 0.05133928571428571
23 0.9247720364741642 0.2734375 0.004052684903748734 0.026785714285714284
4 0.4749240121580547 0.5870535714285714 0.004052684903748734 0.026785714285714284
23 0.9822695035460993 0.23325892857142858 0.004052684903748734 0.03125
23 0.9336372847011145 0.26785714285714285 0.004052684903748734 0.029017857142857144
23 0.9782168186423505 0.23660714285714285 0.004052684903748734 0.026785714285714284
4 0.12386018237082067 0.8348214285714286 0.0060790273556231 0.05580357142857143
23 0.9868287740628167 0.23214285714285715 0.004559270516717325 0.029017857142857144
23 0.5238095238095238 0.5602678571428571 0.004559270516717325 0.033482142857142856
4 0.6398176291793313 0.47879464285714285 0.007598784194528876 0.05580357142857143
4 0.6512158054711246 0.47098214285714285 0.0070921985815602835 0.05580357142857143
23 0.42021276595744683 0.6350446428571429 0.004559270516717325 0.03125
4 0.6633738601823708 0.4654017857142857 0.006585612968591692 0.05580357142857143
23 0.5433130699088146 0.5491071428571429 0.004559270516717325 0.03125
23 0.6811043566362716 0.4575892857142857 0.005065856129685917 0.03125
23 0.7109929078014184 0.43638392857142855 0.0035460992907801418 0.03125
4 0.48632218844984804 0.5926339285714286 0.004052684903748734 0.026785714285714284
23 0.8011651469098278 0.37388392857142855 0.005065856129685917 0.033482142857142856
23 0.8503039513677811 0.34151785714285715 0.004052684903748734 0.029017857142857144
23 0.9739108409321175 0.2578125 0.004559270516717325 0.03125
23 0.05015197568389058 0.9017857142857143 0.004052684903748734 0.03125
23 0.07725430597771023 0.8828125 0.004559270516717325 0.03125
23 0.9384498480243161 0.28236607142857145 0.004559270516717325 0.026785714285714284
23 0.15830800405268491 0.8292410714285714 0.004559270516717325 0.026785714285714284
23 0.19148936170212766 0.8058035714285714 0.005065856129685917 0.03571428571428571
23 0.5151975683890577 0.5814732142857143 0.005065856129685917 0.03125
23 0.5106382978723404 0.5848214285714286 0.005065856129685917 0.029017857142857144
23 0.299645390070922 0.7321428571428571 0.004559270516717325 0.03125
23 0.44984802431610943 0.6294642857142857 0.004559270516717325 0.029017857142857144
23 0.3361195542046606 0.7087053571428571 0.004559270516717325 0.03125
23 0.5775075987841946 0.5435267857142857 0.005065856129685917 0.03125
4 0.4759371833839919 0.6183035714285714 0.004559270516717325 0.029017857142857144
23 0.4716312056737589 0.6216517857142857 0.004052684903748734 0.029017857142857144
23 0.46707193515704154 0.6272321428571429 0.004052684903748734 0.029017857142857144
4 0.4926545086119554 0.609375 0.004559270516717325 0.03125
23 0.21783181357649442 0.8147321428571429 0.005065856129685917 0.033482142857142856
23 0.2079533941236069 0.8236607142857143 0.004559270516717325 0.033482142857142856
23 0.22289766970618036 0.8136160714285714 0.005065856129685917 0.03571428571428571
23 0.4093211752786221 0.6852678571428571 0.004052684903748734 0.03125
23 0.4267983789260385 0.6729910714285714 0.004559270516717325 0.026785714285714284
23 0.4227456940222898 0.6763392857142857 0.004052684903748734 0.029017857142857144
23 0.30851063829787234 0.7667410714285714 0.004559270516717325 0.03125
4 0.21403242147923 0.8348214285714286 0.004052684903748734 0.029017857142857144
23 0.3128166160081054 0.7689732142857143 0.005065856129685917 0.026785714285714284
4 0.5040526849037488 0.6395089285714286 0.005572441742654508 0.03571428571428571
23 0.3589159067882472 0.7433035714285714 0.005065856129685917 0.03571428571428571
23 0.34397163120567376 0.7533482142857143 0.004559270516717325 0.033482142857142856
23 0.32750759878419455 0.7689732142857143 0.004052684903748734 0.03125
23 0.33206686930091184 0.7667410714285714 0.005572441742654508 0.03125
23 0.41033434650455924 0.7142857142857143 0.005065856129685917 0.026785714285714284
23 0.4148936170212766 0.7131696428571429 0.004559270516717325 0.029017857142857144
23 0.4278115501519757 0.7042410714285714 0.004052684903748734 0.026785714285714284
23 0.42325227963525835 0.7075892857142857 0.004052684903748734 0.026785714285714284
4 0.40628166160081053 0.71875 0.004052684903748734 0.029017857142857144
23 0.4194528875379939 0.7098214285714286 0.004052684903748734 0.029017857142857144
23 0.43541033434650456 0.7008928571428571 0.004052684903748734 0.029017857142857144
4 0.46099290780141844 0.6875 0.004052684903748734 0.026785714285714284
4 0.3771529888551165 0.7488839285714286 0.004559270516717325 0.029017857142857144
4 0.4655521783181358 0.6863839285714286 0.004559270516717325 0.03125
23 0.5587639311043566 0.6216517857142857 0.004052684903748734 0.029017857142857144
4 0.47011144883485306 0.6830357142857143 0.004052684903748734 0.029017857142857144
23 0.567629179331307 0.6149553571428571 0.004559270516717325 0.03125
23 0.563323201621074 0.6205357142857143 0.004559270516717325 0.03125
23 0.6790780141843972 0.5424107142857143 0.005065856129685917 0.029017857142857144
23 0.3183890577507599 0.7957589285714286 0.004052684903748734 0.026785714285714284
23 0.31382978723404253 0.8013392857142857 0.004559270516717325 0.029017857142857144
23 0.6841438703140831 0.5546875 0.004052684903748734 0.03125
23 0.5253292806484295 0.6651785714285714 0.004559270516717325 0.026785714285714284
23 0.43237082066869303 0.7321428571428571 0.004559270516717325 0.03125
4 0.6887031408308004 0.5535714285714286 0.004559270516717325 0.03125
4 0.4369300911854103 0.7287946428571429 0.004559270516717325 0.03125
4 0.5106382978723404 0.6796875 0.005572441742654508 0.033482142857142856
4 0.33713272543059775 0.8058035714285714 0.004559270516717325 0.029017857142857144
23 0.33206686930091184 0.8091517857142857 0.005065856129685917 0.03571428571428571
4 0.5498986828774063 0.6595982142857143 0.004559270516717325 0.029017857142857144
23 0.5539513677811551 0.65625 0.004052684903748734 0.03125
23 0.5643363728470111 0.6517857142857143 0.004559270516717325 0.029017857142857144
23 0.5595238095238095 0.6551339285714286 0.004559270516717325 0.03125
23 0.6800911854103343 0.5758928571428571 0.005065856129685917 0.029017857142857144
23 0.30648429584599796 0.8359375 0.004559270516717325 0.03571428571428571
4 0.47213779128672745 0.7254464285714286 0.004559270516717325 0.026785714285714284
23 0.28343465045592703 0.8571428571428571 0.008105369807497468 0.024553571428571428
23 0.4675785207700101 0.7276785714285714 0.004559270516717325 0.03125
23 0.16058763931104356 0.9475446428571429 0.004559270516717325 0.03794642857142857
23 0.3462512664640324 0.8191964285714286 0.004559270516717325 0.033482142857142856
23 0.36144883485309015 0.8091517857142857 0.004559270516717325 0.033482142857142856
23 0.6476697061803445 0.609375 0.0070921985815602835 0.022321428571428572
4 0.5415400202634245 0.6852678571428571 0.004559270516717325 0.029017857142857144
23 0.8667679837892603 0.4609375 0.0070921985815602835 0.020089285714285716
23 0.3890577507598784 0.796875 0.0035460992907801418 0.029017857142857144
23 0.4432624113475177 0.7633928571428571 0.004052684903748734 0.029017857142857144
23 0.44883485309017224 0.7779017857142857 0.004559270516717325 0.026785714285714284
23 0.44452887537993924 0.7946428571428571 0.004559270516717325 0.03125
23 0.44047619047619047 0.7991071428571429 0.004559270516717325 0.029017857142857144
23 0.9384498480243161 0.45424107142857145 0.004559270516717325 0.029017857142857144
4 0.18743667679837892 0.9821428571428571 0.004559270516717325 0.026785714285714284
4 0.1838905775075988 0.984375 0.005065856129685917 0.026785714285714284
23 0.6139817629179332 0.6897321428571429 0.005065856129685917 0.03125
4 0.1950354609929078 0.9765625 0.010131712259371834 0.04241071428571429
23 0.24138804457953394 0.9520089285714286 0.0070921985815602835 0.022321428571428572
4 0.31256332320162106 0.9084821428571429 0.009625126646403243 0.05803571428571429
4 0.8571428571428571 0.5334821428571429 0.004559270516717325 0.029017857142857144
4 0.8617021276595744 0.5301339285714286 0.005572441742654508 0.026785714285714284
4 0.2712765957446808 0.9419642857142857 0.004559270516717325 0.029017857142857144
4 0.2672239108409321 0.9475446428571429 0.004052684903748734 0.026785714285714284
23 0.3974164133738602 0.8582589285714286 0.004559270516717325 0.029017857142857144
4 0.446048632218845 0.8247767857142857 0.004052684903748734 0.03125
4 0.6471631205673759 0.6863839285714286 0.004052684903748734 0.026785714285714284
4 0.6517223910840932 0.6830357142857143 0.004052684903748734 0.026785714285714284
4 0.8700607902735562 0.5334821428571429 0.010131712259371834 0.05803571428571429
4 0.41919959473150964 0.8526785714285714 0.004052684903748734 0.033482142857142856
4 0.67806484295846 0.671875 0.010638297872340425 0.05803571428571429
23 0.8072441742654508 0.5837053571428571 0.004559270516717325 0.026785714285714284
4 0.8383991894630193 0.5669642857142857 0.005572441742654508 0.04017857142857143
23 0.8328267477203647 0.5703125 0.005065856129685917 0.03571428571428571
4 0.5083586626139818 0.8035714285714286 0.004559270516717325 0.03794642857142857
4 0.47289766970618036 0.8303571428571429 0.004559270516717325 0.029017857142857144
4 0.4858156028368794 0.8214285714285714 0.004559270516717325 0.03125
23 0.5035460992907801 0.8091517857142857 0.004052684903748734 0.029017857142857144
4 0.4769503546099291 0.828125 0.005065856129685917 0.03125
23 0.4815096251266464 0.8247767857142857 0.004052684903748734 0.029017857142857144
4 0.49442755825734547 0.8158482142857143 0.005065856129685917 0.03125
4 0.49949341438703143 0.8125 0.004559270516717325 0.026785714285714284
23 0.42958459979736574 0.8638392857142857 0.004052684903748734 0.029017857142857144
23 0.4379432624113475 0.859375 0.004559270516717325 0.026785714285714284
23 0.425531914893617 0.8683035714285714 0.004052684903748734 0.026785714285714284
23 0.4341438703140831 0.8627232142857143 0.004559270516717325 0.026785714285714284
4 0.44250253292806485 0.8560267857142857 0.004052684903748734 0.029017857142857144