4 0.5122745490981964 0.5838772845953003 0.012024048096192385 0.020234986945169713
4 0.5553607214428857 0.6018276762402088 0.009018036072144289 0.018276762402088774
4 0.5628757515030061 0.6057441253263708 0.011523046092184368 0.016318537859007835
4 0.46718436873747493 0.5744125326370757 0.018036072144288578 0.016318537859007835
4 0.41382765531062127 0.616514360313316 0.0531062124248497 0.07441253263707572
4 0.906062124248497 0.8182114882506527 0.04308617234468938 0.050913838120104436
30 0.4100701402805611 0.6449086161879896 0.02004008016032064 0.024804177545691905
4 0.8805110220440882 0.816579634464752 0.03707414829659319 0.04503916449086162
4 0.3872745490981964 0.6546997389033943 0.01603206412825651 0.014360313315926894
4 0.4589178356713427 0.6817885117493473 0.029559118236472944 0.03655352480417755
23 0.1625751503006012 0.5815926892950392 0.011022044088176353 0.020887728459530026
23 0.25501002004008017 0.6139033942558747 0.008016032064128256 0.015665796344647518
23 0.17159318637274548 0.5861618798955613 0.009519038076152305 0.0195822454308094
23 0.23021042084168336 0.6093342036553525 0.014028056112224449 0.013054830287206266
23 0.1781062124248497 0.6050913838120104 0.009018036072144289 0.016971279373368148
23 0.17109218436873747 0.60411227154047 0.009519038076152305 0.016971279373368148
23 0.22895791583166333 0.625 0.01002004008016032 0.016971279373368148
23 0.23572144288577154 0.6272845953002611 0.008016032064128256 0.018276762402088774
4 0.8702404809619239 0.8557441253263708 0.014529058116232466 0.015013054830287207
30 0.8855210420841684 0.8648825065274152 0.018537074148296594 0.024151436031331592
23 0.43311623246492986 0.7092036553524804 0.008016032064128256 0.015013054830287207
23 0.42610220440881763 0.7078981723237598 0.01002004008016032 0.018276762402088774
23 0.4100701402805611 0.7052872062663186 0.009018036072144289 0.01762402088772846
23 0.41733466933867736 0.7098563968668408 0.011022044088176353 0.02154046997389034
4 0.35470941883767537 0.6971279373368147 0.05410821643286573 0.06331592689295039
4 0.47870741482965934 0.75 0.009519038076152305 0.015013054830287207
4 0.4205911823647295 0.7297650130548303 0.008517034068136272 0.01762402088772846
4 0.41357715430861725 0.7281331592689295 0.01002004008016032 0.018929503916449087
4 0.46392785571142287 0.7454308093994778 0.009018036072144289 0.01762402088772846
4 0.47119238476953906 0.7486945169712794 0.008517034068136272 0.015013054830287207
4 0.405811623246493 0.7258485639686684 0.012024048096192385 0.020887728459530026
4 0.4281062124248497 0.7336814621409922 0.011523046092184368 0.020887728459530026
4 0.45541082164328656 0.7441253263707572 0.010521042084168337 0.0195822454308094
15 0.8997995991983968 0.9011096605744126 0.022044088176352707 0.025456919060052218
30 0.8790080160320641 0.8939295039164491 0.02655310621242485 0.034595300261096605
23 0.9173346693386774 0.9118798955613577 0.012525050100200401 0.01174934725848564
23 0.9048096192384769 0.9197127937336814 0.014028056112224449 0.013054830287206266
4 0.3594689378757515 0.7395561357702349 0.02404809619238477 0.02741514360313316
4 0.3254008016032064 0.7389033942558747 0.02655310621242485 0.033942558746736295
4 0.34844689378757515 0.764686684073107 0.030561122244488977 0.04046997389033943
4 0.3143787575150301 0.7650130548302873 0.027054108216432865 0.03720626631853786
15 0.4235971943887776 0.8077676240208878 0.06613226452905811 0.08289817232375979
4 0.2778056112224449 0.7881853785900783 0.028557114228456915 0.037859007832898174
4 0.33617234468937873 0.810378590078329 0.01503006012024048 0.024804177545691905
15 0.33592184368737477 0.8185378590078329 0.03507014028056112 0.05613577023498695
15 0.3001002004008016 0.8113577023498695 0.030561122244488977 0.04699738903394256
4 0.27079158316633267 0.820822454308094 0.029559118236472944 0.03263707571801567
4 0.4213426853707415 0.8798955613577023 0.009519038076152305 0.018276762402088774
4 0.4561623246492986 0.8922976501305483 0.012525050100200401 0.020887728459530026
4 0.4468937875751503 0.889686684073107 0.013026052104208416 0.02349869451697128
4 0.3907815631262525 0.8701044386422977 0.012525050100200401 0.025456919060052218
4 0.43837675350701405 0.887402088772846 0.015531062124248497 0.022193211488250653
4 0.4133266533066132 0.8785900783289817 0.011523046092184368 0.016318537859007835
4 0.4646793587174349 0.8965404699738904 0.013527054108216433 0.025456919060052218
4 0.42985971943887774 0.8844647519582245 0.013026052104208416 0.020234986945169713
4 0.4035571142284569 0.8759791122715405 0.012525050100200401 0.025456919060052218
4 0.37249498997995995 0.8648825065274152 0.012525050100200401 0.02349869451697128
4 0.3637274549098196 0.8619451697127938 0.009519038076152305 0.020887728459530026
4 0.3810120240480962 0.868798955613577 0.012024048096192385 0.022193211488250653
23 0.30861723446893785 0.8678198433420365 0.011022044088176353 0.01762402088772846
23 0.29584168336673344 0.8645561357702349 0.008517034068136272 0.014360313315926894
4 0.4506513026052104 0.9295039164490861 0.036072144288577156 0.06331592689295039
4 0.41107214428857713 0.9379895561357703 0.05561122244488978 0.07441253263707572
7 0.35821643286573146 0.9324412532637075 0.06012024048096192 0.050913838120104436
23 0.6515531062124249 0.2878590078328982 0.014529058116232466 0.013054830287206266
30 0.6758517034068137 0.3025456919060052 0.01903807615230461 0.022193211488250653
4 0.7159318637274549 0.3328981723237598 0.045090180360721446 0.06984334203655353
4 0.7572645290581163 0.35411227154047 0.04659318637274549 0.0731070496083551
4 0.3662324649298597 0.21964751958224543 0.05060120240480962 0.04960835509138381
30 0.6710921843687375 0.3286553524804178 0.02404809619238477 0.015665796344647518
23 0.6305110220440882 0.31429503916449086 0.00751503006012024 0.013054830287206266
23 0.6387775551102205 0.3240861618798956 0.011523046092184368 0.018276762402088774
23 0.6470440881763527 0.3276762402088773 0.01002004008016032 0.0195822454308094
30 0.4754509018036072 0.2757832898172324 0.018537074148296594 0.028067885117493474
4 0.9564128256513026 0.4526762402088773 0.05410821643286573 0.058093994778067884
30 0.6645791583166333 0.3554177545691906 0.01903807615230461 0.02610966057441253
15 0.8807615230460922 0.43701044386422977 0.041082164328657314 0.04177545691906005
4 0.592685370741483 0.3390992167101828 0.05410821643286573 0.05483028720626632
30 0.46968937875751504 0.2966710182767624 0.020541082164328657 0.024151436031331592
30 0.50125250501002 0.30776762402088775 0.018537074148296594 0.025456919060052218
4 0.5403306613226453 0.3240861618798956 0.057615230460921846 0.054177545691906005
4 0.9078156312625251 0.45430809399477806 0.011523046092184368 0.0195822454308094
30 0.6440380761523046 0.36977806788511747 0.02004008016032064 0.02741514360313316
30 0.6593186372745491 0.37597911227154046 0.01753507014028056 0.022845953002610966
4 0.9772044088176353 0.4915143603133159 0.04458917835671343 0.06266318537859007
4 0.8842685370741483 0.46050913838120106 0.013527054108216433 0.013054830287206266
4 0.8697394789579158 0.4552872062663185 0.018036072144288578 0.016318537859007835
4 0.5478456913827655 0.35868146214099217 0.011523046092184368 0.020234986945169713
4 0.4947394789579158 0.34203655352480417 0.011022044088176353 0.018276762402088774
4 0.5017535070140281 0.3453002610966057 0.009018036072144289 0.018276762402088774
4 0.593186372745491 0.37761096605744127 0.014529058116232466 0.014360313315926894
30 0.6583166332665331 0.40372062663185376 0.01903807615230461 0.02610966057441253
30 0.6768537074148296 0.41906005221932113 0.02004008016032064 0.024804177545691905
30 0.5130260521042084 0.39099216710182766 0.02154308617234469 0.0293733681462141
30 0.5914328657314629 0.41906005221932113 0.015531062124248497 0.022845953002610966
30 0.4972444889779559 0.38674934725848564 0.02004008016032064 0.022845953002610966
30 0.5278056112224448 0.3981723237597911 0.01903807615230461 0.024804177545691905
4 0.45991983967935873 0.4043733681462141 0.04208416833667335 0.05483028720626632
30 0.9406312625250501 0.5998694516971279 0.022044088176352707 0.02741514360313316
4 0.5829158316633266 0.4856396866840731 0.042585170340681364 0.07180156657963446
30 0.935370741482966 0.6201044386422977 0.01903807615230461 0.02741514360313316
4 0.6064629258517034 0.5075065274151436 0.01603206412825651 0.016971279373368148
4 0.6042084168336673 0.5176240208877284 0.018036072144288578 0.015013054830287207
4 0.6027054108216433 0.527088772845953 0.013527054108216433 0.01370757180156658
7 0.07615230460921844 0.34660574412532635 0.053607214428857713 0.1077023498694517
4 0.4406312625250501 0.4758485639686684 0.04408817635270541 0.07506527415143603
15 0.5420841683366734 0.5228459530026109 0.08817635270541083 0.11488250652741515
30 0.9258517034068137 0.66677545691906 0.027054108216432865 0.03198433420365535
4 0.48597194388777554 0.5202349869451697 0.014529058116232466 0.015013054830287207
4 0.6042084168336673 0.5682114882506527 0.011523046092184368 0.024151436031331592
4 0.5871743486973948 0.5629895561357703 0.01503006012024048 0.020234986945169713
4 0.5974448897795591 0.566579634464752 0.011523046092184368 0.02154046997389034
4 0.48296593186372744 0.5326370757180157 0.013527054108216433 0.01174934725848564
30 0.4343687374749499 0.5264360313315927 0.018537074148296594 0.025456919060052218
23 0.2216933867735471 0.4631201044386423 0.0070140280561122245 0.015013054830287207
4 0.47920841683366733 0.5528720626631853 0.015531062124248497 0.013054830287206266
23 0.2154308617234469 0.4614882506527415 0.009519038076152305 0.016318537859007835
4 0.48847695390781565 0.5737597911227154 0.011022044088176353 0.018276762402088774
4 0.4964929859719439 0.5776762402088773 0.009519038076152305 0.018276762402088774