4 0.6990291262135923 0.6627155172413793 0.0037756202804746495 0.028017241379310345
23 0.2664509169363538 0.5290948275862069 0.0037756202804746495 0.02586206896551724
4 0.2707659115426106 0.5301724137931034 0.0037756202804746495 0.03017241379310345
23 0.95361380798274 0.7758620689655172 0.002696871628910464 0.028017241379310345
4 0.9584681769147788 0.7769396551724138 0.0048543689320388345 0.032327586206896554
4 0.3818770226537217 0.5775862068965517 0.004314994606256742 0.032327586206896554
23 0.40938511326860844 0.5872844827586207 0.0037756202804746495 0.032327586206896554
4 0.4045307443365696 0.5851293103448276 0.0048543689320388345 0.028017241379310345
23 0.3775620280474649 0.5786637931034483 0.003236245954692557 0.03017241379310345
4 0.06903991370010787 0.4730603448275862 0.003236245954692557 0.02586206896551724
23 0.290453074433657 0.5495689655172413 0.003236245954692557 0.02586206896551724
23 0.07335490830636461 0.47413793103448276 0.004314994606256742 0.032327586206896554
4 0.2861380798274002 0.5506465517241379 0.004314994606256742 0.03017241379310345
4 0.36893203883495146 0.5797413793103449 0.0037756202804746495 0.028017241379310345
23 0.750269687162891 0.7133620689655172 0.0048543689320388345 0.032327586206896554
23 0.7197950377562028 0.7047413793103449 0.0037756202804746495 0.03017241379310345
4 0.7459546925566343 0.7133620689655172 0.004314994606256742 0.032327586206896554
4 0.7133225458468176 0.7025862068965517 0.004314994606256742 0.032327586206896554
4 0.7241100323624595 0.7058189655172413 0.004314994606256742 0.032327586206896554
4 0.9749190938511327 0.7963362068965517 0.0037756202804746495 0.03017241379310345
23 0.9792340884573895 0.7974137931034483 0.003236245954692557 0.03017241379310345
4 0.360571736785329 0.6088362068965517 0.0037756202804746495 0.02586206896551724
23 0.6496763754045307 0.7144396551724138 0.003236245954692557 0.02586206896551724
23 0.6351132686084142 0.709051724137931 0.006472491909385114 0.04310344827586207
23 0.6666666666666666 0.7230603448275862 0.004314994606256742 0.032327586206896554
23 0.6105717367853291 0.740301724137931 0.006472491909385114 0.04310344827586207
23 0.6245954692556634 0.7489224137931034 0.0037756202804746495 0.03017241379310345
23 0.6202804746494067 0.7478448275862069 0.002696871628910464 0.03017241379310345
23 0.6299892125134844 0.7510775862068966 0.0037756202804746495 0.03017241379310345
23 0.6426645091693636 0.7575431034482759 0.0037756202804746495 0.03017241379310345
23 0.61596548004315 0.7478448275862069 0.0037756202804746495 0.021551724137931036
4 0.4811218985976268 0.7467672413793104 0.007011866235167206 0.05603448275862069
4 0.12918015102481123 0.6260775862068966 0.007551240560949299 0.0603448275862069
4 0.1418554476806904 0.6303879310344828 0.007551240560949299 0.0625
4 0.46062567421790723 0.7413793103448276 0.007011866235167206 0.05603448275862069
4 0.470873786407767 0.7446120689655172 0.007011866235167206 0.0603448275862069
4 0.854908306364617 0.8793103448275862 0.007011866235167206 0.05818965517241379
4 0.15372168284789645 0.634698275862069 0.007011866235167206 0.05603448275862069
4 0.8314455231930961 0.8706896551724138 0.007011866235167206 0.05387931034482758
4 0.843042071197411 0.8771551724137931 0.007551240560949299 0.0603448275862069
23 0.5711974110032363 0.8060344827586207 0.003236245954692557 0.02586206896551724
30 0.10221143473570658 0.6637931034482759 0.019417475728155338 0.09913793103448276
30 0.18824163969795038 0.6961206896551724 0.018878101402373247 0.09913793103448276
30 0.4374325782092772 0.7855603448275862 0.018338727076591153 0.09913793103448276
30 0.5191477885652643 0.8135775862068966 0.018338727076591153 0.09482758620689655
4 0.5906148867313916 0.8383620689655172 0.004314994606256742 0.03017241379310345
23 0.5862998921251349 0.8372844827586207 0.003236245954692557 0.028017241379310345
23 0.6351132686084142 0.8566810344827587 0.0037756202804746495 0.02586206896551724
4 0.6307982740021575 0.8556034482758621 0.0037756202804746495 0.028017241379310345
4 0.6270226537216829 0.853448275862069 0.0037756202804746495 0.028017241379310345
4 0.6227076591154261 0.8545258620689655 0.003236245954692557 0.02586206896551724
23 0.6852750809061489 0.8911637931034483 0.0048543689320388345 0.03017241379310345
23 0.691747572815534 0.8954741379310345 0.0048543689320388345 0.03879310344827586
4 0.16639697950377563 0.7209051724137931 0.008629989212513484 0.0603448275862069
23 0.63403451995685 0.8868534482758621 0.003236245954692557 0.02586206896551724
23 0.5898058252427184 0.8706896551724138 0.0037756202804746495 0.02586206896551724
4 0.4994606256742179 0.8415948275862069 0.007011866235167206 0.05818965517241379
4 0.4236785329018339 0.8146551724137931 0.007011866235167206 0.05603448275862069
4 0.08522114347357065 0.6993534482758621 0.007551240560949299 0.0603448275862069
4 0.6121898597626753 0.8900862068965517 0.003236245954692557 0.034482758620689655
23 0.6388888888888888 0.9116379310344828 0.003236245954692557 0.028017241379310345
23 0.6693635382955772 0.9224137931034483 0.003236245954692557 0.03017241379310345
4 0.674217907227616 0.9245689655172413 0.004314994606256742 0.028017241379310345
30 0.8470873786407767 0.9676724137931034 0.01779935275080906 0.0603448275862069
23 0.6779935275080906 0.9256465517241379 0.003236245954692557 0.028017241379310345
23 0.6585760517799353 0.9213362068965517 0.0037756202804746495 0.034482758620689655
30 0.9344660194174758 0.9870689655172413 0.01779935275080906 0.021551724137931036
23 0.5682308522114348 0.8933189655172413 0.0048543689320388345 0.03879310344827586
23 0.7206040992448759 0.9558189655172413 0.0037756202804746495 0.028017241379310345
23 0.7162891046386192 0.9568965517241379 0.004314994606256742 0.032327586206896554
23 0.7055016181229773 0.9525862068965517 0.002696871628910464 0.028017241379310345
23 0.685814455231931 0.9461206896551724 0.003236245954692557 0.02586206896551724
4 0.6820388349514563 0.9439655172413793 0.004314994606256742 0.02586206896551724
23 0.6901294498381877 0.947198275862069 0.003236245954692557 0.03017241379310345
4 0.7103559870550162 0.959051724137931 0.005393743257820928 0.040948275862068964
4 0.3667745415318231 0.8448275862068966 0.0744336569579288 0.14224137931034483
4 0.28398058252427183 0.8178879310344828 0.07335490830636461 0.13577586206896552
4 0.1539913700107875 0.7747844827586207 0.004314994606256742 0.032327586206896554
4 0.1599244875943905 0.7769396551724138 0.0037756202804746495 0.028017241379310345
4 0.1709816612729234 0.7834051724137931 0.004314994606256742 0.028017241379310345
4 0.6380798274002157 0.9461206896551724 0.003236245954692557 0.032327586206896554
4 0.16531823085221142 0.78125 0.004314994606256742 0.03017241379310345
23 0.6537216828478964 0.9515086206896551 0.0048543689320388345 0.03017241379310345
23 0.6429341963322546 0.9504310344827587 0.004314994606256742 0.032327586206896554
4 0.8279395900755124 0.9924568965517241 0.007551240560949299 0.010775862068965518
4 0.6062567421790723 0.9418103448275862 0.0048543689320388345 0.032327586206896554
23 0.5962783171521036 0.9493534482758621 0.0037756202804746495 0.02586206896551724
4 0.6699029126213593 0.9752155172413793 0.003236245954692557 0.03017241379310345
23 0.6011326860841424 0.9504310344827587 0.0037756202804746495 0.023706896551724137
23 0.6650485436893204 0.9730603448275862 0.003236245954692557 0.03017241379310345
4 0.5846817691477886 0.9579741379310345 0.006472491909385114 0.04310344827586207
4 0.5636461704422869 0.9525862068965517 0.0048543689320388345 0.03017241379310345
23 0.6504854368932039 0.9881465517241379 0.004314994606256742 0.01939655172413793
4 0.6372707659115426 0.9870689655172413 0.0048543689320388345 0.021551724137931036
15 0.6788025889967637 0.978448275862069 0.01779935275080906 0.03879310344827586
23 0.5960086299892126 0.9816810344827587 0.003236245954692557 0.028017241379310345
23 0.6057173678532902 0.9838362068965517 0.004314994606256742 0.028017241379310345
23 0.6645091693635383 0.9946120689655172 0.004314994606256742 0.00646551724137931
4 0.6685544768069039 0.9946120689655172 0.0037756202804746495 0.00646551724137931
23 0.6008629989212514 0.9827586206896551 0.004314994606256742 0.03017241379310345
33 0.7111650485436893 0.9870689655172413 0.018878101402373247 0.021551724137931036
23 0.5741639697950378 0.9881465517241379 0.009169363538295576 0.01939655172413793
23 0.5846817691477886 0.9913793103448276 0.008629989212513484 0.01293103448275862
23 0.5617583603020496 0.9870689655172413 0.007011866235167206 0.021551724137931036
7 0.12891046386192018 0.8362068965517241 0.09169363538295577 0.09913793103448276