23 0.8042888165038002 0.5215976331360946 0.04017372421281216 0.022485207100591716
23 0.8097176981541803 0.535207100591716 0.04343105320304017 0.03017751479289941
15 0.5567318132464713 0.584319526627219 0.1004343105320304 0.05325443786982249
15 0.6810532030401737 0.5650887573964497 0.0988056460369164 0.05562130177514793
7 0.36020629750271443 0.07071005917159763 0.4609120521172638 0.11183431952662722
7 0.6107491856677525 0.6337278106508876 0.247014115092291 0.08106508875739644
7 0.28691639522258416 0.6908284023668639 0.3957654723127036 0.10828402366863905
4 0.16422366992399565 0.7653846153846153 0.02008686210640608 0.0378698224852071
4 0.6083061889250815 0.6884615384615385 0.021172638436482084 0.04437869822485207
15 0.6628664495114006 0.6798816568047338 0.10369163952225842 0.06094674556213018
4 0.18729641693811075 0.764792899408284 0.021715526601520086 0.04142011834319527
7 0.23507057546145493 0.7571005917159763 0.021715526601520086 0.04082840236686391
4 0.23642779587404994 0.7588757396449705 0.023887079261672096 0.04378698224852071
4 0.21362649294245387 0.7644970414201183 0.021715526601520086 0.045562130177514794
4 0.7833876221498371 0.672189349112426 0.023887079261672096 0.051479289940828406
7 0.6316503800217155 0.7396449704142012 0.253528773072747 0.08579881656804733
7 0.30483170466883824 0.7979289940828402 0.40608034744842564 0.10887573964497041
15 0.7179695982627579 0.028402366863905324 0.1775244299674267 0.05680473372781065
4 0.8099891422366993 0.014497041420118343 0.02280130293159609 0.028994082840236687
15 0.5662323561346363 0.8005917159763314 0.1270358306188925 0.06863905325443787
4 0.48642779587404994 0.8144970414201184 0.02714440825190011 0.033136094674556214
4 0.6248642779587406 0.04585798816568047 0.01737242128121607 0.038461538461538464
23 0.9025515743756786 0.7742603550295858 0.038002171552660155 0.023668639053254437
23 0.8382193268186754 0.7855029585798816 0.04343105320304017 0.028994082840236687
4 0.9381107491856677 0.7884615384615384 0.041802388707926165 0.020118343195266272
7 0.6454940282301845 0.842603550295858 0.24592833876221498 0.0893491124260355
7 0.31813246471226925 0.9011834319526627 0.40608034744842564 0.11597633136094675
15 0.3298045602605863 0.9505917159763314 0.12106406080347448 0.06331360946745562
4 0.25895765472312704 0.9639053254437869 0.023887079261672096 0.040236686390532544
4 0.22122692725298587 0.9715976331360947 0.025515743756786103 0.042011834319526625
4 0.1981541802388708 0.9763313609467456 0.02225841476655809 0.036686390532544376
4 0.24375678610206297 0.9683431952662722 0.024429967426710098 0.04319526627218935
7 0.8786644951140065 0.014201183431952662 0.11237785016286644 0.028402366863905324
7 0.6644951140065146 0.9467455621301775 0.251357220412595 0.08994082840236686
7 0.3360477741585233 0.9736686390532544 0.4158523344191097 0.051479289940828406
15 0.9391965255157437 0.8739644970414201 0.12052117263843648 0.12781065088757396
4 0.8786644951140065 0.9313609467455621 0.01737242128121607 0.020118343195266272
7 0.36780673181324647 0.10946745562130178 0.46199782844733983 0.11242603550295859
7 0.8813789359391965 0.03254437869822485 0.11292073832790445 0.04082840236686391
15 0.7288273615635179 0.07396449704142012 0.1791530944625407 0.07633136094674556
4 0.6327361563517915 0.09260355029585798 0.02008686210640608 0.0485207100591716
4 0.8192182410423453 0.06035502958579882 0.016829533116178068 0.03254437869822485
7 0.03610206297502715 0.2062130177514793 0.0722041259500543 0.24792899408284025
7 0.3705211726384365 0.1502958579881657 0.46525515743756785 0.11124260355029586
7 0.8868078175895765 0.06360946745562131 0.11129207383279044 0.038461538461538464
23 0.006514657980456026 0.2230769230769231 0.013029315960912053 0.04497041420118343
15 0.10124864277958741 0.20710059171597633 0.11400651465798045 0.2757396449704142
7 0.8897937024972855 0.08579881656804733 0.11183496199782844 0.038461538461538464
7 0.3786644951140065 0.186094674556213 0.46525515743756785 0.1165680473372781
4 0.8249185667752443 0.11035502958579882 0.01737242128121607 0.029585798816568046
4 0.6384364820846905 0.14408284023668638 0.016829533116178068 0.0242603550295858
15 0.7307274701411509 0.1289940828402367 0.1731813246471227 0.07633136094674556
7 0.8946796959826275 0.11686390532544379 0.11074918566775244 0.03964497041420118
7 0.8973941368078175 0.13757396449704143 0.11074918566775244 0.03431952662721893
7 0.38165038002171553 0.22633136094674555 0.4598262757871878 0.11183431952662722
4 0.01031487513572204 0.3029585798816568 0.01737242128121607 0.03372781065088758
4 0.6490228013029316 0.19319526627218936 0.026601520086862108 0.040236686390532544
4 0.8341476655808904 0.1636094674556213 0.016286644951140065 0.029585798816568046
15 0.74457111834962 0.18284023668639054 0.16992399565689467 0.06153846153846154
7 0.3528773072747014 0.04408284023668639 0.4603691639522258 0.08816568047337278
7 0.9025515743756786 0.1695266272189349 0.11020629750271443 0.03550295857988166
7 0.39060803474484257 0.26479289940828404 0.46525515743756785 0.11301775147928994
4 0.033387622149837134 0.33727810650887574 0.029315960912052116 0.018343195266272188
4 0.6533659066232356 0.24644970414201184 0.023344191096634093 0.03372781065088758
15 0.9030944625407166 0.20473372781065088 0.12214983713355049 0.06035502958579882
15 0.7266558089033659 0.23727810650887574 0.12323561346362649 0.06153846153846154
4 0.13110749185667753 0.3479289940828402 0.03637350705754615 0.028402366863905324
4 0.09039087947882736 0.35562130177514795 0.029315960912052116 0.027810650887573965
7 0.3933224755700326 0.3038461538461538 0.4603691639522258 0.1136094674556213
23 0.8311617806731814 0.22899408284023667 0.021172638436482084 0.05088757396449704
23 0.8162323561346363 0.23224852071005916 0.02714440825190011 0.05325443786982249
4 0.3268186753528773 0.34467455621301774 0.04777415852334419 0.02485207100591716
23 0.03610206297502715 0.4124260355029586 0.041802388707926165 0.027810650887573965
4 0.5882193268186754 0.321301775147929 0.038002171552660155 0.02603550295857988
4 0.02280130293159609 0.4470414201183432 0.01737242128121607 0.0242603550295858
15 0.499457111834962 0.371301775147929 0.12920738327904452 0.06331360946745562
15 0.6289359391965255 0.3511834319526627 0.1264929424538545 0.06272189349112427
15 0.11156351791530944 0.4556213017751479 0.1742671009771987 0.11005917159763313
23 0.2014115092290988 0.4455621301775148 0.026601520086862108 0.05207100591715976
4 0.4364820846905538 0.4180473372781065 0.025515743756786103 0.04970414201183432
4 0.2269272529858849 0.4556213017751479 0.0249728555917481 0.047337278106508875
4 0.7247557003257329 0.37011834319526626 0.04234527687296417 0.027810650887573965
15 0.3357763300760043 0.44319526627218936 0.18838219326818675 0.2017751479289941
15 0.9058089033659066 0.3529585798816568 0.1786102062975027 0.20118343195266272
4 0.8118892508143323 0.38076923076923075 0.02823018458197611 0.045562130177514794
4 0.6031487513572205 0.4227810650887574 0.033659066232356136 0.021893491124260357
4 0.028501628664495113 0.5393491124260354 0.016829533116178068 0.03076923076923077
23 0.2255700325732899 0.5210059171597633 0.023887079261672096 0.05088757396449704
15 0.5176438653637351 0.47307692307692306 0.1281216069489685 0.06568047337278106
15 0.1278501628664495 0.5408284023668639 0.18132464712269272 0.11420118343195267
15 0.6438653637350705 0.45295857988165683 0.1254071661237785 0.06863905325443787
23 0.02008686210640608 0.5763313609467455 0.03257328990228013 0.02485207100591716
23 0.23887079261672095 0.5535502958579882 0.03637350705754615 0.027810650887573965
23 0.020901194353963082 0.5973372781065088 0.02823018458197611 0.02603550295857988
4 0.3542345276872964 0.5455621301775148 0.02985884907709012 0.023076923076923078
23 0.8235613463626493 0.46745562130177515 0.019001085776330078 0.04142011834319527
23 0.8094462540716613 0.47041420118343197 0.019543973941368076 0.04319526627218935
23 0.8740499457111836 0.4636094674556213 0.03420195439739414 0.023076923076923078
4 0.016829533116178068 0.6159763313609468 0.015743756786102063 0.027218934911242602
7 0.5974484256243214 0.5304733727810651 0.24647122692725298 0.0834319526627219
7 0.2730727470141151 0.5875739644970415 0.40825190010857765 0.10946745562130178
4 0.9364820846905537 0.4816568047337278 0.02985884907709012 0.023076923076923078
23 0.7985884907709012 0.5053254437869823 0.039630836047774155 0.028994082840236687