4 0.07272256728778467 0.49020807833537333 0.018115942028985508 0.01346389228886169
7 0.8105590062111802 0.6799265605875153 0.11749482401656315 0.44002447980416154
7 0.7223084886128365 0.6585067319461444 0.12267080745341614 0.44430844553243576
7 0.8975155279503105 0.7031823745410036 0.11645962732919254 0.4449204406364749
4 0.07039337474120083 0.4996940024479804 0.017080745341614908 0.012239902080783354
4 0.8920807453416149 0.14443084455324356 0.013457556935817806 0.009791921664626682
23 0.08721532091097309 0.5201958384332925 0.011904761904761904 0.00795593635250918
4 0.09756728778467909 0.5278457772337821 0.006728778467908903 0.01346389228886169
23 0.3677536231884058 0.013769889840881273 0.008281573498964804 0.01591187270501836
23 0.07893374741200829 0.5400856793145655 0.018633540372670808 0.014075887392900856
4 0.8330745341614907 0.7337821297429621 0.015527950310559006 0.011015911872705019
23 0.11180124223602485 0.5611995104039168 0.007763975155279503 0.014687882496940025
23 0.11775362318840579 0.5627294981640147 0.007246376811594203 0.015299877600979192
4 0.05952380952380952 0.5489596083231334 0.010351966873706004 0.0208078335373317
4 0.5181159420289855 0.6698286413708691 0.007246376811594203 0.014687882496940025
23 0.5012939958592133 0.6817625458996328 0.010869565217391304 0.01040391676866585
23 0.4334886128364389 0.6698286413708691 0.011904761904761904 0.008567931456548347
23 0.5005175983436853 0.6878824969400245 0.011387163561076604 0.00795593635250918
23 0.13535196687370601 0.5997552019583844 0.011904761904761904 0.008567931456548347
23 0.4984472049689441 0.6936964504283966 0.012422360248447204 0.008567931456548347
23 0.41847826086956524 0.6741126070991432 0.013457556935817806 0.009791921664626682
23 0.13354037267080746 0.6067931456548348 0.012422360248447204 0.00795593635250918
23 0.4311594202898551 0.6829865361077111 0.013975155279503106 0.009791921664626682
23 0.5701345755693582 0.7221542227662179 0.006728778467908903 0.01346389228886169
4 0.4968944099378882 0.7062423500611995 0.012422360248447204 0.008567931456548347
4 0.5810041407867494 0.7291921664626683 0.010869565217391304 0.00795593635250918
23 0.42960662525879917 0.6918604651162791 0.010869565217391304 0.00795593635250918
23 0.4143374741200828 0.6943084455324358 0.013975155279503106 0.01040391676866585
4 0.42883022774327123 0.6992044063647491 0.010869565217391304 0.00795593635250918
4 0.8434265010351967 0.8084455324357405 0.008799171842650104 0.015299877600979192
23 0.4272774327122153 0.704406364749082 0.010869565217391304 0.008567931456548347
23 0.41226708074534163 0.7025703794369645 0.013457556935817806 0.011015911872705019
23 0.3972567287784679 0.7001223990208079 0.011904761904761904 0.009179926560587515
4 0.49353002070393376 0.7249082007343941 0.011904761904761904 0.01040391676866585
23 0.42598343685300205 0.7111383108935129 0.011904761904761904 0.008567931456548347
23 0.39570393374741203 0.7089963280293757 0.012939958592132506 0.009179926560587515
4 0.4246894409937888 0.7194002447980417 0.012422360248447204 0.009791921664626682
4 0.5561594202898551 0.7555079559363526 0.011904761904761904 0.009791921664626682
4 0.4906832298136646 0.7435740514075887 0.010869565217391304 0.00795593635250918
23 0.5038819875776398 0.7469400244798041 0.012422360248447204 0.009179926560587515
4 0.5546066252587992 0.7619339045287638 0.010869565217391304 0.0073439412484700125
23 0.35351966873706003 0.022643818849449205 0.010869565217391304 0.00795593635250918
7 0.9298654244306418 0.8583231334149327 0.06625258799171843 0.20318237454100369
23 0.489648033126294 0.7487760097919217 0.010869565217391304 0.0073439412484700125
23 0.4078674948240166 0.7294981640146879 0.013975155279503106 0.011015911872705019
23 0.3967391304347826 0.7273561811505508 0.008281573498964804 0.015299877600979192
23 0.3884575569358178 0.7261321909424725 0.006728778467908903 0.014075887392900856
23 0.5028467908902692 0.7548959608323134 0.012422360248447204 0.009179926560587515
4 0.5538302277432712 0.7680538555691554 0.010869565217391304 0.0073439412484700125
23 0.48835403726708076 0.7561199510403916 0.011387163561076604 0.0073439412484700125
23 0.5018115942028986 0.7600979192166463 0.011904761904761904 0.0073439412484700125
23 0.552536231884058 0.7753977968176254 0.010869565217391304 0.0073439412484700125
4 0.4730848861283644 0.7591799265605875 0.011904761904761904 0.00795593635250918
23 0.5002587991718427 0.7665238678090576 0.013457556935817806 0.009791921664626682
4 0.4606625258799172 0.7567319461444308 0.011904761904761904 0.0073439412484700125
23 0.4329710144927536 0.7604039167686658 0.006728778467908903 0.01346389228886169
23 0.42287784679089024 0.7579559363525091 0.007763975155279503 0.014687882496940025
4 0.5483954451345756 0.7900856793145655 0.011387163561076604 0.008567931456548347
23 0.4277950310559006 0.7597919216646267 0.006728778467908903 0.014075887392900856
23 0.547360248447205 0.7958996328029376 0.010869565217391304 0.008567931456548347
23 0.010869565217391304 0.6630966952264382 0.011904761904761904 0.008567931456548347
4 0.33281573498964806 0.7594859241126071 0.012422360248447204 0.009179926560587515
4 0.6589026915113871 0.8439412484700123 0.008281573498964804 0.015299877600979192
4 0.6125776397515528 0.8365973072215422 0.013457556935817806 0.009791921664626682
23 0.5626293995859213 0.8255813953488372 0.011904761904761904 0.009179926560587515
4 0.5533126293995859 0.8268053855569155 0.006211180124223602 0.01346389228886169
4 0.7440476190476191 0.890452876376989 0.013457556935817806 0.009179926560587515
23 0.4117494824016563 0.045593635250917995 0.010869565217391304 0.0073439412484700125
4 0.4107142857142857 0.8115055079559363 0.011387163561076604 0.00795593635250918
23 0.40942028985507245 0.8182374541003672 0.010351966873706004 0.00795593635250918
23 0.2851966873706004 0.7882496940024479 0.006728778467908903 0.014075887392900856
30 0.036231884057971016 0.7307221542227662 0.04089026915113872 0.06487148102815178
30 0.010351966873706004 0.7224602203182374 0.020703933747412008 0.06425948592411261
23 0.3053830227743271 0.8001835985312118 0.007246376811594203 0.014687882496940025
23 0.4083850931677019 0.8268053855569155 0.010351966873706004 0.0073439412484700125
23 0.38457556935817805 0.040697674418604654 0.011904761904761904 0.008567931456548347
4 0.8343685300207039 0.9394124847001224 0.006211180124223602 0.012239902080783354
30 0.21894409937888198 0.7861077111383109 0.04089026915113872 0.06303549571603427
30 0.2634575569358178 0.7977356181150551 0.042443064182194616 0.06303549571603427
4 0.40709109730848864 0.833843329253366 0.011387163561076604 0.008567931456548347
4 0.2826086956521739 0.8032435740514076 0.007763975155279503 0.01591187270501836
23 0.3027950310559006 0.8164014687882497 0.006728778467908903 0.01346389228886169
23 0.8871635610766045 0.1686046511627907 0.011904761904761904 0.00795593635250918
4 0.7003105590062112 0.9280905752753978 0.011387163561076604 0.0073439412484700125
4 0.02820910973084886 0.7631578947368421 0.012939958592132506 0.009791921664626682
23 0.24094202898550723 0.8164014687882497 0.006728778467908903 0.012239902080783354
4 0.04089026915113872 0.7668298653610771 0.011904761904761904 0.008567931456548347
4 0.040372670807453416 0.7668298653610771 0.010869565217391304 0.00795593635250918
23 0.014492753623188406 0.761015911872705 0.012939958592132506 0.009179926560587515
4 0.002070393374741201 0.7576499388004896 0.004140786749482402 0.0073439412484700125
15 0.7600931677018633 0.944920440636475 0.12163561076604555 0.10893512851897184
4 0.8201345755693582 0.9657282741738066 0.011387163561076604 0.00795593635250918
23 0.4133022774327122 0.8641370869033048 0.010351966873706004 0.00795593635250918
4 0.25698757763975155 0.012239902080783354 0.011904761904761904 0.008567931456548347
23 0.9045031055900621 0.9908200734394125 0.012939958592132506 0.009179926560587515
23 0.8188405797101449 0.9730722154222766 0.013457556935817806 0.009791921664626682
23 0.41770186335403725 0.872093023255814 0.010351966873706004 0.00795593635250918
4 0.13819875776397517 0.805079559363525 0.011904761904761904 0.009179926560587515
4 0.013198757763975156 0.7741738066095472 0.012939958592132506 0.01040391676866585
4 0.1374223602484472 0.8130354957160343 0.011904761904761904 0.0073439412484700125
23 0.3993271221532091 0.049877600979192166 0.007763975155279503 0.012851897184822521
4 0.6966873706004141 0.9574663402692778 0.011387163561076604 0.008567931456548347
23 0.8234989648033126 0.9929620563035496 0.008281573498964804 0.012851897184822521
4 0.11801242236024845 0.8182374541003672 0.008281573498964804 0.015299877600979192
4 0.1234472049689441 0.8200734394124847 0.007246376811594203 0.014687882496940025
4 0.09497929606625259 0.8130354957160343 0.007246376811594203 0.014687882496940025
4 0.09032091097308488 0.8124235006119951 0.007246376811594203 0.014075887392900856
4 0.044772256728778465 0.8011015911872705 0.007246376811594203 0.014075887392900856
4 0.20471014492753623 0.841187270501836 0.007246376811594203 0.014687882496940025
4 0.07867494824016563 0.8096695226438189 0.006211180124223602 0.01346389228886169
4 0.002329192546583851 0.7900856793145655 0.004658385093167702 0.01346389228886169
4 0.08385093167701864 0.8108935128518971 0.007246376811594203 0.014075887392900856
4 0.006728778467908903 0.7916156670746634 0.007246376811594203 0.015299877600979192
4 0.04994824016563147 0.8023255813953488 0.007246376811594203 0.014075887392900856
4 0.04011387163561077 0.8004895960832313 0.007246376811594203 0.014687882496940025
4 0.19099378881987578 0.8384332925336597 0.008799171842650104 0.015299877600979192
4 0.05538302277432712 0.8041615667074663 0.007763975155279503 0.01346389228886169
4 0.017339544513457556 0.7946756425948592 0.007246376811594203 0.014687882496940025
4 0.012163561076604554 0.793451652386781 0.006211180124223602 0.014075887392900856
23 0.682712215320911 0.9638922888616891 0.006211180124223602 0.012239902080783354
4 0.6770186335403726 0.9629742962056304 0.007246376811594203 0.01346389228886169
4 0.6695134575569358 0.9617503059975521 0.007763975155279503 0.012851897184822521
4 0.6961697722567288 0.9684822521419829 0.006728778467908903 0.012239902080783354
4 0.7060041407867494 0.991126070991432 0.013457556935817806 0.009179926560587515
4 0.7435300207039337 0.9978580171358629 0.011904761904761904 0.0030599755201958386
4 0.29296066252587993 0.8895348837209303 0.007246376811594203 0.014075887392900856
23 0.7261904761904762 0.9957160342717258 0.008281573498964804 0.0073439412484700125
23 0.7184265010351967 0.9947980416156671 0.009316770186335404 0.009179926560587515
23 0.7331780538302277 0.9972460220318238 0.009834368530020704 0.004283965728274173
4 0.7049689440993789 0.9957160342717258 0.013457556935817806 0.0073439412484700125
15 0.6739130434782609 0.9834761321909424 0.054865424430641824 0.03182374541003672
23 0.6928053830227743 0.13127294981640147 0.010869565217391304 0.009791921664626682
4 0.19461697722567287 0.9182986536107711 0.007246376811594203 0.014687882496940025
23 0.6873706004140787 0.16370869033047736 0.010869565217391304 0.00795593635250918
23 0.9767080745341615 0.25061199510403914 0.007246376811594203 0.01346389228886169
4 0.817287784679089 0.22735618115055078 0.011387163561076604 0.00795593635250918
23 0.8051242236024845 0.22429620563035496 0.010869565217391304 0.0073439412484700125
4 0.9358178053830227 0.26285189718482255 0.011904761904761904 0.00795593635250918
4 0.7789855072463768 0.2255201958384333 0.007763975155279503 0.015299877600979192
4 0.8884575569358178 0.2561199510403917 0.006728778467908903 0.01346389228886169
4 0.8033126293995859 0.2347001223990208 0.011904761904761904 0.008567931456548347
4 0.9365942028985508 0.27050183598531213 0.011387163561076604 0.00795593635250918
4 0.8962215320910973 0.2616279069767442 0.010869565217391304 0.00795593635250918
7 0.3687888198757764 0.13310893512851898 0.6169772256728778 0.23929008567931456
23 0.9459109730848861 0.28916768665850673 0.007246376811594203 0.014687882496940025
4 0.7199792960662525 0.23929008567931456 0.011904761904761904 0.009179926560587515
23 0.9164078674948241 0.2998776009791922 0.010869565217391304 0.00795593635250918
23 0.9148550724637681 0.30630354957160344 0.011387163561076604 0.0073439412484700125
23 0.9932712215320911 0.3390452876376989 0.012422360248447204 0.011015911872705019
23 0.9122670807453416 0.3200734394124847 0.011904761904761904 0.009791921664626682
23 0.7282608695652174 0.2833537331701346 0.011387163561076604 0.00795593635250918
23 0.9099378881987578 0.3295593635250918 0.010869565217391304 0.009791921664626682
23 0.9091614906832298 0.3369033047735618 0.011387163561076604 0.0073439412484700125
4 0.7419772256728778 0.2962056303549572 0.010351966873706004 0.00795593635250918
23 0.7261904761904762 0.29222766217870255 0.010869565217391304 0.0073439412484700125
23 0.94824016563147 0.3675030599755202 0.007246376811594203 0.01346389228886169
4 0.902432712215321 0.3577111383108935 0.006211180124223602 0.01346389228886169
15 0.8234989648033126 0.3402692778457772 0.16045548654244307 0.19155446756425948
23 0.7373188405797102 0.32558139534883723 0.012422360248447204 0.008567931456548347
23 0.9435817805383023 0.3788249694002448 0.006728778467908903 0.011627906976744186
4 0.7373188405797102 0.33384332925336596 0.010351966873706004 0.00795593635250918
4 0.7360248447204969 0.34149326805385555 0.012422360248447204 0.009791921664626682
23 0.9407349896480331 0.39473684210526316 0.006728778467908903 0.014075887392900856
4 0.7349896480331263 0.34944920440636473 0.011904761904761904 0.0073439412484700125
4 0.8959627329192547 0.3935128518971848 0.007246376811594203 0.014687882496940025
4 0.7326604554865425 0.3564871481028152 0.010351966873706004 0.008567931456548347
23 0.44047619047619047 0.0015299877600979193 0.012422360248447204 0.0030599755201958386
4 0.7324016563146998 0.36444308445532436 0.009316770186335404 0.006119951040391677
4 0.46790890269151136 0.3011015911872705 0.017080745341614908 0.0208078335373317
4 0.729296066252588 0.37484700122399023 0.013975155279503106 0.01040391676866585
4 0.7295548654244306 0.3806609547123623 0.012422360248447204 0.008567931456548347
4 0.9166666666666666 0.4283965728274174 0.007246376811594203 0.014687882496940025
4 0.7261904761904762 0.3959608323133415 0.011387163561076604 0.00795593635250918
4 0.9484989648033126 0.46878824969400246 0.006728778467908903 0.014075887392900856
23 0.842391304347826 0.44400244798041616 0.012939958592132506 0.009179926560587515
4 0.8592132505175983 0.4482864137086903 0.011387163561076604 0.00795593635250918
23 0.7424948240165632 0.4201346389228886 0.012939958592132506 0.009791921664626682
4 0.6433747412008282 0.39718482252141984 0.011387163561076604 0.0073439412484700125
4 0.775879917184265 0.4311505507955936 0.008799171842650104 0.015299877600979192
4 0.7820910973084886 0.43268053855569155 0.007763975155279503 0.01591187270501836
4 0.7885610766045549 0.43482252141982863 0.007763975155279503 0.014075887392900856
23 0.8178053830227743 0.4421664626682987 0.006728778467908903 0.014075887392900856
23 0.8007246376811594 0.43788249694002446 0.006211180124223602 0.012851897184822521
23 0.8126293995859213 0.4415544675642595 0.006728778467908903 0.01346389228886169
4 0.6420807453416149 0.40483476132190943 0.009316770186335404 0.0073439412484700125
23 0.6296583850931677 0.4054467564259486 0.008281573498964804 0.015299877600979192
23 0.4389233954451346 0.006731946144430845 0.011387163561076604 0.00795593635250918
30 0.1084368530020704 0.2827417380660955 0.020186335403726708 0.019583843329253364
23 0.09161490683229814 0.28151774785801714 0.012939958592132506 0.009179926560587515
4 0.09213250517598344 0.2962056303549572 0.007246376811594203 0.014075887392900856
30 0.10533126293995859 0.30018359853121174 0.019151138716356108 0.018971848225214197
23 0.08592132505175984 0.29528763769889843 0.006728778467908903 0.012239902080783354
4 0.3330745341614907 0.3653610771113831 0.011904761904761904 0.014687882496940025
4 0.3408385093167702 0.3791309669522644 0.012939958592132506 0.01591187270501836
4 0.09912008281573499 0.3222154222766218 0.010351966873706004 0.00795593635250918
23 0.10766045548654245 0.32802937576499386 0.007246376811594203 0.015299877600979192
23 0.7023809523809523 0.07833537331701346 0.010351966873706004 0.008567931456548347
23 0.619824016563147 0.46878824969400246 0.007763975155279503 0.014687882496940025
23 0.43788819875776397 0.015299877600979192 0.011387163561076604 0.00795593635250918
23 0.6244824016563147 0.49938800489596086 0.007763975155279503 0.014075887392900856
4 0.33540372670807456 0.4299265605875153 0.009834368530020704 0.008567931456548347
23 0.879399585921325 0.12851897184822522 0.007246376811594203 0.01591187270501836
23 0.31495859213250516 0.48408812729498163 0.012422360248447204 0.009179926560587515