4 0.85 0.816044776119403 0.00962962962962963 0.017164179104477612
7 0.9070370370370371 0.8339552238805971 0.05555555555555555 0.11194029850746269
4 0.8474074074074074 0.8339552238805971 0.00962962962962963 0.016417910447761194
4 0.8577777777777778 0.8522388059701492 0.016296296296296295 0.023880597014925373
4 0.8414814814814815 0.8641791044776119 0.014814814814814815 0.01791044776119403
23 0.044444444444444446 0.7298507462686568 0.022962962962962963 0.012686567164179104
4 0.10925925925925926 0.7466417910447761 0.10074074074074074 0.05970149253731343
23 0.4381481481481482 0.8235074626865672 0.011851851851851851 0.02164179104477612
23 0.42444444444444446 0.8220149253731344 0.013333333333333334 0.019402985074626865
4 0.08925925925925926 0.015298507462686567 0.028888888888888888 0.030597014925373135
23 0.48 0.8425373134328358 0.011851851851851851 0.020149253731343283
23 0.4918518518518519 0.844776119402985 0.011111111111111112 0.020895522388059702
4 0.3088888888888889 0.8149253731343283 0.01925925925925926 0.010447761194029851
30 0.3477777777777778 0.826865671641791 0.025185185185185185 0.030597014925373135
4 0.5059259259259259 0.8555970149253731 0.014074074074074074 0.02164179104477612
4 0.5351851851851852 0.8611940298507462 0.013333333333333334 0.022388059701492536
23 0.11333333333333333 0.789179104477612 0.012592592592592593 0.019402985074626865
23 0.2037037037037037 0.8052238805970149 0.023703703703703703 0.016417910447761194
23 0.39 0.8395522388059702 0.017777777777777778 0.011194029850746268
4 0.4088888888888889 0.8466417910447761 0.014074074074074074 0.02164179104477612
4 0.4477777777777778 0.8567164179104477 0.017777777777777778 0.027611940298507463
23 0.3907407407407407 0.8488805970149254 0.017777777777777778 0.011194029850746268
23 0.1985185185185185 0.8167910447761194 0.02 0.011940298507462687
23 0.23037037037037036 0.8223880597014925 0.018518518518518517 0.012686567164179104
4 0.4603703703703704 0.8634328358208955 0.014074074074074074 0.019402985074626865
23 0.23555555555555555 0.033582089552238806 0.011851851851851851 0.018656716417910446
4 0.6022222222222222 0.8970149253731343 0.08296296296296296 0.07761194029850746
7 0.012962962962962963 0.7690298507462686 0.025925925925925925 0.2902985074626866
4 0.4011111111111111 0.8630597014925373 0.01925925925925926 0.014925373134328358
4 0.17037037037037037 0.8223880597014925 0.00962962962962963 0.016417910447761194
23 0.12296296296296297 0.014925373134328358 0.01037037037037037 0.01791044776119403
23 0.4174074074074074 0.06753731343283582 0.018518518518518517 0.010447761194029851
30 0.21185185185185185 0.03134328358208955 0.02148148148148148 0.024626865671641792
4 0.22592592592592592 0.8488805970149254 0.017777777777777778 0.014925373134328358
4 0.5351851851851852 0.905223880597015 0.013333333333333334 0.023134328358208955
4 0.5633333333333334 0.9167910447761194 0.02074074074074074 0.014925373134328358
15 0.19185185185185186 0.8522388059701492 0.042222222222222223 0.05522388059701493
15 0.4981481481481482 0.9097014925373135 0.05851851851851852 0.06044776119402985
23 0.904074074074074 0.15671641791044777 0.01037037037037037 0.019402985074626865
23 0.0725925925925926 0.8414179104477612 0.02 0.013432835820895522
4 0.5640740740740741 0.9302238805970149 0.025185185185185185 0.016417910447761194
4 0.39185185185185184 0.9070895522388059 0.02 0.015671641791044775
23 0.42814814814814817 0.9171641791044776 0.017777777777777778 0.011194029850746268
4 0.5296296296296297 0.935820895522388 0.014074074074074074 0.023134328358208955
23 0.06518518518518518 0.8548507462686568 0.027407407407407408 0.015671641791044775
4 0.6874074074074074 0.966044776119403 0.08296296296296296 0.0664179104477612
23 0.37666666666666665 0.9194029850746268 0.017777777777777778 0.011194029850746268
23 0.42592592592592593 0.9291044776119403 0.018518518518518517 0.011194029850746268
23 0.21925925925925926 0.8947761194029851 0.01925925925925926 0.011940298507462687
4 0.29259259259259257 0.9082089552238806 0.02148148148148148 0.014925373134328358
4 0.3940740740740741 0.926865671641791 0.015555555555555555 0.022388059701492536
23 0.1774074074074074 0.8884328358208955 0.02 0.011940298507462687
23 0.37407407407407406 0.9283582089552239 0.017777777777777778 0.011194029850746268
30 0.3340740740740741 0.9223880597014925 0.028148148148148148 0.03208955223880597
23 0.4222222222222222 0.9421641791044776 0.02 0.011940298507462687
23 0.17629629629629628 0.8985074626865671 0.023703703703703703 0.013432835820895522
4 0.6003703703703703 0.9671641791044776 0.08074074074074074 0.06417910447761194
4 0.21592592592592594 0.9100746268656716 0.017777777777777778 0.011940298507462687
4 0.512962962962963 0.9701492537313433 0.017037037037037038 0.023880597014925373
4 0.4722222222222222 0.9634328358208956 0.013333333333333334 0.023880597014925373
4 0.48444444444444446 0.9656716417910448 0.015555555555555555 0.024626865671641792
4 0.45740740740740743 0.9611940298507463 0.016296296296296295 0.024626865671641792
23 0.44074074074074077 0.9727611940298507 0.017777777777777778 0.011940298507462687
23 0.37222222222222223 0.06902985074626866 0.017777777777777778 0.009701492537313432
23 0.3925925925925926 0.07276119402985075 0.01925925925925926 0.011194029850746268
23 0.23185185185185186 0.9384328358208955 0.017037037037037038 0.011194029850746268
23 0.36185185185185187 0.9615671641791045 0.02074074074074074 0.012686567164179104
23 0.2537037037037037 0.9425373134328359 0.018518518518518517 0.011940298507462687
4 0.30703703703703705 0.9559701492537314 0.008888888888888889 0.01791044776119403
30 0.2874074074074074 0.9548507462686567 0.03037037037037037 0.029850746268656716
23 0.19703703703703704 0.9485074626865672 0.00962962962962963 0.010447761194029851
4 0.20925925925925926 0.9507462686567164 0.00962962962962963 0.010447761194029851
30 0.22703703703703704 0.9522388059701492 0.023703703703703703 0.016417910447761194
30 0.15222222222222223 0.05783582089552239 0.022962962962962963 0.025373134328358207
4 0.6259259259259259 0.17798507462686566 0.07481481481481482 0.07611940298507462
23 0.8651851851851852 0.24477611940298508 0.02148148148148148 0.011940298507462687
4 0.2625925925925926 0.15335820895522387 0.07037037037037037 0.08283582089552238
4 0.6685185185185185 0.24813432835820895 0.052592592592592594 0.057462686567164176
4 0.7307407407407407 0.2652985074626866 0.06814814814814815 0.06343283582089553
4 0.5503703703703704 0.23432835820895523 0.06592592592592593 0.06791044776119402
4 0.4955555555555556 0.22462686567164178 0.03111111111111111 0.05895522388059701
4 0.2948148148148148 0.21529850746268656 0.07629629629629629 0.07761194029850746
4 0.1474074074074074 0.2 0.13333333333333333 0.08208955223880597
4 0.36814814814814817 0.24029850746268658 0.03925925925925926 0.06119402985074627
4 0.8133333333333334 0.3850746268656716 0.0637037037037037 0.04552238805970149
4 0.8607407407407407 0.40932835820895525 0.056296296296296296 0.07985074626865672
23 0.5459259259259259 0.3541044776119403 0.011111111111111112 0.020149253731343283
4 0.14407407407407408 0.3111940298507463 0.06814814814814815 0.08432835820895522
23 0.3296296296296296 0.3466417910447761 0.011111111111111112 0.01791044776119403
23 0.3762962962962963 0.3623134328358209 0.01925925925925926 0.012686567164179104
4 0.21851851851851853 0.33805970149253733 0.09185185185185185 0.04626865671641791
23 0.3537037037037037 0.3776119402985075 0.014814814814814815 0.020895522388059702
23 0.3396296296296296 0.3761194029850746 0.014814814814814815 0.019402985074626865
23 0.49 0.4033582089552239 0.017037037037037038 0.010447761194029851
4 0.8385185185185186 0.46567164179104475 0.034074074074074076 0.020895522388059702
23 0.4040740740740741 0.3988805970149254 0.018518518518518517 0.013432835820895522
4 0.30518518518518517 0.39477611940298507 0.011851851851851851 0.020895522388059702
7 0.9625925925925926 0.5182835820895523 0.04888888888888889 0.09402985074626866
23 0.38074074074074077 0.4223880597014925 0.012592592592592593 0.02164179104477612
23 0.3414814814814815 0.416044776119403 0.017037037037037038 0.023880597014925373
23 0.5214814814814814 0.4507462686567164 0.017777777777777778 0.010447761194029851
4 0.7751851851851852 0.4966417910447761 0.06888888888888889 0.08955223880597014
23 0.31851851851851853 0.41940298507462687 0.01925925925925926 0.011940298507462687
23 0.2414814814814815 0.4059701492537313 0.02074074074074074 0.012686567164179104
7 0.04555555555555556 0.3798507462686567 0.07777777777777778 0.1044776119402985
23 0.2985185185185185 0.4253731343283582 0.01037037037037037 0.015671641791044775
23 0.2388888888888889 0.41865671641791047 0.02 0.012686567164179104
23 0.3718518518518519 0.44291044776119404 0.022222222222222223 0.014925373134328358
23 0.4562962962962963 0.46305970149253733 0.008148148148148147 0.016417910447761194
23 0.44481481481481483 0.46119402985074626 0.011111111111111112 0.017164179104477612
23 0.5425925925925926 0.4817164179104478 0.016296296296296295 0.010447761194029851
4 0.8962962962962963 0.5638059701492537 0.06 0.07761194029850746
23 0.43962962962962965 0.04664179104477612 0.013333333333333334 0.020149253731343283
23 0.21666666666666667 0.007835820895522387 0.018518518518518517 0.013432835820895522
30 0.41962962962962963 0.044402985074626866 0.025185185185185185 0.026119402985074626
30 0.39296296296296296 0.041044776119402986 0.022962962962962963 0.026119402985074626
4 0.8555555555555555 0.7858208955223881 0.01037037037037037 0.018656716417910446
4 0.8662962962962963 0.8033582089552239 0.012592592592592593 0.020149253731343283