23 0.3890625 0.016229712858926344 0.0078125 0.003745318352059925
4 0.22552083333333334 0.44506866416978774 0.003125 0.011860174781523096
23 0.2765625 0.4463171036204744 0.0026041666666666665 0.008739076154806492
4 0.08125 0.449438202247191 0.007291666666666667 0.004993757802746567
4 0.2984375 0.016853932584269662 0.0020833333333333333 0.008114856429463172
23 0.28802083333333334 0.016853932584269662 0.0020833333333333333 0.00686641697877653
23 0.8380208333333333 0.45131086142322097 0.008333333333333333 0.003745318352059925
4 0.8770833333333333 0.4525593008739076 0.005208333333333333 0.004369538077403246
4 0.4375 0.4544319600499376 0.007291666666666667 0.0018726591760299626
4 0.30572916666666666 0.017478152309612985 0.0026041666666666665 0.00749063670411985
4 0.4005208333333333 0.017478152309612985 0.0046875 0.003745318352059925
23 0.2765625 0.017478152309612985 0.0020833333333333333 0.008114856429463172
4 0.2916666666666667 0.4575530586766542 0.00625 0.004993757802746567
23 0.9604166666666667 0.4575530586766542 0.007291666666666667 0.006242197253433208
4 0.8380208333333333 0.45880149812734083 0.007291666666666667 0.004993757802746567
23 0.29270833333333335 0.017478152309612985 0.0020833333333333333 0.00686641697877653
23 0.878125 0.4600499375780275 0.00625 0.003745318352059925
4 0.43697916666666664 0.4600499375780275 0.005729166666666666 0.0024968789013732834
23 0.2755208333333333 0.4612983770287141 0.005208333333333333 0.003745318352059925
23 0.28177083333333336 0.018102372034956304 0.0036458333333333334 0.010611735330836454
4 0.31145833333333334 0.018102372034956304 0.0026041666666666665 0.009363295880149813
4 0.1484375 0.46629213483146065 0.0140625 0.015605493133583021
23 0.43645833333333334 0.46629213483146065 0.005729166666666666 0.0018726591760299626
23 0.8380208333333333 0.46629213483146065 0.008854166666666666 0.003745318352059925
4 0.3421875 0.46629213483146065 0.0026041666666666665 0.00749063670411985
4 0.5135416666666667 0.4675405742821473 0.007291666666666667 0.003745318352059925
23 0.8770833333333333 0.4681647940074906 0.005729166666666666 0.003745318352059925
23 0.2755208333333333 0.46878901373283394 0.007291666666666667 0.003121098626716604
4 0.2 0.46878901373283394 0.0020833333333333333 0.009987515605493134
4 0.22552083333333334 0.4712858926342072 0.004166666666666667 0.009987515605493134
4 0.4359375 0.4731585518102372 0.00625 0.0024968789013732834
23 0.8380208333333333 0.47503121098626716 0.00625 0.003745318352059925
23 0.275 0.47503121098626716 0.0067708333333333336 0.0024968789013732834
30 0.290625 0.47752808988764045 0.011979166666666667 0.023096129837702872
23 0.5130208333333334 0.4787765293383271 0.0078125 0.004993757802746567
23 0.43645833333333334 0.4794007490636704 0.005208333333333333 0.003121098626716604
23 0.2765625 0.4812734082397004 0.00625 0.003121098626716604
23 0.340625 0.48314606741573035 0.0036458333333333334 0.009363295880149813
23 0.14583333333333334 0.4850187265917603 0.0020833333333333333 0.009363295880149813
23 0.43697916666666664 0.4850187265917603 0.005729166666666666 0.0018726591760299626
23 0.2760416666666667 0.4875156054931336 0.005208333333333333 0.0024968789013732834
23 0.9614583333333333 0.4893882646691635 0.0078125 0.0056179775280898875
4 0.49895833333333334 0.4893882646691635 0.003125 0.008114856429463172
23 0.49322916666666666 0.4893882646691635 0.0026041666666666665 0.009363295880149813
4 0.08072916666666667 0.49001248439450684 0.008333333333333333 0.0024968789013732834
23 0.43697916666666664 0.4912609238451935 0.005729166666666666 0.0018726591760299626
4 0.008333333333333333 0.49250936329588013 0.0067708333333333336 0.0056179775280898875
4 0.2625 0.02122347066167291 0.0078125 0.004369538077403246
23 0.2171875 0.49625468164794007 0.005208333333333333 0.009363295880149813
23 0.9614583333333333 0.49625468164794007 0.0078125 0.004369538077403246
4 0.4359375 0.4975031210986267 0.005729166666666666 0.003121098626716604
4 0.8786458333333333 0.49875156054931336 0.00625 0.0018726591760299626
4 0.8380208333333333 0.4993757802746567 0.007291666666666667 0.004369538077403246
4 0.3416666666666667 0.4993757802746567 0.0020833333333333333 0.011235955056179775
23 0.14479166666666668 0.5 0.0036458333333333334 0.011235955056179775
4 0.28489583333333335 0.5006242197253433 0.009895833333333333 0.0056179775280898875
4 0.3229166666666667 0.02184769038701623 0.00625 0.003121098626716604
23 0.9614583333333333 0.5024968789013733 0.0067708333333333336 0.003121098626716604
23 0.20364583333333333 0.5037453183520599 0.0036458333333333334 0.008114856429463172
23 0.1984375 0.5037453183520599 0.0026041666666666665 0.009987515605493134
30 0.4895833333333333 0.5043695380774033 0.00625 0.011860174781523096
4 0.43645833333333334 0.5049937578027466 0.0067708333333333336 0.0024968789013732834
4 0.5098958333333333 0.5049937578027466 0.0026041666666666665 0.009987515605493134
23 0.5041666666666667 0.5056179775280899 0.0020833333333333333 0.008114856429463172
23 0.4984375 0.5062421972534332 0.0020833333333333333 0.009363295880149813
23 0.9625 0.5087390761548065 0.007291666666666667 0.003745318352059925
4 0.4359375 0.5106117353308365 0.005208333333333333 0.0024968789013732834
4 0.3541666666666667 0.5143570536828964 0.017708333333333333 0.018102372034956304
4 0.4161458333333333 0.5149812734082397 0.016145833333333335 0.019975031210986267
23 0.9630208333333333 0.5149812734082397 0.0067708333333333336 0.003121098626716604
23 0.4354166666666667 0.5162297128589264 0.0046875 0.0018726591760299626
4 0.3848958333333333 0.5162297128589264 0.017708333333333333 0.02122347066167291
23 0.1640625 0.5168539325842697 0.003125 0.009363295880149813
23 0.16875 0.517478152309613 0.0020833333333333333 0.008114856429463172
23 0.17447916666666666 0.517478152309613 0.0020833333333333333 0.008739076154806492
4 0.18072916666666666 0.517478152309613 0.0020833333333333333 0.008739076154806492
4 0.2994791666666667 0.5181023720349563 0.015625 0.008114856429463172
23 0.20104166666666667 0.5187265917602997 0.003125 0.009363295880149813
23 0.49270833333333336 0.519350811485643 0.0020833333333333333 0.00749063670411985
23 0.4875 0.519350811485643 0.0046875 0.008739076154806492
23 0.4984375 0.5199750312109863 0.0020833333333333333 0.00749063670411985
23 0.5026041666666666 0.5199750312109863 0.0020833333333333333 0.008114856429463172
23 0.9598958333333333 0.5218476903870163 0.0067708333333333336 0.003745318352059925
23 0.4359375 0.5237203495630461 0.0036458333333333334 0.0018726591760299626
4 0.31197916666666664 0.5274656679151061 0.0026041666666666665 0.008114856429463172
23 0.9619791666666667 0.5280898876404494 0.00625 0.004993757802746567
4 0.31927083333333334 0.5324594257178527 0.004166666666666667 0.01435705368289638
23 0.18958333333333333 0.533083645443196 0.0026041666666666665 0.00749063670411985
23 0.16510416666666666 0.5337078651685393 0.004166666666666667 0.009987515605493134
23 0.20260416666666667 0.5343320848938826 0.0020833333333333333 0.009363295880149813
23 0.9614583333333333 0.5343320848938826 0.005729166666666666 0.004369538077403246
23 0.17083333333333334 0.5343320848938826 0.0036458333333333334 0.008739076154806492
23 0.18385416666666668 0.5349563046192259 0.005208333333333333 0.009987515605493134
4 0.39947916666666666 0.025593008739076155 0.0046875 0.0012484394506866417
4 0.2916666666666667 0.5368289637952559 0.007291666666666667 0.003121098626716604
4 0.303125 0.5374531835205992 0.00625 0.003121098626716604
23 0.4244791666666667 0.5380774032459426 0.00625 0.003121098626716604
23 0.9635416666666666 0.5399500624219725 0.0067708333333333336 0.004369538077403246
4 0.29270833333333335 0.5436953807740325 0.0036458333333333334 0.0024968789013732834
23 0.4244791666666667 0.5443196004993758 0.00625 0.0024968789013732834
4 0.48802083333333335 0.5443196004993758 0.008854166666666666 0.004993757802746567
4 0.30520833333333336 0.5443196004993758 0.008333333333333333 0.0024968789013732834
4 0.43697916666666664 0.5449438202247191 0.0046875 0.0024968789013732834
4 0.49895833333333334 0.5449438202247191 0.0067708333333333336 0.003121098626716604
23 0.38697916666666665 0.026217228464419477 0.003125 0.003745318352059925
23 0.31614583333333335 0.5480649188514357 0.0067708333333333336 0.003745318352059925
4 0.43645833333333334 0.550561797752809 0.00625 0.0018726591760299626
23 0.425 0.5511860174781523 0.0078125 0.003121098626716604
23 0.25416666666666665 0.5511860174781523 0.009895833333333333 0.003745318352059925
4 0.49895833333333334 0.5511860174781523 0.005208333333333333 0.003121098626716604
4 0.4869791666666667 0.5518102372034956 0.005208333333333333 0.0024968789013732834
23 0.1890625 0.5518102372034956 0.0036458333333333334 0.009363295880149813
23 0.1953125 0.552434456928839 0.0036458333333333334 0.008739076154806492
23 0.2630208333333333 0.5549313358302123 0.0020833333333333333 0.008114856429463172
4 0.23020833333333332 0.5561797752808989 0.0026041666666666665 0.00686641697877653
23 0.4359375 0.5568039950062422 0.00625 0.0018726591760299626
30 0.3765625 0.5568039950062422 0.0328125 0.03433208489388265
23 0.42552083333333335 0.5568039950062422 0.005729166666666666 0.0018726591760299626
4 0.6760416666666667 0.5605493133583022 0.005729166666666666 0.003121098626716604
4 0.4359375 0.5630461922596754 0.00625 0.0024968789013732834
23 0.42604166666666665 0.5636704119850188 0.00625 0.0024968789013732834
4 0.3234375 0.028089887640449437 0.00625 0.003121098626716604
4 0.25416666666666665 0.5674157303370787 0.007291666666666667 0.016229712858926344
4 0.6765625 0.568039950062422 0.0067708333333333336 0.003121098626716604
23 0.26927083333333335 0.5686641697877652 0.0020833333333333333 0.008739076154806492
4 0.2640625 0.02871410736579276 0.005729166666666666 0.003745318352059925
23 0.2755208333333333 0.5692883895131086 0.0026041666666666665 0.00749063670411985
23 0.19114583333333332 0.5699126092384519 0.0026041666666666665 0.009987515605493134
4 0.425 0.5699126092384519 0.00625 0.003121098626716604
4 0.2296875 0.5699126092384519 0.0015625 0.010611735330836454
4 0.23489583333333333 0.5705368289637952 0.0020833333333333333 0.008739076154806492
23 0.28072916666666664 0.5705368289637952 0.0026041666666666665 0.00749063670411985
4 0.26197916666666665 0.5705368289637952 0.0026041666666666665 0.011235955056179775
4 0.196875 0.5711610486891385 0.0026041666666666665 0.009987515605493134
4 0.17604166666666668 0.5717852684144819 0.003125 0.011235955056179775
23 0.9369791666666667 0.5755305867665418 0.004166666666666667 0.008739076154806492
23 0.9260416666666667 0.5755305867665418 0.0015625 0.009987515605493134
23 0.9453125 0.5755305867665418 0.0020833333333333333 0.00686641697877653
23 0.9317708333333333 0.5767790262172284 0.003125 0.00749063670411985
4 0.4947916666666667 0.5767790262172284 0.005208333333333333 0.011860174781523096
4 0.4864583333333333 0.5774032459425718 0.004166666666666667 0.012484394506866416
4 0.6760416666666667 0.5780274656679151 0.0067708333333333336 0.003121098626716604
4 0.32395833333333335 0.5792759051186017 0.0036458333333333334 0.011235955056179775
23 0.3104166666666667 0.579900124843945 0.003125 0.009363295880149813
4 0.29791666666666666 0.579900124843945 0.0020833333333333333 0.011235955056179775
4 0.30364583333333334 0.5811485642946317 0.0026041666666666665 0.011860174781523096
4 0.3177083333333333 0.581772784019975 0.0020833333333333333 0.009987515605493134
4 0.675 0.5830212234706617 0.0067708333333333336 0.0024968789013732834
23 0.0036458333333333334 0.5855181023720349 0.007291666666666667 0.004993757802746567
23 0.9322916666666666 0.5892634207240949 0.0036458333333333334 0.008739076154806492
23 0.9260416666666667 0.5911360799001248 0.0020833333333333333 0.009363295880149813
23 0.0020833333333333333 0.5914481897627965 0.004166666666666667 0.003121098626716604
4 0.359375 0.5923845193508115 0.00625 0.01373283395755306
4 0.5458333333333333 0.5942571785268415 0.0026041666666666665 0.009987515605493134
4 0.540625 0.5942571785268415 0.0020833333333333333 0.009987515605493134
23 0.6255208333333333 0.5948813982521848 0.0015625 0.009363295880149813
23 0.5770833333333333 0.5955056179775281 0.0026041666666666665 0.009987515605493134
4 0.6182291666666667 0.5961298377028714 0.0026041666666666665 0.009363295880149813
4 0.0026041666666666665 0.5976903870162297 0.005208333333333333 0.003121098626716604
4 0.16666666666666666 0.5986267166042447 0.0026041666666666665 0.008739076154806492
4 0.17760416666666667 0.6023720349563046 0.005729166666666666 0.003121098626716604
23 0.17760416666666667 0.6073657927590512 0.005729166666666666 0.003745318352059925
23 0.5395833333333333 0.6092384519350812 0.0026041666666666665 0.008114856429463172
23 0.5458333333333333 0.6092384519350812 0.0026041666666666665 0.00686641697877653
4 0.5770833333333333 0.6098626716604245 0.0020833333333333333 0.00749063670411985
4 0.6244791666666667 0.6111111111111112 0.003125 0.008739076154806492
23 0.6192708333333333 0.6111111111111112 0.0026041666666666665 0.009363295880149813
23 0.3151041666666667 0.6117353308364545 0.0067708333333333336 0.003745318352059925
4 0.4515625 0.6123595505617978 0.0020833333333333333 0.008114856429463172
4 0.4473958333333333 0.6123595505617978 0.0026041666666666665 0.009363295880149813
4 0.47760416666666666 0.6123595505617978 0.0020833333333333333 0.008739076154806492
4 0.45989583333333334 0.6129837702871411 0.003125 0.009363295880149813
4 0.465625 0.6129837702871411 0.0015625 0.009987515605493134
4 0.5 0.6129837702871411 0.003125 0.00749063670411985
4 0.47239583333333335 0.6129837702871411 0.0020833333333333333 0.008114856429463172
4 0.490625 0.6136079900124844 0.003125 0.006242197253433208
4 0.48489583333333336 0.6136079900124844 0.0026041666666666665 0.008114856429463172
4 0.49583333333333335 0.6142322097378277 0.0020833333333333333 0.008114856429463172
23 0.17760416666666667 0.614856429463171 0.00625 0.0024968789013732834
23 0.2630208333333333 0.033707865168539325 0.007291666666666667 0.003121098626716604
23 0.3151041666666667 0.6186017478152309 0.00625 0.003121098626716604
4 0.1765625 0.6248439450686641 0.008333333333333333 0.004993757802746567
4 0.4005208333333333 0.03433208489388265 0.005729166666666666 0.003121098626716604
4 0.32135416666666666 0.03433208489388265 0.0078125 0.003121098626716604
4 0.30364583333333334 0.6285892634207241 0.00625 0.004369538077403246
4 0.315625 0.6298377028714107 0.0067708333333333336 0.003745318352059925
23 0.3255208333333333 0.6298377028714107 0.008854166666666666 0.006242197253433208
23 0.38697916666666665 0.03495630461922597 0.00625 0.004369538077403246
23 0.178125 0.6335830212234707 0.0078125 0.003745318352059925
4 0.4953125 0.6335830212234707 0.005208333333333333 0.013108614232209739
23 0.32447916666666665 0.6373283395755306 0.0067708333333333336 0.003745318352059925
4 0.30364583333333334 0.6423220973782772 0.0067708333333333336 0.004369538077403246
23 0.3020833333333333 0.6479400749063671 0.0067708333333333336 0.0018726591760299626
4 0.31666666666666665 0.6485642946317104 0.0078125 0.003745318352059925
4 0.3333333333333333 0.6510611735330837 0.0140625 0.00686641697877653
4 0.4630208333333333 0.6548064918851436 0.0046875 0.01373283395755306
4 0.31666666666666665 0.6548064918851436 0.0078125 0.0024968789013732834
4 0.4744791666666667 0.6548064918851436 0.005208333333333333 0.01373283395755306
4 0.48489583333333336 0.6548064918851436 0.00625 0.01373283395755306
23 0.3020833333333333 0.6554307116104869 0.0046875 0.003121098626716604
4 0.453125 0.6554307116104869 0.0046875 0.015605493133583021
30 0.3921875 0.6604244694132334 0.025 0.026217228464419477
4 0.3145833333333333 0.6610486891385767 0.00625 0.0024968789013732834
23 0.30364583333333334 0.6622971285892634 0.009375 0.0018726591760299626
23 0.3020833333333333 0.6679151061173533 0.008333333333333333 0.003121098626716604
4 0.33125 0.6710362047440699 0.009895833333333333 0.0056179775280898875
4 0.3020833333333333 0.6735330836454432 0.00625 0.0024968789013732834
4 0.315625 0.6741573033707865 0.00625 0.0018726591760299626
4 0.2635416666666667 0.039950062421972535 0.00625 0.003121098626716604
4 0.3020833333333333 0.6803995006242197 0.00625 0.003745318352059925
4 0.17552083333333332 0.6835205992509363 0.0067708333333333336 0.003121098626716604
4 0.159375 0.6835205992509363 0.008854166666666666 0.0056179775280898875
4 0.33177083333333335 0.6841448189762797 0.013020833333333334 0.00749063670411985
4 0.3015625 0.6860174781523096 0.0067708333333333336 0.003121098626716604
4 0.3765625 0.6878901373283396 0.0125 0.00686641697877653
4 0.32083333333333336 0.04057428214731586 0.0036458333333333334 0.0012484394506866417
23 0.3932291666666667 0.6897627965043696 0.0067708333333333336 0.004369538077403246
23 0.15989583333333332 0.6922596754057428 0.008333333333333333 0.003121098626716604
4 0.3020833333333333 0.6922596754057428 0.007291666666666667 0.003121098626716604
23 0.17395833333333333 0.6928838951310862 0.00625 0.004369538077403246
4 0.3328125 0.6953807740324595 0.0109375 0.006242197253433208
23 0.39166666666666666 0.6966292134831461 0.005729166666666666 0.003121098626716604
23 0.36666666666666664 0.6978776529338327 0.005208333333333333 0.0024968789013732834
23 0.159375 0.6991260923845194 0.007291666666666667 0.003121098626716604
4 0.3020833333333333 0.6991260923845194 0.00625 0.0024968789013732834
23 0.175 0.6997503121098627 0.00625 0.0018726591760299626
23 0.39427083333333335 0.7034956304619226 0.0067708333333333336 0.0012484394506866417
23 0.36822916666666666 0.704119850187266 0.005729166666666666 0.0024968789013732834
4 0.175 0.7047440699126092 0.0078125 0.003745318352059925
23 0.159375 0.7053682896379525 0.0078125 0.003121098626716604
4 0.5296875 0.7066167290886392 0.003125 0.009987515605493134
23 0.3875 0.04244694132334582 0.005729166666666666 0.003745318352059925
23 0.39375 0.7078651685393258 0.005208333333333333 0.0024968789013732834
4 0.6989583333333333 0.7084893882646691 0.003125 0.01435705368289638
4 0.5875 0.7084893882646691 0.0026041666666666665 0.010611735330836454
4 0.6598958333333333 0.7091136079900124 0.004166666666666667 0.009987515605493134
23 0.721875 0.7091136079900124 0.0020833333333333333 0.006242197253433208
23 0.7276041666666667 0.7097378277153558 0.003125 0.008114856429463172
23 0.7166666666666667 0.7097378277153558 0.0036458333333333334 0.009363295880149813
15 0.41354166666666664 0.7103620474406991 0.014583333333333334 0.026841448189762796
23 0.175 0.7103620474406991 0.007291666666666667 0.0024968789013732834
4 0.15729166666666666 0.7109862671660424 0.0067708333333333336 0.003745318352059925
23 0.7328125 0.7116104868913857 0.0026041666666666665 0.00749063670411985
4 0.7994791666666666 0.7116104868913857 0.003125 0.009363295880149813
4 0.7526041666666666 0.7116104868913857 0.0036458333333333334 0.008739076154806492
23 0.31666666666666665 0.7116104868913857 0.0067708333333333336 0.003121098626716604
4 0.8463541666666666 0.7116104868913857 0.0036458333333333334 0.008114856429463172
23 0.3302083333333333 0.7116104868913857 0.0078125 0.003121098626716604
23 0.36770833333333336 0.712234706616729 0.00625 0.004369538077403246
4 0.9385416666666667 0.714107365792759 0.0020833333333333333 0.00749063670411985
4 0.9572916666666667 0.7147315855181023 0.0020833333333333333 0.00749063670411985
4 0.9510416666666667 0.7147315855181023 0.003125 0.009987515605493134
4 0.9458333333333333 0.7147315855181023 0.0026041666666666665 0.00686641697877653
4 0.3932291666666667 0.7147315855181023 0.008333333333333333 0.003745318352059925
4 0.9630208333333333 0.7153558052434457 0.0026041666666666665 0.006242197253433208
4 0.9697916666666667 0.715980024968789 0.0015625 0.0056179775280898875
23 0.003125 0.715980024968789 0.00625 0.003745318352059925
23 0.159375 0.7166042446941323 0.008333333333333333 0.004369538077403246
23 0.4010416666666667 0.04369538077403246 0.008333333333333333 0.003745318352059925
23 0.0140625 0.717852684144819 0.005729166666666666 0.003121098626716604
23 0.17552083333333332 0.717852684144819 0.00625 0.004369538077403246
23 0.31614583333333335 0.7184769038701623 0.005208333333333333 0.003745318352059925
23 0.3296875 0.7197253433208489 0.0067708333333333336 0.003121098626716604
23 0.440625 0.7215980024968789 0.0067708333333333336 0.003121098626716604
23 0.4546875 0.7222222222222222 0.0067708333333333336 0.0018726591760299626
23 0.3932291666666667 0.7222222222222222 0.00625 0.003121098626716604
23 0.31614583333333335 0.7240948813982522 0.007291666666666667 0.003121098626716604
23 0.3671875 0.7247191011235955 0.005208333333333333 0.0024968789013732834
23 0.3296875 0.7247191011235955 0.0046875 0.0018726591760299626
23 0.15833333333333333 0.7247191011235955 0.005208333333333333 0.004369538077403246
23 0.0171875 0.7265917602996255 0.007291666666666667 0.004369538077403246
23 0.39375 0.7278401997503121 0.0067708333333333336 0.0024968789013732834
4 0.17291666666666666 0.7284644194756554 0.0026041666666666665 0.010611735330836454
23 0.440625 0.7284644194756554 0.0067708333333333336 0.003121098626716604
4 0.1671875 0.7284644194756554 0.0010416666666666667 0.008739076154806492
23 0.45364583333333336 0.7284644194756554 0.005208333333333333 0.003121098626716604
23 0.24270833333333333 0.7290886392009988 0.003125 0.009363295880149813
4 0.19270833333333334 0.7290886392009988 0.0015625 0.008739076154806492
23 0.178125 0.7290886392009988 0.0015625 0.010611735330836454
23 0.31614583333333335 0.7290886392009988 0.005729166666666666 0.0018726591760299626
4 0.19739583333333333 0.7290886392009988 0.003125 0.009363295880149813
23 0.23854166666666668 0.7297128589263421 0.0010416666666666667 0.009987515605493134
4 0.18697916666666667 0.7297128589263421 0.0015625 0.011860174781523096
23 0.3296875 0.7303370786516854 0.007291666666666667 0.0024968789013732834
4 0.21041666666666667 0.7303370786516854 0.003125 0.009987515605493134
23 0.265625 0.7303370786516854 0.0026041666666666665 0.006242197253433208
23 0.25416666666666665 0.7303370786516854 0.0026041666666666665 0.008114856429463172
23 0.2604166666666667 0.7303370786516854 0.003125 0.008114856429463172
4 0.23125 0.7309612983770287 0.005208333333333333 0.016229712858926344
4 0.24947916666666667 0.7309612983770287 0.0020833333333333333 0.010611735330836454
23 0.26979166666666665 0.7309612983770287 0.0026041666666666665 0.00749063670411985
23 0.3671875 0.7328339575530587 0.007291666666666667 0.003745318352059925
23 0.015104166666666667 0.735330836454432 0.007291666666666667 0.004993757802746567
23 0.2635416666666667 0.04556803995006242 0.009375 0.003745318352059925
4 0.315625 0.7365792759051186 0.005729166666666666 0.0012484394506866417
23 0.3302083333333333 0.7384519350811486 0.00625 0.0018726591760299626
23 0.4244791666666667 0.7397003745318352 0.0078125 0.003121098626716604
4 0.41302083333333334 0.7409488139825219 0.007291666666666667 0.0024968789013732834
23 0.3307291666666667 0.7428214731585518 0.00625 0.003121098626716604
4 0.31666666666666665 0.7440699126092385 0.0067708333333333336 0.0024968789013732834
23 0.425 0.7484394506866417 0.007291666666666667 0.003121098626716604
4 0.31666666666666665 0.7496878901373284 0.00625 0.003121098626716604
23 0.3307291666666667 0.7496878901373284 0.005729166666666666 0.003745318352059925
23 0.25364583333333335 0.7540574282147315 0.0020833333333333333 0.0056179775280898875
23 0.1796875 0.7540574282147315 0.003125 0.009987515605493134
23 0.16875 0.7540574282147315 0.0020833333333333333 0.008739076154806492
23 0.25885416666666666 0.7546816479400749 0.0020833333333333333 0.00686641697877653
4 0.24895833333333334 0.7546816479400749 0.0020833333333333333 0.00686641697877653
23 0.16458333333333333 0.7546816479400749 0.0026041666666666665 0.011235955056179775
23 0.23697916666666666 0.7546816479400749 0.0020833333333333333 0.008739076154806492
23 0.17395833333333333 0.7546816479400749 0.0020833333333333333 0.008739076154806492
4 0.3229166666666667 0.04744069912609238 0.005729166666666666 0.003121098626716604
23 0.24322916666666666 0.7553058676654182 0.0026041666666666665 0.008739076154806492
4 0.23229166666666667 0.7553058676654182 0.0020833333333333333 0.00749063670411985
23 0.2708333333333333 0.7553058676654182 0.0026041666666666665 0.00749063670411985
4 0.31614583333333335 0.7559300873907615 0.0046875 0.0024968789013732834
23 0.26510416666666664 0.7559300873907615 0.0020833333333333333 0.008739076154806492
4 0.315625 0.7621722846441947 0.005208333333333333 0.0024968789013732834
4 0.21875 0.04868913857677903 0.009895833333333333 0.004369538077403246
4 0.20729166666666668 0.04868913857677903 0.011458333333333333 0.004369538077403246
23 0.3875 0.049937578027465665 0.008333333333333333 0.004993757802746567
23 0.39895833333333336 0.049937578027465665 0.005729166666666666 0.003121098626716604
15 0.29322916666666665 0.05056179775280899 0.03177083333333333 0.03682896379525593
4 0.6989583333333333 0.8039950062421972 0.0036458333333333334 0.006242197253433208
23 0.515625 0.8046192259675405 0.0020833333333333333 0.00749063670411985
23 0.509375 0.8046192259675405 0.003125 0.008739076154806492
4 0.6296875 0.8052434456928839 0.007291666666666667 0.004369538077403246
23 0.5307291666666667 0.8058676654182272 0.003125 0.008739076154806492
4 0.575 0.8071161048689138 0.003125 0.009363295880149813
23 0.021875 0.8071161048689138 0.009895833333333333 0.006242197253433208
4 0.553125 0.8071161048689138 0.0026041666666666665 0.009987515605493134
4 0.5921875 0.8071161048689138 0.0036458333333333334 0.009987515605493134
23 0.6109375 0.8071161048689138 0.004166666666666667 0.009987515605493134
23 0.6171875 0.8077403245942572 0.003125 0.008739076154806492
4 0.6473958333333333 0.8077403245942572 0.0026041666666666665 0.009987515605493134
4 0.6598958333333333 0.8083645443196005 0.003125 0.008739076154806492
4 0.0359375 0.8083645443196005 0.009375 0.004993757802746567
4 0.6807291666666667 0.8089887640449438 0.0026041666666666665 0.009363295880149813
4 0.6895833333333333 0.8089887640449438 0.007291666666666667 0.01435705368289638
4 0.7869791666666667 0.8102372034956304 0.0036458333333333334 0.008739076154806492
4 0.821875 0.8102372034956304 0.003125 0.009987515605493134
4 0.8463541666666666 0.8114856429463171 0.0036458333333333334 0.010611735330836454
4 0.3223958333333333 0.05305867665418227 0.005729166666666666 0.0018726591760299626
23 0.2625 0.05305867665418227 0.005729166666666666 0.0024968789013732834
4 0.903125 0.8127340823970037 0.0046875 0.011235955056179775
4 0.9380208333333333 0.813358302122347 0.0020833333333333333 0.008114856429463172
4 0.9442708333333333 0.813358302122347 0.0020833333333333333 0.008114856429463172
4 0.9328125 0.813358302122347 0.0036458333333333334 0.009987515605493134
23 0.9505208333333334 0.813358302122347 0.0020833333333333333 0.00749063670411985
4 0.9598958333333333 0.8139825218476904 0.003125 0.008114856429463172
4 0.9546875 0.8146067415730337 0.0020833333333333333 0.009363295880149813
4 0.020833333333333332 0.8158551810237203 0.0078125 0.0024968789013732834
23 0.020833333333333332 0.8220973782771536 0.00625 0.003121098626716604
4 0.15572916666666667 0.05493133583021224 0.004166666666666667 0.012484394506866416
4 0.1421875 0.056179775280898875 0.003125 0.01373283395755306
23 0.3385416666666667 0.8420724094881398 0.004166666666666667 0.012484394506866416
23 0.2234375 0.8433208489388264 0.005208333333333333 0.0018726591760299626
4 0.2359375 0.8433208489388264 0.0046875 0.0024968789013732834
23 0.24791666666666667 0.8439450686641697 0.007291666666666667 0.0018726591760299626
23 0.4328125 0.8495630461922596 0.0046875 0.010611735330836454
4 0.221875 0.850187265917603 0.005208333333333333 0.003121098626716604
23 0.24791666666666667 0.850187265917603 0.00625 0.0024968789013732834
4 0.23489583333333333 0.8508114856429463 0.005208333333333333 0.0024968789013732834
23 0.13125 0.8520599250936329 0.008333333333333333 0.004993757802746567
23 0.24791666666666667 0.8570536828963795 0.005208333333333333 0.0024968789013732834
23 0.23489583333333333 0.8570536828963795 0.005208333333333333 0.0024968789013732834
4 0.221875 0.8576779026217228 0.007291666666666667 0.0018726591760299626
23 0.13125 0.8607990012484394 0.007291666666666667 0.003745318352059925
4 0.22239583333333332 0.8626716604244694 0.004166666666666667 0.0012484394506866417
23 0.24739583333333334 0.8626716604244694 0.004166666666666667 0.0024968789013732834
23 0.23489583333333333 0.8632958801498127 0.0036458333333333334 0.0024968789013732834
4 0.22239583333333332 0.8689138576779026 0.0046875 0.0018726591760299626
23 0.24791666666666667 0.8689138576779026 0.004166666666666667 0.003121098626716604
23 0.23541666666666666 0.869538077403246 0.0046875 0.0018726591760299626
15 0.08802083333333334 0.05867665418227216 0.040625 0.02933832709113608
23 0.3875 0.05867665418227216 0.00625 0.0024968789013732834
4 0.321875 0.05930087390761548 0.0046875 0.0024968789013732834
23 0.23489583333333333 0.8745318352059925 0.0036458333333333334 0.0024968789013732834
4 0.2234375 0.8751560549313359 0.005208333333333333 0.003745318352059925
23 0.246875 0.8751560549313359 0.005729166666666666 0.0018726591760299626
23 0.23489583333333333 0.8813982521847691 0.004166666666666667 0.0018726591760299626
23 0.24739583333333334 0.8820224719101124 0.0046875 0.0018726591760299626
4 0.22239583333333332 0.8820224719101124 0.00625 0.0018726591760299626
4 0.2625 0.0599250936329588 0.00625 0.0024968789013732834
23 0.40260416666666665 0.060549313358302125 0.007291666666666667 0.003745318352059925
4 0.353125 0.060549313358302125 0.005729166666666666 0.0024968789013732834
23 0.22291666666666668 0.8895131086142322 0.00625 0.0024968789013732834
23 0.23541666666666666 0.8901373283395755 0.0046875 0.003121098626716604
23 0.24739583333333334 0.8901373283395755 0.0046875 0.0018726591760299626
15 0.17552083333333332 0.8913857677902621 0.05364583333333333 0.09488139825218476
23 0.0328125 0.8913857677902621 0.0078125 0.003121098626716604
4 0.221875 0.8963795255930087 0.005729166666666666 0.003121098626716604
23 0.24739583333333334 0.897003745318352 0.005208333333333333 0.003745318352059925
23 0.23489583333333333 0.8982521847690387 0.004166666666666667 0.0024968789013732834
4 0.03333333333333333 0.898876404494382 0.005729166666666666 0.003745318352059925
23 0.03229166666666667 0.9032459425717853 0.005208333333333333 0.0024968789013732834
4 0.23541666666666666 0.9057428214731585 0.005729166666666666 0.003745318352059925
4 0.6572916666666667 0.9107365792759051 0.0020833333333333333 0.008739076154806492
4 0.5130208333333334 0.9107365792759051 0.0036458333333333334 0.011235955056179775
4 0.03333333333333333 0.9107365792759051 0.005208333333333333 0.003745318352059925
4 0.015104166666666667 0.9113607990012484 0.007291666666666667 0.0024968789013732834
4 0.7453125 0.9119850187265918 0.0026041666666666665 0.009987515605493134
4 0.765625 0.9119850187265918 0.004166666666666667 0.008114856429463172
4 0.7869791666666667 0.9126092384519351 0.0026041666666666665 0.009363295880149813
4 0.7541666666666667 0.9126092384519351 0.0026041666666666665 0.00686641697877653
4 0.8192708333333333 0.9138576779026217 0.004166666666666667 0.009363295880149813
23 0.234375 0.9144818976279651 0.005208333333333333 0.0024968789013732834
15 0.221875 0.920099875156055 0.007291666666666667 0.011860174781523096
4 0.234375 0.9213483146067416 0.005729166666666666 0.003121098626716604
23 0.8630208333333333 0.06429463171036205 0.0036458333333333334 0.008739076154806492
23 0.015104166666666667 0.9219725343320849 0.005729166666666666 0.003745318352059925
23 0.034375 0.9225967540574282 0.009895833333333333 0.004993757802746567
23 0.9739583333333334 0.9238451935081149 0.0067708333333333336 0.0018726591760299626
30 0.9859375 0.9250936329588015 0.008854166666666666 0.01373283395755306
4 0.13020833333333334 0.9257178526841449 0.008333333333333333 0.004369538077403246
23 0.014583333333333334 0.9269662921348315 0.008333333333333333 0.003745318352059925
4 0.234375 0.9282147315855181 0.007291666666666667 0.003745318352059925
23 0.03333333333333333 0.9288389513108615 0.008854166666666666 0.004369538077403246
4 0.5697916666666667 0.9294631710362048 0.0026041666666666665 0.008739076154806492
4 0.5234375 0.9300873907615481 0.0036458333333333334 0.008114856429463172
4 0.5354166666666667 0.9300873907615481 0.003125 0.009987515605493134
4 0.5552083333333333 0.9307116104868914 0.0026041666666666665 0.009363295880149813
23 0.5630208333333333 0.9307116104868914 0.0036458333333333334 0.008114856429463172
23 0.9739583333333334 0.9313358302122348 0.003125 0.0012484394506866417
23 0.8755208333333333 0.06491885143570537 0.0026041666666666665 0.00686641697877653
4 0.5463541666666667 0.9313358302122348 0.003125 0.010611735330836454
4 0.6036458333333333 0.9313358302122348 0.0046875 0.010611735330836454
4 0.5807291666666666 0.931960049937578 0.003125 0.009363295880149813
4 0.6359375 0.931960049937578 0.004166666666666667 0.009987515605493134
4 0.6135416666666667 0.931960049937578 0.005729166666666666 0.011235955056179775
4 0.6260416666666667 0.931960049937578 0.0036458333333333334 0.011235955056179775
4 0.5911458333333334 0.9325842696629213 0.004166666666666667 0.008739076154806492
4 0.7088541666666667 0.9332084893882646 0.003125 0.008114856429463172
4 0.6911458333333333 0.9332084893882646 0.003125 0.009987515605493134
4 0.6463541666666667 0.9332084893882646 0.003125 0.011860174781523096
4 0.7359375 0.9332084893882646 0.003125 0.00686641697877653
4 0.7432291666666667 0.9332084893882646 0.0036458333333333334 0.008114856429463172
4 0.6572916666666667 0.9338327091136079 0.004166666666666667 0.009363295880149813
4 0.7 0.9338327091136079 0.004166666666666667 0.00749063670411985
4 0.6697916666666667 0.9338327091136079 0.003125 0.009363295880149813
4 0.7895833333333333 0.9344569288389513 0.0036458333333333334 0.00749063670411985
4 0.7171875 0.9344569288389513 0.0026041666666666665 0.006242197253433208
4 0.7994791666666666 0.9344569288389513 0.0020833333333333333 0.008114856429463172
4 0.8375 0.9350811485642946 0.003125 0.00686641697877653
4 0.8276041666666667 0.9357053682896379 0.0010416666666666667 0.00686641697877653
4 0.8203125 0.9357053682896379 0.0026041666666666665 0.008739076154806492
4 0.9057291666666667 0.9357053682896379 0.0036458333333333334 0.008114856429463172
4 0.7640625 0.9357053682896379 0.004166666666666667 0.0012484394506866417
4 0.8635416666666667 0.9357053682896379 0.0026041666666666665 0.008114856429463172
4 0.8104166666666667 0.9357053682896379 0.0026041666666666665 0.00749063670411985
4 0.7255208333333333 0.9357053682896379 0.0026041666666666665 0.00686641697877653
4 0.6791666666666667 0.9357053682896379 0.004166666666666667 0.01373283395755306
4 0.8453125 0.9363295880149812 0.003125 0.00686641697877653
23 0.8682291666666667 0.06554307116104868 0.003125 0.008739076154806492
4 0.31927083333333334 0.06554307116104868 0.005729166666666666 0.003121098626716604
23 0.10260416666666666 0.9363295880149812 0.007291666666666667 0.004369538077403246
4 0.8729166666666667 0.9363295880149812 0.0015625 0.008739076154806492
4 0.8963541666666667 0.9363295880149812 0.0026041666666666665 0.008739076154806492
23 0.7776041666666667 0.9369538077403246 0.004166666666666667 0.0024968789013732834
23 0.9848958333333333 0.9388264669163545 0.00625 0.004369538077403246
23 0.9739583333333334 0.9388264669163545 0.0036458333333333334 0.0024968789013732834
4 0.015104166666666667 0.9394506866416978 0.005729166666666666 0.0024968789013732834
4 0.8890625 0.06554307116104868 0.0020833333333333333 0.008739076154806492
4 0.7635416666666667 0.9425717852684145 0.00625 0.003121098626716604
23 0.7770833333333333 0.9431960049937578 0.00625 0.003745318352059925
23 0.08645833333333333 0.9450686641697877 0.00625 0.003121098626716604
4 0.1015625 0.9469413233458177 0.007291666666666667 0.003121098626716604
4 0.8666666666666667 0.9481897627965044 0.0046875 0.0024968789013732834
23 0.7765625 0.9488139825218477 0.005729166666666666 0.003745318352059925
23 0.8536458333333333 0.9488139825218477 0.0046875 0.003121098626716604
23 0.5447916666666667 0.9488139825218477 0.003125 0.008114856429463172
23 0.5859375 0.9488139825218477 0.0036458333333333334 0.00749063670411985
23 0.5802083333333333 0.949438202247191 0.0026041666666666665 0.008739076154806492
23 0.5526041666666667 0.9500624219725343 0.003125 0.00686641697877653
4 0.7625 0.9506866416978776 0.00625 0.003121098626716604
4 0.0140625 0.9519350811485643 0.009895833333333333 0.006242197253433208
15 0.98125 0.9538077403245943 0.009895833333333333 0.016229712858926344
23 0.30520833333333336 0.9538077403245943 0.0078125 0.004369538077403246
4 0.8671875 0.9544319600499376 0.004166666666666667 0.0024968789013732834
4 0.8520833333333333 0.9556803995006242 0.008333333333333333 0.0018726591760299626
23 0.7770833333333333 0.9563046192259675 0.0046875 0.003745318352059925
4 0.7625 0.9563046192259675 0.007291666666666667 0.003745318352059925
4 0.7947916666666667 0.9588014981273408 0.0078125 0.003745318352059925
15 0.565625 0.9594257178526842 0.016666666666666666 0.019350811485642945
4 0.38645833333333335 0.06741573033707865 0.0067708333333333336 0.006242197253433208
4 0.88125 0.9612983770287141 0.005208333333333333 0.003121098626716604
4 0.8520833333333333 0.9619225967540574 0.005208333333333333 0.003745318352059925
23 0.19791666666666666 0.9619225967540574 0.0036458333333333334 0.008739076154806492
23 0.7776041666666667 0.9619225967540574 0.0046875 0.003121098626716604
4 0.7619791666666667 0.9625468164794008 0.0067708333333333336 0.003121098626716604
23 0.06510416666666667 0.9625468164794008 0.0020833333333333333 0.008114856429463172
23 0.046875 0.9625468164794008 0.0026041666666666665 0.008114856429463172
23 0.8666666666666667 0.9631710362047441 0.004166666666666667 0.0024968789013732834
23 0.052083333333333336 0.9631710362047441 0.0015625 0.00686641697877653
23 0.11979166666666667 0.9631710362047441 0.0020833333333333333 0.00686641697877653
23 0.08020833333333334 0.9637952559300874 0.0020833333333333333 0.006242197253433208
23 0.059375 0.9637952559300874 0.0026041666666666665 0.009987515605493134
23 0.0703125 0.9637952559300874 0.0020833333333333333 0.008114856429463172
23 0.075 0.9637952559300874 0.0020833333333333333 0.006242197253433208
23 0.1015625 0.9637952559300874 0.0020833333333333333 0.00686641697877653
23 0.11458333333333333 0.9644194756554307 0.0015625 0.00686641697877653
4 0.10625 0.9644194756554307 0.0026041666666666665 0.006242197253433208
4 0.3541666666666667 0.0686641697877653 0.0078125 0.003121098626716604
23 0.4015625 0.0686641697877653 0.0067708333333333336 0.004369538077403246
4 0.5802083333333333 0.9656679151061174 0.0036458333333333334 0.012484394506866416
30 0.6067708333333334 0.9656679151061174 0.019791666666666666 0.04057428214731586
4 0.7609375 0.966916354556804 0.004166666666666667 0.0024968789013732834
30 0.5239583333333333 0.9675405742821473 0.0171875 0.03932584269662921
4 0.8807291666666667 0.9675405742821473 0.0046875 0.0018726591760299626
23 0.7760416666666666 0.9681647940074907 0.0036458333333333334 0.0018726591760299626
23 0.8666666666666667 0.9681647940074907 0.003125 0.0012484394506866417
23 0.9692708333333333 0.9700374531835206 0.007291666666666667 0.003745318352059925
23 0.32760416666666664 0.9719101123595506 0.0067708333333333336 0.0056179775280898875
23 0.8671875 0.9737827715355806 0.004166666666666667 0.0024968789013732834
4 0.8505208333333333 0.9744069912609239 0.008333333333333333 0.004369538077403246
23 0.7760416666666666 0.9744069912609239 0.0036458333333333334 0.003121098626716604
4 0.7614583333333333 0.9750312109862672 0.0067708333333333336 0.004369538077403246
4 0.8817708333333333 0.9756554307116105 0.0046875 0.003745318352059925
4 0.7932291666666667 0.9756554307116105 0.0078125 0.004993757802746567
23 0.9692708333333333 0.9775280898876404 0.0078125 0.0018726591760299626
4 0.759375 0.9794007490636704 0.0046875 0.0024968789013732834
23 0.8661458333333333 0.9800249687890137 0.0036458333333333334 0.0012484394506866417
4 0.8802083333333334 0.9812734082397003 0.004166666666666667 0.0024968789013732834
23 0.778125 0.9818976279650437 0.005729166666666666 0.003745318352059925
15 0.82265625 0.9753433208489388 0.028645833333333332 0.048064918851435705
4 0.96875 0.9862671660424469 0.008333333333333333 0.004369538077403246
23 0.8666666666666667 0.9862671660424469 0.0046875 0.0006242197253433209
23 0.55625 0.9862671660424469 0.0020833333333333333 0.0056179775280898875
4 0.7619791666666667 0.9868913857677902 0.0078125 0.004369538077403246
4 0.19635416666666666 0.9868913857677902 0.0067708333333333336 0.003121098626716604
23 0.5619791666666667 0.9868913857677902 0.0026041666666666665 0.006242197253433208
23 0.7776041666666667 0.9875156054931336 0.0046875 0.0024968789013732834
4 0.88125 0.9875156054931336 0.0067708333333333336 0.003121098626716604
23 0.56875 0.9875156054931336 0.0020833333333333333 0.006242197253433208
4 0.5723958333333333 0.9875156054931336 0.004166666666666667 0.008739076154806492
23 0.5510416666666667 0.9881398252184769 0.004166666666666667 0.008739076154806492
4 0.7927083333333333 0.9881398252184769 0.007291666666666667 0.003121098626716604
23 0.5796875 0.9881398252184769 0.0036458333333333334 0.009363295880149813
4 0.8515625 0.9925093632958801 0.005729166666666666 0.0024968789013732834
30 0.9390625 0.9856429463171036 0.03229166666666667 0.02746566791510612
23 0.8666666666666667 0.9931335830212235 0.0036458333333333334 0.0018726591760299626
4 0.7609375 0.9937578027465668 0.0067708333333333336 0.0024968789013732834
23 0.7760416666666666 0.9937578027465668 0.0067708333333333336 0.0024968789013732834
4 0.88125 0.9950062421972534 0.0067708333333333336 0.003121098626716604
23 0.3151041666666667 0.9950062421972534 0.0078125 0.003121098626716604
4 0.865625 0.9987515605493134 0.00625 0.0012484394506866417
23 0.7783854166666667 0.9987515605493134 0.0067708333333333336 0.0012484394506866417
23 0.14791666666666667 0.07178526841448189 0.005729166666666666 0.004369538077403246
4 0.35208333333333336 0.07365792759051186 0.005208333333333333 0.0018726591760299626
4 0.3203125 0.07365792759051186 0.005729166666666666 0.0024968789013732834
23 0.4 0.07615480649188515 0.0078125 0.004369538077403246
4 0.3875 0.07615480649188515 0.007291666666666667 0.003745318352059925
23 0.2109375 0.07740324594257178 0.00625 0.004369538077403246
4 0.8630208333333333 0.07927590511860175 0.0020833333333333333 0.009363295880149813
4 0.875 0.07927590511860175 0.0015625 0.009363295880149813
4 0.8697916666666666 0.07990012484394507 0.004166666666666667 0.010611735330836454
4 0.14947916666666666 0.08052434456928839 0.007291666666666667 0.004369538077403246
4 0.32135416666666666 0.08239700374531835 0.0067708333333333336 0.003121098626716604
23 0.4 0.08239700374531835 0.005729166666666666 0.003121098626716604
4 0.8859375 0.08239700374531835 0.0020833333333333333 0.008114856429463172
4 0.3875 0.08364544319600499 0.005208333333333333 0.0024968789013732834
4 0.2859375 0.08426966292134831 0.0026041666666666665 0.009987515605493134
4 0.3020833333333333 0.08489388264669163 0.0020833333333333333 0.00749063670411985
4 0.2677083333333333 0.08551810237203496 0.004166666666666667 0.009987515605493134
4 0.3072916666666667 0.08614232209737828 0.003125 0.011235955056179775
4 0.2916666666666667 0.08614232209737828 0.0020833333333333333 0.010611735330836454
4 0.29739583333333336 0.08614232209737828 0.0010416666666666667 0.011235955056179775
4 0.28177083333333336 0.0867665418227216 0.0036458333333333334 0.010611735330836454
4 0.53125 0.08801498127340825 0.0020833333333333333 0.00686641697877653
4 0.21041666666666667 0.08801498127340825 0.009895833333333333 0.0018726591760299626
23 0.15 0.08863920099875156 0.008333333333333333 0.003121098626716604
23 0.5848958333333333 0.08863920099875156 0.003125 0.006242197253433208
23 0.4015625 0.08863920099875156 0.005729166666666666 0.003121098626716604
23 0.54375 0.08926342072409488 0.003125 0.008114856429463172
23 0.553125 0.08926342072409488 0.0020833333333333333 0.006242197253433208
23 0.5760416666666667 0.08926342072409488 0.0010416666666666667 0.008739076154806492
23 0.5380208333333333 0.08926342072409488 0.0026041666666666665 0.010611735330836454
4 0.5208333333333334 0.0898876404494382 0.003125 0.010611735330836454
4 0.5692708333333333 0.09051186017478152 0.0020833333333333333 0.00686641697877653
23 0.559375 0.09051186017478152 0.003125 0.006242197253433208
4 0.5260416666666666 0.09051186017478152 0.0026041666666666665 0.010611735330836454
4 0.5796875 0.09051186017478152 0.0020833333333333333 0.00749063670411985
4 0.5927083333333333 0.09051186017478152 0.0026041666666666665 0.009363295880149813
4 0.31979166666666664 0.09051186017478152 0.0026041666666666665 0.003121098626716604
4 0.565625 0.09113607990012484 0.0026041666666666665 0.008114856429463172
4 0.8541666666666666 0.09238451935081149 0.0010416666666666667 0.008739076154806492
23 0.8484375 0.09300873907615481 0.0026041666666666665 0.009363295880149813
4 0.8401041666666667 0.09300873907615481 0.0015625 0.009363295880149813
23 0.8442708333333333 0.09363295880149813 0.0020833333333333333 0.00686641697877653
4 0.4005208333333333 0.09488139825218476 0.005208333333333333 0.003121098626716604
23 0.2869791666666667 0.09987515605493133 0.0020833333333333333 0.009987515605493134
23 0.28125 0.10049937578027465 0.0020833333333333333 0.008739076154806492
23 0.29270833333333335 0.10049937578027465 0.004166666666666667 0.008739076154806492
23 0.29791666666666666 0.10049937578027465 0.0010416666666666667 0.008114856429463172
23 0.30833333333333335 0.10112359550561797 0.0020833333333333333 0.008739076154806492
23 0.303125 0.1017478152309613 0.0036458333333333334 0.009363295880149813
4 0.5541666666666667 0.10299625468164794 0.0026041666666666665 0.009363295880149813
4 0.5442708333333334 0.10362047440699126 0.0026041666666666665 0.008114856429463172
4 0.5380208333333333 0.10362047440699126 0.004166666666666667 0.008114856429463172
4 0.5583333333333333 0.10424469413233459 0.0026041666666666665 0.00686641697877653
23 0.5494791666666666 0.10486891385767791 0.0026041666666666665 0.009363295880149813
23 0.14947916666666666 0.10549313358302122 0.007291666666666667 0.003121098626716604
4 0.21041666666666667 0.10736579275905118 0.007291666666666667 0.0024968789013732834
4 0.3328125 0.10861423220973783 0.0026041666666666665 0.009363295880149813
4 0.33177083333333335 0.1104868913857678 0.0020833333333333333 0.009363295880149813
23 0.28072916666666664 0.11423220973782772 0.0010416666666666667 0.008114856429463172
23 0.209375 0.11423220973782772 0.00625 0.003121098626716604
23 0.2864583333333333 0.11548064918851436 0.0026041666666666665 0.008114856429463172
4 0.8880208333333334 0.11548064918851436 0.0026041666666666665 0.010611735330836454
23 0.2984375 0.11610486891385768 0.0026041666666666665 0.00749063670411985
23 0.29270833333333335 0.11610486891385768 0.004166666666666667 0.009987515605493134
4 0.1484375 0.11860174781523096 0.007291666666666667 0.004369538077403246
23 0.2109375 0.12109862671660425 0.008854166666666666 0.004369538077403246
15 0.08854166666666667 0.12421972534332085 0.03854166666666667 0.03245942571785269
23 0.175 0.12921348314606743 0.0036458333333333334 0.010611735330836454
23 0.9135416666666667 0.12983770287141075 0.005208333333333333 0.003745318352059925
23 0.8734375 0.13545568039950062 0.0020833333333333333 0.00686641697877653
4 0.8635416666666667 0.13545568039950062 0.0036458333333333334 0.009363295880149813
23 0.86875 0.13607990012484394 0.0020833333333333333 0.009987515605493134
23 0.9140625 0.13670411985018727 0.004166666666666667 0.0012484394506866417
4 0.8796875 0.1373283395755306 0.003125 0.011860174781523096
23 0.9661458333333334 0.1404494382022472 0.003125 0.008114856429463172
23 0.9802083333333333 0.1404494382022472 0.0010416666666666667 0.0056179775280898875
23 0.9880208333333333 0.14107365792759052 0.0036458333333333334 0.00686641697877653
23 0.9729166666666667 0.14107365792759052 0.0020833333333333333 0.00749063670411985
23 0.915625 0.14294631710362046 0.005729166666666666 0.003745318352059925
23 0.5213541666666667 0.14544319600499375 0.0046875 0.003121098626716604
23 0.43020833333333336 0.14731585518102372 0.0067708333333333336 0.004369538077403246
23 0.4192708333333333 0.14856429463171036 0.007291666666666667 0.003745318352059925
23 0.9151041666666667 0.149812734082397 0.009375 0.003745318352059925
30 0.5338541666666666 0.15106117353308365 0.008854166666666666 0.012484394506866416
23 0.5213541666666667 0.15168539325842698 0.004166666666666667 0.0018726591760299626
4 0.08333333333333333 0.15293383270911362 0.0067708333333333336 0.004369538077403246
23 0.4192708333333333 0.15480649188514356 0.0067708333333333336 0.003745318352059925
23 0.4947916666666667 0.15480649188514356 0.0067708333333333336 0.003121098626716604
23 0.43125 0.1560549313358302 0.005729166666666666 0.0024968789013732834
23 0.9739583333333334 0.15667915106117353 0.0020833333333333333 0.006242197253433208
23 0.5203125 0.15792759051186017 0.005208333333333333 0.0018726591760299626
23 0.546875 0.1585518102372035 0.0078125 0.003121098626716604
23 0.9671875 0.1585518102372035 0.0010416666666666667 0.008114856429463172
23 0.4192708333333333 0.16229712858926343 0.005208333333333333 0.003121098626716604
23 0.43020833333333336 0.16229712858926343 0.005208333333333333 0.0018726591760299626
23 0.5203125 0.16292134831460675 0.00625 0.003745318352059925
23 0.4947916666666667 0.16354556803995007 0.005208333333333333 0.0024968789013732834
23 0.5067708333333333 0.16354556803995007 0.005208333333333333 0.003121098626716604
23 0.5458333333333333 0.1647940074906367 0.007291666666666667 0.004993757802746567
30 0.5348958333333333 0.16604244694132334 0.0067708333333333336 0.009987515605493134
30 0.5598958333333334 0.16666666666666666 0.008333333333333333 0.015605493133583021
23 0.42916666666666664 0.1679151061173533 0.004166666666666667 0.0012484394506866417
23 0.41822916666666665 0.1679151061173533 0.005208333333333333 0.003745318352059925
4 0.21979166666666666 0.16853932584269662 0.013541666666666667 0.015605493133583021
4 0.4828125 0.16916354556803995 0.003125 0.008114856429463172
30 0.7489583333333333 0.16916354556803995 0.0296875 0.03620474406991261
23 0.4947916666666667 0.17103620474406991 0.005208333333333333 0.0024968789013732834
4 0.4510416666666667 0.17103620474406991 0.008854166666666666 0.0056179775280898875
30 0.8380208333333333 0.17103620474406991 0.025520833333333333 0.035580524344569285
4 0.4734375 0.17103620474406991 0.00625 0.0056179775280898875
23 0.5067708333333333 0.17166042446941324 0.005208333333333333 0.003745318352059925
4 0.4635416666666667 0.17166042446941324 0.005208333333333333 0.004369538077403246
23 0.9927083333333333 0.17166042446941324 0.004166666666666667 0.008739076154806492
30 0.6651041666666667 0.17290886392009988 0.025 0.033083645443196
4 0.9864583333333333 0.17290886392009988 0.003125 0.011235955056179775
23 0.41822916666666665 0.17415730337078653 0.005729166666666666 0.003121098626716604
30 0.521875 0.17415730337078653 0.0067708333333333336 0.008739076154806492
4 0.43072916666666666 0.17478152309612985 0.009375 0.0024968789013732834
4 0.9135416666666667 0.17540574282147317 0.0067708333333333336 0.003745318352059925
23 0.49583333333333335 0.1772784019975031 0.00625 0.003121098626716604
23 0.5088541666666667 0.17790262172284643 0.008854166666666666 0.003745318352059925
23 0.5322916666666667 0.1797752808988764 0.005729166666666666 0.0056179775280898875
4 0.9114583333333334 0.18102372034956304 0.0067708333333333336 0.003745318352059925
30 0.5463541666666667 0.18102372034956304 0.0046875 0.009987515605493134
23 0.43020833333333336 0.18102372034956304 0.00625 0.0024968789013732834
30 0.5598958333333334 0.1822721598002497 0.0046875 0.008114856429463172
4 0.41875 0.182896379525593 0.005208333333333333 0.0018726591760299626
23 0.4947916666666667 0.18414481897627966 0.005729166666666666 0.0024968789013732834
23 0.5067708333333333 0.18414481897627966 0.005208333333333333 0.0024968789013732834
23 0.5328125 0.18476903870162298 0.005208333333333333 0.0024968789013732834
30 0.7880208333333333 0.18476903870162298 0.0265625 0.026841448189762796
4 0.013020833333333334 0.18601747815230962 0.005208333333333333 0.00686641697877653
30 0.8786458333333333 0.18726591760299627 0.027604166666666666 0.02871410736579276
23 0.4296875 0.18726591760299627 0.007291666666666667 0.0024968789013732834
23 0.9145833333333333 0.18726591760299627 0.007291666666666667 0.0056179775280898875
4 0.4171875 0.18789013732833956 0.004166666666666667 0.0012484394506866417
30 0.5197916666666667 0.1891385767790262 0.0067708333333333336 0.006242197253433208
23 0.9921875 0.1891385767790262 0.0026041666666666665 0.00686641697877653
4 0.9817708333333334 0.1891385767790262 0.0026041666666666665 0.009363295880149813
23 0.9875 0.18976279650436953 0.0020833333333333333 0.009363295880149813
23 0.5046875 0.18976279650436953 0.0036458333333333334 0.003121098626716604
23 0.4942708333333333 0.19038701622971285 0.005208333333333333 0.003121098626716604
23 0.546875 0.19038701622971285 0.00625 0.003745318352059925
4 0.28541666666666665 0.19101123595505617 0.003125 0.008114856429463172
23 0.6052083333333333 0.19101123595505617 0.004166666666666667 0.009363295880149813
23 0.6005208333333333 0.19101123595505617 0.0036458333333333334 0.008114856429463172
30 0.70625 0.1916354556803995 0.021875 0.03245942571785269
23 0.59375 0.19225967540574282 0.0026041666666666665 0.009987515605493134
4 0.22135416666666666 0.19350811485642946 0.0109375 0.012484394506866416
4 0.5848958333333333 0.19350811485642946 0.0026041666666666665 0.008114856429463172
23 0.43020833333333336 0.1941323345817728 0.0067708333333333336 0.003121098626716604
23 0.9114583333333334 0.1947565543071161 0.0067708333333333336 0.0056179775280898875
4 0.4166666666666667 0.1947565543071161 0.005729166666666666 0.003121098626716604
23 0.5541666666666667 0.19787765293383272 0.007291666666666667 0.003121098626716604
23 0.4192708333333333 0.19975031210986266 0.005208333333333333 0.0024968789013732834
23 0.521875 0.20037453183520598 0.00625 0.003745318352059925
4 0.42916666666666664 0.20037453183520598 0.00625 0.003745318352059925
23 0.9130208333333333 0.20162297128589263 0.0067708333333333336 0.003121098626716604
4 0.49270833333333336 0.20287141073657927 0.005729166666666666 0.003121098626716604
4 0.7520833333333333 0.2034956304619226 0.004166666666666667 0.016229712858926344
23 0.5541666666666667 0.20411985018726592 0.005729166666666666 0.003121098626716604
4 0.6645833333333333 0.20474406991260924 0.0015625 0.011860174781523096
23 0.7666666666666667 0.20536828963795256 0.003125 0.010611735330836454
23 0.8515625 0.20536828963795256 0.0026041666666666665 0.010611735330836454
4 0.8359375 0.20536828963795256 0.0026041666666666665 0.009987515605493134
23 0.4192708333333333 0.2066167290886392 0.00625 0.0024968789013732834
4 0.9651041666666667 0.2066167290886392 0.0020833333333333333 0.009363295880149813
23 0.68125 0.2066167290886392 0.0026041666666666665 0.011860174781523096
4 0.43125 0.20724094881398253 0.005729166666666666 0.003745318352059925
4 0.9135416666666667 0.20786516853932585 0.007291666666666667 0.0056179775280898875
4 0.06354166666666666 0.20786516853932585 0.0067708333333333336 0.003121098626716604
30 0.9760416666666667 0.2091136079900125 0.0046875 0.010611735330836454
4 0.5057291666666667 0.2091136079900125 0.0078125 0.0024968789013732834
4 0.0828125 0.2091136079900125 0.007291666666666667 0.0024968789013732834
23 0.5557291666666667 0.20973782771535582 0.007291666666666667 0.003121098626716604
15 0.4609375 0.2103620474406991 0.0265625 0.06679151061173533
4 0.5203125 0.2103620474406991 0.00625 0.003121098626716604
4 0.15364583333333334 0.21161048689138576 0.0078125 0.003745318352059925
4 0.0125 0.2128589263420724 0.00625 0.003121098626716604
23 0.43020833333333336 0.21348314606741572 0.0078125 0.004369538077403246
4 0.41822916666666665 0.21473158551810237 0.00625 0.003745318352059925
4 0.08385416666666666 0.21473158551810237 0.00625 0.0018726591760299626
4 0.5203125 0.2153558052434457 0.007291666666666667 0.0018726591760299626
4 0.5067708333333333 0.21598002496878901 0.007291666666666667 0.003745318352059925
4 0.13229166666666667 0.21598002496878901 0.003125 0.010611735330836454
4 0.28489583333333335 0.21722846441947566 0.003125 0.008114856429463172
23 0.49166666666666664 0.21722846441947566 0.007291666666666667 0.003121098626716604
4 0.27395833333333336 0.21785268414481898 0.0026041666666666665 0.009987515605493134
4 0.153125 0.2184769038701623 0.0067708333333333336 0.0024968789013732834
23 0.41822916666666665 0.21972534332084895 0.005208333333333333 0.0018726591760299626
4 0.0125 0.22034956304619227 0.00625 0.003745318352059925
23 0.43020833333333336 0.2209737827715356 0.00625 0.0024968789013732834
4 0.08333333333333333 0.2215980024968789 0.00625 0.003745318352059925
4 0.15364583333333334 0.22534332084893882 0.005208333333333333 0.003121098626716604
23 0.43020833333333336 0.22596754057428214 0.0067708333333333336 0.0018726591760299626
4 0.41770833333333335 0.22596754057428214 0.0046875 0.0024968789013732834
4 0.9859375 0.22596754057428214 0.0026041666666666665 0.008739076154806492
23 0.49114583333333334 0.22659176029962547 0.004166666666666667 0.0012484394506866417
4 0.9302083333333333 0.22659176029962547 0.0036458333333333334 0.008114856429463172
4 0.2989583333333333 0.22659176029962547 0.004166666666666667 0.011235955056179775
4 0.9432291666666667 0.2272159800249688 0.0010416666666666667 0.00686641697877653
23 0.9572916666666667 0.2272159800249688 0.0036458333333333334 0.006242197253433208
23 0.9369791666666667 0.2272159800249688 0.0036458333333333334 0.009363295880149813
4 0.9645833333333333 0.2272159800249688 0.0036458333333333334 0.010611735330836454
23 0.9984375 0.22815230961298377 0.0020833333333333333 0.008114856429463172
4 0.9807291666666667 0.2278401997503121 0.0020833333333333333 0.00749063670411985
23 0.9494791666666667 0.2278401997503121 0.0036458333333333334 0.006242197253433208
23 0.96875 0.2278401997503121 0.0036458333333333334 0.00749063670411985
23 0.9921875 0.2278401997503121 0.0020833333333333333 0.008114856429463172
23 0.9760416666666667 0.22846441947565543 0.003125 0.00686641697877653
23 0.43072916666666666 0.23220973782771537 0.0078125 0.003121098626716604
4 0.41770833333333335 0.23220973782771537 0.007291666666666667 0.003745318352059925
23 0.43072916666666666 0.23720349563046192 0.0067708333333333336 0.004993757802746567
4 0.4171875 0.23845193508114856 0.005208333333333333 0.0024968789013732834
23 0.49375 0.2397003745318352 0.007291666666666667 0.003121098626716604
23 0.9244791666666666 0.24282147315855182 0.003125 0.009363295880149813
4 0.2994791666666667 0.24344569288389514 0.003125 0.011235955056179775
4 0.4161458333333333 0.2459425717852684 0.0036458333333333334 0.003121098626716604
4 0.42864583333333334 0.24656679151061173 0.005729166666666666 0.003745318352059925
23 0.1578125 0.24656679151061173 0.003125 0.010611735330836454
23 0.44895833333333335 0.24968789013732834 0.0020833333333333333 0.00749063670411985
4 0.4421875 0.250936329588015 0.0020833333333333333 0.008114856429463172
23 0.4583333333333333 0.250936329588015 0.0015625 0.008114856429463172
23 0.46979166666666666 0.2515605493133583 0.0005208333333333333 0.008114856429463172
4 0.45260416666666664 0.2515605493133583 0.0020833333333333333 0.00749063670411985
4 0.46458333333333335 0.25218476903870163 0.0015625 0.008739076154806492
23 0.4786458333333333 0.25218476903870163 0.0015625 0.00749063670411985
4 0.475 0.25218476903870163 0.0015625 0.008739076154806492
23 0.22760416666666666 0.25218476903870163 0.0020833333333333333 0.011235955056179775
4 0.5067708333333333 0.25218476903870163 0.0020833333333333333 0.00686641697877653
23 0.49583333333333335 0.25280898876404495 0.0010416666666666667 0.009987515605493134
4 0.4859375 0.2534332084893883 0.0020833333333333333 0.008739076154806492
4 0.5005208333333333 0.2534332084893883 0.0020833333333333333 0.008739076154806492
23 0.925 0.25593008739076156 0.0036458333333333334 0.0056179775280898875
23 0.011979166666666667 0.2590511860174782 0.004166666666666667 0.003121098626716604
23 0.3 0.2596754057428215 0.004166666666666667 0.009987515605493134
4 0.13177083333333334 0.2596754057428215 0.0026041666666666665 0.009987515605493134
4 0.0640625 0.2596754057428215 0.0078125 0.003745318352059925
23 0.08333333333333333 0.2602996254681648 0.007291666666666667 0.004993757802746567
4 0.15729166666666666 0.26279650436953805 0.0026041666666666665 0.009363295880149813
4 0.0109375 0.266541822721598 0.004166666666666667 0.003121098626716604
4 0.5489583333333333 0.2696629213483146 0.0015625 0.008739076154806492
4 0.22708333333333333 0.2702871410736579 0.0010416666666666667 0.01435705368289638
4 0.5541666666666667 0.27091136079900124 0.0020833333333333333 0.009363295880149813
4 0.4901041666666667 0.2727840199750312 0.005729166666666666 0.003745318352059925
23 0.2989583333333333 0.27403245942571786 0.0026041666666666665 0.009363295880149813
4 0.2890625 0.2746566791510612 0.0067708333333333336 0.0024968789013732834
4 0.13229166666666667 0.27715355805243447 0.004166666666666667 0.008739076154806492
4 0.43645833333333334 0.2784019975031211 0.0020833333333333333 0.00749063670411985
23 0.4421875 0.2784019975031211 0.0020833333333333333 0.011235955056179775
23 0.29010416666666666 0.2808988764044944 0.005729166666666666 0.003121098626716604
4 0.4901041666666667 0.28214731585518105 0.005208333333333333 0.003745318352059925
23 0.5536458333333333 0.284019975031211 0.0026041666666666665 0.00749063670411985
23 0.5479166666666667 0.284019975031211 0.0020833333333333333 0.010611735330836454
4 0.22708333333333333 0.2877652933832709 0.004166666666666667 0.010611735330836454
23 0.28958333333333336 0.2883895131086142 0.0067708333333333336 0.003745318352059925
23 0.9864583333333333 0.2902621722846442 0.0026041666666666665 0.009363295880149813
23 0.98125 0.2908863920099875 0.0026041666666666665 0.008114856429463172
23 0.975 0.2908863920099875 0.0015625 0.009987515605493134
4 0.9911458333333333 0.2908863920099875 0.003125 0.008114856429463172
23 0.996875 0.2908863920099875 0.0020833333333333333 0.008739076154806492
4 0.15729166666666666 0.2940074906367041 0.0036458333333333334 0.011235955056179775
4 0.009895833333333333 0.29525593008739076 0.005729166666666666 0.004369538077403246
4 0.06354166666666666 0.2958801498127341 0.007291666666666667 0.004369538077403246
23 0.43854166666666666 0.2965043695380774 0.00625 0.0024968789013732834
4 0.6572916666666667 0.29712858926342073 0.0020833333333333333 0.009363295880149813
4 0.0828125 0.29712858926342073 0.004166666666666667 0.004993757802746567
4 0.6515625 0.29775280898876405 0.0026041666666666665 0.009987515605493134
23 0.42291666666666666 0.2990012484394507 0.0067708333333333336 0.003745318352059925
4 0.5541666666666667 0.3021223470661673 0.0010416666666666667 0.008739076154806492
23 0.4375 0.30274656679151063 0.0078125 0.0024968789013732834
4 0.5395833333333333 0.30274656679151063 0.003125 0.008739076154806492
4 0.546875 0.30274656679151063 0.0020833333333333333 0.009363295880149813
23 0.06302083333333333 0.30649188514357056 0.0067708333333333336 0.003745318352059925
23 0.0828125 0.30711610486891383 0.0078125 0.003121098626716604
23 0.98125 0.3083645443196005 0.0026041666666666665 0.00686641697877653
23 0.9911458333333333 0.3089887640449438 0.0020833333333333333 0.00749063670411985
23 0.9958333333333333 0.3089887640449438 0.0020833333333333333 0.00749063670411985
23 0.9848958333333333 0.3089887640449438 0.0015625 0.008114856429463172
23 0.228125 0.3089887640449438 0.0026041666666666665 0.011235955056179775
23 0.15520833333333334 0.3089887640449438 0.0036458333333333334 0.009363295880149813
23 0.9645833333333333 0.3096129837702871 0.0020833333333333333 0.0056179775280898875
23 0.9692708333333333 0.3096129837702871 0.0020833333333333333 0.00686641697877653
23 0.975 0.3096129837702871 0.0026041666666666665 0.00686641697877653
30 0.2838541666666667 0.3096129837702871 0.018229166666666668 0.03058676654182272
23 0.43802083333333336 0.3096129837702871 0.008333333333333333 0.003121098626716604
4 0.13125 0.31023720349563044 0.005208333333333333 0.009987515605493134
4 0.4901041666666667 0.3146067415730337 0.008333333333333333 0.004993757802746567
23 0.3 0.31585518102372034 0.0026041666666666665 0.010611735330836454
23 0.4244791666666667 0.317103620474407 0.007291666666666667 0.0024968789013732834
4 0.4375 0.3177278401997503 0.00625 0.0024968789013732834
7 0.24635416666666668 0.3196004993757803 0.0234375 0.34207240948813983
7 0.10052083333333334 0.3208489388264669 0.019270833333333334 0.3439450686641698
7 0.034375 0.3208489388264669 0.030208333333333334 0.3470661672908864
4 0.4890625 0.32459425717852686 0.0067708333333333336 0.003121098626716604
7 0.17604166666666668 0.32771535580524347 0.016145833333333335 0.34519350811485644
7 0.3182291666666667 0.3283395755305868 0.0203125 0.3408239700374532
23 0.37604166666666666 0.3289637952559301 0.0020833333333333333 0.008114856429463172
23 0.38645833333333335 0.3295880149812734 0.0026041666666666665 0.009363295880149813
4 0.37083333333333335 0.3295880149812734 0.003125 0.009363295880149813
23 0.4083333333333333 0.3295880149812734 0.0020833333333333333 0.009363295880149813
4 0.4140625 0.3295880149812734 0.0015625 0.008739076154806492
4 0.38125 0.3295880149812734 0.0020833333333333333 0.008114856429463172
4 0.3984375 0.3302122347066167 0.0026041666666666665 0.008739076154806492
23 0.3927083333333333 0.3302122347066167 0.003125 0.011235955056179775
23 0.403125 0.33083645443196 0.0026041666666666665 0.010611735330836454
4 0.4895833333333333 0.33208489388264667 0.007291666666666667 0.0024968789013732834
4 0.30052083333333335 0.33395755305867664 0.0036458333333333334 0.010611735330836454
4 0.0640625 0.3358302122347066 0.008333333333333333 0.00686641697877653
23 0.5619791666666667 0.33707865168539325 0.0015625 0.00749063670411985
4 0.5552083333333333 0.33770287141073657 0.003125 0.008114856429463172
4 0.5411458333333333 0.33770287141073657 0.004166666666666667 0.010611735330836454
4 0.5260416666666666 0.3383270911360799 0.0026041666666666665 0.009363295880149813
23 0.534375 0.3383270911360799 0.0020833333333333333 0.010611735330836454
23 0.5484375 0.3383270911360799 0.0020833333333333333 0.00749063670411985
4 0.37083333333333335 0.34519350811485644 0.0026041666666666665 0.009987515605493134
23 0.37604166666666666 0.34581772784019976 0.0020833333333333333 0.009363295880149813
4 0.38125 0.34581772784019976 0.0026041666666666665 0.008739076154806492
23 0.48802083333333335 0.34581772784019976 0.0067708333333333336 0.003745318352059925
23 0.4078125 0.3464419475655431 0.0015625 0.00749063670411985
23 0.39791666666666664 0.3464419475655431 0.0020833333333333333 0.008114856429463172
23 0.3927083333333333 0.3470661672908864 0.0020833333333333333 0.009987515605493134
23 0.48854166666666665 0.352059925093633 0.00625 0.003121098626716604
4 0.08177083333333333 0.35268414481897625 0.005729166666666666 0.003745318352059925
4 0.22708333333333333 0.35830212234706615 0.003125 0.010611735330836454
4 0.15572916666666667 0.35830212234706615 0.003125 0.008114856429463172
23 0.48854166666666665 0.3589263420724095 0.00625 0.003121098626716604
4 0.34375 0.3595505617977528 0.008854166666666666 0.003745318352059925
4 0.2984375 0.36142322097378277 0.0036458333333333334 0.011235955056179775
4 0.5760416666666667 0.36142322097378277 0.0026041666666666665 0.009987515605493134
23 0.41302083333333334 0.36142322097378277 0.00625 0.0018726591760299626
4 0.6026041666666667 0.3620474406991261 0.0010416666666666667 0.008114856429463172
4 0.5817708333333333 0.3620474406991261 0.0020833333333333333 0.009363295880149813
4 0.5713541666666667 0.3620474406991261 0.0026041666666666665 0.00749063670411985
4 0.5869791666666667 0.3620474406991261 0.0020833333333333333 0.008114856429463172
4 0.5984375 0.3620474406991261 0.0026041666666666665 0.009363295880149813
4 0.6083333333333333 0.3626716604244694 0.0036458333333333334 0.008114856429463172
4 0.6177083333333333 0.36329588014981273 0.0020833333333333333 0.008114856429463172
4 0.5927083333333333 0.36329588014981273 0.0036458333333333334 0.008739076154806492
4 0.6135416666666667 0.36329588014981273 0.0026041666666666665 0.00686641697877653
23 0.41302083333333334 0.367665418227216 0.005729166666666666 0.003121098626716604
4 0.425 0.3682896379525593 0.008854166666666666 0.003745318352059925
4 0.13385416666666666 0.3682896379525593 0.0067708333333333336 0.003745318352059925
4 0.0625 0.36953807740324596 0.00625 0.0018726591760299626
4 0.5463541666666667 0.3707865168539326 0.003125 0.008739076154806492
4 0.5458333333333333 0.37265917602996257 0.0026041666666666665 0.009363295880149813
4 0.5510416666666667 0.37265917602996257 0.0020833333333333333 0.008739076154806492
4 0.4234375 0.37640449438202245 0.00625 0.003121098626716604
23 0.41302083333333334 0.37702871410736577 0.0046875 0.0024968789013732834
23 0.5864583333333333 0.3782771535580524 0.003125 0.008739076154806492
23 0.5807291666666666 0.3782771535580524 0.0026041666666666665 0.00749063670411985
4 0.5973958333333333 0.37890137328339574 0.0026041666666666665 0.008739076154806492
23 0.5755208333333334 0.37890137328339574 0.0020833333333333333 0.008739076154806492
4 0.5708333333333333 0.37890137328339574 0.003125 0.00749063670411985
4 0.5916666666666667 0.37952559300873906 0.0020833333333333333 0.009987515605493134
23 0.6161458333333333 0.37952559300873906 0.0015625 0.009987515605493134
23 0.6338541666666667 0.37952559300873906 0.003125 0.009987515605493134
23 0.6385416666666667 0.37952559300873906 0.0015625 0.009987515605493134
23 0.6057291666666667 0.3801498127340824 0.0026041666666666665 0.009987515605493134
4 0.621875 0.3801498127340824 0.0015625 0.009363295880149813
4 0.6265625 0.3801498127340824 0.0010416666666666667 0.008739076154806492
23 0.41354166666666664 0.38264669163545567 0.005208333333333333 0.0024968789013732834
4 0.42239583333333336 0.38264669163545567 0.005729166666666666 0.003121098626716604
23 0.43697916666666664 0.383270911360799 0.0067708333333333336 0.003745318352059925
23 0.95 0.3838951310861423 0.0020833333333333333 0.009987515605493134
23 0.9526041666666667 0.3838951310861423 0.004166666666666667 0.008114856429463172
15 0.378125 0.3857677902621723 0.0375 0.05056179775280899
4 0.34375 0.3863920099875156 0.00625 0.003121098626716604
23 0.784375 0.3888888888888889 0.005208333333333333 0.003745318352059925
23 0.41354166666666664 0.3888888888888889 0.005729166666666666 0.0024968789013732834
4 0.4239583333333333 0.3895131086142322 0.0078125 0.004369538077403246
23 0.9604166666666667 0.39013732833957554 0.0078125 0.003121098626716604
4 0.43697916666666664 0.39013732833957554 0.007291666666666667 0.003121098626716604
4 0.9986979166666666 0.39013732833957554 0.0015625 0.008739076154806492
4 0.5375 0.3945068664169788 0.003125 0.00749063670411985
4 0.5520833333333334 0.3945068664169788 0.0020833333333333333 0.008114856429463172
23 0.9625 0.3945068664169788 0.005729166666666666 0.003121098626716604
23 0.6041666666666666 0.3951310861423221 0.0020833333333333333 0.00749063670411985
23 0.4125 0.3951310861423221 0.0036458333333333334 0.003121098626716604
23 0.5989583333333334 0.3951310861423221 0.0015625 0.009363295880149813
23 0.5713541666666667 0.3951310861423221 0.0020833333333333333 0.008114856429463172
23 0.5807291666666666 0.3951310861423221 0.0015625 0.00686641697877653
4 0.5588541666666667 0.3951310861423221 0.0036458333333333334 0.010611735330836454
23 0.5765625 0.39575530586766544 0.0015625 0.008739076154806492
4 0.5588541666666667 0.39575530586766544 0.003125 0.009363295880149813
23 0.6322916666666667 0.39575530586766544 0.0020833333333333333 0.008739076154806492
23 0.7869791666666667 0.39575530586766544 0.005208333333333333 0.003745318352059925
23 0.6161458333333333 0.39575530586766544 0.0020833333333333333 0.009363295880149813
23 0.7734375 0.39637952559300876 0.0067708333333333336 0.003745318352059925
4 0.43645833333333334 0.39637952559300876 0.0067708333333333336 0.0024968789013732834
4 0.621875 0.3970037453183521 0.0020833333333333333 0.008739076154806492
4 0.6276041666666666 0.3970037453183521 0.0015625 0.008739076154806492
23 0.6385416666666667 0.3970037453183521 0.0020833333333333333 0.008739076154806492
23 0.9979166666666667 0.3995006242197253 0.003125 0.003745318352059925
23 0.34375 0.40074906367041196 0.007291666666666667 0.003121098626716604
23 0.9619791666666667 0.4019975031210986 0.00625 0.0024968789013732834
23 0.41354166666666664 0.40262172284644193 0.005208333333333333 0.0024968789013732834
4 0.4234375 0.40262172284644193 0.00625 0.003745318352059925
4 0.43697916666666664 0.40262172284644193 0.007291666666666667 0.0018726591760299626
4 0.13333333333333333 0.40324594257178525 0.005729166666666666 0.0024968789013732834
23 0.7854166666666667 0.4044943820224719 0.0078125 0.0024968789013732834
23 0.7723958333333333 0.4044943820224719 0.004166666666666667 0.0018726591760299626
4 0.5145833333333333 0.40574282147315854 0.0067708333333333336 0.003121098626716604
23 0.34322916666666664 0.4069912609238452 0.008333333333333333 0.003745318352059925
4 0.43697916666666664 0.40823970037453183 0.0078125 0.0024968789013732834
23 0.4119791666666667 0.40886392009987516 0.005208333333333333 0.0024968789013732834
4 0.4234375 0.40886392009987516 0.0078125 0.003121098626716604
23 0.9609375 0.4094881398252185 0.005729166666666666 0.0024968789013732834
23 0.7864583333333334 0.4107365792759051 0.0067708333333333336 0.004369538077403246
23 0.7723958333333333 0.41136079900124844 0.004166666666666667 0.0024968789013732834
23 0.4890625 0.41136079900124844 0.0078125 0.003745318352059925
15 0.284375 0.4126092384519351 0.014583333333333334 0.01435705368289638
23 0.34322916666666664 0.4132334581772784 0.008333333333333333 0.003121098626716604
4 0.4375 0.41385767790262173 0.007291666666666667 0.003121098626716604
23 0.4125 0.4151061173533084 0.005208333333333333 0.003745318352059925
23 0.9619791666666667 0.4157303370786517 0.007291666666666667 0.003745318352059925
23 0.48854166666666665 0.418227215980025 0.0067708333333333336 0.003745318352059925
4 0.9986979166666666 0.41916354556804 0.0015625 0.004369538077403246
4 0.4234375 0.4207240948813982 0.0046875 0.0018726591760299626
23 0.4125 0.42134831460674155 0.005208333333333333 0.003121098626716604
4 0.4375 0.42134831460674155 0.005729166666666666 0.0024968789013732834
4 0.3416666666666667 0.42384519350811484 0.0020833333333333333 0.008739076154806492
23 0.9604166666666667 0.42384519350811484 0.005208333333333333 0.003745318352059925
23 0.3572916666666667 0.42384519350811484 0.0026041666666666665 0.008739076154806492
23 0.37395833333333334 0.42446941323345816 0.0015625 0.008114856429463172
23 0.36822916666666666 0.42446941323345816 0.0026041666666666665 0.00749063670411985
23 0.36302083333333335 0.42446941323345816 0.0020833333333333333 0.008114856429463172
4 0.48854166666666665 0.42446941323345816 0.0067708333333333336 0.0024968789013732834
4 0.37864583333333335 0.42446941323345816 0.0026041666666666665 0.008739076154806492
4 0.35 0.42696629213483145 0.004166666666666667 0.0149812734082397
4 0.4119791666666667 0.4288389513108614 0.004166666666666667 0.0018726591760299626
4 0.42239583333333336 0.4288389513108614 0.0046875 0.0024968789013732834
4 0.440625 0.4313358302122347 0.0020833333333333333 0.00686641697877653
4 0.32135416666666666 0.0149812734082397 0.005729166666666666 0.003745318352059925
4 0.20052083333333334 0.4394506866416979 0.005208333333333333 0.011235955056179775
4 0.3375 0.016229712858926344 0.00625 0.003745318352059925
23 0.36822916666666666 0.44069912609238454 0.003125 0.010611735330836454
23 0.3578125 0.44069912609238454 0.0026041666666666665 0.009363295880149813
23 0.3729166666666667 0.44069912609238454 0.0020833333333333333 0.008114856429463172
4 0.15520833333333334 0.44132334581772786 0.0036458333333333334 0.009987515605493134
23 0.36302083333333335 0.44132334581772786 0.0020833333333333333 0.010611735330836454
23 0.37864583333333335 0.44132334581772786 0.0026041666666666665 0.009363295880149813
4 0.5151041666666667 0.4425717852684145 0.009895833333333333 0.0056179775280898875
4 0.878125 0.4431960049937578 0.007291666666666667 0.003121098626716604
4 0.4401041666666667 0.4438202247191011 0.0020833333333333333 0.00749063670411985
4 0.8364583333333333 0.4438202247191011 0.008333333333333333 0.004369538077403246