30 0.7069402228976697 0.461566091954023 0.017223910840932118 0.01867816091954023
4 0.788500506585613 0.4475574712643678 0.0673758865248227 0.05172413793103448
23 0.30116514690982776 0.5578304597701149 0.019250253292806486 0.04525862068965517
23 0.2872340425531915 0.5614224137931034 0.017223910840932118 0.041666666666666664
23 0.3285207700101317 0.5531609195402298 0.01773049645390071 0.040229885057471264
23 0.31433637284701116 0.5563936781609196 0.015704154002026342 0.04525862068965517
23 0.6955420466058764 0.47772988505747127 0.010131712259371834 0.009339080459770116
30 0.7462006079027356 0.4730603448275862 0.014184397163120567 0.023706896551724137
4 0.7327760891590679 0.4766522988505747 0.013171225937183385 0.020114942528735632
23 0.6973150962512664 0.48563218390804597 0.00911854103343465 0.008620689655172414
4 0.20415400202634246 0.5969827586206896 0.1276595744680851 0.1817528735632184
23 0.08105369807497467 0.6390086206896551 0.005572441742654508 0.01221264367816092
30 0.7013677811550152 0.5028735632183908 0.015197568389057751 0.015804597701149427
30 0.7396149949341438 0.49712643678160917 0.016210739614994935 0.029454022988505746
23 0.7682370820668692 0.4949712643678161 0.007598784194528876 0.017241379310344827
4 0.4402228976697062 0.5811781609195402 0.05116514690982776 0.07040229885057471
23 0.743920972644377 0.5165229885057471 0.02127659574468085 0.017959770114942528
23 0.7684903748733536 0.5161637931034483 0.0243161094224924 0.022270114942528736
23 0.7201114488348531 0.5283764367816092 0.022289766970618033 0.017241379310344827
23 0.6231003039513677 0.5502873563218391 0.015197568389057751 0.039511494252873564
23 0.5574974670719351 0.5650143678160919 0.017223910840932118 0.033764367816091954
23 0.596757852077001 0.5574712643678161 0.017223910840932118 0.03879310344827586
23 0.5711752786220872 0.5632183908045977 0.020263424518743668 0.041666666666666664
23 0.6096757852077 0.555316091954023 0.015197568389057751 0.03735632183908046
23 0.5843465045592705 0.5625 0.01773049645390071 0.04382183908045977
4 0.6618541033434651 0.5531609195402298 0.05015197568389058 0.07327586206896551
4 0.29711246200607905 0.639367816091954 0.05876393110435663 0.08189655172413793
4 0.49164133738601823 0.5987787356321839 0.04559270516717325 0.0617816091954023
4 0.7317629179331308 0.5592672413793104 0.027862208713272545 0.03807471264367816
4 0.41717325227963525 0.6314655172413793 0.0425531914893617 0.05603448275862069
4 0.5390070921985816 0.6063218390804598 0.05065856129685917 0.07255747126436782
23 0.4455420466058764 0.6285919540229885 0.027862208713272545 0.02586206896551724
15 0.7629179331306991 0.5682471264367817 0.03900709219858156 0.05890804597701149
23 0.4470618034447822 0.6458333333333334 0.027862208713272545 0.02586206896551724
4 0.8584093211752786 0.5535201149425287 0.03596757852077001 0.039511494252873564
4 0.8087639311043566 0.5732758620689655 0.019756838905775075 0.04454022988505747
4 0.12360688956433637 0.7431752873563219 0.13019250253292808 0.1824712643678161
23 0.5382472137791287 0.6544540229885057 0.02735562310030395 0.02442528735632184
4 0.41919959473150964 0.6817528735632183 0.04154002026342452 0.06321839080459771
4 0.256838905775076 0.7255747126436781 0.018743667679837893 0.021551724137931036
4 0.30825734549138806 0.7155172413793104 0.06484295845997974 0.09123563218390805
4 0.8627152988855117 0.5923132183908046 0.03900709219858156 0.035919540229885055
23 0.5422998986828774 0.6716954022988506 0.02988855116514691 0.02442528735632184
23 0.8044579533941236 0.617816091954023 0.02127659574468085 0.020833333333333332
4 0.7586119554204661 0.6289511494252874 0.028368794326241134 0.03735632183908046
23 0.5433130699088146 0.6903735632183908 0.02634245187436677 0.027298850574712645
4 0.7287234042553191 0.6515804597701149 0.011144883485309016 0.01939655172413793
4 0.19376899696048633 0.7841235632183908 0.0182370820668693 0.02586206896551724
4 0.7327760891590679 0.6645114942528736 0.01165146909827761 0.013649425287356323
23 0.9650455927051672 0.6138649425287356 0.03596757852077001 0.022988505747126436
4 0.4275582573454914 0.7374281609195402 0.037993920972644375 0.06321839080459771
23 0.19782168186423504 0.8114224137931034 0.020263424518743668 0.03735632183908046
4 0.959726443768997 0.6598419540229885 0.0795339412360689 0.08117816091954023
23 0.12892603850050657 0.860632183908046 0.013677811550151976 0.032327586206896554
23 0.11043566362715299 0.8660201149425287 0.016210739614994935 0.035201149425287355
23 0.08054711246200608 0.8814655172413793 0.03292806484295846 0.028735632183908046
30 0.6540020263424519 0.03987068965517242 0.04356636271529889 0.07974137931034483
15 0.2494934143870314 0.8566810344827587 0.04660587639311044 0.09698275862068965
15 0.2877406281661601 0.8545258620689655 0.04964539007092199 0.11925287356321838
23 0.7601317122593718 0.7492816091954023 0.016210739614994935 0.040948275862068964
30 0.5883991894630193 0.04849137931034483 0.04812563323201621 0.09698275862068965
23 0.08156028368794327 0.9058908045977011 0.02684903748733536 0.02442528735632184
23 0.7487335359675785 0.7611350574712644 0.015197568389057751 0.041666666666666664
23 0.11676798378926039 0.9091235632183908 0.02634245187436677 0.02586206896551724
30 0.7274569402228976 0.036637931034482756 0.04660587639311044 0.07327586206896551
15 0.6580547112462006 0.7941810344827587 0.04002026342451875 0.04597701149425287
4 0.05319148936170213 0.9306752873563219 0.023809523809523808 0.035919540229885055
30 0.6864235055724417 0.040229885057471264 0.044579533941236066 0.08045977011494253
30 0.3285207700101317 0.10416666666666667 0.04711246200607903 0.10272988505747127
15 0.3566362715298885 0.8879310344827587 0.04508611955420466 0.10057471264367816
15 0.3941236068895643 0.884698275862069 0.0425531914893617 0.10704022988505747
30 0.6236068895643364 0.04885057471264368 0.044579533941236066 0.09770114942528736
4 0.7449341438703141 0.8157327586206896 0.030395136778115502 0.0610632183908046
15 0.5225430597771024 0.8667385057471264 0.05015197568389058 0.11494252873563218
4 0.4455420466058764 0.884698275862069 0.031408308004052685 0.06465517241379311
15 0.5587639311043566 0.8642241379310345 0.05116514690982776 0.11853448275862069
4 0.060790273556231005 0.9744971264367817 0.03242147922998987 0.04956896551724138
4 0.24721377912867273 0.9378591954022989 0.01165146909827761 0.010057471264367816
30 0.2079533941236069 0.1343390804597701 0.06585612968591692 0.1278735632183908
4 0.7917933130699089 0.8344109195402298 0.047619047619047616 0.05459770114942529
4 0.752532928064843 0.8599137931034483 0.044072948328267476 0.05100574712643678
30 0.261144883485309 0.12607758620689655 0.0668693009118541 0.1314655172413793
4 0.6816109422492401 0.8818247126436781 0.03090172239108409 0.06321839080459771
4 0.2631712259371834 0.9841954022988506 0.03292806484295846 0.03017241379310345
4 0.7677304964539007 0.8850574712643678 0.022289766970618033 0.029454022988505746
4 0.2966058763931104 0.9802442528735632 0.041033434650455926 0.03807471264367816
4 0.5172239108409321 0.9443247126436781 0.0243161094224924 0.04597701149425287
4 0.577001013171226 0.9357040229885057 0.03292806484295846 0.03807471264367816
4 0.35005065856129686 0.9859913793103449 0.0364741641337386 0.02658045977011494
30 0.7938196555217831 0.8943965517241379 0.02684903748733536 0.041666666666666664
30 0.4703647416413374 0.08333333333333333 0.0425531914893617 0.08836206896551724
23 0.4308510638297872 0.9780890804597702 0.019756838905775075 0.042385057471264365
4 0.7558257345491388 0.9073275862068966 0.03850050658561297 0.039511494252873564
4 0.3971631205673759 0.9885057471264368 0.040526849037487336 0.021551724137931036
4 0.5420466058763931 0.11027298850574713 0.06332320162107397 0.05172413793103448
23 0.6798378926038501 0.0894396551724138 0.014184397163120567 0.031609195402298854
23 0.5919452887537994 0.11063218390804598 0.02127659574468085 0.027298850574712645
23 0.6185410334346505 0.10596264367816093 0.0182370820668693 0.041666666666666664
23 0.6461499493414387 0.09985632183908046 0.016717325227963525 0.036637931034482756
23 0.7244174265450861 0.08441091954022989 0.017223910840932118 0.03879310344827586
23 0.18693009118541035 0.21336206896551724 0.020263424518743668 0.04382183908045977
23 0.2560790273556231 0.2122844827586207 0.016717325227963525 0.03879310344827586
4 0.4237588652482269 0.1853448275862069 0.11904761904761904 0.16091954022988506
23 0.2312563323201621 0.2338362068965517 0.00911854103343465 0.020114942528735632
23 0.24518743667679838 0.23060344827586207 0.009625126646403243 0.021551724137931036
23 0.238855116514691 0.23204022988505746 0.009625126646403243 0.020833333333333332
4 0.3475177304964539 0.20977011494252873 0.03951367781155015 0.09554597701149425
4 0.8247213779128673 0.10488505747126436 0.04002026342451875 0.08908045977011494
23 0.729483282674772 0.1336206896551724 0.016210739614994935 0.017959770114942528
4 0.11499493414387031 0.27227011494252873 0.06940222897669707 0.09770114942528736
4 0.8049645390070922 0.12176724137931035 0.0425531914893617 0.08692528735632184
30 0.19630192502532928 0.26113505747126436 0.018743667679837893 0.027298850574712645
4 0.6821175278622087 0.15948275862068967 0.04002026342451875 0.04956896551724138
4 0.5281155015197568 0.21875 0.1033434650455927 0.15589080459770116
23 0.3670212765957447 0.27298850574712646 0.030395136778115502 0.03017241379310345
23 0.29407294832826747 0.3045977011494253 0.009625126646403243 0.022270114942528736
23 0.3006585612968592 0.3031609195402299 0.010131712259371834 0.02442528735632184
23 0.36955420466058764 0.2905890804597701 0.03292806484295846 0.02514367816091954
23 0.41033434650455924 0.29022988505747127 0.019756838905775075 0.040948275862068964
15 0.22872340425531915 0.3541666666666667 0.023809523809523808 0.03735632183908046
4 0.24214792299898683 0.35344827586206895 0.012664640324214792 0.029454022988505746
23 0.11296859169199595 0.38326149425287354 0.025329280648429583 0.022988505747126436
23 0.13652482269503546 0.37787356321839083 0.023809523809523808 0.022988505747126436
4 0.44047619047619047 0.32435344827586204 0.016210739614994935 0.02658045977011494
15 0.45592705167173253 0.32076149425287354 0.020263424518743668 0.033045977011494254
23 0.6342451874366768 0.2823275862068966 0.0121580547112462 0.02586206896551724
23 0.6253799392097265 0.2855603448275862 0.010638297872340425 0.022270114942528736
23 0.13905775075987842 0.3947557471264368 0.02330293819655522 0.022270114942528736
23 0.11499493414387031 0.4015804597701149 0.025835866261398176 0.023706896551724137
23 0.6109422492401215 0.2952586206896552 0.025835866261398176 0.02442528735632184
4 0.8368794326241135 0.24533045977011494 0.06433637284701114 0.1343390804597701
23 0.585612968591692 0.3017241379310345 0.02634245187436677 0.027298850574712645
4 0.4072948328267477 0.34985632183908044 0.013677811550151976 0.021551724137931036
15 0.4214792299898683 0.3516522988505747 0.022796352583586626 0.03807471264367816
30 0.4371833839918946 0.37751436781609193 0.014690982776089158 0.021551724137931036
23 0.6633738601823708 0.32794540229885055 0.006585612968591692 0.016522988505747127
30 0.4582066869300912 0.37464080459770116 0.016210739614994935 0.023706896551724137
23 0.6709726443768997 0.336566091954023 0.0070921985815602835 0.016522988505747127
23 0.6656534954407295 0.34913793103448276 0.008611955420466059 0.01867816091954023
23 0.831306990881459 0.3297413793103448 0.029381965552178316 0.022988505747126436
23 0.8092705167173252 0.33512931034482757 0.025835866261398176 0.023706896551724137
23 0.7826747720364742 0.34554597701149425 0.03090172239108409 0.023706896551724137
4 0.23986828774062816 0.47629310344827586 0.01165146909827761 0.021551724137931036
23 0.8523302938196555 0.3444683908045977 0.025329280648429583 0.022270114942528736
4 0.7712765957446809 0.3656609195402299 0.0121580547112462 0.020833333333333332
4 0.8171225937183384 0.3588362068965517 0.01165146909827761 0.01867816091954023
4 0.6717325227963525 0.39727011494252873 0.008611955420466059 0.01221264367816092
23 0.7986322188449848 0.38721264367816094 0.012664640324214792 0.010775862068965518
23 0.6537487335359676 0.42528735632183906 0.011144883485309016 0.01221264367816092
23 0.8080040526849037 0.3922413793103448 0.013677811550151976 0.010775862068965518
23 0.7930597771023303 0.3961925287356322 0.008611955420466059 0.010775862068965518
23 0.6540020263424519 0.4328304597701149 0.00911854103343465 0.009339080459770116
23 0.8100303951367781 0.4012212643678161 0.012664640324214792 0.011494252873563218
23 0.794579533941236 0.40625 0.009625126646403243 0.009339080459770116
23 0.8024316109422492 0.41163793103448276 0.0121580547112462 0.010057471264367816
23 0.7897669706180345 0.41594827586206895 0.013171225937183385 0.01221264367816092
15 0.4716312056737589 0.49030172413793105 0.015197568389057751 0.027298850574712645
15 0.6590678824721378 0.4504310344827586 0.02127659574468085 0.029454022988505746
15 0.43743667679837894 0.5003591954022989 0.014184397163120567 0.03017241379310345
15 0.6884498480243161 0.4504310344827586 0.023809523809523808 0.03735632183908046