23 0.729248046875 0.5221108490566038 0.0126953125 0.009433962264150943
4 0.7099609375 0.5259433962264151 0.00537109375 0.01061320754716981
30 0.593017578125 0.5362617924528302 0.02099609375 0.02830188679245283
4 0.74609375 0.5303655660377359 0.0048828125 0.013561320754716982
4 0.62890625 0.5471698113207547 0.005859375 0.012382075471698114
4 0.513427734375 0.5731132075471698 0.0107421875 0.008254716981132075
4 0.432861328125 0.5807783018867925 0.00634765625 0.01474056603773585
4 0.40576171875 0.5884433962264151 0.009765625 0.008254716981132075
30 0.127685546875 0.6011202830188679 0.0107421875 0.01945754716981132
15 0.0732421875 0.6123231132075472 0.013671875 0.01768867924528302
4 0.408447265625 0.6140919811320755 0.01171875 0.008254716981132075
4 0.517822265625 0.6102594339622641 0.01123046875 0.010023584905660377
15 0.029296875 0.6320754716981132 0.02294921875 0.0347877358490566
23 0.116943359375 0.07724056603773585 0.00732421875 0.018278301886792452
4 0.51806640625 0.6196933962264151 0.009765625 0.00884433962264151
30 0.70654296875 0.6140919811320755 0.01416015625 0.013561320754716982
15 0.8994140625 0.609375 0.03564453125 0.05188679245283019
30 0.70703125 0.6500589622641509 0.0107421875 0.014150943396226415
7 0.055419921875 0.7222877358490566 0.0302734375 0.09905660377358491
30 0.89990234375 0.7255306603773585 0.013671875 0.01474056603773585
7 0.736083984375 0.7396816037735849 0.04541015625 0.30542452830188677
30 0.698486328125 0.8119103773584906 0.01416015625 0.015919811320754717
23 0.365478515625 0.8290094339622641 0.01025390625 0.009433962264150943
23 0.405517578125 0.8278301886792453 0.01123046875 0.009433962264150943
23 0.50732421875 0.8248820754716981 0.01171875 0.008254716981132075
23 0.445556640625 0.8272405660377359 0.01025390625 0.012382075471698114
23 0.469970703125 0.8263561320754716 0.009765625 0.013561320754716982
23 0.382568359375 0.8298938679245284 0.0107421875 0.010023584905660377
23 0.419677734375 0.8284198113207547 0.01123046875 0.010023584905660377
23 0.56201171875 0.8231132075471698 0.01025390625 0.008254716981132075
23 0.549560546875 0.8248820754716981 0.00732421875 0.0076650943396226415
23 0.523193359375 0.8263561320754716 0.01025390625 0.0076650943396226415
15 0.045654296875 0.8561320754716981 0.02978515625 0.028891509433962265
23 0.38330078125 0.8611438679245284 0.00927734375 0.0076650943396226415
23 0.40576171875 0.8602594339622641 0.01123046875 0.009433962264150943
23 0.42431640625 0.8602594339622641 0.0126953125 0.009433962264150943
23 0.470703125 0.8587853773584906 0.01220703125 0.00884433962264151
23 0.366455078125 0.8632075471698113 0.01123046875 0.010023584905660377
23 0.447265625 0.8596698113207547 0.01318359375 0.009433962264150943
23 0.56396484375 0.8549528301886793 0.0078125 0.009433962264150943
23 0.50927734375 0.8570165094339622 0.009765625 0.0076650943396226415
23 0.5234375 0.8570165094339622 0.0107421875 0.008254716981132075
23 0.55029296875 0.8573113207547169 0.01220703125 0.007075471698113208
15 0.755859375 0.9145047169811321 0.0244140625 0.033608490566037735
30 0.881103515625 0.9186320754716981 0.07958984375 0.08490566037735849
23 0.365966796875 0.9675707547169812 0.00830078125 0.007075471698113208
23 0.510986328125 0.9619693396226415 0.0078125 0.0076650943396226415
23 0.381103515625 0.9681603773584906 0.00830078125 0.008254716981132075
23 0.395263671875 0.9675707547169812 0.009765625 0.006485849056603774
23 0.409423828125 0.9669811320754716 0.00732421875 0.006485849056603774
23 0.525634765625 0.9619693396226415 0.01123046875 0.007075471698113208
23 0.437255859375 0.9658018867924528 0.009765625 0.008254716981132075
23 0.474365234375 0.9643278301886793 0.01220703125 0.007075471698113208
23 0.454833984375 0.9655070754716981 0.00830078125 0.00589622641509434
23 0.464599609375 0.9652122641509434 0.00732421875 0.0076650943396226415
23 0.418701171875 0.9672759433962265 0.00732421875 0.007075471698113208
23 0.446533203125 0.9660966981132075 0.00732421875 0.00589622641509434
15 0.81005859375 0.9525353773584906 0.01611328125 0.020047169811320754
15 0.018798828125 0.12912735849056603 0.02685546875 0.01945754716981132
30 0.1884765625 0.18632075471698112 0.02783203125 0.027122641509433963
30 0.234130859375 0.19133254716981132 0.01953125 0.03125
30 0.254150390625 0.19133254716981132 0.021484375 0.031839622641509434
4 0.170654296875 0.21285377358490565 0.01171875 0.017099056603773585
4 0.185302734375 0.21226415094339623 0.01220703125 0.02122641509433962
15 0.141357421875 0.21550707547169812 0.0146484375 0.018278301886792452
4 0.23193359375 0.22228773584905662 0.01318359375 0.018278301886792452
4 0.246826171875 0.22287735849056603 0.01171875 0.018278301886792452
30 0.8134765625 0.20548349056603774 0.0068359375 0.012971698113207548
4 0.87890625 0.20253537735849056 0.00732421875 0.014150943396226415
30 0.828857421875 0.2134433962264151 0.01318359375 0.00884433962264151
4 0.184814453125 0.24616745283018868 0.00390625 0.01061320754716981
4 0.174072265625 0.24705188679245282 0.0048828125 0.01179245283018868
4 0.167236328125 0.24793632075471697 0.00537109375 0.013561320754716982
15 0.313720703125 0.2429245283018868 0.02880859375 0.05070754716981132
4 0.1591796875 0.2505896226415094 0.00439453125 0.010023584905660377
4 0.1572265625 0.2668042452830189 0.0048828125 0.012382075471698114
15 0.87060546875 0.23879716981132076 0.03662109375 0.04481132075471698
15 0.180908203125 0.27564858490566035 0.0380859375 0.0347877358490566
4 0.842529296875 0.2508844339622642 0.01123046875 0.0076650943396226415
4 0.903076171875 0.25 0.00927734375 0.006485849056603774
30 0.14794921875 0.28596698113207547 0.0126953125 0.020047169811320754
15 0.234375 0.2841981132075472 0.044921875 0.057193396226415096
30 0.576416015625 0.27270047169811323 0.0126953125 0.012971698113207548
30 0.293701171875 0.2939268867924528 0.02978515625 0.027712264150943397
4 0.314697265625 0.2936320754716981 0.00830078125 0.018867924528301886
4 0.736572265625 0.28360849056603776 0.0029296875 0.0076650943396226415
30 0.745361328125 0.28360849056603776 0.01123046875 0.0076650943396226415
30 0.652587890625 0.3001179245283019 0.00732421875 0.013561320754716982
4 0.735595703125 0.30365566037735847 0.005859375 0.013561320754716982
30 0.5986328125 0.31014150943396224 0.0107421875 0.01474056603773585
30 0.282958984375 0.3287146226415094 0.0244140625 0.02535377358490566
30 0.313232421875 0.3278301886792453 0.02685546875 0.024764150943396228
30 0.207275390625 0.33225235849056606 0.02978515625 0.02653301886792453
30 0.1767578125 0.33372641509433965 0.0302734375 0.025943396226415096
30 0.652587890625 0.3160377358490566 0.00830078125 0.015919811320754717
4 0.138671875 0.3405070754716981 0.01171875 0.00884433962264151
4 0.232421875 0.3384433962264151 0.013671875 0.00884433962264151
4 0.2568359375 0.33785377358490565 0.01708984375 0.01061320754716981
30 0.817626953125 0.31898584905660377 0.01025390625 0.01061320754716981
30 0.7548828125 0.3275353773584906 0.0087890625 0.007075471698113208
4 0.90283203125 0.32193396226415094 0.00341796875 0.00294811320754717
30 0.77197265625 0.3275353773584906 0.00927734375 0.008254716981132075
4 0.23388671875 0.35141509433962265 0.01513671875 0.010023584905660377
4 0.8671875 0.32576650943396224 0.005859375 0.003537735849056604
30 0.600341796875 0.33755896226415094 0.00830078125 0.014150943396226415
4 0.2587890625 0.35200471698113206 0.01611328125 0.010023584905660377
4 0.90283203125 0.3266509433962264 0.00439453125 0.00294811320754717
30 0.3134765625 0.35377358490566035 0.02685546875 0.02358490566037736
4 0.695068359375 0.3384433962264151 0.00927734375 0.017099056603773585
30 0.283203125 0.3564268867924528 0.02685546875 0.024764150943396228
30 0.208740234375 0.3599646226415094 0.03076171875 0.027712264150943397
30 0.177490234375 0.36202830188679247 0.03125 0.025943396226415096
4 0.68115234375 0.34139150943396224 0.00732421875 0.012382075471698114
4 0.843017578125 0.33579009433962265 0.00390625 0.008254716981132075
4 0.234130859375 0.3643867924528302 0.0146484375 0.00884433962264151
4 0.258056640625 0.3643867924528302 0.0166015625 0.00884433962264151
15 0.87060546875 0.35288915094339623 0.0302734375 0.0330188679245283
4 0.84326171875 0.3540683962264151 0.00439453125 0.0076650943396226415
30 0.80615234375 0.3555424528301887 0.0107421875 0.014150943396226415
30 0.7900390625 0.35672169811320753 0.01171875 0.014150943396226415
4 0.17138671875 0.38472877358490565 0.00634765625 0.01061320754716981
4 0.255615234375 0.38237028301886794 0.00732421875 0.009433962264150943
4 0.240966796875 0.38295990566037735 0.00830078125 0.012971698113207548
4 0.1796875 0.38620283018867924 0.00390625 0.008254716981132075
4 0.19384765625 0.3856132075471698 0.00634765625 0.01061320754716981
4 0.270263671875 0.38237028301886794 0.0087890625 0.011202830188679245
4 0.22509765625 0.38413915094339623 0.005859375 0.010023584905660377
4 0.21728515625 0.38443396226415094 0.00732421875 0.011202830188679245
4 0.248046875 0.38325471698113206 0.00732421875 0.012971698113207548
4 0.2626953125 0.38266509433962265 0.00927734375 0.01179245283018868
4 0.2783203125 0.38237028301886794 0.009765625 0.01179245283018868
30 0.584228515625 0.3696933962264151 0.01123046875 0.01061320754716981
4 0.1875 0.38620283018867924 0.00537109375 0.011202830188679245
4 0.20166015625 0.3856132075471698 0.00537109375 0.012382075471698114
4 0.23291015625 0.38502358490566035 0.00634765625 0.012971698113207548
4 0.20947265625 0.38590801886792453 0.00634765625 0.01179245283018868
4 0.849853515625 0.3643867924528302 0.00390625 0.0023584905660377358
4 0.892822265625 0.3643867924528302 0.00634765625 0.01061320754716981
4 0.850341796875 0.3696933962264151 0.00341796875 0.00294811320754717
4 0.8623046875 0.3738207547169811 0.00537109375 0.001768867924528302
4 0.87890625 0.3738207547169811 0.0048828125 0.00294811320754717
30 0.43212890625 0.39681603773584906 0.01123046875 0.012971698113207548
4 0.894287109375 0.3782429245283019 0.00390625 0.0076650943396226415
4 0.884033203125 0.38178066037735847 0.00634765625 0.00294811320754717
30 0.79931640625 0.390625 0.01123046875 0.015330188679245283
4 0.631103515625 0.4030070754716981 0.01025390625 0.006485849056603774
30 0.433837890625 0.41244103773584906 0.01025390625 0.012971698113207548
30 0.050048828125 0.4658018867924528 0.0107421875 0.011202830188679245
4 0.602783203125 0.4560731132075472 0.01220703125 0.00884433962264151
4 0.24267578125 0.47553066037735847 0.0048828125 0.012971698113207548
4 0.212646484375 0.47670990566037735 0.00732421875 0.012382075471698114
4 0.226318359375 0.47670990566037735 0.00830078125 0.013561320754716982
4 0.196044921875 0.47788915094339623 0.0068359375 0.012382075471698114
4 0.2568359375 0.47553066037735847 0.0078125 0.013561320754716982
4 0.203857421875 0.47818396226415094 0.0068359375 0.01061320754716981
4 0.250244140625 0.47641509433962265 0.0078125 0.014150943396226415
4 0.233642578125 0.47700471698113206 0.009765625 0.015330188679245283
4 0.218505859375 0.47818396226415094 0.00634765625 0.011202830188679245
15 0.03857421875 0.06633254716981132 0.02099609375 0.017099056603773585
15 0.56298828125 0.466686320754717 0.0107421875 0.015919811320754717
15 0.5771484375 0.4672759433962264 0.01123046875 0.012971698113207548
30 0.602783203125 0.4725825471698113 0.01416015625 0.015330188679245283
4 0.102294921875 0.5150353773584906 0.01220703125 0.008254716981132075
4 0.63232421875 0.4949882075471698 0.009765625 0.008254716981132075
30 0.120361328125 0.5294811320754716 0.01171875 0.02122641509433962
4 0.24365234375 0.5356721698113207 0.0068359375 0.014150943396226415
4 0.2060546875 0.5371462264150944 0.00634765625 0.013561320754716982
4 0.1982421875 0.5380306603773585 0.005859375 0.012971698113207548
4 0.25146484375 0.5359669811320755 0.01025390625 0.017099056603773585
4 0.220703125 0.5371462264150944 0.00830078125 0.01474056603773585
4 0.228515625 0.5374410377358491 0.00830078125 0.01061320754716981
4 0.21337890625 0.5380306603773585 0.005859375 0.011202830188679245
4 0.236328125 0.5371462264150944 0.005859375 0.01474056603773585
4 0.259765625 0.5365566037735849 0.00927734375 0.013561320754716982