4 0.4570815450643777 0.5308441558441559 0.03487124463519313 0.052759740259740256
4 0.13894849785407726 0.5925324675324676 0.046137339055793994 0.05032467532467533
4 0.9342811158798283 0.44886363636363635 0.02736051502145923 0.05519480519480519
4 0.9865879828326181 0.4411525974025974 0.02575107296137339 0.06574675324675325
4 0.07081545064377683 0.6866883116883117 0.028969957081545063 0.04626623376623377
4 0.15853004291845493 0.6818181818181818 0.03111587982832618 0.03977272727272727
4 0.0536480686695279 0.7073863636363636 0.02521459227467811 0.045454545454545456
4 0.38277896995708155 0.7065746753246753 0.0305793991416309 0.041396103896103896
4 0.06893776824034335 0.768262987012987 0.05042918454935622 0.056818181818181816
4 0.15504291845493562 0.7520292207792207 0.03379828326180258 0.05762987012987013
4 0.3138412017167382 0.7244318181818182 0.03165236051502146 0.04301948051948052
4 0.3444206008583691 0.7195616883116883 0.032188841201716736 0.03571428571428571
4 0.41523605150214593 0.7077922077922078 0.028433476394849784 0.03896103896103896
4 0.7135193133047211 0.6590909090909091 0.02575107296137339 0.03896103896103896
4 0.7993562231759657 0.6440746753246753 0.03379828326180258 0.05438311688311688
4 0.6271459227467812 0.6757305194805194 0.03272532188841202 0.04788961038961039
4 0.45761802575107297 0.7090097402597403 0.02628755364806867 0.041396103896103896
4 0.6679184549356223 0.671672077922078 0.03165236051502146 0.049512987012987016
4 0.8347639484978541 0.6424512987012987 0.02736051502145923 0.04788961038961039
4 0.5056330472103004 0.708198051948052 0.04184549356223176 0.052759740259740256
4 0.6013948497854077 0.6964285714285714 0.04184549356223176 0.05113636363636364
4 0.3792918454935622 0.7767857142857143 0.038090128755364806 0.04301948051948052
4 0.32349785407725323 0.788961038961039 0.027896995708154508 0.040584415584415584
4 0.6341201716738197 0.7467532467532467 0.028969957081545063 0.044642857142857144
4 0.42247854077253216 0.7893668831168831 0.027896995708154508 0.052759740259740256
4 0.6703326180257511 0.7487824675324676 0.019313304721030045 0.030032467532467532
4 0.7100321888412017 0.742288961038961 0.0305793991416309 0.04788961038961039
4 0.46030042918454933 0.7909902597402597 0.02628755364806867 0.037337662337662336
7 0.2411480686695279 0.8327922077922078 0.03487124463519313 0.11688311688311688
4 0.5115343347639485 0.7832792207792207 0.023068669527896997 0.04301948051948052
4 0.8004291845493562 0.7313311688311688 0.04452789699570815 0.05032467532467533
4 0.841469957081545 0.7260551948051948 0.02736051502145923 0.04626623376623377
4 0.8699034334763949 0.7215909090909091 0.029506437768240343 0.048701298701298704
4 0.5925429184549357 0.7804383116883117 0.033261802575107295 0.05357142857142857
4 0.33047210300429186 0.8478084415584416 0.028433476394849784 0.04220779220779221
4 0.5075107296137339 0.014204545454545454 0.04184549356223176 0.028409090909090908
4 0.6343884120171673 0.8096590909090909 0.02467811158798283 0.044642857142857144
4 0.8736587982832618 0.7755681818181818 0.021995708154506438 0.037337662337662336
4 0.8503218884120172 0.7857142857142857 0.03594420600858369 0.05113636363636364
4 0.8991416309012875 0.7775974025974026 0.02628755364806867 0.05032467532467533
4 0.42757510729613735 0.8676948051948052 0.02628755364806867 0.03896103896103896
4 0.8234978540772532 0.7946428571428571 0.033261802575107295 0.05194805194805195
7 0.21620171673819744 0.9127435064935064 0.03755364806866953 0.040584415584415584
4 0.7239806866952789 0.8214285714285714 0.0305793991416309 0.05032467532467533
4 0.4715665236051502 0.875 0.03862660944206009 0.04788961038961039
4 0.6845493562231759 0.836038961038961 0.03862660944206009 0.05925324675324675
4 0.5206545064377682 0.8681006493506493 0.045064377682403435 0.06168831168831169
4 0.33664163090128757 0.9058441558441559 0.03165236051502146 0.040584415584415584
4 0.6040772532188842 0.856737012987013 0.03594420600858369 0.052759740259740256
4 0.014484978540772532 0.10349025974025974 0.028969957081545063 0.03814935064935065
4 0.9055793991416309 0.827922077922078 0.032188841201716736 0.045454545454545456
4 0.1888412017167382 0.9780844155844156 0.04935622317596566 0.04220779220779221
4 0.03782188841201717 0.10064935064935066 0.03379828326180258 0.04220779220779221
4 0.0700107296137339 0.09862012987012987 0.03701716738197425 0.05032467532467533
4 0.30659871244635195 0.0625 0.03648068669527897 0.037337662337662336
4 0.21486051502145923 0.09659090909090909 0.03862660944206009 0.056006493506493504
4 0.0992489270386266 0.11891233766233766 0.03540772532188841 0.05925324675324675
4 0.28889484978540775 0.10430194805194805 0.024141630901287552 0.04220779220779221
4 0.1400214592274678 0.14569805194805194 0.029506437768240343 0.05032467532467533
15 0.09415236051502146 0.1728896103896104 0.07510729613733906 0.06655844155844155
4 0.4809549356223176 0.1112012987012987 0.0305793991416309 0.056818181818181816
4 0.3052575107296137 0.14366883116883117 0.028969957081545063 0.04301948051948052
4 0.66818669527897 0.08928571428571429 0.05793991416309013 0.06655844155844155
15 0.9168454935622318 0.056006493506493504 0.1072961373390558 0.11201298701298701
4 0.7583154506437768 0.0864448051948052 0.04774678111587983 0.04788961038961039
4 0.06759656652360516 0.22605519480519481 0.03165236051502146 0.03814935064935065
4 0.040236051502145924 0.2362012987012987 0.02628755364806867 0.04301948051948052
4 0.2719957081545064 0.19318181818181818 0.03862660944206009 0.048701298701298704
4 0.49409871244635195 0.16233766233766234 0.033261802575107295 0.049512987012987016
4 0.3111587982832618 0.19724025974025974 0.03648068669527897 0.03977272727272727
4 0.20600858369098712 0.23498376623376624 0.02092274678111588 0.04383116883116883
4 0.6574570815450643 0.16233766233766234 0.060085836909871244 0.05438311688311688
4 0.1869635193133047 0.25405844155844154 0.028433476394849784 0.03165584415584415
4 0.8927038626609443 0.15137987012987014 0.03540772532188841 0.06574675324675325
15 0.34549356223175964 0.2597402597402597 0.2140557939914163 0.15746753246753248
4 0.20278969957081544 0.2877435064935065 0.049892703862660946 0.05844155844155844
4 0.9468884120171673 0.15137987012987014 0.04130901287553648 0.06818181818181818
4 0.7086909871244635 0.19967532467532467 0.05472103004291846 0.05113636363636364
4 0.8382510729613734 0.19358766233766234 0.04935622317596566 0.05032467532467533
4 0.7757510729613734 0.20738636363636365 0.0638412017167382 0.049512987012987016
4 0.9530579399141631 0.18019480519480519 0.03272532188841202 0.04788961038961039
4 0.9087982832618026 0.20251623376623376 0.028433476394849784 0.056818181818181816
4 0.17998927038626608 0.3599837662337662 0.03165236051502146 0.05357142857142857
7 0.011266094420600859 0.41761363636363635 0.022532188841201718 0.07548701298701299
4 0.4782725321888412 0.3405032467532468 0.03862660944206009 0.08279220779220779
4 0.20949570815450644 0.3912337662337662 0.028433476394849784 0.033279220779220776
4 0.4074570815450644 0.35917207792207795 0.033261802575107295 0.04220779220779221
4 0.32966738197424894 0.380275974025974 0.03594420600858369 0.045454545454545456
4 0.43106223175965663 0.3640422077922078 0.034334763948497854 0.045454545454545456
4 0.20627682403433475 0.42288961038961037 0.038090128755364806 0.0625
4 0.8559549356223176 0.30560064935064934 0.060085836909871244 0.06574675324675325
4 0.04345493562231759 0.4679383116883117 0.045064377682403435 0.048701298701298704
4 0.4584227467811159 0.43506493506493504 0.04345493562231759 0.03977272727272727
4 0.23149141630901288 0.48133116883116883 0.02736051502145923 0.041396103896103896
4 0.26797210300429186 0.4784902597402597 0.03862660944206009 0.05032467532467533
4 0.023605150214592276 0.53125 0.03969957081545064 0.05519480519480519
4 0.05633047210300429 0.5292207792207793 0.03594420600858369 0.060876623376623376
4 0.3634656652360515 0.47564935064935066 0.033261802575107295 0.06737012987012987
4 0.09388412017167382 0.5304383116883117 0.05525751072961373 0.05113636363636364
23 0.32135193133047213 0.4890422077922078 0.04452789699570815 0.026785714285714284
4 0.29318669527896996 0.5219155844155844 0.027896995708154508 0.04220779220779221
4 0.5804721030042919 0.47767857142857145 0.05686695278969957 0.07142857142857142
4 0.8575643776824035 0.4366883116883117 0.03111587982832618 0.05194805194805195
4 0.8293991416309013 0.44358766233766234 0.03165236051502146 0.05032467532467533
4 0.7956008583690987 0.45413961038961037 0.04291845493562232 0.044642857142857144
15 0.08208154506437768 0.5909090909090909 0.09281115879828326 0.07548701298701299
4 0.3701716738197425 0.5373376623376623 0.029506437768240343 0.05925324675324675
4 0.2677038626609442 0.5612824675324676 0.03165236051502146 0.03896103896103896