4 0.9453290870488322 0.48984375 0.03503184713375796 0.016666666666666666
4 0.9479830148619958 0.5236979166666667 0.044585987261146494 0.017708333333333333
4 0.6990445859872612 0.7494791666666667 0.06263269639065817 0.025
23 0.7940552016985138 0.7981770833333334 0.028662420382165606 0.059895833333333336
23 0.6794055201698513 0.8 0.028662420382165606 0.06197916666666667
23 0.6475583864118896 0.8013020833333333 0.03078556263269639 0.06041666666666667
7 0.1035031847133758 0.8497395833333333 0.09341825902335456 0.20208333333333334
7 0.9644373673036093 0.8489583333333334 0.06900212314225053 0.12604166666666666
4 0.7611464968152867 0.07578125 0.03078556263269639 0.0203125
23 0.4978768577494692 0.08125 0.013800424628450107 0.011458333333333333
23 0.5148619957537155 0.08151041666666667 0.014861995753715499 0.013020833333333334
23 0.3964968152866242 0.09192708333333334 0.014861995753715499 0.0125
15 0.5329087048832272 0.10703125 0.0881104033970276 0.03802083333333333
4 0.7356687898089171 0.1109375 0.024416135881104035 0.0067708333333333336
4 0.4002123142250531 0.11588541666666667 0.01592356687898089 0.016145833333333335
30 0.3476645435244161 0.12161458333333333 0.05201698513800425 0.0359375
23 0.5875796178343949 0.12161458333333333 0.012738853503184714 0.0125
15 0.8550955414012739 0.11927083333333334 0.04883227176220807 0.030729166666666665
4 0.8901273885350318 0.11953125 0.012738853503184714 0.0109375
4 0.45063694267515925 0.12421875 0.03821656050955414 0.027604166666666666
15 0.7372611464968153 0.1328125 0.059447983014861996 0.0328125
7 0.07802547770700637 0.15989583333333332 0.09447983014861996 0.20364583333333333
23 0.37154989384288745 0.16510416666666666 0.012738853503184714 0.011458333333333333
23 0.34394904458598724 0.16796875 0.022292993630573247 0.00625
23 0.28290870488322717 0.21744791666666666 0.03503184713375796 0.04635416666666667
23 0.31687898089171973 0.21770833333333334 0.03078556263269639 0.04583333333333333
4 0.9373673036093418 0.35 0.03184713375796178 0.016145833333333335
4 0.9511677282377919 0.3809895833333333 0.04246284501061571 0.017708333333333333