30 0.7222505091649695 0.4902456647398844 0.015784114052953158 0.015895953757225433
4 0.8044806517311609 0.4967485549132948 0.06466395112016293 0.039739884393063585
23 0.30880855397148677 0.4851878612716763 0.015274949083503055 0.04263005780346821
23 0.2945519348268839 0.48554913294797686 0.01374745417515275 0.039739884393063585
23 0.33630346232179226 0.48735549132947975 0.014256619144602852 0.03757225433526012
23 0.3220468431771894 0.4869942196531792 0.011710794297352342 0.04335260115606936
23 0.7087576374745418 0.5036127167630058 0.009674134419551934 0.0072254335260115606
30 0.7596741344195519 0.5115606936416185 0.012729124236252547 0.02167630057803468
4 0.7459266802443992 0.5119219653179191 0.01120162932790224 0.018063583815028903
23 0.709775967413442 0.5115606936416185 0.008655804480651732 0.006502890173410405
4 0.20773930753564154 0.5 0.11405295315682282 0.16257225433526012
23 0.08070264765784115 0.5111994219653179 0.004582484725050916 0.011560693641618497
30 0.7115580448065173 0.5299855491329479 0.014256619144602852 0.01300578034682081
30 0.7502545824847251 0.5335982658959537 0.014256619144602852 0.026734104046242775
23 0.7785132382892057 0.5386560693641619 0.006109979633401222 0.015895953757225433
4 0.4434826883910387 0.5426300578034682 0.045824847250509164 0.06286127167630058
23 0.7520366598778004 0.5538294797687862 0.020366598778004074 0.014450867052023121
23 0.7762219959266803 0.5596098265895953 0.022912423625254582 0.018063583815028903
23 0.7268329938900203 0.559971098265896 0.021384928716904276 0.013728323699421965
23 0.6280549898167006 0.557442196531792 0.011710794297352342 0.03757225433526012
23 0.5613543788187373 0.555635838150289 0.014765784114052953 0.03106936416184971
23 0.6010692464358453 0.5581647398843931 0.01374745417515275 0.03684971098265896
23 0.5751018329938901 0.557442196531792 0.01680244399185336 0.039739884393063585
23 0.6143075356415478 0.5592485549132948 0.012219959266802444 0.03540462427745665
23 0.5883401221995926 0.559971098265896 0.01374745417515275 0.04190751445086705
4 0.6662423625254582 0.5697254335260116 0.04480651731160896 0.0657514450867052
4 0.2945519348268839 0.565028901734104 0.05295315682281059 0.07297687861271676
4 0.49185336048879835 0.5726156069364162 0.04073319755600815 0.05491329479768786
4 0.734725050916497 0.5932080924855492 0.02494908350305499 0.03395953757225433
4 0.41446028513238287 0.5867052023121387 0.03818737270875764 0.049132947976878616
4 0.5381873727087576 0.5921242774566474 0.04531568228105906 0.06502890173410404
23 0.4429735234215886 0.5910404624277457 0.025967413441955193 0.020953757225433526
15 0.764511201629328 0.6098265895953757 0.034623217922606926 0.052745664739884394
23 0.44220977596741345 0.6083815028901735 0.025967413441955193 0.020953757225433526
4 0.860488798370672 0.6188583815028902 0.03360488798370672 0.033236994219653176
4 0.8090631364562119 0.6260838150289018 0.015784114052953158 0.04263005780346821
4 0.109979633401222 0.6246387283236994 0.11659877800407333 0.16329479768786126
23 0.5313136456211812 0.6394508670520231 0.025458248472505093 0.02023121387283237
4 0.410132382892057 0.6372832369942196 0.03665987780040733 0.05708092485549133
4 0.24414460285132383 0.6405346820809249 0.017311608961303463 0.01878612716763006
4 0.2960794297352342 0.6430635838150289 0.05804480651731161 0.08164739884393063
4 0.8602342158859471 0.6585982658959537 0.037169042769857434 0.028901734104046242
23 0.5330957230142567 0.6575144508670521 0.028513238289205704 0.019508670520231215
23 0.7993890020366599 0.6694364161849711 0.01985743380855397 0.017341040462427744
4 0.7525458248472505 0.6687138728323699 0.025967413441955193 0.033236994219653176
23 0.5318228105906314 0.6763005780346821 0.02494908350305499 0.023121387283236993
4 0.720213849287169 0.6838872832369942 0.009164969450101833 0.017341040462427744
4 0.17438900203665988 0.6828034682080925 0.01680244399185336 0.023121387283236993
4 0.7227596741344195 0.6976156069364162 0.010692464358452138 0.011560693641618497
23 0.9587576374745418 0.7052023121387283 0.03513238289205703 0.015895953757225433
4 0.41165987780040736 0.694364161849711 0.032586558044806514 0.057803468208092484
23 0.17515274949083504 0.7109826589595376 0.017311608961303463 0.03468208092485549
4 0.9536659877800407 0.7518063583815029 0.08604887983706722 0.06286127167630058
23 0.10081466395112017 0.7424132947976878 0.01120162932790224 0.030346820809248554
23 0.08197556008146639 0.743135838150289 0.013238289205702648 0.033236994219653176
23 0.050407331975560084 0.7510838150289018 0.031568228105906315 0.023121387283236993
30 0.7232688391038696 0.0509393063583815 0.03411405295315682 0.09176300578034682
15 0.22072301425661914 0.7684248554913294 0.03818737270875764 0.09104046242774566
15 0.25891038696537677 0.7760115606936416 0.03971486761710794 0.11343930635838151
23 0.7393075356415478 0.7886560693641619 0.012729124236252547 0.03901734104046243
30 0.6563136456211812 0.05057803468208093 0.038696537678207736 0.09393063583815028
23 0.04837067209775967 0.775650289017341 0.02494908350305499 0.02023121387283237
23 0.7265784114052953 0.7976878612716763 0.011710794297352342 0.039739884393063585
23 0.0829938900203666 0.7875722543352601 0.024439918533604887 0.02167630057803468
30 0.7973523421588594 0.057803468208092484 0.035641547861507125 0.101878612716763
15 0.6326374745417516 0.807442196531792 0.03665987780040733 0.039739884393063585
4 0.017311608961303463 0.7929913294797688 0.021384928716904276 0.03251445086705202
30 0.7558553971486762 0.0559971098265896 0.03411405295315682 0.10043352601156069
30 0.3918024439918534 0.04588150289017341 0.03920570264765784 0.09176300578034682
23 0.009164969450101833 0.03359826589595376 0.007637474541751527 0.026734104046242775
23 0.014765784114052953 0.03359826589595376 0.006619144602851324 0.019508670520231215
23 0.03054989816700611 0.03395953757225433 0.012729124236252547 0.028901734104046242
15 0.3228105906313646 0.8258670520231214 0.03615071283095723 0.0953757225433526
15 0.3604887983706721 0.8320086705202312 0.03309572301425662 0.10260115606936417
30 0.6917006109979633 0.0559971098265896 0.03411405295315682 0.10332369942196531
4 0.7161405295315683 0.8507947976878613 0.02494908350305499 0.05708092485549133
15 0.4895621181262729 0.8457369942196532 0.040224032586558045 0.10910404624277456
4 0.4111507128309572 0.8446531791907514 0.025967413441955193 0.06069364161849711
15 0.5257128309572301 0.8526011560693642 0.04124236252545825 0.11271676300578035
4 0.016293279022403257 0.8435693641618497 0.032586558044806514 0.05563583815028902
4 0.2085030549898167 0.8482658959537572 0.01120162932790224 0.007947976878612716
30 0.2685845213849287 0.05166184971098266 0.056517311608961306 0.10332369942196531
23 0.04684317718940937 0.03793352601156069 0.008655804480651732 0.030346820809248554
4 0.7601832993890021 0.8807803468208093 0.04378818737270876 0.046242774566473986
4 0.7181771894093686 0.8963150289017341 0.04073319755600815 0.04335260115606936
30 0.32230142566191444 0.055274566473988436 0.05702647657841141 0.11054913294797687
4 0.6453665987780041 0.9002890173410405 0.025458248472505093 0.059248554913294796
23 0.02469450101832994 0.8959537572254336 0.014256619144602852 0.03901734104046243
4 0.2174134419551935 0.9042630057803468 0.029531568228105907 0.03757225433526012
4 0.730142566191446 0.9248554913294798 0.020366598778004074 0.02601156069364162
4 0.2505091649694501 0.914378612716763 0.035641547861507125 0.05563583815028902
4 0.47505091649694503 0.921242774566474 0.020366598778004074 0.04335260115606936
4 0.534877800407332 0.928106936416185 0.03054989816700611 0.03251445086705202
4 0.30320773930753564 0.9273843930635838 0.03360488798370672 0.031791907514450865
30 0.754837067209776 0.9407514450867052 0.023930753564154784 0.03757225433526012
30 0.5343686354378818 0.05708092485549133 0.03513238289205703 0.08309248554913294
23 0.38518329938900203 0.934971098265896 0.015274949083503055 0.04190751445086705
4 0.7156313645621182 0.9440028901734104 0.03615071283095723 0.033236994219653176
23 0.020112016293279023 0.932442196531792 0.014256619144602852 0.03251445086705202
4 0.34877800407331977 0.9479768786127167 0.03665987780040733 0.04046242774566474
23 0.038696537678207736 0.9411127167630058 0.024439918533604887 0.01878612716763006
4 0.6020875763747454 0.10151734104046242 0.060590631364562116 0.04046242774566474
23 0.7410896130346232 0.11488439306358382 0.011710794297352342 0.029624277456647398
23 0.6514765784114053 0.11416184971098266 0.019348268839103868 0.024566473988439308
23 0.6784623217922607 0.11632947976878613 0.014765784114052953 0.03901734104046243
23 0.7064663951120163 0.11705202312138728 0.01374745417515275 0.03468208092485549
23 0.7856415478615071 0.12102601156069365 0.014256619144602852 0.036127167630057806
23 0.23778004073319756 0.11560693641618497 0.016293279022403257 0.04190751445086705
23 0.3065173116089613 0.13186416184971098 0.013238289205702648 0.03684971098265896
4 0.47581466395112015 0.14667630057803469 0.10692464358452139 0.1430635838150289
23 0.27927698574338083 0.14703757225433525 0.007128309572301426 0.01878612716763006
23 0.2935336048879837 0.14739884393063585 0.007637474541751527 0.02023121387283237
23 0.2869144602851324 0.14703757225433525 0.007637474541751527 0.019508670520231215
4 0.3974032586558045 0.15209537572254336 0.031059063136456212 0.09104046242774566
4 0.8823828920570265 0.16618497109826588 0.032586558044806514 0.08453757225433527
23 0.7846232179226069 0.1708815028901734 0.014765784114052953 0.015895953757225433
4 0.15936863543788188 0.15643063583815028 0.062118126272912425 0.08742774566473989
4 0.8609979633401222 0.17810693641618497 0.03513238289205703 0.08164739884393063
30 0.24134419551934827 0.16546242774566475 0.01680244399185336 0.024566473988439308
4 0.7344704684317719 0.18497109826589594 0.03665987780040733 0.04335260115606936
4 0.574847250509165 0.2055635838150289 0.09114052953156823 0.14089595375722544
23 0.4086048879837067 0.21965317919075145 0.028513238289205704 0.025289017341040464
23 0.33273930753564157 0.23265895953757226 0.008146639511201629 0.020953757225433526
23 0.33935845213849286 0.23302023121387283 0.008146639511201629 0.023121387283236993
23 0.40911405295315684 0.23771676300578035 0.031568228105906315 0.019508670520231215
23 0.4495926680244399 0.24710982658959538 0.016293279022403257 0.03901734104046243
15 0.2619653767820774 0.2658959537572254 0.020875763747454174 0.03395953757225433
4 0.27520366598778007 0.2680635838150289 0.010183299389002037 0.028179190751445087
23 0.14383910386965376 0.26553468208092484 0.023930753564154784 0.01878612716763006
23 0.16776985743380857 0.26625722543352603 0.02240325865580448 0.01878612716763006
4 0.47505091649694503 0.28829479768786126 0.014256619144602852 0.02384393063583815
15 0.4908350305498982 0.2886560693641618 0.017820773930753563 0.030346820809248554
23 0.6720977596741344 0.2947976878612717 0.010183299389002037 0.02384393063583815
23 0.6629327902240326 0.2958815028901734 0.009164969450101833 0.020953757225433526
23 0.1680244399185336 0.28359826589595377 0.02189409368635438 0.01878612716763006
23 0.14358452138492872 0.2843208092485549 0.024439918533604887 0.019508670520231215
23 0.6476578411405295 0.3020231213872832 0.023930753564154784 0.02023121387283237
4 0.8770366598778004 0.30852601156069365 0.05295315682281059 0.12644508670520233
23 0.6216904276985743 0.3020231213872832 0.02494908350305499 0.023121387283236993
4 0.43915478615071285 0.305635838150289 0.011710794297352342 0.019508670520231215
15 0.45290224032586557 0.3110549132947977 0.01985743380855397 0.03540462427745665
30 0.4653767820773931 0.3403179190751445 0.012729124236252547 0.01878612716763006
23 0.695264765784114 0.3471820809248555 0.0050916496945010185 0.015895953757225433
30 0.48676171079429736 0.34284682080924855 0.014765784114052953 0.020953757225433526
23 0.7018839103869654 0.35765895953757226 0.00560081466395112 0.015895953757225433
23 0.695010183299389 0.3688583815028902 0.006619144602851324 0.017341040462427744
23 0.8615071283095723 0.39053468208092484 0.0280040733197556 0.018063583815028903
23 0.8388492871690427 0.39053468208092484 0.024439918533604887 0.019508670520231215
23 0.8113543788187373 0.39414739884393063 0.029531568228105907 0.018063583815028903
4 0.25789205702647655 0.3890895953757225 0.009674134419551934 0.019508670520231215
23 0.8806008146639511 0.41040462427745666 0.023930753564154784 0.018063583815028903
4 0.7973523421588594 0.4111271676300578 0.010183299389002037 0.01878612716763006
4 0.8436863543788188 0.4161849710982659 0.010183299389002037 0.016618497109826588
4 0.695010183299389 0.4179913294797688 0.007637474541751527 0.01083815028901734
23 0.8220468431771895 0.4393063583815029 0.011710794297352342 0.008670520231213872
23 0.6738798370672098 0.44147398843930635 0.010183299389002037 0.010115606936416185
23 0.8307026476578412 0.44689306358381503 0.013238289205702648 0.007947976878612716
23 0.8154276985743381 0.4472543352601156 0.007637474541751527 0.00939306358381503
23 0.6733706720977597 0.4486994219653179 0.008655804480651732 0.0072254335260115606
23 0.8314663951120163 0.45628612716763006 0.011710794297352342 0.00939306358381503
23 0.8156822810590632 0.45736994219653176 0.009164969450101833 0.0072254335260115606
23 0.8228105906313645 0.46459537572254334 0.011710794297352342 0.007947976878612716
23 0.8095723014256619 0.4656791907514451 0.012219959266802444 0.00939306358381503
15 0.48574338085539714 0.460621387283237 0.013238289205702648 0.025289017341040464
15 0.6761710794297352 0.467485549132948 0.019348268839103868 0.026734104046242775
15 0.45061099796334014 0.4620664739884393 0.011710794297352342 0.028179190751445087
15 0.704938900203666 0.47471098265895956 0.020875763747454174 0.03395953757225433