23 0.27455357142857145 0.13866120218579234 0.006448412698412698 0.009562841530054645
23 0.28348214285714285 0.13934426229508196 0.005456349206349206 0.012295081967213115
23 0.1359126984126984 0.15915300546448088 0.00248015873015873 0.015027322404371584
23 0.14037698412698413 0.1598360655737705 0.002976190476190476 0.017759562841530054
4 0.4079861111111111 0.1413934426229508 0.00744047619047619 0.01366120218579235
15 0.3055555555555556 0.1523224043715847 0.025793650793650792 0.0546448087431694
23 0.13616071428571427 0.18237704918032788 0.003968253968253968 0.017759562841530054
23 0.13169642857142858 0.18442622950819673 0.003472222222222222 0.017759562841530054
23 0.40848214285714285 0.16325136612021857 0.006944444444444444 0.01366120218579235
23 0.49404761904761907 0.1564207650273224 0.006448412698412698 0.009562841530054645
4 0.4615575396825397 0.16051912568306012 0.006944444444444444 0.01092896174863388
23 0.28447420634920634 0.17896174863387979 0.005952380952380952 0.009562841530054645
15 0.4347718253968254 0.16734972677595628 0.04117063492063492 0.13934426229508196
23 0.49429563492063494 0.1687158469945355 0.007936507936507936 0.01366120218579235
23 0.40848214285714285 0.17827868852459017 0.006944444444444444 0.01366120218579235
4 0.29662698412698413 0.18989071038251365 0.005952380952380952 0.009562841530054645
23 0.28422619047619047 0.1912568306010929 0.005952380952380952 0.012295081967213115
4 0.3070436507936508 0.18920765027322403 0.006944444444444444 0.009562841530054645
4 0.4615575396825397 0.1755464480874317 0.006448412698412698 0.01092896174863388
4 0.34077380952380953 0.18989071038251365 0.005456349206349206 0.03551912568306011
4 0.40128968253968256 0.19398907103825136 0.003968253968253968 0.02185792349726776
4 0.46056547619047616 0.2028688524590164 0.004464285714285714 0.020491803278688523
23 0.17038690476190477 0.23087431693989072 0.005456349206349206 0.01092896174863388
23 0.6530257936507936 0.19262295081967212 0.007936507936507936 0.01366120218579235
23 0.6604662698412699 0.19330601092896174 0.005952380952380952 0.01092896174863388
23 0.17063492063492064 0.24180327868852458 0.005952380952380952 0.00819672131147541
23 0.3521825396825397 0.2301912568306011 0.003472222222222222 0.031420765027322405
23 0.34325396825396826 0.23087431693989072 0.00496031746031746 0.01912568306010929
23 0.6530257936507936 0.20491803278688525 0.007936507936507936 0.012295081967213115
4 0.41220238095238093 0.22950819672131148 0.005456349206349206 0.02185792349726776
23 0.6599702380952381 0.20560109289617487 0.005456349206349206 0.00819672131147541
4 0.3318452380952381 0.2424863387978142 0.007936507936507936 0.03961748633879782
23 0.17038690476190477 0.26639344262295084 0.005952380952380952 0.012295081967213115
4 0.36507936507936506 0.26434426229508196 0.013392857142857142 0.02185792349726776
15 0.2775297619047619 0.3025956284153005 0.025297619047619048 0.07103825136612021
23 0.49528769841269843 0.2923497267759563 0.005952380952380952 0.01092896174863388
23 0.49603174603174605 0.3046448087431694 0.006944444444444444 0.01092896174863388
4 0.2140376984126984 0.33879781420765026 0.008928571428571428 0.045081967213114756
33 0.18030753968253968 0.34494535519125685 0.027777777777777776 0.07377049180327869
4 0.33283730158730157 0.35450819672131145 0.004464285714285714 0.01912568306010929
4 0.3253968253968254 0.35655737704918034 0.003472222222222222 0.01912568306010929
4 0.30357142857142855 0.36065573770491804 0.003968253968253968 0.01912568306010929
7 0.00992063492063492 0.3948087431693989 0.01984126984126984 0.1366120218579235
4 0.294890873015873 0.375 0.01240079365079365 0.02185792349726776
4 0.1130952380952381 0.39344262295081966 0.010416666666666666 0.01639344262295082
4 0.27728174603174605 0.38729508196721313 0.006448412698412698 0.03415300546448088
23 0.14508928571428573 0.4098360655737705 0.006448412698412698 0.01366120218579235
23 0.1453373015873016 0.43306010928961747 0.006944444444444444 0.01092896174863388
4 0.13194444444444445 0.4385245901639344 0.010416666666666666 0.01912568306010929
4 0.07390873015873016 0.44398907103825136 0.005952380952380952 0.030054644808743168
15 0.32837301587301587 0.42896174863387976 0.0496031746031746 0.11612021857923498
15 0.10416666666666667 0.4713114754098361 0.033234126984126984 0.10109289617486339
15 0.2760416666666667 0.4569672131147541 0.030257936507936508 0.11202185792349727
4 0.14608134920634921 0.4890710382513661 0.010416666666666666 0.01366120218579235
4 0.13219246031746032 0.4918032786885246 0.01240079365079365 0.01366120218579235
4 0.07465277777777778 0.4972677595628415 0.009424603174603174 0.015027322404371584
23 0.1470734126984127 0.5040983606557377 0.006944444444444444 0.01092896174863388
4 0.1324404761904762 0.5095628415300546 0.010912698412698412 0.01366120218579235
23 0.3256448412698413 0.4952185792349727 0.003968253968253968 0.01366120218579235
23 0.3306051587301587 0.4972677595628415 0.003472222222222222 0.01639344262295082
23 0.14682539682539683 0.5163934426229508 0.006448412698412698 0.012295081967213115
23 0.07490079365079365 0.5259562841530054 0.005952380952380952 0.012295081967213115
7 0.054563492063492064 0.08879781420765027 0.04513888888888889 0.06693989071038252
7 0.21329365079365079 0.07513661202185792 0.05257936507936508 0.05737704918032787
33 0.18303571428571427 0.5239071038251366 0.020833333333333332 0.08196721311475409
7 0.13293650793650794 0.08265027322404371 0.10317460317460317 0.07103825136612021
23 0.5600198412698413 0.4959016393442623 0.00744047619047619 0.012295081967213115
4 0.08754960317460317 0.5437158469945356 0.011904761904761904 0.01639344262295082
4 0.12276785714285714 0.5403005464480874 0.012896825396825396 0.023224043715846996
4 0.10689484126984126 0.5430327868852459 0.013392857142857142 0.020491803278688523
23 0.078125 0.5457650273224044 0.003968253968253968 0.020491803278688523
23 0.09697420634920635 0.5443989071038251 0.003968253968253968 0.01639344262295082
23 0.038938492063492064 0.5512295081967213 0.006944444444444444 0.01092896174863388
23 0.1341765873015873 0.546448087431694 0.005456349206349206 0.009562841530054645
23 0.2700892857142857 0.5327868852459017 0.003472222222222222 0.01912568306010929
23 0.5595238095238095 0.505464480874317 0.00744047619047619 0.009562841530054645
23 0.28249007936507936 0.5348360655737705 0.00496031746031746 0.015027322404371584
23 0.039186507936507936 0.5635245901639344 0.00744047619047619 0.01366120218579235
4 0.5220734126984127 0.5211748633879781 0.00992063492063492 0.015027322404371584
4 0.5344742063492064 0.5211748633879781 0.010416666666666666 0.012295081967213115
23 0.14682539682539683 0.5587431693989071 0.006448412698412698 0.01092896174863388
30 0.26091269841269843 0.5532786885245902 0.011904761904761904 0.036885245901639344
23 0.038938492063492064 0.5771857923497268 0.006944444444444444 0.012295081967213115
23 0.2906746031746032 0.5539617486338798 0.003968253968253968 0.01366120218579235
23 0.27033730158730157 0.5587431693989071 0.003968253968253968 0.01092896174863388
23 0.283234126984127 0.5580601092896175 0.002976190476190476 0.01639344262295082
23 0.6369047619047619 0.5293715846994536 0.002976190476190476 0.01366120218579235
23 0.6403769841269841 0.5300546448087432 0.003472222222222222 0.01639344262295082
4 0.6493055555555556 0.5293715846994536 0.008432539682539682 0.017759562841530054
23 0.050347222222222224 0.5894808743169399 0.006944444444444444 0.01092896174863388
4 0.21502976190476192 0.5765027322404371 0.006944444444444444 0.040983606557377046
23 0.2309027777777778 0.5765027322404371 0.005952380952380952 0.009562841530054645
4 0.5260416666666666 0.5587431693989071 0.008928571428571428 0.012295081967213115
23 0.640625 0.5491803278688525 0.003968253968253968 0.012295081967213115
4 0.6495535714285714 0.5484972677595629 0.007936507936507936 0.01366120218579235
23 0.636656746031746 0.5512295081967213 0.003472222222222222 0.015027322404371584
23 0.30257936507936506 0.5846994535519126 0.005456349206349206 0.012295081967213115
7 0.014136904761904762 0.6202185792349727 0.028273809523809524 0.319672131147541
30 0.26240079365079366 0.5997267759562842 0.01240079365079365 0.04371584699453552
23 0.3030753968253968 0.5969945355191257 0.00496031746031746 0.006830601092896175
23 0.2750496031746032 0.6010928961748634 0.002976190476190476 0.017759562841530054
4 0.5262896825396826 0.5765027322404371 0.00992063492063492 0.017759562841530054
23 0.040426587301587304 0.6536885245901639 0.006944444444444444 0.01366120218579235
23 0.5411706349206349 0.6461748633879781 0.006448412698412698 0.012295081967213115
23 0.5401785714285714 0.6584699453551912 0.005456349206349206 0.012295081967213115
15 0.5873015873015873 0.6584699453551912 0.04017857142857143 0.08469945355191257
15 0.6671626984126984 0.6577868852459017 0.03869047619047619 0.08196721311475409
4 0.42782738095238093 0.6816939890710383 0.003968253968253968 0.01639344262295082
4 0.451140873015873 0.6796448087431693 0.002976190476190476 0.015027322404371584
4 0.4957837301587302 0.6755464480874317 0.00248015873015873 0.01366120218579235
4 0.4476686507936508 0.680327868852459 0.003472222222222222 0.01639344262295082
4 0.47544642857142855 0.6775956284153005 0.002976190476190476 0.01639344262295082
4 0.4799107142857143 0.6769125683060109 0.003472222222222222 0.012295081967213115
4 0.46304563492063494 0.6782786885245902 0.003472222222222222 0.017759562841530054
4 0.4585813492063492 0.680327868852459 0.00496031746031746 0.020491803278688523
4 0.42336309523809523 0.6837431693989071 0.003472222222222222 0.02185792349726776
4 0.43179563492063494 0.6830601092896175 0.001984126984126984 0.015027322404371584
4 0.43625992063492064 0.6823770491803278 0.002976190476190476 0.015027322404371584
4 0.4556051587301587 0.680327868852459 0.002976190476190476 0.015027322404371584
4 0.4680059523809524 0.6796448087431693 0.003472222222222222 0.015027322404371584
4 0.4913194444444444 0.6769125683060109 0.004464285714285714 0.015027322404371584
4 0.484375 0.6775956284153005 0.002976190476190476 0.01639344262295082
4 0.4437003968253968 0.6816939890710383 0.00248015873015873 0.017759562841530054
4 0.4392361111111111 0.6823770491803278 0.002976190476190476 0.01639344262295082
4 0.4714781746031746 0.6789617486338798 0.001984126984126984 0.01639344262295082
4 0.4992559523809524 0.6762295081967213 0.003472222222222222 0.01639344262295082
4 0.5076884920634921 0.6755464480874317 0.003472222222222222 0.01639344262295082
4 0.5032242063492064 0.6775956284153005 0.002976190476190476 0.01639344262295082
23 0.5270337301587301 0.680327868852459 0.005952380952380952 0.01092896174863388
23 0.5419146825396826 0.680327868852459 0.00744047619047619 0.00819672131147541
23 0.527281746031746 0.6912568306010929 0.005952380952380952 0.01366120218579235
23 0.43154761904761907 0.7008196721311475 0.00248015873015873 0.015027322404371584
23 0.5421626984126984 0.6898907103825137 0.005952380952380952 0.015027322404371584
23 0.4558531746031746 0.6994535519125683 0.002976190476190476 0.01366120218579235
23 0.47966269841269843 0.6974043715846995 0.003968253968253968 0.01366120218579235
23 0.4652777777777778 0.6987704918032787 0.00248015873015873 0.015027322404371584
23 0.4756944444444444 0.6980874316939891 0.003472222222222222 0.01092896174863388
23 0.49503968253968256 0.6960382513661202 0.003472222222222222 0.015027322404371584
23 0.5074404761904762 0.694672131147541 0.003968253968253968 0.01366120218579235
23 0.4236111111111111 0.7028688524590164 0.003968253968253968 0.01639344262295082
23 0.46825396825396826 0.6987704918032787 0.00248015873015873 0.012295081967213115
23 0.4513888888888889 0.7015027322404371 0.002976190476190476 0.017759562841530054
23 0.5034722222222222 0.6967213114754098 0.002976190476190476 0.01366120218579235
23 0.4880952380952381 0.6980874316939891 0.00248015873015873 0.012295081967213115
23 0.4479166666666667 0.7021857923497268 0.004464285714285714 0.020491803278688523
23 0.43601190476190477 0.7028688524590164 0.003968253968253968 0.017759562841530054
23 0.4593253968253968 0.7008196721311475 0.003968253968253968 0.01366120218579235
23 0.439484126984127 0.7028688524590164 0.003472222222222222 0.01092896174863388
23 0.4722222222222222 0.7008196721311475 0.003968253968253968 0.01092896174863388
23 0.49950396825396826 0.6980874316939891 0.003968253968253968 0.01366120218579235
23 0.49206349206349204 0.6987704918032787 0.00248015873015873 0.012295081967213115
23 0.42757936507936506 0.7049180327868853 0.002976190476190476 0.017759562841530054
23 0.4439484126984127 0.7049180327868853 0.001984126984126984 0.01912568306010929
23 0.4439484126984127 0.7049180327868853 0.003472222222222222 0.020491803278688523
4 0.5267857142857143 0.703551912568306 0.005456349206349206 0.006830601092896175
23 0.47445436507936506 0.7144808743169399 0.005456349206349206 0.00819672131147541
4 0.5210813492063492 0.7110655737704918 0.005456349206349206 0.006830601092896175
23 0.5126488095238095 0.7117486338797814 0.006448412698412698 0.009562841530054645
23 0.4322916666666667 0.7213114754098361 0.003472222222222222 0.015027322404371584
23 0.4243551587301587 0.7233606557377049 0.003472222222222222 0.01639344262295082
23 0.5280257936507936 0.7172131147540983 0.005456349206349206 0.006830601092896175
23 0.46999007936507936 0.7254098360655737 0.005952380952380952 0.00819672131147541
4 0.5126488095238095 0.7226775956284153 0.005952380952380952 0.009562841530054645
23 0.5205853174603174 0.7233606557377049 0.00496031746031746 0.009562841530054645
23 0.5277777777777778 0.726775956284153 0.00496031746031746 0.009562841530054645
4 0.4801587301587302 0.7342896174863388 0.008432539682539682 0.01092896174863388
23 0.5208333333333334 0.7329234972677595 0.003968253968253968 0.00546448087431694
23 0.16245039682539683 0.773224043715847 0.003472222222222222 0.01639344262295082
23 0.21651785714285715 0.7691256830601093 0.00496031746031746 0.017759562841530054
23 0.18377976190476192 0.7725409836065574 0.003968253968253968 0.01912568306010929
23 0.13814484126984128 0.7766393442622951 0.004464285714285714 0.017759562841530054
23 0.16790674603174602 0.7739071038251366 0.005456349206349206 0.020491803278688523
23 0.2204861111111111 0.7691256830601093 0.00496031746031746 0.01639344262295082
23 0.2279265873015873 0.7684426229508197 0.00496031746031746 0.020491803278688523
23 0.20014880952380953 0.7704918032786885 0.00248015873015873 0.01912568306010929
23 0.12524801587301587 0.7780054644808743 0.003968253968253968 0.01912568306010929
23 0.1545138888888889 0.7752732240437158 0.003968253968253968 0.015027322404371584
23 0.20907738095238096 0.769808743169399 0.003472222222222222 0.015027322404371584
23 0.1341765873015873 0.7773224043715847 0.003472222222222222 0.01912568306010929
23 0.19717261904761904 0.7711748633879781 0.00248015873015873 0.01912568306010929
23 0.21254960317460317 0.769808743169399 0.003968253968253968 0.01639344262295082
23 0.17782738095238096 0.7745901639344263 0.002976190476190476 0.01639344262295082
23 0.14608134920634921 0.7773224043715847 0.003968253968253968 0.017759562841530054
23 0.1505456349206349 0.7766393442622951 0.004464285714285714 0.017759562841530054
23 0.2244543650793651 0.769808743169399 0.002976190476190476 0.01366120218579235
23 0.23288690476190477 0.7691256830601093 0.00496031746031746 0.017759562841530054
23 0.14211309523809523 0.7780054644808743 0.003472222222222222 0.01912568306010929
4 0.5277777777777778 0.7404371584699454 0.006944444444444444 0.009562841530054645
23 0.13020833333333334 0.7786885245901639 0.003472222222222222 0.017759562841530054
23 0.2041170634920635 0.7718579234972678 0.00496031746031746 0.01639344262295082
23 0.42485119047619047 0.7520491803278688 0.001984126984126984 0.01639344262295082
23 0.4283234126984127 0.7513661202185792 0.003472222222222222 0.01912568306010929
23 0.5421626984126984 0.7404371584699454 0.006448412698412698 0.01092896174863388
23 0.5486111111111112 0.7411202185792349 0.006944444444444444 0.00819672131147541
23 0.46850198412698413 0.7493169398907104 0.007936507936507936 0.012295081967213115
4 0.4913194444444444 0.7493169398907104 0.00744047619047619 0.012295081967213115
4 0.47941468253968256 0.7506830601092896 0.00992063492063492 0.009562841530054645
4 0.5012400793650794 0.7513661202185792 0.006944444444444444 0.01366120218579235
23 0.5677083333333334 0.7452185792349727 0.002976190476190476 0.015027322404371584
4 0.5141369047619048 0.7513661202185792 0.010416666666666666 0.012295081967213115
23 0.5716765873015873 0.7459016393442623 0.004464285714285714 0.01639344262295082
23 0.46850198412698413 0.7629781420765027 0.008928571428571428 0.01366120218579235
4 0.47966269841269843 0.7670765027322405 0.008432539682539682 0.01092896174863388
4 0.49950396825396826 0.7650273224043715 0.008928571428571428 0.01366120218579235
23 0.5220734126984127 0.7629781420765027 0.005952380952380952 0.01092896174863388
23 0.5074404761904762 0.7657103825136612 0.005952380952380952 0.009562841530054645
4 0.20238095238095238 0.7978142076502732 0.005456349206349206 0.02185792349726776
4 0.12078373015873016 0.8060109289617486 0.004464285714285714 0.02185792349726776
4 0.12524801587301587 0.8066939890710383 0.004464285714285714 0.020491803278688523
23 0.5719246031746031 0.7636612021857924 0.002976190476190476 0.015027322404371584
23 0.27976190476190477 0.7916666666666666 0.00744047619047619 0.01366120218579235
23 0.23561507936507936 0.7957650273224044 0.004464285714285714 0.01912568306010929
4 0.19816468253968253 0.799863387978142 0.004464285714285714 0.023224043715846996
23 0.49206349206349204 0.7780054644808743 0.005456349206349206 0.01092896174863388
23 0.49950396825396826 0.7773224043715847 0.005456349206349206 0.00819672131147541
23 0.5228174603174603 0.7752732240437158 0.003968253968253968 0.00819672131147541
23 0.5069444444444444 0.7766393442622951 0.005952380952380952 0.00819672131147541
4 0.30927579365079366 0.7971311475409836 0.006448412698412698 0.012295081967213115
4 0.31919642857142855 0.796448087431694 0.005456349206349206 0.00819672131147541
4 0.47966269841269843 0.782103825136612 0.00992063492063492 0.01639344262295082
4 0.025297619047619048 0.8326502732240437 0.014384920634920634 0.02185792349726776
23 0.29985119047619047 0.8087431693989071 0.006944444444444444 0.012295081967213115
23 0.3187003968253968 0.8073770491803278 0.005952380952380952 0.00819672131147541
23 0.3097718253968254 0.8094262295081968 0.005952380952380952 0.009562841530054645
23 0.18948412698412698 0.8265027322404371 0.003472222222222222 0.017759562841530054
23 0.23660714285714285 0.8217213114754098 0.002976190476190476 0.01639344262295082
23 0.2400793650793651 0.8217213114754098 0.004464285714285714 0.01639344262295082
23 0.12103174603174603 0.8346994535519126 0.002976190476190476 0.017759562841530054
23 0.12549603174603174 0.8340163934426229 0.00496031746031746 0.017759562841530054
23 0.1984126984126984 0.8271857923497268 0.003968253968253968 0.017759562841530054
23 0.11259920634920635 0.8353825136612022 0.002976190476190476 0.015027322404371584
4 0.32787698412698413 0.8176229508196722 0.005456349206349206 0.009562841530054645
4 0.33630952380952384 0.8176229508196722 0.00744047619047619 0.012295081967213115
23 0.3090277777777778 0.8203551912568307 0.005952380952380952 0.01092896174863388
23 0.2996031746031746 0.8210382513661202 0.005952380952380952 0.009562841530054645
4 0.34325396825396826 0.8169398907103825 0.005456349206349206 0.012295081967213115
23 0.3189484126984127 0.8210382513661202 0.006944444444444444 0.009562841530054645
4 0.37648809523809523 0.825136612021858 0.006944444444444444 0.009562841530054645
4 0.36706349206349204 0.8258196721311475 0.006448412698412698 0.00819672131147541
23 0.3003472222222222 0.8333333333333334 0.005456349206349206 0.009562841530054645
7 0.5848214285714286 0.07240437158469945 0.15029761904761904 0.06284153005464481
23 0.2993551587301587 0.8435792349726776 0.006944444444444444 0.01092896174863388
23 0.16989087301587302 0.85724043715847 0.006944444444444444 0.009562841530054645
23 0.36681547619047616 0.8381147540983607 0.00744047619047619 0.01366120218579235
23 0.3777281746031746 0.8387978142076503 0.007936507936507936 0.012295081967213115
23 0.17063492063492064 0.8709016393442623 0.006448412698412698 0.01092896174863388
23 0.2594246031746032 0.8715846994535519 0.00248015873015873 0.01639344262295082
23 0.2683531746031746 0.8722677595628415 0.002976190476190476 0.01639344262295082
23 0.17038690476190477 0.8831967213114754 0.006448412698412698 0.012295081967213115
23 0.20362103174603174 0.11133879781420765 0.002976190476190476 0.01639344262295082
23 0.20758928571428573 0.11270491803278689 0.003472222222222222 0.01912568306010929
23 0.17063492063492064 0.898224043715847 0.00744047619047619 0.01092896174863388
23 0.2251984126984127 0.11202185792349727 0.003968253968253968 0.01639344262295082
23 0.19146825396825398 0.11543715846994536 0.003472222222222222 0.017759562841530054
4 0.45982142857142855 0.10450819672131148 0.005952380952380952 0.012295081967213115
23 0.19618055555555555 0.13387978142076504 0.002976190476190476 0.01639344262295082
23 0.2837301587301587 0.12704918032786885 0.007936507936507936 0.015027322404371584
23 0.20362103174603174 0.1359289617486339 0.002976190476190476 0.017759562841530054
23 0.48313492063492064 0.1092896174863388 0.002976190476190476 0.01639344262295082
23 0.4880952380952381 0.10860655737704918 0.00496031746031746 0.017759562841530054
4 0.4791666666666667 0.11133879781420765 0.003968253968253968 0.017759562841530054
4 0.36607142857142855 0.12295081967213115 0.013888888888888888 0.020491803278688523