4 0.6880552813425469 0.5107493857493858 0.009871668311944718 0.023955773955773956
4 0.4202862783810464 0.4963144963144963 0.007403751233958539 0.0171990171990172
4 0.37561697926949655 0.49017199017199015 0.00839091806515301 0.019041769041769043
4 0.9429911154985192 0.6167076167076168 0.013820335636722606 0.009828009828009828
4 0.707305034550839 0.5761670761670762 0.021224086870681145 0.012899262899262898
4 0.8983218163869694 0.6280712530712531 0.01826258637709773 0.011056511056511056
4 0.8677196446199408 0.6219287469287469 0.01678183613030602 0.010442260442260442
23 0.6419052319842053 0.5730958230958231 0.005923000987166831 0.016584766584766583
4 0.8116979269496545 0.6127149877149877 0.019743336623889437 0.010442260442260442
4 0.7860315893385982 0.6145577395577395 0.008884501480750246 0.020884520884520884
4 0.459279368213228 0.5540540540540541 0.007403751233958539 0.014127764127764128
4 0.4188055281342547 0.5457616707616708 0.007897334649555774 0.017813267813267815
23 0.6409180651530109 0.5982800982800983 0.006910167818361303 0.01597051597051597
4 0.9387956564659428 0.6649262899262899 0.003948667324777887 0.012285012285012284
4 0.7189042448173741 0.6173218673218673 0.017275419545903257 0.01167076167076167
4 0.6581934846989141 0.6038083538083538 0.019743336623889437 0.012285012285012284
4 0.9323790720631787 0.664004914004914 0.003948667324777887 0.012285012285012284
4 0.68928923988154 0.6108722358722358 0.02171767028627838 0.012899262899262898
4 0.9449654491609082 0.6673832923832924 0.005429417571569595 0.014127764127764128
4 0.3842546890424482 0.5451474201474201 0.007897334649555774 0.0171990171990172
4 0.3583415597235933 0.5405405405405406 0.00839091806515301 0.016584766584766583
4 0.8112043435340572 0.648034398034398 0.006910167818361303 0.005528255528255528
4 0.8218163869693978 0.6547911547911548 0.005429417571569595 0.011056511056511056
4 0.6367226061204343 0.6179361179361179 0.005923000987166831 0.012285012285012284
4 0.9387956564659428 0.6855036855036855 0.005429417571569595 0.012899262899262898
4 0.7778874629812438 0.6581695331695332 0.017769002961500493 0.010442260442260442
4 0.6357354392892399 0.6345208845208845 0.009378084896347482 0.006756756756756757
4 0.7319842053307009 0.6557125307125307 0.010365251727541954 0.007985257985257985
4 0.1855873642645607 0.5408476658476659 0.007403751233958539 0.019041769041769043
4 0.05059230009871668 0.5122850122850123 0.014313919052319843 0.009828009828009828
4 0.7959032576505429 0.6790540540540541 0.009378084896347482 0.02457002457002457
4 0.3353899308983218 0.5835380835380836 0.005923000987166831 0.01597051597051597
4 0.47211253701875616 0.6160933660933661 0.007897334649555774 0.0171990171990172
4 0.9449654491609082 0.730036855036855 0.00839091806515301 0.006756756756756757
4 0.7788746298124383 0.6971744471744472 0.017275419545903257 0.01167076167076167
4 0.4449654491609082 0.6259213759213759 0.012833168805528134 0.011056511056511056
4 0.33316880552813427 0.601965601965602 0.005429417571569595 0.012899262899262898
4 0.39461994076999013 0.6240786240786241 0.006416584402764067 0.017813267813267815
4 0.812685093780849 0.7165233415233415 0.005429417571569595 0.011056511056511056
4 0.3706811451135242 0.6194717444717445 0.005923000987166831 0.017813267813267815
4 0.8052813425468904 0.7146805896805897 0.004935834155972359 0.010442260442260442
4 0.18509378084896347 0.5998157248157249 0.007403751233958539 0.018427518427518427
4 0.07576505429417571 0.5795454545454546 0.013820335636722606 0.010442260442260442
4 0.13252714708785784 0.5921375921375921 0.013820335636722606 0.009828009828009828
4 0.7512339585389931 0.7503071253071253 0.017275419545903257 0.01167076167076167
4 0.3501974333662389 0.6904176904176904 0.007403751233958539 0.0171990171990172
4 0.8094768015794669 0.7911547911547911 0.00839091806515301 0.006142506142506142
4 0.9114017769002961 0.8148034398034398 0.01332675222112537 0.0085995085995086
4 0.9247285291214216 0.8197174447174447 0.007403751233958539 0.014742014742014743
4 0.7290227048371175 0.7791769041769042 0.009871668311944718 0.006142506142506142
4 0.3970878578479763 0.707002457002457 0.014807502467917079 0.010442260442260442
4 0.8405725567620927 0.8055896805896806 0.007897334649555774 0.017813267813267815
4 0.29417571569595263 0.6855036855036855 0.013820335636722606 0.009828009828009828
4 0.8178677196446199 0.8043611793611793 0.014313919052319843 0.009213759213759214
4 0.4523692003948667 0.7414004914004914 0.007897334649555774 0.020884520884520884
4 0.10784797630799606 0.6683046683046683 0.004442250740375123 0.01167076167076167
4 0.662142152023692 0.7923832923832924 0.013820335636722606 0.0085995085995086
4 0.8677196446199408 0.8439803439803439 0.006910167818361303 0.0171990171990172
4 0.04343534057255676 0.6667690417690417 0.011352418558736426 0.007985257985257985
4 0.8647581441263573 0.8651719901719902 0.007403751233958539 0.0171990171990172
4 0.032082922013820334 0.6855036855036855 0.01085883514313919 0.006756756756756757
4 0.456071076011846 0.7816339066339066 0.014807502467917079 0.01167076167076167
4 0.519990128331688 0.8012899262899262 0.015301085883514315 0.013513513513513514
4 0.8469891411648569 0.8842137592137592 0.007403751233958539 0.017813267813267815
23 0.7690029615004936 0.8694717444717445 0.006910167818361303 0.016584766584766583
4 0.1868213228035538 0.7536855036855037 0.006910167818361303 0.015356265356265357
4 0.15695952615992104 0.7558353808353808 0.009871668311944718 0.007371007371007371
23 0.7650542941757157 0.8925061425061425 0.005923000987166831 0.016584766584766583
4 0.27171767028627836 0.7886977886977887 0.007897334649555774 0.0171990171990172
4 0.025913129318854887 0.7466216216216216 0.01332675222112537 0.007985257985257985
23 0.763573543928924 0.9146191646191646 0.007897334649555774 0.0214987714987715
4 0.5014807502467917 0.8639434889434889 0.011846001974333662 0.0085995085995086
4 0.26776900296150047 0.8157248157248157 0.007403751233958539 0.0171990171990172
4 0.8640177690029615 0.9548525798525799 0.01579466929911155 0.01167076167076167
4 0.8906712734452122 0.9692874692874693 0.007897334649555774 0.019656019656019656
4 0.8978282329713722 0.9708230958230958 0.007403751233958539 0.018427518427518427
4 0.8832675222112537 0.9677518427518428 0.007403751233958539 0.0171990171990172
4 0.8761105626850938 0.9686732186732187 0.005429417571569595 0.012285012285012284
4 0.17694965449160907 0.8203316953316954 0.006910167818361303 0.01597051597051597
4 0.3709279368213228 0.8627149877149877 0.01332675222112537 0.010442260442260442
23 0.4296643632773939 0.8835995085995086 0.006416584402764067 0.01597051597051597
23 0.866238894373149 0.9815724815724816 0.008884501480750246 0.02027027027027027
4 0.9943237907206318 0.18488943488943488 0.004935834155972359 0.01167076167076167
23 0.0034550839091806516 0.8037469287469288 0.006910167818361303 0.019041769041769043
4 0.8464955577492597 0.9947788697788698 0.01678183613030602 0.009213759213759214
23 0.12956564659427444 0.8402948402948403 0.005923000987166831 0.01597051597051597
4 0.9985192497532083 0.18734643734643736 0.0019743336623889436 0.014742014742014743
4 0.7006416584402764 0.9763513513513513 0.012833168805528134 0.009213759213759214
4 0.6786771964461994 0.972051597051597 0.004442250740375123 0.01167076167076167
4 0.5964955577492597 0.9539312039312039 0.005923000987166831 0.013513513513513514
4 0.6611549851924975 0.9689803439803439 0.004442250740375123 0.012899262899262898
4 0.565893385982231 0.9477886977886978 0.006416584402764067 0.015356265356265357
4 0.6090819348469891 0.9573095823095823 0.004935834155972359 0.010442260442260442
4 0.5039486673247778 0.9348894348894349 0.004442250740375123 0.0085995085995086
4 0.6275913129318855 0.9622235872235873 0.004935834155972359 0.011056511056511056
4 0.5715695952615992 0.9499385749385749 0.004442250740375123 0.009213759213759214
4 0.6332675222112537 0.9634520884520884 0.003948667324777887 0.009828009828009828
4 0.5836623889437315 0.953009828009828 0.003948667324777887 0.009213759213759214
4 0.6147581441263573 0.9600737100737101 0.004935834155972359 0.011056511056511056
4 0.7648075024679171 0.9941646191646192 0.013820335636722606 0.009828009828009828
23 0.7445705824284304 0.992014742014742 0.016288252714708785 0.011056511056511056
4 0.7110069101678184 0.9880221130221131 0.010365251727541954 0.011056511056511056
4 0.11278381046396842 0.859029484029484 0.006416584402764067 0.015356265356265357
4 0.19842053307008883 0.8817567567567568 0.009378084896347482 0.006756756756756757
4 0.03060217176702863 0.8516584766584766 0.004442250740375123 0.01167076167076167
4 0.1838598223099704 0.04269041769041769 0.013820335636722606 0.009213759213759214
4 0.12240868706811452 0.03409090909090909 0.008884501480750246 0.01597051597051597
4 0.44768015794669297 0.11179361179361179 0.013820335636722606 0.009213759213759214
4 0.8334155972359328 0.20515970515970516 0.007403751233958539 0.019041769041769043
4 0.8168805528134254 0.20147420147420148 0.007403751233958539 0.0171990171990172
4 0.8255182625863771 0.20515970515970516 0.006910167818361303 0.019656019656019656
4 0.6678183613030603 0.171990171990172 0.006910167818361303 0.016584766584766583
4 0.8561204343534057 0.21898034398034397 0.01085883514313919 0.0085995085995086
4 0.3627838104639684 0.11056511056511056 0.009378084896347482 0.005528255528255528
4 0.1784304047384008 0.0734029484029484 0.011846001974333662 0.007371007371007371
4 0.42102665350444224 0.13022113022113022 0.02073050345508391 0.012899262899262898
4 0.554294175715696 0.16584766584766586 0.01332675222112537 0.009213759213759214
4 0.5908193484698914 0.17383292383292384 0.013820335636722606 0.009828009828009828
4 0.23716683119447188 0.10227272727272728 0.013820335636722606 0.009213759213759214
4 0.4188055281342547 0.1428132678132678 0.016288252714708785 0.0085995085995086
4 0.4817374136229023 0.16492628992628994 0.014807502467917079 0.011056511056511056
4 0.7339585389930898 0.22757985257985258 0.012339585389930898 0.0085995085995086
4 0.41312931885488646 0.15847665847665848 0.01332675222112537 0.0085995085995086
4 0.16781836130306022 0.11332923832923833 0.014807502467917079 0.0085995085995086
4 0.7337117472852912 0.24017199017199017 0.013820335636722606 0.009213759213759214
4 0.35612043435340573 0.1683046683046683 0.01085883514313919 0.007371007371007371
4 0.3353899308983218 0.16953316953316952 0.009871668311944718 0.007985257985257985
4 0.3536525172754195 0.17843980343980345 0.009871668311944718 0.007371007371007371
4 0.33390918065153014 0.17905405405405406 0.01085883514313919 0.0085995085995086
4 0.8788252714708786 0.3025184275184275 0.012339585389930898 0.009828009828009828
4 0.8546396841066141 0.29699017199017197 0.01085883514313919 0.009213759213759214
4 0.9859328726554788 0.3316953316953317 0.01332675222112537 0.0085995085995086
4 0.3334155972359329 0.1894963144963145 0.01085883514313919 0.007985257985257985
4 0.34995064165844025 0.19318181818181818 0.010365251727541954 0.006756756756756757
4 0.9985192497532083 0.3396805896805897 0.0019743336623889436 0.013513513513513514
4 0.8403257650542941 0.30896805896805896 0.006416584402764067 0.014742014742014743
4 0.8319348469891412 0.3071253071253071 0.006910167818361303 0.014742014742014743
4 0.9846989141164857 0.3406019656019656 0.012833168805528134 0.007371007371007371
4 0.6080947680157947 0.25982800982800985 0.011846001974333662 0.007985257985257985
4 0.1702862783810464 0.16646191646191646 0.009871668311944718 0.006142506142506142
4 0.9839585389930898 0.3498157248157248 0.011846001974333662 0.007985257985257985
4 0.9975320829220138 0.3538083538083538 0.003948667324777887 0.013513513513513514
4 0.16831194471865746 0.1772113022113022 0.009871668311944718 0.007371007371007371
4 0.8183613030602171 0.31971744471744473 0.006416584402764067 0.013513513513513514
4 0.9817374136229022 0.3581081081081081 0.01085883514313919 0.007985257985257985
4 0.721618953603159 0.300982800982801 0.012833168805528134 0.0085995085995086
4 0.7342053307008884 0.3108108108108108 0.007403751233958539 0.019041769041769043
4 0.16732477788746297 0.18765356265356264 0.011352418558736426 0.006756756756756757
4 0.8731490621915103 0.34244471744471744 0.006416584402764067 0.015356265356265357
4 0.8390918065153011 0.3353808353808354 0.005923000987166831 0.01597051597051597
4 0.8477295162882527 0.3381449631449631 0.006416584402764067 0.014742014742014743
4 0.981243830207305 0.36855036855036855 0.011846001974333662 0.007371007371007371
4 0.7211253701875617 0.31203931203931207 0.012833168805528134 0.007985257985257985
4 0.5236920039486673 0.2724201474201474 0.004935834155972359 0.012285012285012284
4 0.1648568608094768 0.19748157248157247 0.008884501480750246 0.007371007371007371
4 0.7191510365251728 0.32217444717444715 0.011846001974333662 0.0085995085995086
4 0.8151530108588352 0.34582309582309584 0.006416584402764067 0.013513513513513514
4 0.8257650542941757 0.34828009828009826 0.006910167818361303 0.012285012285012284
4 0.46076011846001974 0.27426289926289926 0.011352418558736426 0.007985257985257985
4 0.9866732477788747 0.4011056511056511 0.010365251727541954 0.022113022113022112
4 0.3272458045409674 0.2582923832923833 0.01678183613030602 0.010442260442260442
4 0.3923988153998026 0.2724201474201474 0.01678183613030602 0.011056511056511056
4 0.16090819348469892 0.22972972972972974 0.008884501480750246 0.006756756756756757
4 0.45779861796643634 0.29545454545454547 0.014807502467917079 0.009828009828009828
4 0.7107601184600197 0.355958230958231 0.005923000987166831 0.010442260442260442
4 0.45656465942744323 0.30773955773955775 0.011846001974333662 0.007371007371007371
4 0.32601184600197436 0.28040540540540543 0.014313919052319843 0.010442260442260442
4 0.84106614017769 0.398955773955774 0.006416584402764067 0.014127764127764128
4 0.8245310957551826 0.39588452088452086 0.006416584402764067 0.012899262899262898
4 0.1579466929911155 0.24969287469287468 0.009871668311944718 0.006142506142506142
4 0.8321816386969397 0.3977272727272727 0.006910167818361303 0.015356265356265357
4 0.8492102665350444 0.4014127764127764 0.007403751233958539 0.015356265356265357
4 0.45483711747285294 0.31726044226044225 0.013820335636722606 0.009213759213759214
4 0.6910167818361304 0.3753071253071253 0.007897334649555774 0.005528255528255528
4 0.9814906219151036 0.4404176904176904 0.009871668311944718 0.025184275184275184
4 0.3255182625863771 0.29944717444717445 0.019743336623889437 0.011056511056511056
4 0.45804540967423496 0.3298525798525799 0.014807502467917079 0.011056511056511056
4 0.8030602171767028 0.40632678132678135 0.007897334649555774 0.017813267813267815
4 0.866238894373149 0.4201474201474201 0.006416584402764067 0.015356265356265357
4 0.8928923988153998 0.425982800982801 0.005429417571569595 0.014127764127764128
4 0.8748766041461007 0.4226044226044226 0.005923000987166831 0.013513513513513514
4 0.7038499506416585 0.39434889434889436 0.008884501480750246 0.02457002457002457
4 0.5153010858835143 0.3535012285012285 0.009871668311944718 0.006756756756756757
4 0.8203356367226061 0.4250614250614251 0.005923000987166831 0.014127764127764128
4 0.8116979269496545 0.4229115479115479 0.005923000987166831 0.014127764127764128
4 0.8368706811451135 0.42905405405405406 0.006910167818361303 0.014742014742014743
4 0.8445212240868707 0.4308968058968059 0.005923000987166831 0.014742014742014743
4 0.853405725567621 0.43273955773955775 0.006416584402764067 0.012285012285012284
4 0.8284797630799605 0.42813267813267813 0.006910167818361303 0.014127764127764128
4 0.3842546890424482 0.33353808353808356 0.016288252714708785 0.011056511056511056
4 0.31836130306021715 0.3203316953316953 0.017275419545903257 0.010442260442260442
4 0.8719151036525172 0.44686732186732187 0.005923000987166831 0.01597051597051597
4 0.8810463968410661 0.449017199017199 0.006416584402764067 0.016584766584766583
4 0.8620434353405726 0.4453316953316953 0.006416584402764067 0.01597051597051597
4 0.9972852912142152 0.4788083538083538 0.004442250740375123 0.014127764127764128
4 0.976061204343534 0.47911547911547914 0.010365251727541954 0.022727272727272728
4 0.6752221125370188 0.41615479115479115 0.00839091806515301 0.005528255528255528
4 0.7959032576505429 0.4484029484029484 0.004935834155972359 0.012899262899262898
4 0.8079960513326753 0.4527027027027027 0.006910167818361303 0.014742014742014743
4 0.8153998025666338 0.4563882063882064 0.007403751233958539 0.018427518427518427
4 0.6991609081934848 0.43151105651105653 0.007897334649555774 0.020884520884520884
4 0.08144126357354393 0.29576167076167076 0.01332675222112537 0.009213759213759214
4 0.21347482724580455 0.32555282555282555 0.01332675222112537 0.0085995085995086
4 0.8770977295162883 0.47297297297297297 0.006910167818361303 0.013513513513513514
4 0.8684600197433366 0.47174447174447176 0.006910167818361303 0.014127764127764128
4 0.8590819348469891 0.4702088452088452 0.006416584402764067 0.014127764127764128
4 0.9938302073050346 0.5104422604422605 0.006416584402764067 0.014127764127764128
4 0.8889437314906219 0.48863636363636365 0.004935834155972359 0.012285012285012284
4 0.7922013820335637 0.47174447174447176 0.004442250740375123 0.011056511056511056
4 0.8156465942744324 0.48372235872235875 0.006910167818361303 0.016584766584766583
4 0.8719151036525172 0.4963144963144963 0.005923000987166831 0.014127764127764128
4 0.8637709772951628 0.49447174447174447 0.006416584402764067 0.014742014742014743
4 0.8558736426456071 0.49324324324324326 0.006416584402764067 0.01597051597051597
4 0.9701382033563672 0.5184275184275184 0.009378084896347482 0.02334152334152334
4 0.8469891411648569 0.4914004914004914 0.007403751233958539 0.01597051597051597
4 0.8232971372161896 0.48617936117936117 0.005923000987166831 0.016584766584766583
4 0.8057749259624877 0.4828009828009828 0.006416584402764067 0.01597051597051597
4 0.6707798617966436 0.45515970515970516 0.007403751233958539 0.006142506142506142
4 0.5069101678183613 0.4235257985257985 0.006416584402764067 0.01597051597051597
4 0.6929911154985192 0.4705159705159705 0.007897334649555774 0.0214987714987715
4 0.6651036525172754 0.4877149877149877 0.00839091806515301 0.006142506142506142