23 0.09007551240560949 0.7975961538461539 0.008629989212513484 0.02980769230769231
4 0.08441208198489752 0.8004807692307693 0.010787486515641856 0.027884615384615386
4 0.13160733549083065 0.7927884615384615 0.022653721682847898 0.025961538461538463
4 0.697680690399137 0.6350961538461538 0.04584681769147789 0.06442307692307692
23 0.34735706580366776 0.7379807692307693 0.015102481121898598 0.021153846153846155
23 0.46682847896440127 0.022596153846153846 0.032362459546925564 0.0375
23 0.6022114347357066 0.6677884615384615 0.009169363538295576 0.019230769230769232
30 0.5612189859762675 0.004807692307692308 0.014563106796116505 0.009615384615384616
4 0.453344120819849 0.71875 0.014023732470334413 0.02403846153846154
4 0.13268608414239483 0.8091346153846154 0.024271844660194174 0.01826923076923077
15 0.38915857605177995 0.739423076923077 0.03505933117583603 0.07307692307692308
23 0.10733549083063647 0.825 0.036138079827400214 0.051923076923076926
4 0.40938511326860844 0.7399038461538462 0.012944983818770227 0.014423076923076924
30 0.34115426105717367 0.7600961538461538 0.012944983818770227 0.01730769230769231
4 0.895361380798274 0.6052884615384615 0.02319309600862999 0.03653846153846154
30 0.35490830636461707 0.7600961538461538 0.009169363538295576 0.023076923076923078
30 0.6712513484358145 0.6706730769230769 0.012944983818770227 0.025961538461538463
4 0.5180690399137001 0.7149038461538462 0.012944983818770227 0.027884615384615386
23 0.4204422869471413 0.7423076923076923 0.009169363538295576 0.019230769230769232
30 0.6065264293419633 0.6908653846153846 0.010787486515641856 0.02403846153846154
23 0.45442286947141314 0.7370192307692308 0.011866235167206042 0.010576923076923078
15 0.4854368932038835 0.7288461538461538 0.05070118662351672 0.1326923076923077
4 0.3651564185544768 0.7658653846153847 0.006472491909385114 0.019230769230769232
4 0.5547464940668824 0.7173076923076923 0.028047464940668825 0.07692307692307693
4 0.4563106796116505 0.7471153846153846 0.012944983818770227 0.013461538461538462
23 0.6076051779935275 0.708173076923077 0.015102481121898598 0.0125
15 0.04180151024811219 0.86875 0.03505933117583603 0.08076923076923077
4 0.4034519956850054 0.04519230769230769 0.030744336569579287 0.05096153846153846
4 0.5903451995685005 0.7168269230769231 0.02750809061488673 0.05
30 0.6739482200647249 0.6942307692307692 0.014563106796116505 0.022115384615384617
4 0.8985976267529665 0.635576923076923 0.02319309600862999 0.0375
4 0.5889967637540453 0.007692307692307693 0.020496224379719527 0.015384615384615385
30 0.44228694714131606 0.7850961538461538 0.010248112189859764 0.03173076923076923
4 0.5906148867313916 0.7451923076923077 0.007551240560949299 0.022115384615384617
23 0.5768608414239482 0.7490384615384615 0.008090614886731391 0.02403846153846154
23 0.8851132686084142 0.6620192307692307 0.014023732470334413 0.01730769230769231
23 0.5687702265372169 0.7524038461538461 0.007551240560949299 0.022115384615384617
4 0.5622977346278317 0.7538461538461538 0.007011866235167206 0.021153846153846155
4 0.5833333333333334 0.7490384615384615 0.008090614886731391 0.025
4 0.36542610571736783 0.8105769230769231 0.01564185544768069 0.026923076923076925
4 0.5326321467098166 0.7634615384615384 0.028047464940668825 0.09038461538461538
4 0.5480043149946062 0.7591346153846154 0.007551240560949299 0.021153846153846155
4 0.598705501618123 0.7456730769230769 0.007551240560949299 0.020192307692307693
4 0.5563646170442287 0.7586538461538461 0.007551240560949299 0.019230769230769232
30 0.6766450916936354 0.7254807692307692 0.014563106796116505 0.025961538461538463
4 0.7656418554476807 0.7043269230769231 0.10517799352750809 0.09326923076923077
23 0.6561488673139159 0.739423076923077 0.006472491909385114 0.01730769230769231
23 0.459007551240561 0.7947115384615384 0.012944983818770227 0.025961538461538463
4 0.34331175836030203 0.8274038461538461 0.014023732470334413 0.015384615384615385
23 0.6666666666666666 0.7360576923076924 0.010787486515641856 0.019230769230769232
23 0.6361920172599784 0.7548076923076923 0.009169363538295576 0.03653846153846154
23 0.61596548004315 0.7600961538461538 0.021574973031283712 0.04230769230769231
30 0.8497842502696872 0.6951923076923077 0.010248112189859764 0.0125
4 0.6030204962243797 0.7697115384615385 0.006472491909385114 0.022115384615384617
4 0.5531283710895362 0.7836538461538461 0.006472491909385114 0.022115384615384617
23 0.5601402373247033 0.7826923076923077 0.009708737864077669 0.025
23 0.5738942826321467 0.7788461538461539 0.007011866235167206 0.02403846153846154
23 0.5957389428263214 0.7735576923076923 0.009169363538295576 0.023076923076923078
4 0.5814455231930961 0.7778846153846154 0.005933117583603021 0.022115384615384617
23 0.5889967637540453 0.7754807692307693 0.006472491909385114 0.020192307692307693
23 0.6588457389428263 0.7557692307692307 0.005933117583603021 0.01730769230769231
23 0.5671521035598706 0.7826923076923077 0.008629989212513484 0.026923076923076925
4 0.43581445523193096 0.8235576923076923 0.014563106796116505 0.015384615384615385
23 0.9064185544768069 0.6927884615384615 0.020496224379719527 0.05096153846153846
15 0.8875404530744336 0.7009615384615384 0.022114347357065803 0.04423076923076923
4 0.4487594390507012 0.8278846153846153 0.010248112189859764 0.013461538461538462
30 0.5334412081984897 0.015384615384615385 0.016720604099244876 0.026923076923076925
4 0.8481661272923409 0.7201923076923077 0.007011866235167206 0.01730769230769231
4 0.7249190938511327 0.7634615384615384 0.007551240560949299 0.021153846153846155
30 0.31418554476806904 0.07932692307692307 0.018878101402373247 0.03461538461538462
4 0.7694174757281553 0.7548076923076923 0.024271844660194174 0.022115384615384617
23 0.4482200647249191 0.8456730769230769 0.010248112189859764 0.023076923076923078
23 0.10436893203883495 0.9447115384615384 0.009169363538295576 0.02403846153846154
23 0.09250269687162892 0.9490384615384615 0.006472491909385114 0.023076923076923078
4 0.35032362459546923 0.8793269230769231 0.014563106796116505 0.01826923076923077
30 0.30016181229773464 0.08317307692307692 0.01779935275080906 0.03365384615384615
30 0.8605717367853291 0.7360576923076924 0.024271844660194174 0.02403846153846154
23 0.2726537216828479 0.09182692307692308 0.021035598705501618 0.02980769230769231
23 0.5342502696871629 0.8370192307692308 0.011866235167206042 0.014423076923076924
4 0.7192556634304207 0.7855769230769231 0.008090614886731391 0.02403846153846154
4 0.5471952535059331 0.8341346153846154 0.012944983818770227 0.014423076923076924
23 0.8910463861920173 0.7408653846153846 0.019417475728155338 0.04326923076923077
4 0.44902912621359226 0.8668269230769231 0.011866235167206042 0.020192307692307693
23 0.7713052858683926 0.7759615384615385 0.025889967637540454 0.032692307692307694
23 0.8114886731391586 0.7673076923076924 0.014563106796116505 0.023076923076923078
15 0.5137540453074434 0.8514423076923077 0.034519956850053934 0.08076923076923077
23 0.8341423948220065 0.7649038461538461 0.007011866235167206 0.022115384615384617
23 0.8274002157497303 0.7677884615384616 0.006472491909385114 0.01826923076923077
4 0.35275080906148865 0.9019230769230769 0.016720604099244876 0.01826923076923077
23 0.4913700107874865 0.8634615384615385 0.011326860841423949 0.010576923076923078
4 0.5622977346278317 0.8456730769230769 0.012405609492988134 0.021153846153846155
23 0.9433656957928802 0.7399038461538462 0.0296655879180151 0.028846153846153848
23 0.854908306364617 0.7697115384615385 0.015102481121898598 0.03942307692307692
4 0.5490830636461704 0.85625 0.010248112189859764 0.011538461538461539
23 0.8740560949298813 0.7644230769230769 0.015102481121898598 0.04038461538461539
23 0.4517259978425027 0.8846153846153846 0.012405609492988134 0.0125
4 0.49217907227615965 0.8740384615384615 0.011866235167206042 0.011538461538461539
23 0.5372168284789643 0.864423076923077 0.014563106796116505 0.027884615384615386
23 0.8133764832793959 0.7884615384615384 0.014023732470334413 0.025
23 0.8292880258899676 0.7875 0.007551240560949299 0.020192307692307693
23 0.8368392664509169 0.7865384615384615 0.005933117583603021 0.016346153846153847
4 0.4522653721682848 0.8961538461538462 0.008090614886731391 0.009615384615384616
4 0.48004314994606256 0.8894230769230769 0.012405609492988134 0.0125
23 0.9425566343042071 0.7663461538461539 0.014563106796116505 0.032692307692307694
4 0.5035059331175836 0.8971153846153846 0.011866235167206042 0.016346153846153847
23 0.5490830636461704 0.020673076923076922 0.011326860841423949 0.026923076923076925
23 0.5655339805825242 0.020192307692307693 0.011326860841423949 0.025
23 0.3125674217907228 0.09903846153846153 0.011866235167206042 0.0125
4 0.42448759439050704 0.06875 0.014563106796116505 0.025961538461538463
30 0.5374865156418555 0.04375 0.01779935275080906 0.023076923076923078
23 0.29207119741100324 0.11298076923076923 0.014563106796116505 0.025961538461538463
23 0.558252427184466 0.04278846153846154 0.007011866235167206 0.01730769230769231
23 0.35275080906148865 0.10240384615384615 0.010248112189859764 0.038461538461538464
4 0.6583063646170443 0.020673076923076922 0.028586839266450916 0.041346153846153845
23 0.12513484358144553 0.17163461538461539 0.017259978425026967 0.022115384615384617
23 0.2872168284789644 0.14038461538461539 0.020496224379719527 0.025961538461538463
23 0.45415318230852214 0.10192307692307692 0.024271844660194174 0.04038461538461539
23 0.28398058252427183 0.15721153846153846 0.01348435814455232 0.013461538461538462
15 0.6035598705501618 0.06682692307692308 0.02481121898597627 0.05096153846153846
15 0.6723300970873787 0.05432692307692308 0.02912621359223301 0.04903846153846154
4 0.35841423948220064 0.14278846153846153 0.007551240560949299 0.021153846153846155
4 0.6521035598705501 0.061057692307692306 0.011326860841423949 0.021153846153846155
4 0.691747572815534 0.05144230769230769 0.010248112189859764 0.0375
23 0.7621359223300971 0.032692307692307694 0.014563106796116505 0.014423076923076924
7 0.8295577130528586 0.017788461538461538 0.028047464940668825 0.035576923076923075
7 0.7831715210355987 0.02980769230769231 0.03128371089536138 0.04326923076923077
15 0.41828478964401294 0.14038461538461539 0.05879180151024811 0.11346153846153846
23 0.45846817691477887 0.13028846153846155 0.02696871628910464 0.03653846153846154
4 0.7642934196332255 0.04567307692307692 0.01348435814455232 0.015384615384615385
23 0.6531823085221143 0.07788461538461539 0.014023732470334413 0.014423076923076924
4 0.866504854368932 0.027403846153846154 0.0372168284789644 0.05096153846153846
30 0.7723840345199569 0.055288461538461536 0.016181229773462782 0.022115384615384617
4 0.9053398058252428 0.021634615384615384 0.008629989212513484 0.025
4 0.19741100323624594 0.2221153846153846 0.01348435814455232 0.025961538461538463
23 0.18851132686084143 0.22596153846153846 0.006472491909385114 0.023076923076923078
4 0.22680690399137002 0.21586538461538463 0.03559870550161812 0.0375
7 0.8074433656957929 0.05673076923076923 0.028047464940668825 0.03653846153846154
23 0.9579288025889967 0.016826923076923076 0.011866235167206042 0.027884615384615386
4 0.36596548004314994 0.18365384615384617 0.012944983818770227 0.025
23 0.948220064724919 0.020192307692307693 0.012405609492988134 0.03173076923076923
23 0.9261057173678533 0.027403846153846154 0.011326860841423949 0.027884615384615386
23 0.9155879180151025 0.03317307692307692 0.009708737864077669 0.02403846153846154
23 0.38106796116504854 0.18798076923076923 0.021035598705501618 0.03461538461538462
4 0.3988673139158576 0.1918269230769231 0.01779935275080906 0.02980769230769231
7 0.8980582524271845 0.05096153846153846 0.018338727076591153 0.028846153846153848
7 0.9571197411003236 0.03798076923076923 0.016181229773462782 0.019230769230769232
23 0.13457389428263214 0.2721153846153846 0.015102481121898598 0.021153846153846155
15 0.6715210355987055 0.12067307692307692 0.02481121898597627 0.03076923076923077
7 0.9169363538295577 0.05336538461538461 0.016181229773462782 0.015384615384615385
4 0.9072276159654801 0.06875 0.028586839266450916 0.022115384615384617
23 0.6763754045307443 0.1375 0.016181229773462782 0.01730769230769231
4 0.7486515641855448 0.12115384615384615 0.036677454153182305 0.07211538461538461
7 0.9641316073354909 0.0625 0.007011866235167206 0.01826923076923077
4 0.9501078748651565 0.06634615384615385 0.009169363538295576 0.02403846153846154
4 0.9252966558791802 0.07403846153846154 0.010787486515641856 0.027884615384615386
23 0.13807982740021574 0.29951923076923076 0.01348435814455232 0.016346153846153847
23 0.6661272923408845 0.15240384615384617 0.016181229773462782 0.01730769230769231
4 0.8988673139158576 0.08942307692307692 0.05124056094929881 0.058653846153846154
23 0.6062567421790723 0.17307692307692307 0.01348435814455232 0.03173076923076923
4 0.7858683926645091 0.12307692307692308 0.039913700107874865 0.10576923076923077
23 0.6183926645091694 0.1735576923076923 0.011326860841423949 0.013461538461538462
23 0.6871628910463862 0.15528846153846154 0.009169363538295576 0.02403846153846154
23 0.5787486515641855 0.1875 0.020496224379719527 0.021153846153846155
4 0.6949838187702265 0.15576923076923077 0.007011866235167206 0.022115384615384617
4 0.714940668824164 0.15913461538461537 0.02696871628910464 0.047115384615384615
23 0.6170442286947141 0.18942307692307692 0.008629989212513484 0.019230769230769232
23 0.627831715210356 0.18653846153846154 0.007011866235167206 0.023076923076923078
23 0.5943905070118662 0.20288461538461539 0.041531823085221145 0.03076923076923077
23 0.9633225458468176 0.10336538461538461 0.007011866235167206 0.019230769230769232
15 0.9393203883495146 0.11586538461538462 0.03344120819848975 0.06057692307692308
4 0.8956310679611651 0.1283653846153846 0.01779935275080906 0.022115384615384617
4 0.5024271844660194 0.24519230769230768 0.015102481121898598 0.04038461538461539
23 0.5234627831715211 0.2423076923076923 0.010248112189859764 0.032692307692307694
23 0.9700647249190939 0.12067307692307692 0.005933117583603021 0.023076923076923078
23 0.9139697950377562 0.1389423076923077 0.014563106796116505 0.021153846153846155
23 0.6572276159654801 0.2298076923076923 0.012405609492988134 0.014423076923076924
4 0.813915857605178 0.18557692307692308 0.009708737864077669 0.026923076923076925
30 0.4703344120819849 0.28365384615384615 0.021574973031283712 0.03076923076923077
4 0.9406688241639698 0.15673076923076923 0.043689320388349516 0.032692307692307694
4 0.9026429341963322 0.16923076923076924 0.036677454153182305 0.047115384615384615
23 0.6272923408845739 0.24807692307692308 0.019956850053937433 0.027884615384615386
23 0.6591154261057174 0.24951923076923077 0.011326860841423949 0.013461538461538462
4 0.9587378640776699 0.17403846153846153 0.009708737864077669 0.020192307692307693
23 0.9641316073354909 0.17211538461538461 0.007551240560949299 0.021153846153846155
4 0.4665587918015103 0.3139423076923077 0.03128371089536138 0.047115384615384615
23 0.9471413160733549 0.1778846153846154 0.016181229773462782 0.020192307692307693
4 0.8217367853290184 0.21826923076923077 0.006472491909385114 0.022115384615384617
23 0.831984897518878 0.21634615384615385 0.01564185544768069 0.027884615384615386
4 0.8449298813376483 0.21394230769230768 0.009708737864077669 0.025961538461538463
23 0.72680690399137 0.25 0.009708737864077669 0.0125
23 0.6386192017259978 0.27692307692307694 0.02696871628910464 0.038461538461538464
23 0.4538834951456311 0.33798076923076925 0.012405609492988134 0.013461538461538462
4 0.9209816612729234 0.20961538461538462 0.04746494066882417 0.05
4 0.7246494066882416 0.2673076923076923 0.006472491909385114 0.016346153846153847
4 0.9652103559870551 0.19903846153846153 0.014023732470334413 0.01826923076923077
23 0.7467637540453075 0.2610576923076923 0.006472491909385114 0.023076923076923078
23 0.7346278317152104 0.2759615384615385 0.01564185544768069 0.03942307692307692
23 0.6610032362459547 0.30096153846153845 0.02481121898597627 0.025961538461538463
4 0.4813915857605178 0.3524038461538462 0.04422869471413161 0.05096153846153846
30 0.9665587918015103 0.21923076923076923 0.017259978425026967 0.02980769230769231
23 0.7750809061488673 0.2764423076923077 0.016720604099244876 0.035576923076923075
4 0.9239482200647249 0.23701923076923076 0.006472491909385114 0.019230769230769232
23 0.9185544768069039 0.2389423076923077 0.008090614886731391 0.020192307692307693
23 0.9309600862998921 0.2360576923076923 0.008629989212513484 0.022115384615384617
30 0.9528047464940669 0.2298076923076923 0.01348435814455232 0.023076923076923078
23 0.49379719525350596 0.37403846153846154 0.018338727076591153 0.023076923076923078
4 0.4792340884573894 0.38317307692307695 0.012944983818770227 0.01730769230769231
4 0.49514563106796117 0.3894230769230769 0.019417475728155338 0.020192307692307693
4 0.46305285868392665 0.4043269230769231 0.03128371089536138 0.07019230769230769
23 0.35194174757281554 0.43653846153846154 0.015102481121898598 0.03076923076923077
23 0.6518338727076591 0.3764423076923077 0.011866235167206042 0.023076923076923078
23 0.35490830636461707 0.4706730769230769 0.007551240560949299 0.022115384615384617
23 0.6642394822006472 0.38653846153846155 0.011866235167206042 0.02403846153846154
23 0.6537216828478964 0.39807692307692305 0.012405609492988134 0.022115384615384617
15 0.3209277238403452 0.5019230769230769 0.06526429341963323 0.11826923076923077
23 0.6682847896440129 0.4096153846153846 0.01348435814455232 0.025961538461538463
23 0.03398058252427184 0.5899038461538462 0.017259978425026967 0.022115384615384617
23 0.37081984897518877 0.4966346153846154 0.01348435814455232 0.01730769230769231
23 0.63915857605178 0.4235576923076923 0.014563106796116505 0.023076923076923078
23 0.656688241639698 0.4206730769230769 0.010787486515641856 0.022115384615384617
23 0.02831715210355987 0.6048076923076923 0.016720604099244876 0.020192307692307693
23 0.3592233009708738 0.5134615384615384 0.014023732470334413 0.01730769230769231
4 0.3724379719525351 0.5197115384615385 0.010787486515641856 0.013461538461538462
23 0.6297195253505933 0.44759615384615387 0.009708737864077669 0.022115384615384617
23 0.6175836030204962 0.45240384615384616 0.010787486515641856 0.014423076923076924
23 0.36138079827400216 0.53125 0.011866235167206042 0.015384615384615385
4 0.9759978425026968 0.3576923076923077 0.036677454153182305 0.04903846153846154
4 0.2974649406688242 0.5552884615384616 0.014023732470334413 0.027884615384615386
23 0.6281014023732471 0.4658653846153846 0.018878101402373247 0.023076923076923078
4 0.6116504854368932 0.4716346153846154 0.01564185544768069 0.028846153846153848
23 0.517529665587918 0.5009615384615385 0.045307443365695796 0.03461538461538462
15 0.16073354908306364 0.6024038461538461 0.03505933117583603 0.07884615384615384
15 0.4085760517799353 0.5355769230769231 0.05825242718446602 0.1125
4 0.3751348435814455 0.5461538461538461 0.009708737864077669 0.0125
4 0.5593311758360302 0.4971153846153846 0.0372168284789644 0.051923076923076926
23 0.5938511326860841 0.49278846153846156 0.012944983818770227 0.0375
23 0.2766990291262136 0.5865384615384616 0.0447680690399137 0.058653846153846154
15 0.9689859762675297 0.39471153846153845 0.038295577130528585 0.05961538461538462
4 0.9905609492988133 0.3908653846153846 0.008629989212513484 0.01826923076923077
4 0.604908306364617 0.5004807692307692 0.012944983818770227 0.04038461538461539
23 0.1383495145631068 0.6341346153846154 0.015102481121898598 0.02403846153846154
4 0.7456850053937433 0.46875 0.01348435814455232 0.01826923076923077
30 0.5043149946062567 0.5365384615384615 0.011326860841423949 0.03173076923076923
15 0.7025350593311759 0.4932692307692308 0.07766990291262135 0.09615384615384616
4 0.21305285868392665 0.08846153846153847 0.036138079827400214 0.03653846153846154
23 0.7467637540453075 0.4860576923076923 0.01348435814455232 0.020192307692307693
4 0.988673139158576 0.43317307692307694 0.021574973031283712 0.05480769230769231
4 0.7486515641855448 0.5009615384615385 0.012405609492988134 0.014423076923076924
15 0.5355987055016181 0.5629807692307692 0.018338727076591153 0.03365384615384615
30 0.5218446601941747 0.56875 0.01348435814455232 0.025
30 0.5018878101402373 0.5764423076923076 0.014563106796116505 0.026923076923076925
15 0.0412621359223301 0.7072115384615385 0.03559870550161812 0.07692307692307693
4 0.5976267529665588 0.5533653846153846 0.07874865156418555 0.0798076923076923
23 0.18608414239482202 0.09423076923076923 0.018878101402373247 0.027884615384615386
23 0.5186084142394822 0.5923076923076923 0.015102481121898598 0.023076923076923078
23 0.5078209277238404 0.6009615384615384 0.017259978425026967 0.028846153846153848
4 0.36138079827400216 0.6480769230769231 0.043149946062567425 0.06057692307692308
23 0.08333333333333333 0.7278846153846154 0.0037756202804746495 0.010576923076923078
4 0.4190938511326861 0.635576923076923 0.039913700107874865 0.04903846153846154
4 0.12486515641855447 0.7274038461538461 0.010248112189859764 0.014423076923076924
23 0.04503775620280474 0.75 0.03128371089536138 0.025961538461538463
4 0.1121898597626753 0.7322115384615384 0.012944983818770227 0.016346153846153847
23 0.059870550161812294 0.7528846153846154 0.0005393743257820927 0.0028846153846153848
4 0.7348975188781014 0.5629807692307692 0.043689320388349516 0.06153846153846154
15 0.6909385113268608 0.5774038461538461 0.0447680690399137 0.05480769230769231
23 0.04503775620280474 0.7639423076923076 0.03290183387270766 0.023076923076923078
23 0.045307443365695796 0.7735576923076923 0.037756202804746494 0.02403846153846154
23 0.021574973031283712 0.7822115384615385 0.007551240560949299 0.025961538461538463
23 0.9236785329018339 0.5360576923076923 0.016181229773462782 0.026923076923076925
23 0.9622437971952535 0.5264423076923077 0.05717367853290183 0.041346153846153845
25 0.9010248112189859 0.5447115384615384 0.034519956850053934 0.03076923076923077
4 0.4104638619201726 0.6899038461538461 0.07335490830636461 0.08846153846153847
30 0.36596548004314994 0.70625 0.012405609492988134 0.011538461538461539
15 0.05151024811218986 0.8048076923076923 0.037756202804746494 0.051923076923076926
4 0.6216289104638619 0.6447115384615385 0.03344120819848975 0.08942307692307692
30 0.3643473570658037 0.7182692307692308 0.012944983818770227 0.013461538461538462