23 0.754894578313253 0.08656330749354005 0.015060240963855422 0.011627906976744186
15 0.45745481927710846 0.11498708010335917 0.01581325301204819 0.029715762273901807
4 0.4710090361445783 0.11627906976744186 0.009036144578313253 0.023255813953488372
23 0.42319277108433734 0.13695090439276486 0.007530120481927711 0.02454780361757106
23 0.4450301204819277 0.1479328165374677 0.009789156626506024 0.01937984496124031
15 0.05948795180722891 0.22157622739018087 0.04969879518072289 0.05167958656330749
23 0.2876506024096386 0.24741602067183463 0.015060240963855422 0.0103359173126615
23 0.10278614457831325 0.2739018087855297 0.006024096385542169 0.01808785529715762
23 0.10993975903614457 0.27325581395348836 0.006024096385542169 0.021963824289405683
23 0.11634036144578314 0.27325581395348836 0.005271084337349397 0.023255813953488372
23 0.12311746987951808 0.2739018087855297 0.006024096385542169 0.02454780361757106
23 0.37349397590361444 0.25516795865633074 0.010542168674698794 0.0103359173126615
23 0.10353915662650602 0.29844961240310075 0.006024096385542169 0.023255813953488372
23 0.11106927710843373 0.2997416020671835 0.007530120481927711 0.021963824289405683
23 0.11822289156626506 0.2990956072351421 0.005271084337349397 0.020671834625323
23 0.12424698795180723 0.2990956072351421 0.006024096385542169 0.021963824289405683
23 0.37349397590361444 0.28811369509043927 0.010542168674698794 0.011627906976744186
4 0.04066265060240964 0.3449612403100775 0.05120481927710843 0.08397932816537468
23 0.375 0.31976744186046513 0.012048192771084338 0.011627906976744186
15 0.4254518072289157 0.31718346253229973 0.09186746987951808 0.2467700258397933
23 0.2876506024096386 0.3430232558139535 0.00677710843373494 0.01808785529715762
4 0.2183734939759036 0.3520671834625323 0.007530120481927711 0.023255813953488372
4 0.1976656626506024 0.35594315245478036 0.007530120481927711 0.020671834625323
23 0.37612951807228917 0.3488372093023256 0.009789156626506024 0.00904392764857881
4 0.2191265060240964 0.3850129198966408 0.009789156626506024 0.012919896640826873
23 0.2948042168674699 0.37790697674418605 0.01355421686746988 0.015503875968992248
23 0.23268072289156627 0.38436692506459946 0.010542168674698794 0.0103359173126615
4 0.04254518072289157 0.4018087855297158 0.012801204819277108 0.01808785529715762
4 0.012424698795180723 0.40891472868217055 0.012801204819277108 0.016795865633074936
4 0.024849397590361446 0.4095607235142119 0.007530120481927711 0.021963824289405683
4 0.28990963855421686 0.39599483204134367 0.005271084337349397 0.015503875968992248
4 0.30346385542168675 0.39599483204134367 0.00677710843373494 0.01808785529715762
23 0.29668674698795183 0.39664082687338503 0.006024096385542169 0.01808785529715762
23 0.23644578313253012 0.40310077519379844 0.006024096385542169 0.020671834625323
4 0.24359939759036145 0.4043927648578811 0.00677710843373494 0.021963824289405683
23 0.22477409638554216 0.41472868217054265 0.009036144578313253 0.023255813953488372
23 0.31099397590361444 0.4166666666666667 0.006024096385542169 0.021963824289405683
23 0.29103915662650603 0.4198966408268734 0.006024096385542169 0.023255813953488372
23 0.29743975903614456 0.4198966408268734 0.004518072289156626 0.01937984496124031
23 0.3045933734939759 0.4198966408268734 0.005271084337349397 0.020671834625323
23 0.20218373493975902 0.43023255813953487 0.008283132530120483 0.020671834625323
23 0.23644578313253012 0.42700258397932817 0.006024096385542169 0.01808785529715762
4 0.1532379518072289 0.4354005167958656 0.0286144578313253 0.059431524547803614
23 0.24359939759036145 0.42700258397932817 0.005271084337349397 0.01808785529715762
23 0.038403614457831324 0.4509043927648579 0.006024096385542169 0.020671834625323
4 0.045180722891566265 0.4502583979328165 0.004518072289156626 0.021963824289405683
23 0.22590361445783133 0.4347545219638243 0.012801204819277108 0.012919896640826873
15 0.02108433734939759 0.45671834625323 0.021837349397590362 0.041343669250646
23 0.2375753012048193 0.4470284237726098 0.005271084337349397 0.016795865633074936
23 0.2447289156626506 0.4483204134366925 0.005271084337349397 0.01808785529715762
23 0.3117469879518072 0.44315245478036175 0.005271084337349397 0.01937984496124031
23 0.3057228915662651 0.4444444444444444 0.005271084337349397 0.021963824289405683
23 0.2914156626506024 0.4470284237726098 0.005271084337349397 0.01808785529715762
23 0.29856927710843373 0.44638242894056845 0.005271084337349397 0.01937984496124031
23 0.17582831325301204 0.4573643410852713 0.006024096385542169 0.020671834625323
23 0.1976656626506024 0.45542635658914726 0.007530120481927711 0.021963824289405683
23 0.3196536144578313 0.4444444444444444 0.007530120481927711 0.01808785529715762
4 0.21875 0.45478036175710596 0.017319277108433735 0.015503875968992248
23 0.2055722891566265 0.4560723514211886 0.00677710843373494 0.01808785529715762
23 0.038780120481927714 0.4806201550387597 0.009036144578313253 0.011627906976744186
23 0.4631024096385542 0.4573643410852713 0.011295180722891566 0.0103359173126615
4 0.42206325301204817 0.4631782945736434 0.008283132530120483 0.025839793281653745
23 0.46724397590361444 0.4748062015503876 0.008283132530120483 0.023255813953488372
23 0.42319277108433734 0.48643410852713176 0.009789156626506024 0.01937984496124031
4 0.45707831325301207 0.5109819121447028 0.015060240963855422 0.014211886304909561
7 0.03275602409638554 0.5852713178294574 0.0391566265060241 0.16925064599483206
15 0.4420180722891566 0.562015503875969 0.050451807228915665 0.08527131782945736
23 0.10203313253012049 0.5943152454780362 0.011295180722891566 0.011627906976744186
23 0.1280120481927711 0.603359173126615 0.010542168674698794 0.0103359173126615
23 0.10240963855421686 0.6072351421188631 0.015060240963855422 0.011627906976744186
23 0.12951807228915663 0.6195090439276486 0.009036144578313253 0.00904392764857881
15 0.2469879518072289 0.6492248062015504 0.16716867469879518 0.26744186046511625
4 0.4367469879518072 0.6576227390180879 0.016566265060240965 0.0103359173126615
23 0.06438253012048192 0.6983204134366925 0.005271084337349397 0.016795865633074936
23 0.0572289156626506 0.7002583979328165 0.005271084337349397 0.01937984496124031
23 0.08094879518072289 0.6996124031007752 0.006024096385542169 0.023255813953488372
23 0.07379518072289157 0.7009043927648578 0.006024096385542169 0.023255813953488372
4 0.43599397590361444 0.6692506459948321 0.01430722891566265 0.011627906976744186
23 0.09826807228915663 0.7157622739018088 0.005271084337349397 0.020671834625323
23 0.09224397590361445 0.7177002583979328 0.006024096385542169 0.023255813953488372
23 0.08509036144578314 0.7209302325581395 0.00677710843373494 0.01808785529715762
23 0.0783132530120482 0.7222222222222222 0.006024096385542169 0.016795865633074936
4 0.11935240963855422 0.7409560723514211 0.03162650602409638 0.06459948320413436
4 0.09299698795180723 0.7435400516795866 0.018072289156626505 0.021963824289405683
15 0.4292168674698795 0.7235142118863049 0.060240963855421686 0.09431524547803617
4 0.07153614457831325 0.7609819121447028 0.01430722891566265 0.015503875968992248
7 0.035391566265060244 0.7739018087855297 0.039909638554216864 0.14599483204134367
4 0.09412650602409639 0.7700258397932817 0.01957831325301205 0.020671834625323
23 0.11483433734939759 0.08204134366925064 0.006024096385542169 0.01937984496124031
23 0.07153614457831325 0.7771317829457365 0.01355421686746988 0.012919896640826873
4 0.07153614457831325 0.7919896640826873 0.01355421686746988 0.016795865633074936
23 0.0730421686746988 0.8074935400516796 0.017319277108433735 0.011627906976744186
23 0.5843373493975904 0.8029715762273901 0.00677710843373494 0.025839793281653745
23 0.5922439759036144 0.8029715762273901 0.007530120481927711 0.028423772609819122
23 0.25 0.8339793281653747 0.009789156626506024 0.025839793281653745
23 0.2341867469879518 0.07945736434108527 0.012048192771084338 0.011627906976744186
23 0.25903614457831325 0.8339793281653747 0.007530120481927711 0.025839793281653745
23 0.2744728915662651 0.8333333333333334 0.009036144578313253 0.029715762273901807
23 0.26694277108433734 0.8352713178294574 0.004518072289156626 0.028423772609819122
23 0.23832831325301204 0.838501291989664 0.007530120481927711 0.021963824289405683
15 0.889683734939759 0.7868217054263565 0.04066265060240964 0.05167958656330749
4 0.1536144578313253 0.8540051679586563 0.018072289156626505 0.020671834625323
23 0.125 0.8578811369509044 0.004518072289156626 0.016795865633074936
23 0.10090361445783133 0.09237726098191215 0.006024096385542169 0.01937984496124031
4 0.11746987951807229 0.8591731266149871 0.005271084337349397 0.016795865633074936
23 0.608433734939759 0.8223514211886305 0.006024096385542169 0.021963824289405683
4 0.18900602409638553 0.8611111111111112 0.008283132530120483 0.03488372093023256
23 0.6317771084337349 0.8210594315245479 0.006024096385542169 0.021963824289405683
23 0.6238704819277109 0.8223514211886305 0.007530120481927711 0.020671834625323
23 0.5425451807228916 0.8307493540051679 0.00677710843373494 0.020671834625323
23 0.6001506024096386 0.8255813953488372 0.006024096385542169 0.023255813953488372
23 0.6163403614457831 0.8242894056847545 0.004518072289156626 0.023255813953488372
23 0.641566265060241 0.8217054263565892 0.009036144578313253 0.020671834625323
23 0.10805722891566265 0.09366925064599484 0.006024096385542169 0.01937984496124031
23 0.5323795180722891 0.8352713178294574 0.011295180722891566 0.012919896640826873
15 0.08659638554216867 0.877906976744186 0.04819277108433735 0.060723514211886306
15 0.08697289156626506 0.877906976744186 0.05120481927710843 0.060723514211886306
4 0.4864457831325301 0.8468992248062015 0.011295180722891566 0.00904392764857881
23 0.3772590361445783 0.0710594315245478 0.006024096385542169 0.020671834625323
4 0.2522590361445783 0.8753229974160207 0.007530120481927711 0.02454780361757106
23 0.5327560240963856 0.8546511627906976 0.01430722891566265 0.015503875968992248
23 0.932605421686747 0.8217054263565892 0.004518072289156626 0.021963824289405683
4 0.5609939759036144 0.8559431524547804 0.030120481927710843 0.03488372093023256
4 0.24209337349397592 0.8869509043927648 0.009036144578313253 0.025839793281653745
23 0.5274849397590361 0.8733850129198967 0.006024096385542169 0.02454780361757106
23 0.4066265060240964 0.06976744186046512 0.009036144578313253 0.021963824289405683
23 0.4310993975903614 0.06782945736434108 0.00677710843373494 0.021963824289405683
23 0.5207078313253012 0.8753229974160207 0.005271084337349397 0.021963824289405683
23 0.5353915662650602 0.874031007751938 0.005271084337349397 0.01808785529715762
23 0.5124246987951807 0.8766149870801033 0.008283132530120483 0.01937984496124031
23 0.48569277108433734 0.8811369509043928 0.005271084337349397 0.015503875968992248
23 0.4932228915662651 0.8804909560723514 0.006024096385542169 0.020671834625323
23 0.504894578313253 0.8811369509043928 0.006024096385542169 0.015503875968992248
4 0.1223644578313253 0.9192506459948321 0.00677710843373494 0.020671834625323
23 0.2473644578313253 0.9147286821705426 0.007530120481927711 0.023255813953488372
4 0.16603915662650603 0.9218346253229974 0.04819277108433735 0.08397932816537468
23 0.23908132530120482 0.9166666666666666 0.00677710843373494 0.023255813953488372
4 0.25941265060240964 0.9166666666666666 0.01430722891566265 0.037467700258397935
23 0.41566265060240964 0.07170542635658915 0.006024096385542169 0.025839793281653745
23 0.2345632530120482 0.09043927648578812 0.01430722891566265 0.0103359173126615
4 0.4006024096385542 0.9470284237726099 0.01957831325301205 0.028423772609819122
23 0.2341867469879518 0.10142118863049096 0.018072289156626505 0.0103359173126615
4 0.4679969879518072 0.082687338501292 0.012801204819277108 0.03617571059431524
23 0.23531626506024098 0.11175710594315245 0.018072289156626505 0.00904392764857881
23 0.4239457831325301 0.09431524547803617 0.005271084337349397 0.021963824289405683
23 0.11596385542168675 0.12209302325581395 0.007530120481927711 0.01937984496124031
23 0.10240963855421686 0.12403100775193798 0.004518072289156626 0.021963824289405683
23 0.3885542168674699 0.09819121447028424 0.00677710843373494 0.021963824289405683
23 0.1091867469879518 0.12467700258397933 0.006024096385542169 0.01808785529715762
23 0.43900602409638556 0.09496124031007752 0.005271084337349397 0.021963824289405683
23 0.3987198795180723 0.10077519379844961 0.005271084337349397 0.01937984496124031
23 0.7533885542168675 0.07235142118863049 0.012801204819277108 0.014211886304909561