4 0.4699570815450644 0.39614121510673234 0.013948497854077254 0.022988505747126436
4 0.4871244635193133 0.4035303776683087 0.01984978540772532 0.022988505747126436
4 0.5697424892703863 0.4425287356321839 0.009120171673819743 0.014778325123152709
4 0.5807403433476395 0.44745484400656815 0.012339055793991416 0.017241379310344827
4 0.5898605150214592 0.44991789819376027 0.01072961373390558 0.017241379310344827
4 0.5667918454935622 0.46264367816091956 0.0101931330472103 0.017241379310344827
4 0.5997854077253219 0.4544334975369458 0.012875536480686695 0.017241379310344827
4 0.5992489270386266 0.4552545155993432 0.013948497854077254 0.016420361247947456
4 0.5815450643776824 0.4708538587848933 0.01072961373390558 0.014778325123152709
4 0.5380901287553648 0.4860426929392447 0.011266094420600859 0.016420361247947456
4 0.5901287553648069 0.47413793103448276 0.01072961373390558 0.013957307060755337
23 0.5249463519313304 0.49835796387520526 0.01072961373390558 0.015599343185550082
4 0.6000536480686696 0.4794745484400657 0.008583690987124463 0.013957307060755337
23 0.5308476394849786 0.5016420361247947 0.008047210300429184 0.012315270935960592
4 0.6048819742489271 0.4815270935960591 0.009120171673819743 0.015599343185550082
4 0.5359442060085837 0.5045155993431856 0.0101931330472103 0.014778325123152709
4 0.6110515021459227 0.48357963875205257 0.009656652360515022 0.015599343185550082
4 0.6172210300429185 0.4852216748768473 0.009656652360515022 0.013957307060755337
23 0.6215128755364807 0.4880952380952381 0.01072961373390558 0.017241379310344827
23 0.6276824034334764 0.4905582922824302 0.009656652360515022 0.015599343185550082
15 0.503755364806867 0.5291461412151067 0.02092274678111588 0.03858784893267652
23 0.6327789699570815 0.49137931034482757 0.012339055793991416 0.015599343185550082
4 0.5305793991416309 0.5295566502463054 0.011802575107296138 0.014778325123152709
4 0.6542381974248928 0.5053366174055829 0.009656652360515022 0.013136288998357963
23 0.49543991416309013 0.5541871921182266 0.0101931330472103 0.013957307060755337
4 0.6920600858369099 0.49794745484400654 0.013412017167381975 0.018883415435139574
23 0.5 0.5554187192118226 0.009120171673819743 0.013957307060755337
4 0.526824034334764 0.5480295566502463 0.009120171673819743 0.013136288998357963
4 0.6628218884120172 0.5086206896551724 0.011266094420600859 0.013957307060755337
23 0.5056330472103004 0.5578817733990148 0.0101931330472103 0.012315270935960592
4 0.6233905579399142 0.5250410509031199 0.008047210300429184 0.012315270935960592
23 0.4924892703862661 0.5656814449917899 0.008583690987124463 0.013136288998357963
15 0.5724248927038627 0.541871921182266 0.13090128755364808 0.18555008210180624
4 0.6284871244635193 0.5270935960591133 0.0101931330472103 0.012315270935960592
23 0.49758583690987124 0.5677339901477833 0.009120171673819743 0.012315270935960592
4 0.7113733905579399 0.506568144499179 0.017703862660944206 0.022988505747126436
23 0.5024141630901288 0.5701970443349754 0.008583690987124463 0.013136288998357963
4 0.5075107296137339 0.5714285714285714 0.0075107296137339056 0.012315270935960592
4 0.683744635193133 0.5188834154351396 0.013948497854077254 0.0180623973727422
23 0.490343347639485 0.5788177339901478 0.008583690987124463 0.013136288998357963
23 0.5115343347639485 0.5743021346469622 0.008047210300429184 0.011494252873563218
23 0.49490343347639487 0.5808702791461412 0.0075107296137339056 0.012315270935960592
4 0.618293991416309 0.5459770114942529 0.009656652360515022 0.015599343185550082
23 0.5168991416309013 0.575944170771757 0.0101931330472103 0.013136288998357963
23 0.4989270386266094 0.5812807881773399 0.0075107296137339056 0.012315270935960592
4 0.625 0.5455665024630542 0.009656652360515022 0.012315270935960592
23 0.4857832618025751 0.590311986863711 0.011802575107296138 0.0180623973727422
23 0.503755364806867 0.5849753694581281 0.0101931330472103 0.014778325123152709
23 0.4927575107296137 0.5931855500821018 0.0101931330472103 0.014778325123152709
15 0.6668454935622318 0.5431034482758621 0.07564377682403434 0.11330049261083744
23 0.4978540772532189 0.5960591133004927 0.01072961373390558 0.014778325123152709
4 0.5270922746781116 0.5931855500821018 0.011266094420600859 0.013136288998357963
4 0.6148068669527897 0.5685550082101807 0.008047210300429184 0.013957307060755337
4 0.5367489270386266 0.5960591133004927 0.008047210300429184 0.013136288998357963
23 0.6193669527896996 0.5714285714285714 0.009120171673819743 0.013957307060755337
4 0.6370708154506438 0.5681444991789819 0.008583690987124463 0.013136288998357963
23 0.6247317596566524 0.5743021346469622 0.0101931330472103 0.013957307060755337
4 0.5423819742489271 0.6001642036124795 0.008583690987124463 0.013957307060755337
4 0.6408261802575107 0.5710180623973727 0.008047210300429184 0.013136288998357963
23 0.6298283261802575 0.575944170771757 0.01072961373390558 0.015599343185550082
23 0.5456008583690987 0.6009852216748769 0.01072961373390558 0.016420361247947456
4 0.6453862660944206 0.5738916256157636 0.0075107296137339056 0.010673234811165846
23 0.5512339055793991 0.6026272577996716 0.01072961373390558 0.014778325123152709
4 0.6507510729613734 0.5763546798029556 0.008583690987124463 0.013957307060755337
23 0.5555257510729614 0.6055008210180624 0.009120171673819743 0.013957307060755337
4 0.6094420600858369 0.5919540229885057 0.008047210300429184 0.015599343185550082
23 0.5606223175965666 0.6067323481116584 0.009120171673819743 0.013957307060755337
4 0.6150751072961373 0.5935960591133005 0.009120171673819743 0.0180623973727422
4 0.6394849785407726 0.5866174055829229 0.011802575107296138 0.016420361247947456
23 0.5651824034334764 0.6091954022988506 0.011266094420600859 0.013957307060755337
4 0.5694742489270386 0.6124794745484401 0.009656652360515022 0.013957307060755337
4 0.66818669527897 0.5845648604269293 0.009656652360515022 0.017241379310344827
4 0.6459227467811158 0.5911330049261084 0.008583690987124463 0.014778325123152709
4 0.5740343347639485 0.6141215106732348 0.008583690987124463 0.013136288998357963
23 0.6496781115879828 0.5935960591133005 0.01072961373390558 0.015599343185550082
4 0.5785944206008584 0.6153530377668309 0.009120171673819743 0.013957307060755337
4 0.6751609442060086 0.5874384236453202 0.0101931330472103 0.013957307060755337
4 0.8031115879828327 0.5504926108374384 0.015021459227467811 0.0180623973727422
23 0.654774678111588 0.5952380952380952 0.009120171673819743 0.013136288998357963
4 0.5831545064377682 0.6174055829228243 0.009656652360515022 0.014778325123152709
4 0.6797210300429185 0.5894909688013136 0.009656652360515022 0.015599343185550082
23 0.6598712446351931 0.5972906403940886 0.01072961373390558 0.013957307060755337
4 0.739538626609442 0.5743021346469622 0.018776824034334765 0.028735632183908046
4 0.6858905579399142 0.5911330049261084 0.011266094420600859 0.013957307060755337
4 0.5895922746781116 0.6206896551724138 0.012875536480686695 0.018883415435139574
4 0.6676502145922747 0.6022167487684729 0.011266094420600859 0.013957307060755337
4 0.7467811158798283 0.5796387520525451 0.01555793991416309 0.029556650246305417
4 0.7100321888412017 0.5915435139573071 0.016094420600858368 0.026272577996715927
4 0.8253755364806867 0.5570607553366174 0.011802575107296138 0.022167487684729065
4 0.6767703862660944 0.604679802955665 0.011266094420600859 0.013957307060755337
23 0.7328326180257511 0.5989326765188834 0.012339055793991416 0.016420361247947456
4 0.5997854077253219 0.6391625615763546 0.016094420600858368 0.023809523809523808
23 0.7379291845493562 0.6013957307060755 0.011266094420600859 0.012315270935960592
15 0.7207618025751072 0.6067323481116584 0.02467811158798283 0.04433497536945813
15 0.6502145922746781 0.6293103448275862 0.07778969957081545 0.09441707717569786
4 0.6089055793991416 0.6432676518883416 0.016094420600858368 0.027093596059113302
4 0.7333690987124464 0.6153530377668309 0.017167381974248927 0.025451559934318555
4 0.6209763948497854 0.6522988505747126 0.009120171673819743 0.014778325123152709
4 0.625 0.6535303776683087 0.009120171673819743 0.014778325123152709
4 0.6298283261802575 0.6572249589490968 0.009120171673819743 0.012315270935960592
4 0.634656652360515 0.659688013136289 0.01072961373390558 0.014778325123152709
23 0.7127145922746781 0.6391625615763546 0.01072961373390558 0.013957307060755337
23 0.7194206008583691 0.6395730706075534 0.01072961373390558 0.016420361247947456
4 0.7290772532188842 0.6383415435139573 0.01555793991416309 0.022167487684729065
4 0.6984978540772532 0.6510673234811166 0.018240343347639486 0.027093596059113302
4 0.651824034334764 0.6670771756978654 0.01072961373390558 0.018883415435139574
4 0.6587982832618026 0.6703612479474549 0.009656652360515022 0.016420361247947456
4 0.6641630901287554 0.672824302134647 0.008583690987124463 0.013136288998357963
4 0.6697961373390557 0.6744663382594417 0.009120171673819743 0.013957307060755337
4 0.7250536480686696 0.6629720853858785 0.019313304721030045 0.03366174055829228
4 0.7339055793991416 0.6678981937602627 0.01984978540772532 0.030377668308702793
23 0.8395922746781116 0.6481937602627258 0.011802575107296138 0.014778325123152709
4 0.8476394849785408 0.6457307060755336 0.016094420600858368 0.023809523809523808
4 0.8216201716738197 0.6568144499178982 0.011266094420600859 0.0180623973727422
23 0.8275214592274678 0.6592775041050903 0.009120171673819743 0.013136288998357963
23 0.8315450643776824 0.6613300492610837 0.009120171673819743 0.012315270935960592
23 0.8361051502145923 0.6642036124794746 0.0075107296137339056 0.012315270935960592
23 0.8409334763948498 0.666256157635468 0.009656652360515022 0.014778325123152709
4 0.8825107296137339 0.6539408866995073 0.018776824034334765 0.028735632183908046
23 0.845225321888412 0.6666666666666666 0.011802575107296138 0.014778325123152709
15 0.8208154506437768 0.6765188834154351 0.018240343347639486 0.022167487684729065
4 0.8927038626609443 0.6576354679802956 0.0203862660944206 0.028735632183908046
4 0.8302038626609443 0.6810344827586207 0.017167381974248927 0.027093596059113302
23 0.8031115879828327 0.6917077175697866 0.01072961373390558 0.019704433497536946
23 0.8076716738197425 0.69376026272578 0.0101931330472103 0.015599343185550082
4 0.8143776824034334 0.6990968801313628 0.01555793991416309 0.022988505747126436
4 0.9844420600858369 0.6486042692939245 0.013412017167381975 0.0180623973727422
4 0.8782188841201717 0.6818555008210181 0.01984978540772532 0.030377668308702793
23 0.9892703862660944 0.6514778325123153 0.012875536480686695 0.016420361247947456
23 0.9935622317596566 0.6535303776683087 0.011802575107296138 0.0180623973727422
4 0.8889484978540773 0.687192118226601 0.017167381974248927 0.028735632183908046
15 0.8283261802575107 0.7052545155993432 0.019313304721030045 0.028735632183908046
23 0.996244635193133 0.6551724137931034 0.006437768240343348 0.014778325123152709
4 0.8978004291845494 0.6884236453201971 0.018240343347639486 0.026272577996715927
23 0.9978540772532188 0.6584564860426929 0.003218884120171674 0.016420361247947456
4 0.9868562231759657 0.6678981937602627 0.01072961373390558 0.014778325123152709
4 0.9074570815450643 0.6925287356321839 0.02145922746781116 0.027093596059113302
4 0.8071351931330472 0.7241379310344828 0.013412017167381975 0.021346469622331693
4 0.8731223175965666 0.7060755336617406 0.016094420600858368 0.023809523809523808
4 0.9911480686695279 0.6707717569786535 0.011266094420600859 0.014778325123152709
23 0.8119635193133047 0.7266009852216748 0.012875536480686695 0.015599343185550082
4 0.9951716738197425 0.672824302134647 0.008583690987124463 0.015599343185550082
4 0.8175965665236051 0.729064039408867 0.01072961373390558 0.015599343185550082
4 0.9981223175965666 0.6748768472906403 0.002682403433476395 0.013136288998357963
23 0.822156652360515 0.7302955665024631 0.011802575107296138 0.014778325123152709
23 0.8264484978540773 0.7331691297208539 0.012875536480686695 0.015599343185550082
4 0.8905579399141631 0.7142857142857143 0.017703862660944206 0.024630541871921183
4 0.8320815450643777 0.7339901477832512 0.009656652360515022 0.016420361247947456
23 0.9184549356223176 0.7101806239737274 0.011802575107296138 0.015599343185550082
4 0.8361051502145923 0.7364532019704434 0.009120171673819743 0.012315270935960592
23 0.9503755364806867 0.7032019704433498 0.009656652360515022 0.013957307060755337
23 0.9560085836909872 0.7032019704433498 0.0101931330472103 0.016420361247947456
4 0.8696351931330472 0.7294745484400657 0.018776824034334765 0.022167487684729065
23 0.8401287553648069 0.7393267651888341 0.0101931330472103 0.013957307060755337
23 0.9600321888412017 0.7060755336617406 0.009656652360515022 0.015599343185550082
23 0.8449570815450643 0.7409688013136289 0.01072961373390558 0.014778325123152709
4 0.9109442060085837 0.7233169129720853 0.011802575107296138 0.014778325123152709
23 0.9653969957081545 0.7085385878489326 0.01072961373390558 0.015599343185550082
23 0.8495171673819742 0.7430213464696224 0.011802575107296138 0.017241379310344827
4 0.9482296137339056 0.7163382594417077 0.012339055793991416 0.0180623973727422
23 0.9699570815450643 0.7105911330049262 0.0101931330472103 0.0180623973727422
4 0.85568669527897 0.7454844006568144 0.011802575107296138 0.0180623973727422
4 0.8870708154506438 0.736863711001642 0.018776824034334765 0.027093596059113302
23 0.9527896995708155 0.7175697865353038 0.0101931330472103 0.014778325123152709
23 0.9745171673819742 0.7110016420361248 0.011266094420600859 0.014778325123152709
15 0.9160407725321889 0.729064039408867 0.016630901287553648 0.022988505747126436
23 0.8927038626609443 0.7393267651888341 0.011266094420600859 0.015599343185550082
23 0.9581545064377682 0.7200328407224958 0.008583690987124463 0.013136288998357963
4 0.9243562231759657 0.7307060755336617 0.011266094420600859 0.021346469622331693
23 0.9788090128755365 0.7155172413793104 0.011802575107296138 0.014778325123152709
23 0.9302575107296137 0.7331691297208539 0.012339055793991416 0.016420361247947456
23 0.9624463519313304 0.7237274220032841 0.009120171673819743 0.013957307060755337
23 0.0024141630901287556 0.1958128078817734 0.004828326180257511 0.015599343185550082
23 0.9348175965665236 0.7344006568144499 0.011802575107296138 0.018883415435139574
23 0.966469957081545 0.7257799671592775 0.0101931330472103 0.013136288998357963
4 0.9028969957081545 0.7454844006568144 0.01072961373390558 0.020525451559934318
4 0.908530042918455 0.7467159277504105 0.01072961373390558 0.018883415435139574
23 0.9712982832618026 0.7294745484400657 0.011802575107296138 0.016420361247947456
4 0.9444742489270386 0.7380952380952381 0.012339055793991416 0.017241379310344827
4 0.9136266094420601 0.7483579638752053 0.009656652360515022 0.016420361247947456
23 0.9761266094420601 0.7298850574712644 0.008047210300429184 0.012315270935960592
23 0.9192596566523605 0.75 0.011266094420600859 0.018883415435139574
23 0.9798819742489271 0.7327586206896551 0.0101931330472103 0.012315270935960592
23 0.9849785407725322 0.7339901477832512 0.008583690987124463 0.015599343185550082
4 0.953862660944206 0.7438423645320197 0.011266094420600859 0.019704433497536946
23 0.9235515021459227 0.7545155993431856 0.012875536480686695 0.016420361247947456
4 0.9914163090128756 0.736863711001642 0.014484978540772532 0.017241379310344827
4 0.9409871244635193 0.7569786535303776 0.011266094420600859 0.015599343185550082
15 0.9616416309012875 0.7532840722495895 0.02736051502145923 0.04187192118226601
23 0.9715665236051502 0.7528735632183908 0.01072961373390558 0.015599343185550082
4 0.9511802575107297 0.7606732348111659 0.009656652360515022 0.013957307060755337
23 0.9771995708154506 0.7536945812807881 0.009120171673819743 0.013957307060755337
4 0.9817596566523605 0.7557471264367817 0.0101931330472103 0.013957307060755337
23 0.0045600858369098714 0.1990968801313629 0.009120171673819743 0.015599343185550082
23 0.9863197424892703 0.7577996715927751 0.01072961373390558 0.016420361247947456
4 0.9911480686695279 0.7602627257799671 0.01072961373390558 0.017241379310344827
23 0.9680793991416309 0.7697044334975369 0.009656652360515022 0.012315270935960592
4 0.9951716738197425 0.7651888341543513 0.008583690987124463 0.016420361247947456
23 0.9734442060085837 0.7713464696223317 0.0101931330472103 0.015599343185550082
23 0.9981223175965666 0.7655993431855501 0.002682403433476395 0.015599343185550082
4 0.9782725321888412 0.7725779967159278 0.0101931330472103 0.014778325123152709
23 0.9825643776824035 0.7746305418719212 0.009120171673819743 0.015599343185550082
4 0.9871244635193133 0.7766830870279147 0.0101931330472103 0.014778325123152709
4 0.9924892703862661 0.7791461412151067 0.009656652360515022 0.0180623973727422
4 0.008851931330472103 0.19950738916256158 0.009656652360515022 0.0180623973727422
23 0.996244635193133 0.7824302134646962 0.006437768240343348 0.014778325123152709
4 0.9978540772532188 0.7857142857142857 0.003218884120171674 0.016420361247947456
23 0.014216738197424892 0.20279146141215107 0.009656652360515022 0.014778325123152709
4 0.001072961373390558 0.21182266009852216 0.002145922746781116 0.0180623973727422
23 0.020118025751072962 0.20607553366174056 0.011802575107296138 0.014778325123152709
4 0.0029506437768240345 0.2138752052545156 0.005901287553648069 0.018883415435139574
23 0.023336909871244635 0.2077175697865353 0.0101931330472103 0.013957307060755337
23 0.027896995708154508 0.20894909688013136 0.009120171673819743 0.013136288998357963
4 0.010997854077253219 0.21798029556650247 0.009120171673819743 0.019704433497536946
23 0.03272532188841202 0.21223316912972084 0.009656652360515022 0.015599343185550082
23 0.03782188841201717 0.2134646962233169 0.011266094420600859 0.012315270935960592
4 0.015021459227467811 0.22208538587848933 0.011802575107296138 0.015599343185550082
23 0.04238197424892704 0.21551724137931033 0.008583690987124463 0.013957307060755337
4 0.020118025751072962 0.22372742200328408 0.01072961373390558 0.013957307060755337
23 0.04667381974248927 0.21839080459770116 0.0101931330472103 0.012315270935960592
4 0.024141630901287552 0.2257799671592775 0.012339055793991416 0.013136288998357963
4 0.05177038626609442 0.21921182266009853 0.009120171673819743 0.019704433497536946
4 0.029506437768240343 0.2286535303776683 0.013412017167381975 0.0180623973727422
4 0.035139484978540775 0.23111658456486042 0.012875536480686695 0.013957307060755337
4 0.03969957081545064 0.2319376026272578 0.011266094420600859 0.013957307060755337
4 0.04533261802575107 0.23316912972085385 0.011802575107296138 0.016420361247947456
4 0.13063304721030042 0.2376847290640394 0.012339055793991416 0.022167487684729065
4 0.0944206008583691 0.25492610837438423 0.0101931330472103 0.0180623973727422
23 0.10032188841201717 0.25738916256157635 0.011266094420600859 0.013136288998357963
4 0.15128755364806867 0.24589490968801314 0.012339055793991416 0.029556650246305417
4 0.09093347639484979 0.2697044334975369 0.0101931330472103 0.017241379310344827
23 0.11427038626609443 0.26436781609195403 0.0101931330472103 0.014778325123152709
15 0.10649141630901288 0.26683087027914615 0.01984978540772532 0.03284072249589491
4 0.11936695278969957 0.2660098522167488 0.01072961373390558 0.017241379310344827
23 0.0979077253218884 0.2733990147783251 0.0101931330472103 0.013957307060755337
23 0.11105150214592274 0.27873563218390807 0.008047210300429184 0.010673234811165846
4 0.1161480686695279 0.27873563218390807 0.011802575107296138 0.017241379310344827
4 0.1520922746781116 0.28160919540229884 0.018240343347639486 0.03366174055829228
23 0.17221030042918456 0.2803776683087028 0.012875536480686695 0.020525451559934318
4 0.1609442060085837 0.28735632183908044 0.017167381974248927 0.030377668308702793
23 0.17703862660944206 0.2848932676518883 0.01072961373390558 0.013957307060755337
23 0.1821351931330472 0.28776683087027916 0.011802575107296138 0.0180623973727422
23 0.18723175965665237 0.2885878489326765 0.012339055793991416 0.017241379310344827
4 0.1684549356223176 0.2951559934318555 0.0101931330472103 0.0180623973727422
4 0.17355150214592274 0.29679802955665024 0.011266094420600859 0.018883415435139574
23 0.19313304721030042 0.291871921182266 0.012339055793991416 0.017241379310344827
4 0.22854077253218885 0.2811986863711002 0.015021459227467811 0.024630541871921183
23 0.19822961373390557 0.2926929392446634 0.012339055793991416 0.018883415435139574
4 0.17945278969957082 0.29926108374384236 0.011802575107296138 0.019704433497536946
23 0.20359442060085836 0.2963875205254516 0.011266094420600859 0.017241379310344827
4 0.1848175965665236 0.3033661740558292 0.009656652360515022 0.0180623973727422
23 0.2084227467811159 0.2996715927750411 0.01072961373390558 0.016420361247947456
4 0.2459763948497854 0.29022988505747127 0.016094420600858368 0.022988505747126436
4 0.19501072961373392 0.3070607553366174 0.009656652360515022 0.017241379310344827
23 0.21378755364806867 0.30254515599343185 0.01072961373390558 0.016420361247947456
4 0.2003755364806867 0.3099343185550082 0.009120171673819743 0.019704433497536946
23 0.21888412017167383 0.30500821018062396 0.01072961373390558 0.015599343185550082
4 0.22451716738197425 0.3066502463054187 0.0101931330472103 0.014778325123152709
23 0.22988197424892703 0.30952380952380953 0.009656652360515022 0.013136288998357963
4 0.20976394849785407 0.31527093596059114 0.011802575107296138 0.018883415435139574
4 0.21593347639484978 0.3169129720853859 0.008047210300429184 0.020525451559934318
23 0.23471030042918456 0.31198686371100165 0.01072961373390558 0.016420361247947456
4 0.22237124463519314 0.31896551724137934 0.01072961373390558 0.017241379310344827
23 0.24034334763948498 0.31444991789819376 0.009120171673819743 0.016420361247947456
23 0.24624463519313305 0.3169129720853859 0.011266094420600859 0.015599343185550082
4 0.22719957081545064 0.3226600985221675 0.01072961373390558 0.013957307060755337
23 0.2513412017167382 0.31896551724137934 0.01072961373390558 0.016420361247947456
4 0.23149141630901288 0.3263546798029557 0.011802575107296138 0.014778325123152709
23 0.25697424892703863 0.32142857142857145 0.009656652360515022 0.015599343185550082
4 0.23819742489270387 0.3284072249589491 0.013412017167381975 0.018883415435139574
23 0.2623390557939914 0.32471264367816094 0.01072961373390558 0.016420361247947456
4 0.24758583690987124 0.33251231527093594 0.012875536480686695 0.019704433497536946
23 0.26743562231759654 0.32676518883415434 0.01072961373390558 0.016420361247947456
4 0.2542918454935622 0.33374384236453203 0.011266094420600859 0.0180623973727422
23 0.27280042918454933 0.3284072249589491 0.011266094420600859 0.016420361247947456
23 0.2778969957081545 0.33004926108374383 0.0101931330472103 0.014778325123152709
4 0.263412017167382 0.340311986863711 0.011802575107296138 0.014778325123152709
4 0.2695815450643777 0.3427750410509031 0.011266094420600859 0.015599343185550082
4 0.276019313304721 0.3448275862068966 0.011802575107296138 0.015599343185550082
4 0.3562231759656652 0.3435960591133005 0.013412017167381975 0.017241379310344827
4 0.3758047210300429 0.3522167487684729 0.014484978540772532 0.020525451559934318
4 0.4573497854077253 0.3916256157635468 0.014484978540772532 0.0180623973727422
23 0.4637875536480687 0.3920361247947455 0.012339055793991416 0.016420361247947456