23 0.5857874519846351 0.197265625 0.012804097311139564 0.0234375
23 0.6001920614596671 0.203125 0.014084507042253521 0.02734375
7 0.9699103713188221 0.3291015625 0.058898847631242 0.208984375
15 0.14980793854033292 0.099609375 0.13444302176696543 0.19921875
4 0.5633802816901409 0.2236328125 0.005761843790012804 0.037109375
4 0.5717029449423816 0.2265625 0.007042253521126761 0.033203125
4 0.587708066581306 0.2333984375 0.007042253521126761 0.037109375
4 0.5569782330345711 0.2236328125 0.006402048655569782 0.037109375
4 0.5803457106274008 0.23046875 0.007042253521126761 0.03515625
4 0.5208066581306018 0.2119140625 0.012804097311139564 0.0625
4 0.602752880921895 0.23828125 0.008322663252240717 0.041015625
4 0.5454545454545454 0.220703125 0.012163892445582587 0.0546875
4 0.5953905249679897 0.2373046875 0.007042253521126761 0.0390625
4 0.6206786171574904 0.24609375 0.0076824583866837385 0.041015625
23 0.6117157490396927 0.2451171875 0.0076824583866837385 0.041015625
23 0.45166453265044815 0.30859375 0.013444302176696543 0.0234375
23 0.4651088348271447 0.3212890625 0.012804097311139564 0.0234375
4 0.5051216389244558 0.3369140625 0.0147247119078105 0.025390625
23 0.15140845070422534 0.2431640625 0.0076824583866837385 0.044921875
23 0.22535211267605634 0.2763671875 0.006402048655569782 0.0390625
23 0.4494238156209987 0.353515625 0.014084507042253521 0.0234375
4 0.48431498079385404 0.375 0.02560819462227913 0.037109375
23 0.5028809218950064 0.38671875 0.014084507042253521 0.0234375
23 0.44782330345710625 0.37890625 0.011523687580025609 0.01953125
23 0.4465428937259923 0.412109375 0.012163892445582587 0.025390625
23 0.4599871959026889 0.4169921875 0.013444302176696543 0.0234375
15 0.5745838668373879 0.4580078125 0.09346991037131883 0.298828125
23 0.2026248399487836 0.3447265625 0.0147247119078105 0.025390625
23 0.7023047375160051 0.513671875 0.012163892445582587 0.021484375
23 0.5006402048655569 0.462890625 0.014084507042253521 0.0234375
23 0.20102432778489115 0.3681640625 0.015364916773367477 0.025390625
4 0.46350832266325226 0.4541015625 0.02240717029449424 0.0390625
23 0.7010243277848912 0.537109375 0.0147247119078105 0.021484375
4 0.6507682458386683 0.5263671875 0.006402048655569782 0.0390625
23 0.6434058898847631 0.525390625 0.0076824583866837385 0.04296875
23 0.49967989756722153 0.4853515625 0.014084507042253521 0.025390625
4 0.44366197183098594 0.46875 0.013444302176696543 0.06640625
23 0.48495518565941104 0.484375 0.012163892445582587 0.0234375
23 0.6450064020486556 0.5615234375 0.0147247119078105 0.0234375
23 0.48303457106274006 0.5107421875 0.014084507042253521 0.0234375
15 0.3258642765685019 0.4716796875 0.1914212548015365 0.599609375
23 0.6440460947503202 0.583984375 0.0147247119078105 0.0234375
7 0.13892445582586427 0.51171875 0.03969270166453265 0.427734375
30 0.47631241997439183 0.74609375 0.10179257362355953 0.2109375
4 0.23847631241997438 0.7705078125 0.011523687580025609 0.0234375
4 0.22279129321382843 0.767578125 0.012163892445582587 0.0234375
4 0.24903969270166454 0.7822265625 0.0076824583866837385 0.0390625
4 0.2701664532650448 0.791015625 0.006402048655569782 0.0390625
4 0.2791293213828425 0.8125 0.012163892445582587 0.0703125
4 0.29161331626120357 0.8173828125 0.01088348271446863 0.0703125
4 0.5675416133162612 0.908203125 0.02112676056338028 0.0390625
4 0.23175416133162613 0.80078125 0.024327784891165175 0.037109375
4 0.4231754161331626 0.8662109375 0.007042253521126761 0.041015625
7 0.4939180537772087 0.90625 0.10115236875800256 0.142578125
4 0.2679257362355954 0.8349609375 0.007042253521126761 0.0390625
4 0.43309859154929575 0.904296875 0.013444302176696543 0.02734375
4 0.2900128040973111 0.8740234375 0.024327784891165175 0.037109375
7 0.4759923175416133 0.0849609375 0.0761843790012804 0.115234375
7 0.5845070422535211 0.1220703125 0.14212548015364918 0.125
4 0.7477592829705506 0.1806640625 0.007042253521126761 0.048828125
15 0.7163892445582587 0.197265625 0.04737516005121639 0.111328125