23 0.5678685047720042 0.8245682888540031 0.06945917285259809 0.09733124018838304
4 0.06998939554612937 0.6828885400313972 0.057794273594909865 0.08084772370486656
4 0.9217921527041357 0.9391679748822606 0.07158006362672323 0.12009419152276295
23 0.6975079533404029 0.8838304552590267 0.04878048780487805 0.1271585557299843
4 0.4954931071049841 0.07299843014128729 0.07317073170731707 0.10282574568288853
7 0.008218451749734889 0.6974097331240189 0.016436903499469777 0.2237048665620094
4 0.4732237539766702 0.8822605965463108 0.088016967126193 0.07456828885400314
15 0.36638388123011667 0.8614599686028257 0.0662778366914104 0.09576138147566719
4 0.04957582184517497 0.7778649921507065 0.0816542948038176 0.12323390894819466
15 0.18266171792152705 0.8277080062794349 0.051961823966065745 0.05886970172684458
4 0.6277836691410392 0.9772370486656201 0.03499469777306469 0.04395604395604396
4 0.176033934252386 0.8956043956043956 0.05832449628844114 0.05337519623233909
4 0.693796394485684 0.15149136577708006 0.05408271474019088 0.07142857142857142
4 0.5601802757158006 0.12637362637362637 0.08324496288441145 0.12244897959183673
4 0.9886002120890774 0.2641287284144427 0.021739130434782608 0.07770800627943485
4 0.5113997879109226 0.15894819466248036 0.04665959703075292 0.06750392464678179
4 0.9663308589607635 0.33437990580847726 0.0535524920466596 0.07456828885400314
15 0.5516967126193001 0.22527472527472528 0.024390243902439025 0.04552590266875981
4 0.2839342523860021 0.15855572998430142 0.07370095440084835 0.11459968602825746
4 0.8862672322375398 0.3469387755102041 0.06521739130434782 0.09968602825745683
4 0.3348356309650053 0.2032967032967033 0.06786850477200425 0.10989010989010989
15 0.735153764581124 0.33634222919937207 0.05885471898197243 0.07456828885400314
4 0.8191940615058324 0.4003139717425432 0.07688229056203605 0.12009419152276295
4 0.21076352067868503 0.23626373626373626 0.05408271474019088 0.09183673469387756
4 0.7568928950159067 0.41287284144427 0.049310710498409335 0.08163265306122448
4 0.3894485683987275 0.3112244897959184 0.03817603393425239 0.05337519623233909
23 0.12354188759278897 0.2668759811616955 0.0816542948038176 0.08006279434850863
30 0.7309119830328739 0.4556514913657771 0.027571580063626724 0.06907378335949764
15 0.602863202545069 0.42111459968602827 0.05620360551431601 0.047880690737833596
4 0.7656415694591728 0.4721350078492936 0.039766702014846236 0.06279434850863422
30 0.33907741251325557 0.37598116169544743 0.06468716861081654 0.05180533751962323
30 0.4382290562036055 0.4065934065934066 0.0535524920466596 0.04317111459968603
30 0.21447507953340403 0.34379905808477235 0.05620360551431601 0.044740973312401885
15 0.5962354188759279 0.45682888540031397 0.057794273594909865 0.05102040816326531
4 0.7765111346765642 0.11813186813186813 0.06839872746553552 0.09183673469387756
4 0.06097560975609756 0.39285714285714285 0.0630965005302227 0.07927786499215071
4 0.15668080593849418 0.42896389324960754 0.05885471898197243 0.08006279434850863
4 0.6927359490986215 0.6083202511773941 0.1951219512195122 0.24411302982731553
4 0.8396076352067868 0.6722919937205651 0.05408271474019088 0.09026687598116169
4 0.2550371155885472 0.5086342229199372 0.08430540827147402 0.10832025117739404
4 0.16595970307529162 0.5298273155416012 0.08907741251325557 0.12166405023547881
4 0.5710498409331919 0.7460753532182104 0.043478260869565216 0.07849293563579278
4 0.1147932131495228 0.6573783359497645 0.05885471898197243 0.09105180533751962
4 0.7571580063626723 0.859105180533752 0.09331919406150584 0.12480376766091052
4 0.8480911983032874 0.8857927786499215 0.0975609756097561 0.130298273155416