15 0.6707798617966436 0.4457831325301205 0.030108588351431393 0.0572289156626506
4 0.17003948667324778 0.5956325301204819 0.030108588351431393 0.04743975903614458
15 0.06786771964461995 0.6219879518072289 0.033070088845014806 0.043674698795180725
15 0.7502467917077986 0.463855421686747 0.039486673247778874 0.050451807228915665
4 0.034797630799605135 0.15512048192771086 0.026159921026653505 0.035391566265060244
4 0.8709279368213229 0.4431475903614458 0.02566633761105627 0.04141566265060241
7 0.8052813425468904 0.4612198795180723 0.04639684106614018 0.15210843373493976
23 0.3425468904244817 0.5813253012048193 0.03751233958538993 0.0286144578313253
15 0.9131293188548865 0.45444277108433734 0.04491609081934847 0.07605421686746988
4 0.10192497532082923 0.14118975903614459 0.03060217176702863 0.04969879518072289
4 0.13524185587364265 0.1351656626506024 0.03998025666337611 0.05271084337349398
4 0.876604146100691 0.48305722891566266 0.03060217176702863 0.0391566265060241
7 0.5518262586377097 0.5858433734939759 0.0384995064165844 0.10391566265060241
15 0.3758637709772952 0.6528614457831325 0.02566633761105627 0.03313253012048193
23 0.17966436327739388 0.7161144578313253 0.014807502467917079 0.038403614457831324
23 0.18904244817374136 0.7161144578313253 0.01332675222112537 0.04216867469879518
23 0.19842053307008883 0.7146084337349398 0.012833168805528134 0.04216867469879518
4 0.29047384007897337 0.7048192771084337 0.054294175715695954 0.0338855421686747
7 0.7571569595261599 0.6178463855421686 0.03652517275419546 0.10240963855421686
4 0.3425468904244817 0.7349397590361446 0.03998025666337611 0.03463855421686747
7 0.5377591312931885 0.050075301204819275 0.07305034550839092 0.05120481927710843
4 0.42324777887462983 0.7228915662650602 0.024679170779861797 0.03765060240963856
4 0.20409674234945707 0.797816265060241 0.14215202369200394 0.15737951807228914
23 0.3102171767028628 0.78125 0.057749259624876606 0.03765060240963856
15 0.5755182625863771 0.7179969879518072 0.07650542941757157 0.05798192771084337
4 0.08933859822309971 0.8377259036144579 0.013820335636722606 0.03614457831325301
4 0.10241855873642645 0.8377259036144579 0.02073050345508391 0.03237951807228916
4 0.12068114511352418 0.8377259036144579 0.020236920039486673 0.030873493975903613
4 0.5217176702862784 0.7432228915662651 0.0315893385982231 0.04442771084337349
15 0.9743336623889437 0.6551204819277109 0.022704837117472853 0.03614457831325301
23 0.9506416584402764 0.6618975903614458 0.017769002961500493 0.0286144578313253
4 0.31342546890424483 0.8211596385542169 0.05380059230009872 0.04969879518072289
4 0.9378084896347483 0.6746987951807228 0.024679170779861797 0.04743975903614458
4 0.2623395853899309 0.8478915662650602 0.030108588351431393 0.04593373493975904
4 0.3689536031589339 0.8253012048192772 0.038005923000987166 0.030120481927710843
7 0.4901283316880553 0.8094879518072289 0.08193484698914116 0.054969879518072286
4 0.41312931885488646 0.829066265060241 0.022704837117472853 0.035391566265060244
23 0.1357354392892399 0.8960843373493976 0.04590325765054294 0.04066265060240964
7 0.6599210266535045 0.7699548192771084 0.06465942744323791 0.04894578313253012
4 0.43336623889437315 0.8256777108433735 0.022704837117472853 0.030120481927710843
7 0.5792201382033564 0.7917921686746988 0.0824284304047384 0.058734939759036146
23 0.10217176702862783 0.9179216867469879 0.024679170779861797 0.06927710843373494
4 0.9501480750246791 0.7146084337349398 0.039486673247778874 0.050451807228915665
15 0.9819842053307009 0.7243975903614458 0.031095755182625865 0.05120481927710843
4 0.39585389930898324 0.8881777108433735 0.039486673247778874 0.03237951807228916
15 0.6554787759131293 0.8275602409638554 0.03356367226061204 0.053463855421686746
23 0.14264560710760119 0.952183734939759 0.035538005923000986 0.07530120481927711
4 0.4318854886475814 0.8832831325301205 0.033070088845014806 0.04743975903614458
15 0.5483711747285291 0.8557981927710844 0.031095755182625865 0.054969879518072286
15 0.5782329713721619 0.8493975903614458 0.030108588351431393 0.053463855421686746
15 0.9859328726554788 0.7575301204819277 0.023692003948667325 0.029367469879518073
4 0.3062685093780849 0.9348644578313253 0.024679170779861797 0.035391566265060244
4 0.35513326752221125 0.9239457831325302 0.024679170779861797 0.054969879518072286
4 0.9503948667324777 0.7951807228915663 0.02319842053307009 0.038403614457831324
4 0.4938302073050346 0.9085090361445783 0.02171767028627838 0.04819277108433735
4 0.9740868706811451 0.7963102409638554 0.02566633761105627 0.04593373493975904
4 0.47630799605133267 0.9205572289156626 0.022704837117472853 0.04066265060240964
4 0.6243830207305034 0.9043674698795181 0.0315893385982231 0.03313253012048193
4 0.596248766041461 0.06137048192771084 0.022211253701875617 0.0286144578313253
4 0.0866238894373149 0.18674698795180722 0.03504442250740375 0.045180722891566265
4 0.13894373149062192 0.17620481927710843 0.03356367226061204 0.04442771084337349
4 0.851431391905232 0.01882530120481928 0.0384995064165844 0.03765060240963856
4 0.8911648568608095 0.016566265060240965 0.03899308983218164 0.03313253012048193
4 0.04318854886475815 0.21536144578313254 0.027147087857847977 0.04894578313253012
15 0.9249753208292202 0.015060240963855422 0.035538005923000986 0.030120481927710843
4 0.11525172754195459 0.2055722891566265 0.027147087857847977 0.043674698795180725
23 0.8933859822309971 0.04819277108433735 0.023692003948667325 0.021837349397590362
4 0.9155972359328727 0.050451807228915665 0.022704837117472853 0.03237951807228916
15 0.5816880552813426 0.1355421686746988 0.0562685093780849 0.051957831325301206
4 0.6961994076999013 0.11408132530120482 0.020236920039486673 0.03313253012048193
4 0.7230997038499506 0.11144578313253012 0.03356367226061204 0.04819277108433735
4 0.6744817374136229 0.1351656626506024 0.023692003948667325 0.03463855421686747
4 0.896594274432379 0.09789156626506024 0.04146100691016782 0.04894578313253012
4 0.6929911154985192 0.14984939759036145 0.020236920039486673 0.04141566265060241
4 0.5182625863770978 0.20444277108433734 0.02418558736426456 0.04593373493975904
4 0.7226061204343535 0.16039156626506024 0.035538005923000986 0.05120481927710843
4 0.5347976307996052 0.23832831325301204 0.02319842053307009 0.04593373493975904
15 0.6150049358341559 0.2213855421686747 0.07946692991115499 0.09789156626506024
15 0.2598716683119447 0.3245481927710843 0.027147087857847977 0.04141566265060241
23 0.8203356367226061 0.19239457831325302 0.012339585389930898 0.03162650602409638
4 0.554294175715696 0.2628012048192771 0.03603158933859822 0.0572289156626506
4 0.7226061204343535 0.2289156626506024 0.042941757156959526 0.03162650602409638
4 0.8109575518262586 0.2183734939759036 0.030108588351431393 0.03463855421686747
4 0.778381046396841 0.24435240963855423 0.030108588351431393 0.046686746987951805
4 0.7968904244817374 0.24134036144578314 0.021224086870681145 0.03162650602409638
4 0.748025666337611 0.254894578313253 0.031095755182625865 0.038403614457831324
4 0.925715695952616 0.2240210843373494 0.03652517275419546 0.04969879518072289
4 0.5229516288252715 0.32228915662650603 0.022704837117472853 0.04894578313253012
4 0.4960513326752221 0.34224397590361444 0.027640671273445213 0.039909638554216864
4 0.5414610069101679 0.3358433734939759 0.02171767028627838 0.04819277108433735
4 0.3556268509378085 0.39081325301204817 0.020236920039486673 0.0286144578313253
4 0.3788252714708786 0.39118975903614456 0.016288252714708785 0.02635542168674699
7 0.6293188548864758 0.3460090361445783 0.07305034550839092 0.051957831325301206
4 0.04985192497532083 0.4875753012048193 0.019743336623889437 0.0286144578313253
23 0.25468904244817375 0.45707831325301207 0.04837117472852912 0.030873493975903613
4 0.03998025666337611 0.5256024096385542 0.032082922013820334 0.04292168674698795
23 0.8835143139190523 0.33960843373493976 0.025172754195459033 0.03313253012048193
4 0.31342546890424483 0.49849397590361444 0.027147087857847977 0.06400602409638555