4 0.2842312008978676 0.503257328990228 0.006172839506172839 0.005971769815418024
4 0.28703703703703703 0.5195439739413681 0.008417508417508417 0.004343105320304018
4 0.32575757575757575 0.5209011943539631 0.04152637485970819 0.038002171552660155
4 0.0819304152637486 0.5480456026058632 0.051627384960718295 0.048859934853420196
4 0.28703703703703703 0.5287730727470141 0.009539842873176206 0.0054288816503800215
4 0.29124579124579125 0.5458740499457112 0.010101010101010102 0.008143322475570033
4 0.11840628507295174 0.5659609120521173 0.02861952861952862 0.025515743756786103
23 0.38019079685746354 0.5393593919652552 0.009539842873176206 0.005971769815418024
23 0.340347923681257 0.5472312703583062 0.007856341189674524 0.006514657980456026
23 0.37962962962962965 0.5439739413680782 0.012906846240179574 0.004885993485342019
23 0.14702581369248036 0.5703040173724213 0.007295173961840628 0.015743756786102063
23 0.345679012345679 0.5504885993485342 0.010101010101010102 0.005971769815418024
4 0.29012345679012347 0.5567318132464713 0.007856341189674524 0.003800217155266015
4 0.2898428731762065 0.5605320304017373 0.009539842873176206 0.006514657980456026
4 0.08417508417508418 0.5925624321389794 0.051066217732884396 0.0499457111834962
4 0.2932098765432099 0.5800760043431054 0.010101010101010102 0.006514657980456026
4 0.29264870931537595 0.5849619978284474 0.009539842873176206 0.004885993485342019
4 0.5283389450056116 0.5838762214983714 0.007295173961840628 0.011943539630836048
15 0.13552188552188552 0.6259500542888164 0.02974186307519641 0.03203040173724213
15 0.13439955106621773 0.6620521172638436 0.02749719416386083 0.02714440825190011
4 0.0765993265993266 0.6859391965255157 0.015151515151515152 0.007057546145494028
23 0.15067340067340068 0.6807817589576547 0.003928170594837262 0.008686210640608035
23 0.14506172839506173 0.6818675352877307 0.006734006734006734 0.009229098805646038
23 0.1574074074074074 0.6810532030401737 0.007295173961840628 0.010857763300760043
23 0.16189674523007858 0.6807817589576547 0.005050505050505051 0.009229098805646038
4 0.0765993265993266 0.6916395222584147 0.013468013468013467 0.0054288816503800215
4 0.0813692480359147 0.6976112920738328 0.010101010101010102 0.006514657980456026
23 0.21829405162738497 0.0722041259500543 0.0028058361391694723 0.0054288816503800215
23 0.22895622895622897 0.07166123778501629 0.005611672278338945 0.006514657980456026
23 0.08164983164983165 0.7046688382193268 0.006172839506172839 0.0027144408251900108
23 0.08221099887766554 0.7095548317046688 0.007295173961840628 0.003800217155266015
4 0.5701459034792368 0.6615092290988056 0.011784511784511785 0.011400651465798045
4 0.7396184062850729 0.6449511400651465 0.009539842873176206 0.01031487513572204
4 0.6947250280583613 0.6501085776330076 0.013468013468013467 0.009771986970684038
4 0.622895622895623 0.6587947882736156 0.007295173961840628 0.008143322475570033
4 0.1526374859708193 0.7258414766558089 0.050505050505050504 0.05211726384364821
4 0.2025813692480359 0.7239413680781759 0.05218855218855219 0.04125950054288816
23 0.07519640852974187 0.09174809989142237 0.007295173961840628 0.006514657980456026
4 0.7730078563411896 0.6970684039087948 0.012906846240179574 0.008143322475570033
4 0.7118406285072951 0.7054831704668838 0.014029180695847363 0.00760043431053203
23 0.1627384960718294 0.7766015200868621 0.006172839506172839 0.01248642779587405
4 0.09259259259259259 0.09446254071661238 0.008417508417508417 0.011943539630836048
23 0.13552188552188552 0.09011943539630836 0.010101010101010102 0.006514657980456026
4 0.12485970819304153 0.09147665580890336 0.009539842873176206 0.014115092290988056
23 0.23007856341189675 0.08143322475570032 0.003928170594837262 0.0054288816503800215
23 0.15881032547699214 0.7988599348534202 0.003928170594837262 0.00760043431053203
23 0.2239057239057239 0.08251900108577633 0.002244668911335578 0.007057546145494028
4 0.20763187429854096 0.08469055374592833 0.013468013468013467 0.008143322475570033
23 0.14281705948372614 0.8015743756786102 0.003928170594837262 0.0054288816503800215
4 0.1501122334455668 0.8013029315960912 0.006734006734006734 0.011400651465798045
23 0.21941638608305275 0.08414766558089033 0.005050505050505051 0.008686210640608035
15 0.1787317620650954 0.08876221498371335 0.025252525252525252 0.0249728555917481
23 0.21632996632996632 0.8072747014115093 0.004489337822671156 0.008143322475570033
23 0.1638608305274972 0.8127035830618893 0.006734006734006734 0.011400651465798045
23 0.14870931537598203 0.8146036916395223 0.003367003367003367 0.00760043431053203
23 0.1728395061728395 0.8127035830618893 0.006734006734006734 0.010857763300760043
23 0.14281705948372614 0.8156894679695983 0.005050505050505051 0.008686210640608035
23 0.16947250280583614 0.8129750271444083 0.006172839506172839 0.009229098805646038
4 0.25813692480359146 0.8040173724212812 0.006172839506172839 0.008686210640608035
4 0.19023569023569023 0.8116178067318133 0.005611672278338945 0.01031487513572204
4 0.22643097643097643 0.8078175895765473 0.005611672278338945 0.010857763300760043
23 0.13327721661054995 0.8173181324647123 0.003367003367003367 0.007057546145494028
4 0.24775533108866443 0.8061889250814332 0.003367003367003367 0.008143322475570033
4 0.20707070707070707 0.8108034744842563 0.005611672278338945 0.010857763300760043
4 0.27637485970819303 0.8059174809989142 0.004489337822671156 0.008686210640608035
4 0.6523569023569024 0.7804017372421281 0.03254769921436588 0.03745928338762215
4 0.4935465768799102 0.7980456026058632 0.04713804713804714 0.03908794788273615
4 0.5737934904601572 0.7899022801302932 0.043209876543209874 0.041802388707926165
4 0.8434343434343434 0.7635722041259501 0.03984287317620651 0.043973941368078175
4 0.5359147025813692 0.7950597176981542 0.04040404040404041 0.03908794788273615
23 0.9842873176206509 0.75 0.003928170594837262 0.01520086862106406
4 0.6181257014590348 0.7871878393051032 0.038159371492704826 0.043973941368078175
4 0.8106060606060606 0.7676438653637351 0.04377104377104377 0.038002171552660155
23 0.9941077441077442 0.748914223669924 0.005050505050505051 0.01520086862106406
23 0.989337822671156 0.75 0.007295173961840628 0.017915309446254073
4 0.6896745230078564 0.7804017372421281 0.038159371492704826 0.03854505971769816
4 0.7300785634118967 0.7790445168295331 0.03928170594837262 0.039630836047774155
4 0.7690796857463524 0.7755157437567861 0.03535353535353535 0.03745928338762215
15 0.39225589225589225 0.8211183496199783 0.031425364758698095 0.03311617806731813
23 0.11784511784511785 0.0988056460369164 0.0028058361391694723 0.005971769815418024
4 0.3484848484848485 0.8308903365906624 0.03591470258136925 0.03203040173724213
4 0.8768237934904601 0.7793159609120521 0.020202020202020204 0.029315960912052116
4 0.2839506172839506 0.8534201954397395 0.008417508417508417 0.003257328990228013
4 0.2836700336700337 0.8572204125950055 0.007856341189674524 0.003257328990228013
23 0.9778338945005611 0.7888165038002172 0.008978675645342313 0.003800217155266015
23 0.28535353535353536 0.8612920738327905 0.010662177328843996 0.0054288816503800215
23 0.7626262626262627 0.8135179153094463 0.006172839506172839 0.009229098805646038
23 0.10774410774410774 0.8827361563517915 0.008417508417508417 0.005971769815418024
15 0.5897867564534232 0.8341476655808904 0.038159371492704826 0.03528773072747014
4 0.8866442199775533 0.8072747014115093 0.015151515151515152 0.007057546145494028
23 0.9747474747474747 0.7983170466883822 0.010662177328843996 0.003800217155266015
23 0.10774410774410774 0.8892508143322475 0.010101010101010102 0.004343105320304018
23 0.10774410774410774 0.8941368078175895 0.012345679012345678 0.005971769815418024
23 0.10914702581369248 0.9006514657980456 0.010101010101010102 0.005971769815418024
23 0.3504489337822671 0.8792073832790445 0.015712682379349047 0.008686210640608035
15 0.6268237934904601 0.8512486427795874 0.04657687991021325 0.038002171552660155
23 0.3894500561167228 0.8754071661237784 0.01739618406285073 0.010857763300760043
23 0.372334455667789 0.8775787187839305 0.005050505050505051 0.009229098805646038
23 0.37682379349046013 0.8773072747014115 0.003928170594837262 0.00760043431053203
23 0.36840628507295176 0.8792073832790445 0.003928170594837262 0.009229098805646038
23 0.10970819304152638 0.9055374592833876 0.010662177328843996 0.004343105320304018
23 0.36251402918069586 0.8797502714440825 0.004489337822671156 0.008686210640608035
4 0.30611672278338947 0.8865363735070575 0.04657687991021325 0.039630836047774155
15 0.2000561167227834 0.8979370249728555 0.12850729517396184 0.12160694896851248
23 0.10942760942760943 0.9104234527687296 0.009539842873176206 0.0054288816503800215
23 0.0968013468013468 0.9123235613463626 0.005050505050505051 0.002171552660152009
4 0.7789001122334456 0.8482627578718784 0.003367003367003367 0.008143322475570033
15 0.8779461279461279 0.8420195439739414 0.038159371492704826 0.033659066232356136
23 0.09848484848484848 0.9218241042345277 0.005611672278338945 0.004343105320304018
23 0.11139169472502806 0.9210097719869706 0.009539842873176206 0.004885993485342019
23 0.11167227833894501 0.9258957654723127 0.012345679012345678 0.004885993485342019
23 0.9803591470258137 0.8393051031487514 0.010101010101010102 0.003257328990228013
4 0.4792368125701459 0.8908794788273615 0.003367003367003367 0.011400651465798045
4 0.4649270482603816 0.8927795874049945 0.006734006734006734 0.013029315960912053
4 0.47558922558922556 0.8922366992399565 0.006172839506172839 0.013029315960912053
4 0.4851290684624018 0.8916938110749185 0.005611672278338945 0.016286644951140065
4 0.46997755331088664 0.8933224755700325 0.004489337822671156 0.01248642779587405
4 0.7567340067340067 0.8648208469055375 0.012345679012345678 0.006514657980456026
23 0.11307519640852974 0.9324104234527687 0.009539842873176206 0.0054288816503800215
23 0.10016835016835017 0.9375678610206297 0.010662177328843996 0.0054288816503800215
23 0.1127946127946128 0.9362106406080347 0.006172839506172839 0.003257328990228013
4 0.0968013468013468 0.9492399565689468 0.012345679012345678 0.004343105320304018
4 0.6602132435465768 0.8930510314875135 0.03367003367003367 0.026601520086862108
23 0.11531986531986532 0.9522258414766558 0.004489337822671156 0.003800217155266015
23 0.845679012345679 0.8781216069489685 0.002244668911335578 0.00760043431053203
23 0.840347923681257 0.8797502714440825 0.005050505050505051 0.010857763300760043
23 0.5131874298540965 0.9128664495114006 0.016835016835016835 0.007057546145494028
23 0.8526936026936027 0.8783930510314875 0.007856341189674524 0.01031487513572204
23 0.8347362514029181 0.8802931596091205 0.005050505050505051 0.011400651465798045
4 0.7704826038159371 0.8873507057546145 0.014029180695847363 0.005971769815418024
23 0.9955106621773289 0.8656351791530945 0.004489337822671156 0.007057546145494028
23 0.11475869809203143 0.9590119435396308 0.010101010101010102 0.006514657980456026
4 0.09988776655443322 0.9663409337676439 0.012345679012345678 0.006514657980456026
23 0.11588103254769921 0.9676981541802389 0.009539842873176206 0.006514657980456026
4 0.09764309764309764 0.9709554831704669 0.014029180695847363 0.005971769815418024
4 0.07463524130190796 0.9744842562432139 0.014029180695847363 0.004885993485342019
23 0.8125701459034792 0.9001085776330076 0.005611672278338945 0.008143322475570033
4 0.2999438832772166 0.9538545059717698 0.01627384960718294 0.008686210640608035
23 0.117003367003367 0.9728555917480999 0.009539842873176206 0.004343105320304018
23 0.07463524130190796 0.9788273615635179 0.011784511784511785 0.004343105320304018
23 0.1181257014590348 0.9777415852334419 0.009539842873176206 0.007057546145494028
23 0.11868686868686869 0.11074918566775244 0.007856341189674524 0.008143322475570033
23 0.14927048260381592 0.10776330076004344 0.005611672278338945 0.005971769815418024
4 0.07463524130190796 0.9847991313789359 0.012345679012345678 0.007057546145494028
23 0.07519640852974187 0.988599348534202 0.012906846240179574 0.00760043431053203
23 0.0760381593714927 0.992399565689468 0.011784511784511785 0.005971769815418024
23 0.10830527497194165 0.11346362649294245 0.004489337822671156 0.005971769815418024
4 0.13496071829405162 0.11074918566775244 0.005050505050505051 0.010857763300760043
4 0.15965207631874298 0.988327904451683 0.005611672278338945 0.010857763300760043
23 0.22474747474747475 0.9826275787187839 0.006172839506172839 0.01031487513572204
4 0.12934904601571268 0.11183496199782844 0.005050505050505051 0.010857763300760043
23 0.27946127946127947 0.9777415852334419 0.007856341189674524 0.01248642779587405
23 0.2202581369248036 0.9837133550488599 0.006172839506172839 0.01031487513572204
4 0.1447811447811448 0.991313789359392 0.003928170594837262 0.008143322475570033
23 0.2303591470258137 0.9826275787187839 0.006172839506172839 0.011400651465798045
4 0.26318742985409654 0.9793702497285559 0.007856341189674524 0.013572204125950055
4 0.16835016835016836 0.988870792616721 0.005050505050505051 0.008686210640608035
4 0.13271604938271606 0.993213897937025 0.0028058361391694723 0.005971769815418024
23 0.24607182940516273 0.9815418023887079 0.006734006734006734 0.010857763300760043
23 0.2845117845117845 0.9777415852334419 0.005050505050505051 0.009771986970684038
23 0.19304152637485972 0.9869706840390879 0.005611672278338945 0.013029315960912053
4 0.18742985409652077 0.987513572204126 0.005611672278338945 0.011943539630836048
4 0.1394500561167228 0.992942453854506 0.005611672278338945 0.009771986970684038
4 0.19809203142536475 0.9869706840390879 0.005050505050505051 0.010857763300760043
23 0.24214365881032548 0.9826275787187839 0.009539842873176206 0.01520086862106406
4 0.15235690235690236 0.992128121606949 0.005611672278338945 0.011943539630836048
4 0.17957351290684623 0.989413680781759 0.006734006734006734 0.01248642779587405
4 0.1734006734006734 0.990228013029316 0.006734006734006734 0.014657980456026058
23 0.45314253647586983 0.9720412595005429 0.008417508417508417 0.005971769815418024
23 0.37906846240179576 0.9812703583061889 0.010101010101010102 0.005971769815418024
4 0.21043771043771045 0.10477741585233442 0.010662177328843996 0.007057546145494028
23 0.24579124579124578 0.994842562432139 0.006734006734006734 0.009229098805646038
23 0.5578002244668911 0.9652551574375678 0.015151515151515152 0.009229098805646038
23 0.23849607182940516 0.996742671009772 0.004489337822671156 0.0054288816503800215
23 0.40347923681257014 0.9831704668838219 0.009539842873176206 0.007057546145494028
23 0.38075196408529743 0.987513572204126 0.010662177328843996 0.007057546145494028
4 0.08445566778900113 0.11862106406080347 0.03647586980920314 0.03745928338762215
23 0.1840628507295174 0.11020629750271443 0.009539842873176206 0.004885993485342019
23 0.18462401795735128 0.11563517915309446 0.007295173961840628 0.003800217155266015
23 0.186307519640853 0.12079261672095548 0.008978675645342313 0.004343105320304018
23 0.5095398428731762 0.08849077090119435 0.01627384960718294 0.007057546145494028
23 0.18686868686868688 0.1273072747014115 0.011784511784511785 0.005971769815418024
23 0.18686868686868688 0.13110749185667753 0.006734006734006734 0.0027144408251900108
4 0.21689113355780024 0.12866449511400652 0.01122334455667789 0.004885993485342019
23 0.02749719416386083 0.1501085776330076 0.006172839506172839 0.015743756786102063
4 0.08164983164983165 0.1457654723127036 0.01122334455667789 0.014115092290988056
23 0.18742985409652077 0.13545059717698155 0.008417508417508417 0.004343105320304018
4 0.011503928170594837 0.15445168295331163 0.010101010101010102 0.015743756786102063
23 0.18714927048260382 0.14033659066232357 0.006734006734006734 0.003800217155266015
23 0.1888327721661055 0.1457654723127036 0.006734006734006734 0.003257328990228013
4 0.2084736251402918 0.14359391965255158 0.012906846240179574 0.005971769815418024
15 0.138327721661055 0.1563517915309446 0.07800224466891134 0.0749185667752443
4 0.32463524130190796 0.14332247557003258 0.03310886644219978 0.03040173724212812
4 0.29124579124579125 0.1479370249728556 0.02861952861952862 0.03257328990228013
23 0.005050505050505051 0.1780673181324647 0.009539842873176206 0.005971769815418024
15 0.034511784511784514 0.17942453854505971 0.02974186307519641 0.026601520086862108
4 0.06593714927048261 0.1772529858849077 0.010662177328843996 0.004885993485342019
23 0.005331088664421998 0.18512486427795874 0.007856341189674524 0.004885993485342019
23 0.5897867564534232 0.1262214983713355 0.006734006734006734 0.011400651465798045
23 0.6069023569023569 0.1245928338762215 0.005050505050505051 0.009771986970684038
23 0.5824915824915825 0.1281216069489685 0.006734006734006734 0.010857763300760043
4 0.06593714927048261 0.18213897937024973 0.008417508417508417 0.003800217155266015
15 0.5437710437710438 0.13409337676438654 0.026936026936026935 0.021715526601520086
4 0.4722222222222222 0.14142236699239957 0.03591470258136925 0.03908794788273615
4 0.21184062850729518 0.16910966340933767 0.015151515151515152 0.009771986970684038
4 0.19556677890011223 0.17128121606948968 0.017957351290684626 0.00760043431053203
4 0.5123456790123457 0.14169381107491857 0.03591470258136925 0.03311617806731813
4 0.06846240179573512 0.18865363735070576 0.011784511784511785 0.006514657980456026
23 0.21156004489337824 0.1761672095548317 0.012345679012345678 0.0054288816503800215
23 0.5681818181818182 0.1457654723127036 0.014029180695847363 0.008143322475570033
4 0.3894500561167228 0.16693811074918566 0.03928170594837262 0.03528773072747014
23 0.21240179573512907 0.18485342019543974 0.010662177328843996 0.004885993485342019
4 0.0409652076318743 0.20656894679695983 0.006734006734006734 0.011943539630836048
4 0.047418630751964085 0.20765472312703584 0.006734006734006734 0.013029315960912053
15 0.08445566778900113 0.20765472312703584 0.028058361391694726 0.021172638436482084
23 0.5513468013468014 0.16340933767643864 0.016835016835016835 0.00760043431053203
23 0.5364758698092031 0.16666666666666666 0.014029180695847363 0.004885993485342019
4 0.004769921436588103 0.22231270358306188 0.009539842873176206 0.007057546145494028
4 0.15937149270482603 0.21036916395222585 0.006734006734006734 0.01248642779587405
4 0.1520763187429854 0.21172638436482086 0.006734006734006734 0.011400651465798045
4 0.009539842873176206 0.2288273615635179 0.012345679012345678 0.004343105320304018
4 0.45791245791245794 0.18539630836047774 0.026374859708193043 0.024429967426710098
4 0.003367003367003367 0.23832790445168295 0.006172839506172839 0.00760043431053203
4 0.10521885521885523 0.23615635179153094 0.011784511784511785 0.015743756786102063
23 0.29264870931537595 0.21715526601520088 0.009539842873176206 0.0054288816503800215
15 0.055274971941638606 0.24511400651465798 0.020202020202020204 0.023887079261672096
23 0.2937710437710438 0.22339847991313788 0.005050505050505051 0.003257328990228013
23 0.2948933782267116 0.2277415852334419 0.006172839506172839 0.003257328990228013
23 0.031144781144781145 0.255700325732899 0.008417508417508417 0.007057546145494028
4 0.41470258136924804 0.21986970684039087 0.005050505050505051 0.01031487513572204
23 0.2948933782267116 0.23371335504885993 0.008417508417508417 0.004885993485342019
15 0.4831649831649832 0.21471226927252987 0.025252525252525252 0.019001085776330078
15 0.3341750841750842 0.24022801302931596 0.0409652076318743 0.08469055374592833
23 0.03058361391694725 0.2725298588490771 0.007856341189674524 0.003257328990228013
4 0.7556116722783389 0.1995114006514658 0.03984287317620651 0.03637350705754615
4 0.9483726150392817 0.18105320304017372 0.03928170594837262 0.04343105320304017
23 0.29657687991021325 0.247828447339848 0.007856341189674524 0.004343105320304018
23 0.2831088664421998 0.249728555917481 0.011784511784511785 0.005971769815418024
23 0.4161054994388328 0.23615635179153094 0.015712682379349047 0.01031487513572204
4 0.7954545454545454 0.1976112920738328 0.03928170594837262 0.035830618892508145
4 0.9132996632996633 0.18566775244299674 0.04264870931537598 0.043973941368078175
4 0.6823793490460157 0.20955483170466885 0.03479236812570146 0.038002171552660155
4 0.8731762065095399 0.19136807817589577 0.04208754208754209 0.04288816503800217
4 0.7188552188552189 0.20765472312703584 0.04713804713804714 0.039630836047774155
4 0.8361391694725028 0.1973398479913138 0.03479236812570146 0.03257328990228013
23 0.29769921436588104 0.252985884907709 0.01122334455667789 0.005971769815418024
23 0.2836700336700337 0.255157437567861 0.008978675645342313 0.004343105320304018
4 0.18602693602693604 0.2692725298588491 0.04208754208754209 0.048317046688382194
23 0.0653759820426487 0.30130293159609123 0.008417508417508417 0.011400651465798045
4 0.09595959595959595 0.30374592833876224 0.030303030303030304 0.03311617806731813
15 0.44556677890011226 0.2692725298588491 0.031425364758698095 0.02985884907709012
23 0.5510662177328844 0.25950054288816504 0.01964085297418631 0.009229098805646038
4 0.47895622895622897 0.2755157437567861 0.037037037037037035 0.03854505971769816
23 0.5535914702581369 0.2711726384364821 0.023007856341189674 0.01031487513572204
23 0.5544332210998878 0.28420195439739415 0.020763187429854096 0.009771986970684038
4 0.09652076318742986 0.34500542888165037 0.030303030303030304 0.02714440825190011
4 0.47053872053872053 0.3124321389793703 0.037037037037037035 0.04071661237785016
4 0.42564534231200896 0.31813246471226925 0.04657687991021325 0.03854505971769816
4 0.38271604938271603 0.32301845819761127 0.038159371492704826 0.04343105320304017
4 0.2665544332210999 0.33930510314875134 0.012345679012345678 0.004343105320304018
4 0.26571268237934903 0.34419109663409336 0.008417508417508417 0.003800217155266015
4 0.30387205387205385 0.34147665580890335 0.044332210998877665 0.046145494028230184
4 0.3420314253647587 0.33930510314875134 0.03928170594837262 0.04505971769815418
4 0.5078563411896745 0.3295331161780673 0.008417508417508417 0.016286644951140065
4 0.26823793490460157 0.3564060803474484 0.012906846240179574 0.005971769815418024
4 0.26851851851851855 0.36264929424538545 0.010101010101010102 0.004343105320304018
4 0.26907968574635244 0.3737785016286645 0.008978675645342313 0.004343105320304018
4 0.26992143658810325 0.3775787187839305 0.010101010101010102 0.004885993485342019
4 0.5042087542087542 0.3577633007600434 0.012906846240179574 0.00760043431053203
4 0.1069023569023569 0.4028230184581976 0.02974186307519641 0.03311617806731813
23 0.5033670033670034 0.3691639522258415 0.008417508417508417 0.009229098805646038
4 0.4781144781144781 0.3718783930510315 0.007295173961840628 0.007057546145494028
23 0.504769921436588 0.3729641693811075 0.007295173961840628 0.007057546145494028
4 0.2724466891133558 0.3998371335504886 0.009539842873176206 0.0054288816503800215
4 0.4783950617283951 0.3800217155266015 0.011784511784511785 0.008686210640608035
23 0.505331088664422 0.3783930510314875 0.009539842873176206 0.004343105320304018
4 0.2724466891133558 0.40418023887079263 0.007295173961840628 0.0054288816503800215
23 0.505331088664422 0.38382193268186754 0.009539842873176206 0.0054288816503800215
4 0.47951739618406286 0.38843648208469056 0.009539842873176206 0.009229098805646038
23 0.5058922558922558 0.38816503800217156 0.009539842873176206 0.003257328990228013
4 0.27441077441077444 0.4174809989142237 0.010101010101010102 0.0054288816503800215
23 0.07940516273849607 0.44109663409337674 0.006172839506172839 0.013029315960912053
4 0.27497194163860833 0.4223669923995657 0.008978675645342313 0.0054288816503800215
4 0.07772166105499438 0.4522258414766558 0.014029180695847363 0.007057546145494028
4 0.2755331088664422 0.43376764386536376 0.006734006734006734 0.003257328990228013
23 0.0819304152637486 0.46335504885993484 0.008978675645342313 0.013029315960912053
4 0.2783389450056117 0.4538545059717698 0.007856341189674524 0.003800217155266015
4 0.07210998877665545 0.497014115092291 0.0611672278338945 0.054831704668838216
4 0.12008978675645342 0.50814332247557 0.030864197530864196 0.038002171552660155
4 0.36896745230078565 0.48425624321389793 0.0409652076318743 0.04125950054288816