23 0.6242252066115702 0.7591743119266054 0.0640495867768595 0.08868501529051988
4 0.13300619834710745 0.8375382262996942 0.05320247933884298 0.07339449541284404
4 0.971849173553719 0.7175076452599388 0.05526859504132232 0.11697247706422019
23 0.756198347107438 0.7599388379204893 0.04132231404958678 0.12079510703363915
4 0.4121900826446281 0.08983180428134556 0.06714876033057851 0.09327217125382263
7 0.05036157024793388 0.8872324159021406 0.05991735537190083 0.21636085626911314
4 0.547004132231405 0.85282874617737 0.08367768595041322 0.06345565749235474
15 0.4434400826446281 0.8784403669724771 0.06043388429752066 0.0871559633027523
4 0.1322314049586777 0.9346330275229358 0.0743801652892562 0.11238532110091744
15 0.265754132231405 0.9246941896024465 0.04855371900826446 0.05198776758409786
4 0.7110020661157025 0.8849388379204893 0.030991735537190084 0.05657492354740061
4 0.2737603305785124 0.9835626911314985 0.05785123966942149 0.03134556574923547
4 0.6118285123966942 0.07912844036697247 0.05010330578512397 0.06422018348623854
4 0.48269628099173556 0.11238532110091744 0.0759297520661157 0.11162079510703364
4 0.9467975206611571 0.04434250764525994 0.03409090909090909 0.0764525993883792
4 0.9158057851239669 0.05657492354740061 0.033574380165289255 0.07186544342507645
4 0.4434400826446281 0.1632262996941896 0.042355371900826444 0.06192660550458716
4 0.9010847107438017 0.1349388379204893 0.0490702479338843 0.0672782874617737
15 0.493801652892562 0.20795107033639143 0.02169421487603306 0.04204892966360856
4 0.23140495867768596 0.2587920489296636 0.06714876033057851 0.10550458715596331
4 0.8287706611570248 0.18042813455657492 0.059400826446280995 0.09097859327217125
4 0.287448347107438 0.2790519877675841 0.061466942148760334 0.10091743119266056
15 0.6862086776859504 0.23432721712538226 0.05475206611570248 0.0672782874617737
4 0.7766012396694215 0.2580275229357798 0.06973140495867769 0.11009174311926606
4 0.17820247933884298 0.36200305810397554 0.04855371900826446 0.08486238532110092
4 0.7210743801652892 0.2958715596330275 0.04442148760330578 0.07568807339449542
4 0.359245867768595 0.3562691131498471 0.03512396694214876 0.0481651376146789
23 0.10304752066115702 0.42737003058103973 0.07696280991735537 0.06957186544342507
30 0.7050619834710744 0.3470948012232416 0.023760330578512397 0.06498470948012232
15 0.5792871900826446 0.3688837920489297 0.05320247933884298 0.040519877675840976
4 0.7404442148760331 0.34785932721712537 0.03615702479338843 0.05733944954128441
30 0.32463842975206614 0.4380733944954128 0.061466942148760334 0.04357798165137615
30 0.4230371900826446 0.4246941896024465 0.05113636363636364 0.035932721712538224
30 0.2022210743801653 0.46062691131498473 0.05371900826446281 0.03746177370030581
15 0.5798037190082644 0.4048165137614679 0.05475206611570248 0.04357798165137615
4 0.6825929752066116 0.02790519877675841 0.06353305785123967 0.05581039755351682
4 0.06869834710743801 0.5711009174311926 0.05836776859504132 0.07110091743119266
4 0.16477272727272727 0.5642201834862385 0.054235537190082644 0.07186544342507645
4 0.6988636363636364 0.5053516819571865 0.18078512396694216 0.21865443425076453
4 0.8481404958677686 0.5030581039755352 0.0490702479338843 0.08333333333333333
4 0.271952479338843 0.5970948012232415 0.07851239669421488 0.09709480122324159
4 0.19318181818181818 0.6540519877675841 0.08212809917355372 0.11009174311926606
4 0.6120867768595041 0.6850152905198776 0.038739669421487606 0.07339449541284404
4 0.16993801652892562 0.7943425076452599 0.05371900826446281 0.08333333333333333
4 0.8070764462809917 0.7117737003058104 0.08574380165289257 0.11314984709480122
4 0.8969524793388429 0.6980122324159022 0.08987603305785125 0.11773700305810397