4 0.5376370887337986 0.5818181818181818 0.010967098703888335 0.02012987012987013
4 0.5820039880358924 0.573051948051948 0.00847457627118644 0.01818181818181818
4 0.5899800598205384 0.5724025974025974 0.010967098703888335 0.015584415584415584
4 0.49401794616151545 0.5987012987012987 0.01794616151545364 0.014935064935064935
4 0.4603688933200399 0.6668831168831169 0.050348953140578266 0.07077922077922078
4 0.9680957128614157 0.5672077922077922 0.041375872382851446 0.048051948051948054
30 0.4666001994017946 0.6944805194805195 0.018943170488534396 0.023376623376623377
4 0.944666001994018 0.5805194805194805 0.0353938185443669 0.04285714285714286
4 0.44940179461615154 0.7159090909090909 0.015453639082751745 0.012987012987012988
4 0.5226819541375872 0.6993506493506494 0.028414755732801594 0.03506493506493506
23 0.2240777666999003 0.7782467532467533 0.009970089730807577 0.02012987012987013
23 0.31754735792622135 0.7545454545454545 0.007477567298105683 0.015584415584415584
23 0.2335493519441675 0.7772727272727272 0.00847457627118644 0.01948051948051948
23 0.29361914257228316 0.7646103896103896 0.013459621136590228 0.012337662337662338
23 0.2457627118644068 0.7905844155844156 0.007976071784646061 0.016883116883116882
23 0.23903290129611166 0.7935064935064935 0.00897308075772682 0.016233766233766232
23 0.2978564307078764 0.7792207792207793 0.009471585244267198 0.016233766233766232
23 0.30483549351944167 0.7775974025974026 0.007477567298105683 0.01753246753246753
4 0.948654037886341 0.6211038961038962 0.013958125623130608 0.013636363636363636
30 0.9653539381854437 0.6211038961038962 0.01744765702891326 0.022727272727272728
23 0.5087238285144566 0.7386363636363636 0.007477567298105683 0.014935064935064935
23 0.5019940179461615 0.7415584415584415 0.009471585244267198 0.01753246753246753
23 0.48678963110667994 0.7480519480519481 0.00847457627118644 0.01753246753246753
23 0.49476570289132604 0.7480519480519481 0.009970089730807577 0.02077922077922078
4 0.4344466600199402 0.7727272727272727 0.0518444666001994 0.05974025974025974
4 0.5630608175473579 0.7493506493506493 0.00897308075772682 0.014285714285714285
4 0.5044865403788634 0.7642857142857142 0.007976071784646061 0.01753246753246753
4 0.49750747756729813 0.7665584415584416 0.009471585244267198 0.01818181818181818
4 0.5486041874376869 0.7535714285714286 0.00847457627118644 0.01753246753246753
4 0.5558325024925225 0.7522727272727273 0.007976071784646061 0.014935064935064935
4 0.48978065802592224 0.7691558441558441 0.010967098703888335 0.02077922077922078
4 0.5124626121635095 0.7633116883116883 0.010468594217347957 0.02077922077922078
4 0.5403788634097707 0.7571428571428571 0.009471585244267198 0.01883116883116883
15 0.9895314057826521 0.6454545454545455 0.019940179461615155 0.024675324675324677
30 0.9693419740777667 0.6503246753246753 0.024925224327018942 0.032467532467532464
23 0.9967597208374875 0.6590909090909091 0.005483549351944167 0.012987012987012988
4 0.4528913260219342 0.8074675324675324 0.022931206380857428 0.025324675324675326
4 0.4222333000997009 0.8266233766233766 0.025423728813559324 0.032467532467532464
4 0.45164506480558325 0.8363636363636363 0.028913260219341975 0.03831168831168831
4 0.42098703888334993 0.8561688311688311 0.025423728813559324 0.03571428571428571
15 0.5333998005982054 0.8321428571428572 0.06281156530408774 0.07857142857142857
4 0.3963110667996012 0.8974025974025974 0.026919242273180457 0.03636363636363636
4 0.45588235294117646 0.8844155844155844 0.013958125623130608 0.024025974025974027
15 0.4583748753738784 0.8915584415584416 0.032402791625124626 0.05454545454545454
15 0.42397806580259223 0.9055194805194805 0.028913260219341975 0.045454545454545456
4 0.40079760717846463 0.9305194805194805 0.028414755732801594 0.03051948051948052
4 0.555333998005982 0.8980519480519481 0.00897308075772682 0.01818181818181818
4 0.5904785643070788 0.8892857142857142 0.011465603190428714 0.02012987012987013
4 0.5812562313060817 0.8922077922077922 0.011964107676969093 0.022727272727272728
4 0.5246759720837487 0.9064935064935065 0.011465603190428714 0.024675324675324677
4 0.5730309072781655 0.8948051948051948 0.014456630109670987 0.02142857142857143
4 0.5476071784646062 0.9012987012987013 0.010967098703888335 0.015584415584415584
4 0.5994516450648056 0.8883116883116883 0.012462612163509471 0.024675324675324677
4 0.5643070787637089 0.897077922077922 0.012462612163509471 0.01948051948051948
4 0.538135593220339 0.9045454545454545 0.011465603190428714 0.024675324675324677
4 0.5067298105682951 0.9123376623376623 0.011465603190428714 0.023376623376623377
4 0.4980059820538385 0.9146103896103897 0.00897308075772682 0.02077922077922078
4 0.515702891326022 0.9107142857142857 0.011465603190428714 0.02207792207792208
23 0.4503988035892323 0.950974025974026 0.009970089730807577 0.01753246753246753
23 0.4379361914257228 0.9555194805194805 0.007976071784646061 0.013636363636363636
4 0.5979561316051845 0.9256493506493506 0.03339980059820538 0.06168831168831169
4 0.5655533399800599 0.9558441558441558 0.05284147557328016 0.07077922077922078
7 0.5164506480558325 0.9785714285714285 0.05982053838484546 0.04155844155844156
4 0.10418743768693918 0.18928571428571428 0.032402791625124626 0.046103896103896105
4 0.04885343968095713 0.20616883116883117 0.0259222333000997 0.04285714285714286
4 0.027916251246261216 0.22207792207792207 0.036889332003988036 0.05649350649350649
23 0.5630608175473579 0.237987012987013 0.014456630109670987 0.011688311688311689
30 0.5897308075772681 0.237012987012987 0.018444666001994018 0.02142857142857143
4 0.635593220338983 0.24155844155844156 0.0423728813559322 0.06688311688311688
4 0.6797108673978066 0.237012987012987 0.043369890329012964 0.07077922077922078
4 0.28489531405782653 0.3386363636363636 0.04935194416749751 0.046103896103896105
30 0.5942173479561316 0.26331168831168833 0.023928215353938187 0.014285714285714285
23 0.5530907278165503 0.2737012987012987 0.006979062811565304 0.012987012987012988
23 0.5638085742771685 0.2775974025974026 0.010468594217347957 0.01753246753246753
23 0.5722831505483549 0.275974025974026 0.00897308075772682 0.01948051948051948
30 0.40154536390827517 0.32727272727272727 0.01744765702891326 0.02727272727272727
4 0.8905782652043869 0.21201298701298701 0.052342971086739784 0.05454545454545454
30 0.5972083748753739 0.2909090909090909 0.018444666001994018 0.024675324675324677
15 0.8177966101694916 0.2409090909090909 0.03988035892323031 0.03896103896103896
4 0.5276669990029911 0.3172077922077922 0.052342971086739784 0.0512987012987013
30 0.4032901296111665 0.349025974025974 0.019940179461615155 0.022727272727272728
30 0.43519441674975073 0.3412337662337662 0.01794616151545364 0.024025974025974027
4 0.47557328015952144 0.3334415584415584 0.05583250249252243 0.05
4 0.8479561316051845 0.24123376623376624 0.010967098703888335 0.01883116883116883
30 0.5837487537387837 0.3155844155844156 0.018943170488534396 0.025974025974025976
30 0.5994516450648056 0.312012987012987 0.016450648055832504 0.02207792207792208
4 0.9247258225324028 0.2331168831168831 0.047856430707876374 0.05844155844155844
4 0.8287637088733799 0.26006493506493505 0.01296111665004985 0.011688311688311689
4 0.8140578265204387 0.2636363636363636 0.01794616151545364 0.014935064935064935
4 0.49376869391824524 0.3600649350649351 0.010468594217347957 0.02012987012987013
4 0.4406779661016949 0.37532467532467534 0.009970089730807577 0.01818181818181818
4 0.4481555333998006 0.3743506493506494 0.00847457627118644 0.01818181818181818
4 0.540877367896311 0.3512987012987013 0.014456630109670987 0.013636363636363636
30 0.6079262213359921 0.33766233766233766 0.01794616151545364 0.024675324675324677
30 0.6296111665004985 0.3409090909090909 0.018943170488534396 0.024025974025974027
30 0.47357926221335994 0.4087662337662338 0.020438683948155532 0.02792207792207792
30 0.5530907278165503 0.3892857142857143 0.014456630109670987 0.02207792207792208
30 0.4581256231306082 0.413961038961039 0.019441674975074777 0.02142857142857143
30 0.48903290129611166 0.4068181818181818 0.01794616151545364 0.023376623376623377
4 0.4307078763708873 0.45064935064935063 0.04037886340977069 0.05194805194805195
30 0.9259720837487537 0.3525974025974026 0.020937188434695914 0.025974025974025976
4 0.5677966101694916 0.4538961038961039 0.03938185443668993 0.06948051948051948
30 0.9279661016949152 0.3737012987012987 0.01794616151545364 0.025974025974025976
4 0.595962113659023 0.4597402597402597 0.015453639082751745 0.015584415584415584
4 0.5977068793619142 0.4701298701298701 0.01744765702891326 0.013636363636363636
4 0.5994516450648056 0.47954545454545455 0.01296111665004985 0.012337662337662338
7 0.06804586241276171 0.6172077922077922 0.04885343968095713 0.10584415584415584
4 0.43743768693918245 0.5256493506493507 0.040877367896311065 0.07272727272727272
15 0.5436191425722832 0.5100649350649351 0.08424725822532403 0.10974025974025974
30 0.9351944167497508 0.42077922077922075 0.0259222333000997 0.03051948051948052
4 0.4927716849451645 0.5396103896103897 0.013958125623130608 0.013636363636363636
4 0.614406779661017 0.5152597402597403 0.009970089730807577 0.024025974025974027
4 0.597457627118644 0.5204545454545455 0.014456630109670987 0.01948051948051948
4 0.6076769690927218 0.5178571428571429 0.010468594217347957 0.02142857142857143
4 0.49401794616151545 0.5522727272727272 0.013459621136590228 0.01103896103896104
30 0.44865403788634095 0.5746753246753247 0.01794616151545364 0.024025974025974027
23 0.23728813559322035 0.6386363636363637 0.006480558325024925 0.014285714285714285
4 0.4977567298105683 0.5727272727272728 0.015453639082751745 0.011688311688311689
23 0.2310568295114656 0.6409090909090909 0.00897308075772682 0.015584415584415584
4 0.5129611166500498 0.586038961038961 0.009970089730807577 0.01818181818181818
4 0.5214356929212363 0.5850649350649351 0.00897308075772682 0.01818181818181818