7 0.09145702306079664 0.23094688221709006 0.1829140461215933 0.22170900692840648
7 0.2148846960167715 0.18533487297921478 0.06918238993710692 0.1812933025404157
7 0.7036163522012578 0.03117782909930716 0.0759958071278826 0.06235565819861432
23 0.6645702306079665 0.015011547344110854 0.006289308176100629 0.02424942263279446
23 0.6692872117400419 0.014434180138568129 0.007337526205450734 0.02424942263279446
23 0.749475890985325 0.002886836027713626 0.006289308176100629 0.005773672055427252
23 0.7463312368972747 0.012702078521939953 0.006289308176100629 0.018475750577367205
23 0.7518343815513627 0.010392609699769052 0.005241090146750524 0.018475750577367205
23 0.6538259958071279 0.05542725173210162 0.00890985324947589 0.015011547344110854
23 0.6357442348008385 0.06235565819861432 0.009958071278825996 0.015011547344110854
23 0.624475890985325 0.06697459584295612 0.008385744234800839 0.015011547344110854
23 0.614517819706499 0.07448036951501155 0.009433962264150943 0.012702078521939953
23 0.589098532494759 0.08891454965357967 0.006289308176100629 0.021939953810623556
4 0.5838574423480084 0.09237875288683603 0.005765199161425576 0.023094688221709007
23 0.8317610062893082 0.003464203233256351 0.011530398322851153 0.006928406466512702
23 0.7476415094339622 0.03117782909930716 0.0047169811320754715 0.018475750577367205
23 0.6470125786163522 0.06986143187066975 0.007861635220125786 0.010392609699769052
23 0.6265723270440252 0.0802540415704388 0.009958071278825996 0.013856812933025405
23 0.6383647798742138 0.075635103926097 0.009433962264150943 0.016166281755196306
23 0.7222222222222222 0.044457274826789836 0.009433962264150943 0.012702078521939953
23 0.7536687631027253 0.03233256351039261 0.005765199161425576 0.017321016166281754
23 0.6142557651991615 0.08602771362586605 0.009958071278825996 0.015011547344110854
4 0.7623165618448637 0.028868360277136258 0.009433962264150943 0.011547344110854504
23 0.8121069182389937 0.010392609699769052 0.007861635220125786 0.020785219399538105
23 0.8173480083857443 0.009815242494226328 0.006813417190775681 0.019630484988452657
23 0.6061320754716981 0.09064665127020785 0.007337526205450734 0.013856812933025405
23 0.7403039832285115 0.03868360277136259 0.007861635220125786 0.010392609699769052
23 0.5990566037735849 0.09584295612009237 0.010482180293501049 0.017321016166281754
23 0.6470125786163522 0.08314087759815242 0.006289308176100629 0.013856812933025405
23 0.6270964360587002 0.0918013856812933 0.010482180293501049 0.012702078521939953
4 0.7756813417190775 0.034064665127020784 0.013626834381551363 0.03926096997690531
4 0.789832285115304 0.03233256351039261 0.006813417190775681 0.020785219399538105
15 0.6708595387840671 0.08083140877598152 0.03459119496855346 0.054272517321016164
4 0.6415094339622641 0.09237875288683603 0.006813417190775681 0.021939953810623556
4 0.6362683438155137 0.09411085450346421 0.007337526205450734 0.020785219399538105
23 0.6488469601677149 0.09295612009237875 0.007861635220125786 0.009237875288683603
4 0.5987945492662474 0.11720554272517321 0.011530398322851153 0.016166281755196306
23 0.45151991614255765 0.18013856812933027 0.010482180293501049 0.009237875288683603
23 0.44234800838574423 0.18475750577367206 0.007337526205450734 0.010392609699769052
23 0.43134171907756813 0.18879907621247113 0.009958071278825996 0.012702078521939953
23 0.42059748427672955 0.19399538106235567 0.008385744234800839 0.011547344110854504
4 0.65041928721174 0.10508083140877598 0.010482180293501049 0.012702078521939953
23 0.4609538784067086 0.17956120092378752 0.0110062893081761 0.011547344110854504
15 0.7541928721174004 0.06581986143187067 0.033542976939203356 0.05542725173210162
23 0.4109014675052411 0.19919168591224018 0.009433962264150943 0.018475750577367205
23 0.3810272536687631 0.21189376443418015 0.00890985324947589 0.015011547344110854
23 0.3909853249475891 0.2084295612009238 0.010482180293501049 0.013856812933025405
23 0.4009433962264151 0.20554272517321015 0.00890985324947589 0.012702078521939953
4 0.8301886792452831 0.03868360277136259 0.01781970649895178 0.026558891454965358
4 0.3107966457023061 0.24307159353348728 0.01310272536687631 0.015011547344110854
4 0.3356918238993711 0.23441108545034642 0.014675052410901468 0.018475750577367205
4 0.36556603773584906 0.22401847575057737 0.015723270440251572 0.02424942263279446
23 0.48480083857442346 0.1789838337182448 0.00890985324947589 0.013856812933025405
23 0.4525681341719078 0.19341801385681293 0.008385744234800839 0.010392609699769052
23 0.46252620545073375 0.18995381062355657 0.00890985324947589 0.011547344110854504
23 0.44287211740041926 0.197459584295612 0.008385744234800839 0.010392609699769052
23 0.4331761006289308 0.20265588914549654 0.009433962264150943 0.012702078521939953
23 0.49240041928721173 0.17956120092378752 0.005765199161425576 0.018475750577367205
23 0.959643605870021 0.0040415704387990765 0.006289308176100629 0.008083140877598153
23 0.965146750524109 0.004618937644341801 0.006813417190775681 0.009237875288683603
23 0.38259958071278827 0.22344110854503466 0.009433962264150943 0.015011547344110854
23 0.4119496855345912 0.21189376443418015 0.009433962264150943 0.013856812933025405
4 0.40172955974842767 0.21593533487297922 0.009433962264150943 0.013856812933025405
23 0.15906708595387842 0.3112009237875289 0.013626834381551363 0.019630484988452657
23 0.20833333333333334 0.2921478060046189 0.006289308176100629 0.019630484988452657
4 0.3508909853249476 0.23787528868360278 0.009958071278825996 0.011547344110854504
23 0.42557651991614254 0.21016166281755197 0.005765199161425576 0.019630484988452657
4 0.5888364779874213 0.14665127020785218 0.007861635220125786 0.02424942263279446
4 0.42059748427672955 0.21304849884526558 0.005765199161425576 0.020785219399538105
4 0.5993186582809225 0.14376443418013857 0.006813417190775681 0.025404157043879907
23 0.4858490566037736 0.18995381062355657 0.007337526205450734 0.011547344110854504
23 0.44313417190775684 0.2090069284064665 0.010482180293501049 0.012702078521939953
4 0.5115303983228512 0.18475750577367206 0.025681341719077568 0.049653579676674366
4 0.15959119496855345 0.3215935334872979 0.012054507337526206 0.016166281755196306
23 0.4129979035639413 0.22401847575057737 0.009433962264150943 0.011547344110854504
23 0.10534591194968554 0.3446882217090069 0.012054507337526206 0.017321016166281754
4 0.36242138364779874 0.24480369515011546 0.009958071278825996 0.012702078521939953
23 0.3739517819706499 0.2407621247113164 0.009433962264150943 0.012702078521939953
23 0.3522012578616352 0.24884526558891454 0.010482180293501049 0.012702078521939953
30 0.32547169811320753 0.2592378752886836 0.01310272536687631 0.018475750577367205
30 0.3393605870020964 0.25519630484988454 0.014675052410901468 0.017321016166281754
4 0.8280922431865828 0.06524249422632794 0.010482180293501049 0.013856812933025405
4 0.4520440251572327 0.21247113163972287 0.007337526205450734 0.025404157043879907
4 0.3131551362683438 0.2678983833718245 0.012054507337526206 0.013856812933025405
4 0.43186582809224316 0.22170900692840648 0.005765199161425576 0.019630484988452657
23 0.46147798742138363 0.21016166281755197 0.007861635220125786 0.020785219399538105
23 0.4371069182389937 0.22055427251732102 0.0047169811320754715 0.018475750577367205
30 0.4716981132075472 0.20727482678983833 0.012578616352201259 0.015011547344110854
23 0.4944968553459119 0.1997690531177829 0.005765199161425576 0.018475750577367205
4 0.10613207547169812 0.35161662817551964 0.009433962264150943 0.010392609699769052
4 0.7688679245283019 0.09526558891454966 0.012578616352201259 0.013856812933025405
4 0.4137840670859539 0.23325635103926096 0.010482180293501049 0.013856812933025405
23 0.42479035639413 0.23036951501154734 0.00890985324947589 0.015011547344110854
23 0.125 0.3481524249422633 0.010482180293501049 0.015011547344110854
23 0.3742138364779874 0.25115473441108543 0.008385744234800839 0.011547344110854504
23 0.3629454926624738 0.25635103926096997 0.0110062893081761 0.011547344110854504
23 0.35246331236897277 0.2603926096997691 0.009958071278825996 0.013856812933025405
30 0.48715932914046123 0.21189376443418015 0.010482180293501049 0.028868360277136258
23 0.9080188679245284 0.053117782909930716 0.009958071278825996 0.013856812933025405
23 0.1069182389937107 0.3643187066974596 0.010482180293501049 0.017321016166281754
4 0.889937106918239 0.06004618937644342 0.006289308176100629 0.020785219399538105
23 0.90041928721174 0.05715935334872979 0.006813417190775681 0.021939953810623556
15 0.8024109014675053 0.09526558891454966 0.05188679245283019 0.11431870669745958
23 0.4606918238993711 0.22806004618937645 0.010482180293501049 0.016166281755196306
23 0.4979035639412998 0.21478060046189376 0.009433962264150943 0.010392609699769052
23 0.3757861635220126 0.2632794457274827 0.00890985324947589 0.015011547344110854
23 0.33647798742138363 0.28002309468822173 0.009958071278825996 0.015011547344110854
23 0.32651991614255765 0.28579676674364896 0.010482180293501049 0.016166281755196306
23 0.6923480083857443 0.15069284064665128 0.008385744234800839 0.012702078521939953
23 0.7023060796645703 0.14722863741339492 0.008385744234800839 0.010392609699769052
23 0.6826519916142557 0.15473441108545036 0.009958071278825996 0.011547344110854504
23 0.3760482180293501 0.2759815242494226 0.009958071278825996 0.013856812933025405
23 0.7117400419287212 0.14549653579676675 0.006289308176100629 0.019630484988452657
15 0.3977987421383648 0.2678983833718245 0.027777777777777776 0.07390300230946882
23 0.7036163522012578 0.1581986143187067 0.009433962264150943 0.015011547344110854
23 0.6933962264150944 0.16339491916859122 0.008385744234800839 0.010392609699769052
23 0.684748427672956 0.16801385681293302 0.010482180293501049 0.011547344110854504
23 0.3776205450733753 0.2881062355658199 0.008385744234800839 0.011547344110854504
23 0.7783018867924528 0.13279445727482678 0.0110062893081761 0.016166281755196306
23 0.6671907756813418 0.18187066974595842 0.005241090146750524 0.023094688221709007
23 0.6569706498951782 0.18706697459584296 0.005765199161425576 0.017321016166281754
23 0.6724318658280922 0.18187066974595842 0.005241090146750524 0.017321016166281754
23 0.6622117400419287 0.1859122401847575 0.006289308176100629 0.021939953810623556
23 0.7329664570230608 0.15877598152424943 0.00890985324947589 0.013856812933025405
23 0.6519916142557652 0.18995381062355657 0.005241090146750524 0.018475750577367205
23 0.6771488469601677 0.18013856812933027 0.0047169811320754715 0.018475750577367205
23 0.6056079664570231 0.2090069284064665 0.006289308176100629 0.018475750577367205
23 0.7190775681341719 0.1651270207852194 0.005241090146750524 0.019630484988452657
23 0.6252620545073375 0.203810623556582 0.006289308176100629 0.018475750577367205
23 0.6171383647798742 0.20727482678983833 0.009433962264150943 0.012702078521939953
23 0.8828616352201258 0.10508083140877598 0.009433962264150943 0.012702078521939953
23 0.6926100628930818 0.1789838337182448 0.006289308176100629 0.018475750577367205
23 0.37866876310272535 0.3008083140877598 0.00890985324947589 0.012702078521939953
23 0.6968029350104822 0.1784064665127021 0.005241090146750524 0.015011547344110854
23 0.6829140461215933 0.18418013856812934 0.005241090146750524 0.015011547344110854
23 0.7028301886792453 0.17609699769053117 0.006813417190775681 0.017321016166281754
23 0.6876310272536688 0.18302540415704388 0.005241090146750524 0.017321016166281754
23 0.6310272536687631 0.20958429561200922 0.005765199161425576 0.018475750577367205
15 0.90041928721174 0.10508083140877598 0.02358490566037736 0.07159353348729793
23 0.735062893081761 0.1720554272517321 0.007861635220125786 0.011547344110854504
23 0.6360062893081762 0.2113163972286374 0.006289308176100629 0.019630484988452657
23 0.8833857442348009 0.11662817551963048 0.0110062893081761 0.012702078521939953
15 0.7578616352201258 0.1651270207852194 0.03039832285115304 0.06466512702078522
23 0.6480607966457023 0.20785219399538107 0.0047169811320754715 0.017321016166281754
23 0.6417714884696016 0.21016166281755197 0.005765199161425576 0.013856812933025405
23 0.3807651991614256 0.312933025404157 0.009433962264150943 0.012702078521939953
4 0.6142557651991615 0.2245958429561201 0.007861635220125786 0.020785219399538105
23 0.8430293501048218 0.1379907621247113 0.00890985324947589 0.015011547344110854
23 0.8333333333333334 0.1420323325635104 0.009433962264150943 0.015011547344110854
4 0.6593291404612159 0.20958429561200922 0.005765199161425576 0.019630484988452657
23 0.784853249475891 0.16166281755196305 0.005241090146750524 0.017321016166281754
4 0.6543501048218029 0.21247113163972287 0.006813417190775681 0.021939953810623556
4 0.6635220125786163 0.2090069284064665 0.005765199161425576 0.021939953810623556
4 0.674266247379455 0.20496535796766743 0.0047169811320754715 0.018475750577367205
4 0.6221174004192872 0.2251732101616628 0.005765199161425576 0.020785219399538105
23 0.7790880503144654 0.16397228637413394 0.005765199161425576 0.019630484988452657
4 0.6789832285115304 0.20438799076212472 0.006289308176100629 0.020785219399538105
4 0.6692872117400419 0.2090069284064665 0.0047169811320754715 0.018475750577367205
4 0.8024109014675053 0.15762124711316397 0.006289308176100629 0.023094688221709007
23 0.790356394129979 0.16339491916859122 0.006289308176100629 0.020785219399538105
23 0.7958595387840671 0.16108545034642033 0.005765199161425576 0.021939953810623556
4 0.6994234800838575 0.1997690531177829 0.006813417190775681 0.020785219399538105
4 0.6844863731656184 0.2066974595842956 0.005765199161425576 0.018475750577367205
4 0.6273584905660378 0.22863741339491916 0.005765199161425576 0.021939953810623556
4 0.6894654088050315 0.2061200923787529 0.005241090146750524 0.018475750577367205
4 0.6944444444444444 0.203810623556582 0.006289308176100629 0.016166281755196306
4 0.7049266247379455 0.1997690531177829 0.006289308176100629 0.020785219399538105
4 0.7348008385744235 0.18937644341801385 0.0110062893081761 0.015011547344110854
4 0.6328616352201258 0.2315242494226328 0.005241090146750524 0.020785219399538105
23 0.884958071278826 0.13568129330254042 0.010482180293501049 0.012702078521939953
23 0.825733752620545 0.15993071593533487 0.009433962264150943 0.013856812933025405
4 0.9475890985324947 0.11374133949191687 0.006813417190775681 0.025404157043879907
4 0.6378406708595388 0.23441108545034642 0.0047169811320754715 0.020785219399538105
23 0.8341194968553459 0.1581986143187067 0.0047169811320754715 0.017321016166281754
4 0.6436058700209644 0.23325635103926096 0.005241090146750524 0.021939953810623556
4 0.6483228511530398 0.23267898383371824 0.005241090146750524 0.017321016166281754
23 0.8440775681341719 0.15762124711316397 0.005765199161425576 0.018475750577367205
23 0.839098532494759 0.1605080831408776 0.006813417190775681 0.020785219399538105
23 0.8862683438155137 0.14607390300230946 0.009958071278825996 0.012702078521939953
4 0.865041928721174 0.1541570438799076 0.012578616352201259 0.03926096997690531
4 0.8542976939203354 0.15935334872979215 0.012054507337526206 0.04041570438799076
23 0.9255765199161425 0.13279445727482678 0.006813417190775681 0.020785219399538105
23 0.9205974842767296 0.1351039260969977 0.007337526205450734 0.023094688221709007
23 0.6561844863731656 0.23787528868360278 0.005765199161425576 0.021939953810623556
4 0.6210691823899371 0.2557736720554272 0.007861635220125786 0.020785219399538105
23 0.8275681341719078 0.1766743648960739 0.005765199161425576 0.020785219399538105
23 0.8422431865828093 0.17378752886836027 0.010482180293501049 0.010392609699769052
23 0.9627882599580713 0.13048498845265588 0.009433962264150943 0.017321016166281754
23 0.9714360587002097 0.12817551963048499 0.010482180293501049 0.013856812933025405
4 0.6926100628930818 0.2390300230946882 0.005241090146750524 0.020785219399538105
4 0.6981132075471698 0.23672055427251731 0.0041928721174004195 0.020785219399538105
4 0.5825471698113207 0.28290993071593534 0.015723270440251572 0.017321016166281754
4 0.6850104821802935 0.2453810623556582 0.009958071278825996 0.012702078521939953
4 0.5670859538784067 0.29330254041570436 0.015723270440251572 0.018475750577367205
4 0.6580188679245284 0.2603926096997691 0.0047169811320754715 0.018475750577367205
23 0.6488469601677149 0.26501154734411086 0.007337526205450734 0.019630484988452657
4 0.9523060796645703 0.14838337182448036 0.015723270440251572 0.042725173210161664
15 0.17872117400419288 0.4503464203233256 0.06289308176100629 0.09122401847575058
4 0.5345911949685535 0.3140877598152425 0.01310272536687631 0.017321016166281754
4 0.5209643605870021 0.32274826789838335 0.01519916142557652 0.018475750577367205
15 0.9675052410901468 0.15184757505773672 0.01781970649895178 0.028868360277136258
4 0.610587002096436 0.29157043879907624 0.0110062893081761 0.025404157043879907
4 0.1278825995807128 0.4792147806004619 0.0110062893081761 0.013856812933025405
4 0.6920859538784067 0.26096997690531176 0.006813417190775681 0.021939953810623556
23 0.510482180293501 0.3331408775981524 0.006289308176100629 0.020785219399538105
23 0.5002620545073375 0.3371824480369515 0.005765199161425576 0.023094688221709007
4 0.5055031446540881 0.3348729792147806 0.005241090146750524 0.021939953810623556
23 0.6871069182389937 0.26558891454965355 0.008385744234800839 0.023094688221709007
30 0.8516771488469602 0.20496535796766743 0.014150943396226415 0.017321016166281754
30 0.8278301886792453 0.21535796766743648 0.009958071278825996 0.028868360277136258
4 0.6999475890985325 0.2661662817551963 0.006289308176100629 0.020785219399538105
4 0.6517295597484277 0.2863741339491917 0.006813417190775681 0.025404157043879907
4 0.6593291404612159 0.2834872979214781 0.0047169811320754715 0.017321016166281754
23 0.8370020964360587 0.21651270207852194 0.007337526205450734 0.021939953810623556
4 0.5217505241090147 0.3389145496535797 0.013626834381551363 0.015011547344110854
4 0.5940775681341719 0.3112009237875289 0.00890985324947589 0.020785219399538105
23 0.8417190775681341 0.21478060046189376 0.006289308176100629 0.019630484988452657
4 0.5681341719077568 0.32217090069284066 0.005765199161425576 0.020785219399538105
23 0.9549266247379455 0.1720554272517321 0.011530398322851153 0.017321016166281754
4 0.5799266247379455 0.3210161662817552 0.009958071278825996 0.010392609699769052
7 0.06734800838574423 0.5294457274826789 0.13469601677148846 0.7471131639722863
4 0.14386792452830188 0.49191685912240185 0.016771488469601678 0.02771362586605081
23 0.8642557651991615 0.21189376443418015 0.009958071278825996 0.016166281755196306
23 0.8742138364779874 0.2090069284064665 0.010482180293501049 0.016166281755196306
23 0.38259958071278827 0.40242494226327946 0.0110062893081761 0.018475750577367205
4 0.3959643605870021 0.3972286374133949 0.013626834381551363 0.016166281755196306
4 0.5615828092243187 0.3331408775981524 0.007337526205450734 0.03348729792147806
23 0.37264150943396224 0.4064665127020785 0.0110062893081761 0.018475750577367205
23 0.5020964360587002 0.3608545034642032 0.005241090146750524 0.019630484988452657
23 0.5125786163522013 0.3568129330254042 0.006289308176100629 0.023094688221709007
23 0.1090146750524109 0.5150115473441108 0.006289308176100629 0.023094688221709007
4 0.5073375262054507 0.3596997690531178 0.005765199161425576 0.02424942263279446
23 0.4420859538784067 0.38856812933025403 0.006289308176100629 0.020785219399538105
23 0.4371069182389937 0.39087759815242495 0.006813417190775681 0.020785219399538105
4 0.43186582809224316 0.39376443418013857 0.005765199161425576 0.019630484988452657
4 0.9792976939203354 0.18244803695150116 0.006289308176100629 0.02424942263279446
4 0.42662473794549266 0.3995381062355658 0.008385744234800839 0.03233256351039261
23 0.22851153039832284 0.47863741339491916 0.006289308176100629 0.019630484988452657
23 0.22379454926624737 0.48036951501154734 0.005765199161425576 0.023094688221709007
23 0.11268343815513626 0.5294457274826789 0.009433962264150943 0.011547344110854504
23 0.42059748427672955 0.4122401847575058 0.006289308176100629 0.023094688221709007
4 0.37735849056603776 0.43013856812933027 0.00890985324947589 0.03695150115473441
4 0.2041404612159329 0.5011547344110855 0.012054507337526206 0.015011547344110854
23 0.4381551362683438 0.4128175519630485 0.006813417190775681 0.019630484988452657
23 0.4439203354297694 0.4105080831408776 0.006289308176100629 0.019630484988452657
4 0.43422431865828093 0.4151270207852194 0.006813417190775681 0.019630484988452657
4 0.20492662473794548 0.5092378752886836 0.011530398322851153 0.017321016166281754
23 0.11346960167714884 0.5456120092378753 0.009958071278825996 0.012702078521939953
30 0.9719601677148847 0.21362586605080833 0.01729559748427673 0.04849884526558892
23 0.8658280922431866 0.2557736720554272 0.009433962264150943 0.012702078521939953
23 0.8566561844863732 0.2603926096997691 0.009958071278825996 0.013856812933025405
23 0.4279350104821803 0.43187066974595845 0.0047169811320754715 0.020785219399538105
4 0.4224318658280922 0.4341801385681293 0.006289308176100629 0.023094688221709007
23 0.8579664570230608 0.2707852193995381 0.009958071278825996 0.012702078521939953
23 0.11268343815513626 0.5600461893764435 0.006813417190775681 0.019630484988452657
23 0.8679245283018868 0.2690531177829099 0.009958071278825996 0.015011547344110854
4 0.3776205450733753 0.45958429561200925 0.0110062893081761 0.012702078521939953
15 0.9250524109014675 0.2517321016166282 0.04559748427672956 0.07967667436489607
4 0.5678721174004193 0.39145496535796764 0.010482180293501049 0.016166281755196306
4 0.2557651991614256 0.5150115473441108 0.007861635220125786 0.020785219399538105
4 0.4412997903563941 0.44399538106235564 0.00890985324947589 0.03464203233256351
4 0.2518343815513627 0.5178983833718245 0.005765199161425576 0.020785219399538105
4 0.26284067085953877 0.5150115473441108 0.008385744234800839 0.023094688221709007
4 0.2672955974842767 0.5127020785219399 0.009433962264150943 0.023094688221709007
4 0.2361111111111111 0.5265588914549654 0.015723270440251572 0.019630484988452657
23 0.4879454926624738 0.4284064665127021 0.00890985324947589 0.012702078521939953
23 0.42950733752620546 0.45092378752886836 0.005241090146750524 0.018475750577367205
4 0.42452830188679247 0.4543879907621247 0.0047169811320754715 0.020785219399538105
23 0.43527253668763105 0.4503464203233256 0.005765199161425576 0.020785219399538105
23 0.1160901467505241 0.5762124711316398 0.00890985324947589 0.013856812933025405
4 0.2080712788259958 0.542147806004619 0.011530398322851153 0.018475750577367205
4 0.97562893081761 0.24595842956120093 0.01519916142557652 0.016166281755196306
23 0.4887316561844864 0.4399538106235566 0.00890985324947589 0.013856812933025405
4 0.23768343815513626 0.542147806004619 0.012054507337526206 0.015011547344110854
4 0.20938155136268344 0.5542725173210161 0.011530398322851153 0.015011547344110854
4 0.875524109014675 0.2967667436489607 0.006813417190775681 0.021939953810623556
23 0.2528825995807128 0.5386836027713626 0.005765199161425576 0.019630484988452657
23 0.25759958071278827 0.5369515011547344 0.006289308176100629 0.02424942263279446
4 0.8812893081761006 0.2956120092378753 0.006813417190775681 0.020785219399538105
23 0.26231656184486374 0.535796766743649 0.006289308176100629 0.020785219399538105
23 0.2730607966457023 0.5317551963048499 0.007861635220125786 0.021939953810623556
23 0.26808176100628933 0.5352193995381063 0.006289308176100629 0.018475750577367205
4 0.24816561844863733 0.5438799076212472 0.006813417190775681 0.023094688221709007
23 0.9785115303983228 0.2603926096997691 0.009958071278825996 0.015011547344110854
23 0.9693396226415094 0.2661662817551963 0.0110062893081761 0.013856812933025405
23 0.2670335429769392 0.5484988452655889 0.011530398322851153 0.015011547344110854
4 0.9530922431865828 0.28290993071593534 0.01310272536687631 0.013856812933025405
4 0.44051362683438156 0.4821016166281755 0.005241090146750524 0.021939953810623556
23 0.2555031446540881 0.5565819861431871 0.010482180293501049 0.015011547344110854
4 0.43448637316561844 0.4913394919168591 0.008385744234800839 0.03233256351039261
23 0.3770964360587002 0.5150115473441108 0.008385744234800839 0.025404157043879907
15 0.19785115303983228 0.5871824480369515 0.03668763102725367 0.1697459584295612
23 0.9533542976939203 0.29445727482678985 0.009958071278825996 0.015011547344110854
4 0.9829664570230608 0.28290993071593534 0.00890985324947589 0.013856812933025405
15 0.17269392033542977 0.5993071593533488 0.033542976939203356 0.1628175519630485
4 0.3660901467505241 0.5294457274826789 0.009958071278825996 0.03233256351039261
23 0.14072327044025157 0.6195150115473441 0.011530398322851153 0.015011547344110854
4 0.29035639412997905 0.5612009237875288 0.009958071278825996 0.028868360277136258
23 0.4473270440251572 0.5005773672055427 0.0041928721174004195 0.020785219399538105
23 0.44287211740041926 0.5034642032332564 0.003668763102725367 0.017321016166281754
4 0.42950733752620546 0.5086605080831409 0.005241090146750524 0.020785219399538105
4 0.41823899371069184 0.5144341801385681 0.0047169811320754715 0.017321016166281754
4 0.9840146750524109 0.2956120092378753 0.010482180293501049 0.012702078521939953
23 0.9538784067085954 0.3071593533487298 0.00890985324947589 0.010392609699769052
23 0.4240041928721174 0.5132794457274826 0.007861635220125786 0.021939953810623556
23 0.82520964360587 0.3596997690531178 0.006289308176100629 0.021939953810623556
4 0.2261530398322851 0.5958429561200924 0.007861635220125786 0.025404157043879907
23 0.13364779874213836 0.6316397228637414 0.008385744234800839 0.023094688221709007
23 0.12683438155136267 0.6368360277136259 0.009958071278825996 0.013856812933025405
23 0.8210167714884696 0.3683602771362587 0.006813417190775681 0.02424942263279446
23 0.9557127882599581 0.3158198614318707 0.0110062893081761 0.010392609699769052
23 0.14229559748427673 0.6327944572748267 0.0110062893081761 0.012702078521939953
4 0.9848008385744235 0.30600461893764436 0.011530398322851153 0.016166281755196306
4 0.379979035639413 0.5444572748267898 0.005241090146750524 0.023094688221709007
15 0.9334381551362684 0.32909930715935337 0.029874213836477988 0.057736720554272515
23 0.21436058700209643 0.6085450346420324 0.0110062893081761 0.012702078521939953
4 0.2945492662473795 0.5785219399538106 0.0110062893081761 0.015011547344110854
23 0.37342767295597484 0.5490762124711316 0.005765199161425576 0.023094688221709007
23 0.4441823899371069 0.5219399538106235 0.006289308176100629 0.018475750577367205
4 0.4386792452830189 0.5248267898383372 0.005765199161425576 0.02424942263279446
23 0.449685534591195 0.5219399538106235 0.006289308176100629 0.018475750577367205
4 0.13233752620545072 0.6483833718244804 0.012578616352201259 0.018475750577367205
23 0.14334381551362682 0.6443418013856813 0.009433962264150943 0.016166281755196306
4 0.22327044025157233 0.6131639722863741 0.007861635220125786 0.025404157043879907
23 0.8294025157232704 0.37933025404157045 0.006289308176100629 0.021939953810623556
23 0.21540880503144655 0.6200923787528868 0.010482180293501049 0.013856812933025405
23 0.12054507337526206 0.6581986143187067 0.006813417190775681 0.019630484988452657
4 0.9549266247379455 0.33371824480369516 0.006289308176100629 0.023094688221709007
4 0.4337002096436059 0.5375288683602771 0.007861635220125786 0.03117782909930716
4 0.42138364779874216 0.5433025404157044 0.0041928721174004195 0.017321016166281754
23 0.4261006289308176 0.5415704387990762 0.005765199161425576 0.017321016166281754
23 0.9764150943396226 0.3348729792147806 0.011530398322851153 0.016166281755196306
4 0.22955974842767296 0.625866050808314 0.005241090146750524 0.018475750577367205
4 0.38259958071278827 0.569284064665127 0.006289308176100629 0.023094688221709007
4 0.7817085953878407 0.4151270207852194 0.012054507337526206 0.03695150115473441
4 0.8162997903563941 0.40300230946882215 0.012054507337526206 0.015011547344110854
23 0.21933962264150944 0.6362586605080831 0.01310272536687631 0.016166281755196306
4 0.7586477987421384 0.42782909930715934 0.010482180293501049 0.015011547344110854
4 0.7670335429769392 0.4266743648960739 0.006813417190775681 0.026558891454965358
4 0.8073899371069182 0.4122401847575058 0.012054507337526206 0.03810623556581986
23 0.42374213836477986 0.5635103926096998 0.006289308176100629 0.019630484988452657
4 0.4281970649895178 0.5617782909930716 0.006813417190775681 0.019630484988452657
15 0.2636268343815514 0.6270207852193995 0.06551362683438156 0.14318706697459585
4 0.7984800838574424 0.42032332563510394 0.006289308176100629 0.02424942263279446
4 0.8548218029350105 0.39838337182448036 0.011530398322851153 0.016166281755196306
23 0.21750524109014674 0.6472286374133949 0.009433962264150943 0.016166281755196306
4 0.22693920335429768 0.6460739030023095 0.009433962264150943 0.013856812933025405
23 0.12185534591194969 0.6905311778290993 0.006289308176100629 0.019630484988452657
15 0.6677148846960168 0.4815242494226328 0.19234800838574423 0.4168591224018476
23 0.21829140461215932 0.6576212471131639 0.0110062893081761 0.015011547344110854
4 0.22877358490566038 0.6558891454965358 0.010482180293501049 0.018475750577367205
23 0.3087002096436059 0.6293302540415704 0.010482180293501049 0.011547344110854504
4 0.1949685534591195 0.6772517321016166 0.010482180293501049 0.012702078521939953
4 0.9824423480083857 0.3712471131639723 0.03249475890985325 0.06351039260969978
23 0.29979035639413 0.6385681293302541 0.009433962264150943 0.013856812933025405
4 0.5812368972746331 0.5306004618937644 0.010482180293501049 0.012702078521939953
4 0.22038784067085954 0.6709006928406467 0.01310272536687631 0.016166281755196306
23 0.22982180293501048 0.668013856812933 0.0110062893081761 0.013856812933025405
23 0.4554507337526205 0.5808314087759815 0.011530398322851153 0.025404157043879907
23 0.445230607966457 0.586027713625866 0.012054507337526206 0.025404157043879907
23 0.31027253668763105 0.6420323325635104 0.009433962264150943 0.011547344110854504
4 0.14832285115303984 0.7061200923787528 0.009433962264150943 0.028868360277136258
23 0.4357966457023061 0.5941108545034642 0.007861635220125786 0.028868360277136258
4 0.1957547169811321 0.6876443418013857 0.008385744234800839 0.010392609699769052
4 0.8684486373165619 0.4284064665127021 0.01310272536687631 0.042725173210161664
23 0.1860587002096436 0.6934180138568129 0.010482180293501049 0.015011547344110854
4 0.9326519916142557 0.4058891454965358 0.0110062893081761 0.015011547344110854
4 0.22143605870020963 0.6830254041570438 0.0110062893081761 0.011547344110854504
23 0.82416142557652 0.4491916859122402 0.0110062893081761 0.012702078521939953
23 0.30057651991614254 0.6535796766743649 0.0110062893081761 0.023094688221709007
23 0.2319182389937107 0.6801385681293303 0.011530398322851153 0.012702078521939953
23 0.17819706498951782 0.7026558891454965 0.006813417190775681 0.019630484988452657
23 0.17374213836477986 0.7055427251732102 0.006813417190775681 0.021939953810623556
4 0.7971698113207547 0.46420323325635104 0.005765199161425576 0.019630484988452657
4 0.18736897274633124 0.7043879907621247 0.009958071278825996 0.015011547344110854
23 0.3021488469601677 0.6622401847575058 0.00890985324947589 0.013856812933025405
4 0.8021488469601677 0.470554272517321 0.005765199161425576 0.015011547344110854
4 0.5838574423480084 0.5635103926096998 0.012054507337526206 0.016166281755196306
4 0.8079140461215933 0.47632794457274824 0.00890985324947589 0.03579676674364896
23 0.18841719077568134 0.7170900692840647 0.0110062893081761 0.011547344110854504
4 0.30372117400419285 0.6737875288683602 0.010482180293501049 0.016166281755196306
15 0.4132599580712788 0.6391454965357968 0.04769392033542977 0.10392609699769054
4 0.22746331236897274 0.7113163972286374 0.0110062893081761 0.011547344110854504
4 0.20780922431865828 0.7188221709006929 0.009433962264150943 0.015011547344110854
23 0.2169811320754717 0.7153579676674365 0.008385744234800839 0.011547344110854504
4 0.9871593291404612 0.4174364896073903 0.013626834381551363 0.03695150115473441
23 0.24030398322851154 0.7072748267898383 0.00890985324947589 0.015011547344110854
23 0.2670335429769392 0.7009237875288684 0.005241090146750524 0.025404157043879907
23 0.2780398322851153 0.6974595842956121 0.006289308176100629 0.020785219399538105
4 0.960167714884696 0.43244803695150114 0.037211740041928724 0.07852193995381063
23 0.28354297693920333 0.6957274826789839 0.005765199161425576 0.023094688221709007
4 0.8168238993710691 0.4896073903002309 0.008385744234800839 0.02424942263279446
4 0.2620545073375262 0.7061200923787528 0.007337526205450734 0.025404157043879907
4 0.2555031446540881 0.710161662817552 0.007337526205450734 0.025404157043879907
23 0.26336477987421386 0.7292147806004619 0.006289308176100629 0.026558891454965358
4 0.2581236897274633 0.7349884526558892 0.00890985324947589 0.028868360277136258
23 0.7914046121593291 0.5288683602771362 0.007337526205450734 0.021939953810623556
23 0.7982180293501048 0.5433025404157044 0.006289308176100629 0.017321016166281754
4 0.9622641509433962 0.49653579676674364 0.0330188679245283 0.05196304849884527
23 0.7803983228511531 0.5739030023094688 0.006813417190775681 0.02424942263279446
23 0.8011006289308176 0.5658198614318707 0.007337526205450734 0.025404157043879907
23 0.77541928721174 0.5762124711316398 0.0047169811320754715 0.019630484988452657
23 0.8105345911949685 0.5623556581986143 0.007337526205450734 0.026558891454965358
23 0.7935010482180294 0.5687066974595842 0.006289308176100629 0.023094688221709007
4 0.7704402515723271 0.5802540415704388 0.006289308176100629 0.021939953810623556
4 0.9939727463312369 0.49480369515011546 0.0110062893081761 0.013856812933025405
4 0.9939727463312369 0.5057736720554272 0.0110062893081761 0.018475750577367205
23 0.7803983228511531 0.598729792147806 0.006289308176100629 0.023094688221709007
4 0.9512578616352201 0.5323325635103926 0.006813417190775681 0.019630484988452657
4 0.7680817610062893 0.6045034642032333 0.005765199161425576 0.021939953810623556
23 0.7984800838574424 0.5929561200923787 0.007337526205450734 0.025404157043879907
23 0.77541928721174 0.6027713625866051 0.006813417190775681 0.021939953810623556
15 0.9116876310272537 0.5513856812933026 0.08490566037735849 0.13279445727482678
4 0.9947589098532494 0.5184757505773672 0.009433962264150943 0.013856812933025405
4 0.9947589098532494 0.5282909930715936 0.009433962264150943 0.017321016166281754
23 0.2830188679245283 0.812933025404157 0.013626834381551363 0.017321016166281754
23 0.7725366876310272 0.6264434180138568 0.00890985324947589 0.012702078521939953
23 0.9530922431865828 0.5571593533487298 0.007337526205450734 0.021939953810623556
4 0.7368972746331237 0.6541570438799076 0.005765199161425576 0.021939953810623556
4 0.7004716981132075 0.6709006928406467 0.006289308176100629 0.019630484988452657
4 0.7211740041928721 0.6628175519630485 0.007337526205450734 0.021939953810623556
4 0.689203354297694 0.6760969976905312 0.007337526205450734 0.019630484988452657
4 0.7274633123689728 0.6616628175519631 0.006289308176100629 0.025404157043879907
4 0.24842767295597484 0.8475750577367206 0.01519916142557652 0.019630484988452657
4 0.6137316561844863 0.7055427251732102 0.006813417190775681 0.023094688221709007
4 0.22064989517819705 0.8596997690531177 0.01781970649895178 0.025404157043879907
4 0.7104297693920335 0.6691685912240185 0.008385744234800839 0.023094688221709007
4 0.6842243186582809 0.6795612009237876 0.006289308176100629 0.023094688221709007
23 0.9546645702306079 0.5744803695150116 0.008385744234800839 0.020785219399538105
23 0.6614255765199162 0.6882217090069284 0.0047169811320754715 0.018475750577367205
23 0.6784591194968553 0.6830254041570438 0.006289308176100629 0.021939953810623556
23 0.6666666666666666 0.687066974595843 0.006289308176100629 0.020785219399538105
23 0.6569706498951782 0.691108545034642 0.005765199161425576 0.019630484988452657
4 0.6467505241090147 0.6963048498845266 0.007337526205450734 0.02424942263279446
4 0.6517295597484277 0.6945727482678984 0.006289308176100629 0.023094688221709007
23 0.6713836477987422 0.6864896073903002 0.005765199161425576 0.02424942263279446
4 0.9840146750524109 0.5750577367205543 0.030922431865828093 0.07390300230946882
4 0.25 0.8620092378752887 0.015723270440251572 0.021939953810623556
4 0.1960167714884696 0.8856812933025404 0.010482180293501049 0.03233256351039261
23 0.679769392033543 0.7032332563510393 0.006813417190775681 0.021939953810623556
4 0.7633647798742138 0.6778290993071594 0.005765199161425576 0.02424942263279446
4 0.7974318658280922 0.6657043879907621 0.006813417190775681 0.023094688221709007
4 0.2518343815513627 0.8775981524249422 0.013626834381551363 0.016166281755196306
23 0.785901467505241 0.6726327944572749 0.011530398322851153 0.015011547344110854
23 0.19627882599580712 0.9076212471131639 0.01310272536687631 0.018475750577367205
4 0.2526205450733753 0.8937644341801386 0.014675052410901468 0.020785219399538105
23 0.960167714884696 0.6224018475750578 0.007861635220125786 0.02424942263279446
15 0.22353249475890985 0.9099307159353349 0.039832285115303984 0.08660508083140878
4 0.7518343815513627 0.7061200923787528 0.0110062893081761 0.011547344110854504
23 0.19732704402515724 0.9214780600461894 0.013626834381551363 0.018475750577367205
4 0.9080188679245284 0.6524249422632794 0.03563941299790356 0.06697459584295612
30 0.9769392033542977 0.6275981524249422 0.02148846960167715 0.03926096997690531
23 0.9973794549266247 0.6195150115473441 0.0041928721174004195 0.02424942263279446
4 0.254979035639413 0.9105080831408776 0.016247379454926623 0.021939953810623556
4 0.19470649895178196 0.9353348729792148 0.012578616352201259 0.016166281755196306
4 0.7531446540880503 0.7182448036951501 0.00890985324947589 0.015011547344110854
15 0.9415618448637316 0.6506928406466512 0.03668763102725367 0.07621247113163972
23 0.9612159329140462 0.6443418013856813 0.005765199161425576 0.018475750577367205
4 0.2555031446540881 0.924364896073903 0.015723270440251572 0.020785219399538105
23 0.9981656184486373 0.6397228637413395 0.002620545073375262 0.023094688221709007
4 0.1960167714884696 0.9566974595842956 0.014150943396226415 0.021939953810623556
4 0.2581236897274633 0.941108545034642 0.015723270440251572 0.021939953810623556
15 0.7861635220125787 0.7361431870669746 0.05870020964360587 0.09930715935334873
23 0.7455450733752621 0.7551963048498845 0.009433962264150943 0.015011547344110854
23 0.7368972746331237 0.766743648960739 0.011530398322851153 0.015011547344110854
4 0.7544549266247379 0.766743648960739 0.007337526205450734 0.018475750577367205
23 0.8784067085953878 0.7199769053117783 0.0110062893081761 0.013856812933025405
4 0.8218029350104822 0.7430715935334873 0.009433962264150943 0.010392609699769052
4 0.7594339622641509 0.7684757505773672 0.006813417190775681 0.026558891454965358
4 0.6488469601677149 0.8175519630484989 0.005765199161425576 0.023094688221709007
4 0.6422955974842768 0.8210161662817552 0.006813417190775681 0.02424942263279446
4 0.5919811320754716 0.8441108545034642 0.006289308176100629 0.023094688221709007
23 0.9588574423480084 0.7015011547344111 0.008385744234800839 0.011547344110854504
4 0.5990566037735849 0.8412240184757506 0.006813417190775681 0.026558891454965358
23 0.8867924528301887 0.73094688221709 0.005765199161425576 0.018475750577367205
23 0.8915094339622641 0.7303695150115473 0.005765199161425576 0.020785219399538105
30 0.8713312368972747 0.74364896073903 0.016247379454926623 0.026558891454965358
23 0.9609538784067087 0.7147806004618937 0.009433962264150943 0.016166281755196306
23 0.9811320754716981 0.7072748267898383 0.0110062893081761 0.016166281755196306
23 0.9916142557651991 0.7032332563510393 0.0110062893081761 0.017321016166281754
4 0.774895178197065 0.7904157043879908 0.01310272536687631 0.020785219399538105
4 0.47562893081761004 0.9081986143187067 0.009433962264150943 0.03348729792147806
23 0.8907232704402516 0.7482678983833718 0.008385744234800839 0.009237875288683603
23 0.5125786163522013 0.8972286374133949 0.006813417190775681 0.023094688221709007
30 0.8584905660377359 0.7627020785219399 0.014675052410901468 0.021939953810623556
4 0.8181341719077568 0.7782909930715936 0.007337526205450734 0.026558891454965358
23 0.48191823899371067 0.9116628175519631 0.006289308176100629 0.023094688221709007
23 0.9268867924528302 0.7384526558891455 0.006289308176100629 0.019630484988452657
23 0.8118448637316562 0.7846420323325635 0.005241090146750524 0.018475750577367205
23 0.8066037735849056 0.7863741339491916 0.006289308176100629 0.019630484988452657
23 0.9035639412997903 0.7488452655889145 0.006289308176100629 0.018475750577367205
23 0.909853249475891 0.7465357967667436 0.006289308176100629 0.018475750577367205
23 0.9365828092243187 0.7361431870669746 0.006289308176100629 0.018475750577367205
23 0.9423480083857443 0.7338337182448037 0.00890985324947589 0.020785219399538105
23 0.3951781970649895 0.9463048498845266 0.007337526205450734 0.020785219399538105
23 0.3839098532494759 0.9520785219399538 0.007861635220125786 0.02424942263279446
23 0.3891509433962264 0.9497690531177829 0.007337526205450734 0.021939953810623556
23 0.9821802935010482 0.7193995381062356 0.012578616352201259 0.015011547344110854
23 0.8991090146750524 0.7517321016166282 0.007861635220125786 0.017321016166281754
4 0.9321278825995807 0.7390300230946882 0.005765199161425576 0.019630484988452657
23 0.4056603773584906 0.9445727482678984 0.008385744234800839 0.021939953810623556
23 0.40068134171907754 0.9468822170900693 0.005241090146750524 0.018475750577367205
23 0.8485324947589099 0.7725173210161663 0.007861635220125786 0.023094688221709007
30 0.960691823899371 0.7303695150115473 0.01519916142557652 0.019630484988452657
23 0.8915094339622641 0.7580831408775982 0.009958071278825996 0.013856812933025405
23 0.8710691823899371 0.7673210161662818 0.009433962264150943 0.013856812933025405
4 0.7908805031446541 0.8042725173210161 0.007337526205450734 0.02771362586605081
4 0.8018867924528302 0.8002309468822171 0.00890985324947589 0.028868360277136258
4 0.7955974842767296 0.8025404157043879 0.006289308176100629 0.023094688221709007
30 0.9944968553459119 0.7292147806004619 0.009958071278825996 0.04041570438799076
4 0.9085429769392034 0.7632794457274826 0.007861635220125786 0.012702078521939953
23 0.8718553459119497 0.7788683602771362 0.007861635220125786 0.012702078521939953
23 0.8873165618448637 0.7725173210161663 0.009433962264150943 0.011547344110854504
23 0.8616352201257862 0.7829099307159353 0.00890985324947589 0.011547344110854504
4 0.8983228511530398 0.7696304849884527 0.00890985324947589 0.010392609699769052
23 0.8524633123689728 0.7886836027713626 0.0110062893081761 0.012702078521939953
23 0.48453878406708595 0.9318706697459584 0.006813417190775681 0.021939953810623556
23 0.5463836477987422 0.9076212471131639 0.006289308176100629 0.021939953810623556
4 0.879979035639413 0.7794457274826789 0.005765199161425576 0.021939953810623556
4 0.9764150943396226 0.7419168591224018 0.005765199161425576 0.019630484988452657
4 0.9714360587002097 0.74364896073903 0.006813417190775681 0.020785219399538105
23 0.5280398322851153 0.9168591224018475 0.007337526205450734 0.021939953810623556
23 0.9868972746331237 0.7390300230946882 0.007337526205450734 0.023094688221709007
23 0.46042976939203356 0.9434180138568129 0.005241090146750524 0.023094688221709007
23 0.9378930817610063 0.7580831408775982 0.005241090146750524 0.017321016166281754
4 0.9819182389937107 0.7419168591224018 0.006813417190775681 0.020785219399538105
4 0.9538784067085954 0.7528868360277137 0.007337526205450734 0.020785219399538105
4 0.9234800838574424 0.7644341801385681 0.006813417190775681 0.019630484988452657
4 0.845125786163522 0.7950346420323325 0.006813417190775681 0.021939953810623556
23 0.9431341719077568 0.7569284064665127 0.005765199161425576 0.019630484988452657
4 0.9488993710691824 0.7546189376443418 0.005241090146750524 0.019630484988452657
23 0.9287211740041929 0.7638568129330254 0.006289308176100629 0.020785219399538105
4 0.9329140461215933 0.7621247113163973 0.006289308176100629 0.020785219399538105
23 0.839622641509434 0.7996535796766744 0.006813417190775681 0.019630484988452657
23 0.8883647798742138 0.7829099307159353 0.009433962264150943 0.013856812933025405
4 0.8729035639412998 0.7904157043879908 0.011530398322851153 0.015011547344110854
4 0.9090670859538784 0.7759815242494227 0.00890985324947589 0.011547344110854504
4 0.8626834381551363 0.7950346420323325 0.009433962264150943 0.012702078521939953
4 0.8988469601677149 0.7811778290993071 0.010482180293501049 0.013856812933025405
23 0.8527253668763103 0.7990762124711316 0.008385744234800839 0.011547344110854504
23 0.4968553459119497 0.941108545034642 0.00890985324947589 0.010392609699769052
23 0.4887316561844864 0.9451501154734411 0.009958071278825996 0.011547344110854504
23 0.5267295597484277 0.9341801385681293 0.0110062893081761 0.016166281755196306
4 0.8210167714884696 0.8325635103926097 0.018343815513626835 0.026558891454965358
7 0.5953878406708596 0.053117782909930716 0.13417190775681342 0.10623556581986143
7 0.4190251572327044 0.9913394919168591 0.06446540880503145 0.015011547344110854