4 0.5278969957081545 0.6012569832402235 0.01072961373390558 0.02094972067039106
4 0.5756437768240343 0.6106843575418994 0.008047210300429184 0.018854748603351956
4 0.5842274678111588 0.6134776536312849 0.01072961373390558 0.01606145251396648
4 0.47880901287553645 0.6009078212290503 0.018776824034334765 0.013966480446927373
4 0.427843347639485 0.6571229050279329 0.049892703862660946 0.07192737430167598
4 0.9678111587982833 0.7618715083798883 0.029506437768240343 0.0467877094972067
30 0.42757510729613735 0.6881983240223464 0.019313304721030045 0.023044692737430168
4 0.947156652360515 0.7667597765363129 0.03594420600858369 0.04259776536312849
4 0.40477467811158796 0.7032122905027933 0.016094420600858368 0.012569832402234637
4 0.4841738197424893 0.7161312849162011 0.028433476394849784 0.034916201117318434
23 0.15799356223175964 0.6749301675977654 0.009656652360515022 0.02094972067039106
23 0.25992489270386265 0.6888966480446927 0.006974248927038627 0.01606145251396648
23 0.16791845493562232 0.6777234636871509 0.008047210300429184 0.020251396648044692
23 0.23283261802575106 0.6895949720670391 0.013948497854077254 0.011871508379888268
23 0.1773068669527897 0.6965782122905028 0.0075107296137339056 0.017458100558659217
23 0.16952789699570817 0.696927374301676 0.008583690987124463 0.01675977653631285
23 0.23363733905579398 0.7063547486033519 0.009120171673819743 0.01675977653631285
23 0.2411480686695279 0.7074022346368715 0.006974248927038627 0.018854748603351956
4 0.9415236051502146 0.8104050279329609 0.014484978540772532 0.013966480446927373
30 0.9586909871244635 0.8170391061452514 0.017703862660944206 0.023044692737430168
23 0.46030042918454933 0.7506983240223464 0.006974248927038627 0.015363128491620111
23 0.45278969957081544 0.7513966480446927 0.009120171673819743 0.018156424581005588
23 0.4353540772532189 0.7517458100558659 0.008047210300429184 0.018156424581005588
23 0.44393776824034337 0.7548882681564246 0.009656652360515022 0.02164804469273743
4 0.3758047210300429 0.755586592178771 0.05257510729613734 0.05935754189944134
4 0.5136802575107297 0.784217877094972 0.008583690987124463 0.014664804469273743
4 0.4498390557939914 0.7754888268156425 0.0075107296137339056 0.018156424581005588
4 0.44206008583690987 0.7751396648044693 0.009120171673819743 0.018854748603351956
4 0.49758583690987124 0.7828212290502793 0.008047210300429184 0.018156424581005588
4 0.5056330472103004 0.7845670391061452 0.0075107296137339056 0.015363128491620111
4 0.4334763948497854 0.7744413407821229 0.01072961373390558 0.02164804469273743
4 0.4581545064377682 0.7779329608938548 0.0101931330472103 0.02164804469273743
4 0.4884656652360515 0.7828212290502793 0.009120171673819743 0.019553072625698324
15 0.971030042918455 0.8512569832402235 0.006974248927038627 0.0223463687150838
30 0.9557403433476395 0.8488128491620112 0.02521459227467811 0.03282122905027933
4 0.38626609442060084 0.7988826815642458 0.023605150214592276 0.025139664804469275
4 0.3500536480686695 0.8058659217877095 0.02575107296137339 0.03212290502793296
4 0.377950643776824 0.8282122905027933 0.028969957081545063 0.03910614525139665
4 0.3417381974248927 0.8358938547486033 0.02575107296137339 0.036312849162011177
15 0.46298283261802575 0.8571927374301676 0.0638412017167382 0.07891061452513966
4 0.3063304721030043 0.8680167597765364 0.02736051502145923 0.037011173184357544
4 0.3707081545064378 0.8791899441340782 0.013412017167381975 0.024441340782122904
15 0.3715128755364807 0.8875698324022346 0.032188841201716736 0.055865921787709494
15 0.33261802575107297 0.8879189944134078 0.028433476394849784 0.0467877094972067
4 0.302843347639485 0.9043296089385475 0.029506437768240343 0.030027932960893854
4 0.4696888412017167 0.9340083798882681 0.008583690987124463 0.018854748603351956
4 0.5083154506437768 0.9392458100558659 0.011266094420600859 0.02094972067039106
4 0.4981223175965665 0.9385474860335196 0.011266094420600859 0.023743016759776536
4 0.4361587982832618 0.9301675977653632 0.01072961373390558 0.025837988826815643
4 0.48900214592274677 0.9381983240223464 0.014484978540772532 0.02164804469273743
4 0.46110515021459225 0.9343575418994413 0.01072961373390558 0.01606145251396648
4 0.5177038626609443 0.9420391061452514 0.012339055793991416 0.025837988826815643
4 0.4793454935622318 0.9368016759776536 0.012339055793991416 0.020251396648044692
4 0.4503755364806867 0.9333100558659218 0.01072961373390558 0.025837988826815643
4 0.41630901287553645 0.9287709497206704 0.01072961373390558 0.024441340782122904
4 0.40665236051502146 0.9273743016759777 0.008047210300429184 0.02164804469273743
4 0.4259656652360515 0.9308659217877095 0.01072961373390558 0.023044692737430168
23 0.3492489270386266 0.9455307262569832 0.009656652360515022 0.018156424581005588
23 0.33503218884120173 0.94518156424581 0.008047210300429184 0.013966480446927373
4 0.5077789699570815 0.9731145251396648 0.03272532188841202 0.052374301675977654
4 0.4678111587982833 0.9804469273743017 0.05150214592274678 0.03770949720670391
4 0.17677038626609443 0.0223463687150838 0.03272532188841202 0.0446927374301676
4 0.11587982832618025 0.018854748603351956 0.02575107296137339 0.03770949720670391
4 0.0903969957081545 0.026187150837988827 0.03701716738197425 0.052374301675977654
23 0.6370708154506438 0.25837988826815644 0.015021459227467811 0.0111731843575419
30 0.6649678111587983 0.26850558659217877 0.018776824034334765 0.02094972067039106
4 0.7111051502145923 0.2915502793296089 0.04184549356223176 0.0691340782122905
4 0.7575107296137339 0.30481843575418993 0.04291845493562232 0.07262569832402235
4 0.3267167381974249 0.2482541899441341 0.050965665236051505 0.0446927374301676
30 0.6630901287553648 0.29678770949720673 0.02521459227467811 0.012569832402234637
23 0.618293991416309 0.29085195530726254 0.006974248927038627 0.013268156424581005
23 0.6284871244635193 0.299231843575419 0.0101931330472103 0.018156424581005588
23 0.6373390557939914 0.3009776536312849 0.008583690987124463 0.020251396648044692
30 0.44957081545064376 0.2838687150837989 0.017167381974248927 0.027932960893854747
4 0.9766630901287554 0.36557262569832405 0.04560085836909871 0.05377094972067039
30 0.6596030042918455 0.3264664804469274 0.018240343347639486 0.025139664804469275
15 0.8986051502145923 0.36557262569832405 0.04130901287553648 0.03770949720670391
4 0.5815450643776824 0.32506983240223464 0.054184549356223174 0.05027932960893855
30 0.44608369098712447 0.30726256983240224 0.0203862660944206 0.0223463687150838
30 0.48068669527896996 0.3121508379888268 0.017703862660944206 0.024441340782122904
4 0.5241416309012875 0.32087988826815644 0.05793991416309013 0.04748603351955307
4 0.9294527896995708 0.37814245810055863 0.01072961373390558 0.019553072625698324
30 0.6397532188841202 0.3463687150837989 0.018776824034334765 0.02653631284916201
30 0.6566523605150214 0.34951117318435754 0.016630901287553648 0.0223463687150838
4 0.9927575107296137 0.4001396648044693 0.013412017167381975 0.05726256983240224
4 0.9053111587982833 0.38966480446927376 0.013412017167381975 0.0111731843575419
4 0.8894849785407726 0.38756983240223464 0.018776824034334765 0.013966480446927373
4 0.5364806866952789 0.35544692737430167 0.0101931330472103 0.02094972067039106
4 0.4782725321888412 0.34951117318435754 0.0101931330472103 0.018854748603351956
4 0.48605150214592274 0.3512569832402235 0.008047210300429184 0.018854748603351956
4 0.5869098712446352 0.3659217877094972 0.015021459227467811 0.013268156424581005
30 0.6590665236051502 0.3791899441340782 0.017703862660944206 0.025139664804469275
30 0.680793991416309 0.39141061452513964 0.019313304721030045 0.023743016759776536
30 0.5040236051502146 0.3973463687150838 0.02092274678111588 0.027932960893854747
30 0.5903969957081545 0.4099162011173184 0.014484978540772532 0.0223463687150838
30 0.48685622317596566 0.39629888268156427 0.01984978540772532 0.02094972067039106
30 0.5203862660944206 0.401536312849162 0.018240343347639486 0.023743016759776536
4 0.44957081545064376 0.42283519553072624 0.0407725321888412 0.052374301675977654
30 0.9828326180257511 0.5247905027932961 0.02092274678111588 0.02653631284916201
4 0.5898605150214592 0.4821927374301676 0.03862660944206009 0.07192737430167598
30 0.9801502145922747 0.547486033519553 0.017703862660944206 0.02653631284916201
4 0.6174892703862661 0.5 0.016094420600858368 0.015363128491620111
4 0.6166845493562232 0.5111731843575419 0.018240343347639486 0.012569832402234637
4 0.6164163090128756 0.5216480446927374 0.013412017167381975 0.011871508379888268
7 0.036212446351931334 0.44553072625698326 0.046137339055793994 0.11033519553072625
4 0.4383047210300429 0.5027932960893855 0.03969957081545064 0.07541899441340782
15 0.5515021459227468 0.5303770949720671 0.08476394849785408 0.11033519553072625
30 0.9758583690987125 0.5988128491620112 0.02628755364806867 0.030027932960893854
4 0.4919527896995708 0.5394553072625698 0.014484978540772532 0.013966480446927373
4 0.6231223175965666 0.5645949720670391 0.009656652360515022 0.025139664804469275
4 0.6043454935622318 0.5628491620111732 0.014484978540772532 0.019553072625698324
4 0.6156115879828327 0.5642458100558659 0.0101931330472103 0.0223463687150838
4 0.490343347639485 0.5534217877094972 0.013948497854077254 0.01047486033519553
30 0.4383047210300429 0.5576117318435754 0.017703862660944206 0.024441340782122904
23 0.2052038626609442 0.5370111731843575 0.005901287553648069 0.015363128491620111
4 0.48900214592274677 0.575768156424581 0.016094420600858368 0.0111731843575419
23 0.19822961373390557 0.5366620111731844 0.008583690987124463 0.01606145251396648
4 0.5013412017167382 0.5956703910614525 0.0101931330472103 0.018854748603351956
4 0.510461373390558 0.598463687150838 0.008583690987124463 0.018854748603351956