7 0.5971030042918455 0.14130434782608695 0.13090128755364808 0.21541501976284586
23 0.9522532188841202 0.44664031620553357 0.0075107296137339056 0.043478260869565216
23 0.9463519313304721 0.44565217391304346 0.004828326180257511 0.045454545454545456
23 0.9404506437768241 0.4426877470355731 0.008047210300429184 0.041501976284584984
30 0.05123390557939914 0.004940711462450593 0.01555793991416309 0.009881422924901186
23 0.07778969957081545 0.012845849802371542 0.015021459227467811 0.025691699604743084
23 0.47263948497854075 0.2124505928853755 0.016630901287553648 0.039525691699604744
23 0.3497854077253219 0.16106719367588934 0.013948497854077254 0.039525691699604744
4 0.5021459227467812 0.25592885375494073 0.01555793991416309 0.06521739130434782
4 0.29238197424892703 0.16304347826086957 0.014484978540772532 0.07905138339920949
4 0.9420600858369099 0.5029644268774703 0.004828326180257511 0.029644268774703556
4 0.1046137339055794 0.07213438735177866 0.009656652360515022 0.025691699604743084
4 0.9460836909871244 0.5098814229249012 0.005901287553648069 0.025691699604743084
4 0.9503755364806867 0.5118577075098815 0.0037553648068669528 0.023715415019762844
30 0.384656652360515 0.22826086956521738 0.03755364806866953 0.16600790513833993
30 0.3232296137339056 0.208498023715415 0.04130901287553648 0.18972332015810275
30 0.440450643776824 0.2737154150197628 0.04774678111587983 0.18379446640316205
4 0.1936695278969957 0.15019762845849802 0.008047210300429184 0.03557312252964427
23 0.9452789699570815 0.5424901185770751 0.017167381974248927 0.04743083003952569
23 0.98068669527897 0.5810276679841897 0.004291845493562232 0.021739130434782608
30 0.25456008583690987 0.20553359683794467 0.013948497854077254 0.045454545454545456
30 0.2384656652360515 0.19861660079051383 0.011266094420600859 0.03557312252964427
23 0.9857832618025751 0.6175889328063241 0.005901287553648069 0.02766798418972332
30 0.8175965665236051 0.5424901185770751 0.03594420600858369 0.14031620553359683
23 0.9621781115879828 0.6235177865612648 0.008047210300429184 0.01383399209486166
4 0.9763948497854077 0.6353754940711462 0.012339055793991416 0.03162055335968379
23 0.9621781115879828 0.6373517786561265 0.008583690987124463 0.017786561264822136
4 0.2518776824034335 0.2717391304347826 0.028433476394849784 0.08498023715415019
23 0.2344420600858369 0.2727272727272727 0.006974248927038627 0.019762845849802372
4 0.953862660944206 0.6472332015810277 0.012875536480686695 0.03557312252964427
4 0.85568669527897 0.6047430830039525 0.012875536480686695 0.06521739130434782
23 0.9793454935622318 0.6699604743083004 0.0101931330472103 0.025691699604743084
23 0.9656652360515021 0.6729249011857708 0.004291845493562232 0.021739130434782608
23 0.98068669527897 0.6926877470355731 0.011266094420600859 0.021739130434782608
23 0.22666309012875535 0.308300395256917 0.006437768240343348 0.03557312252964427
23 0.2494635193133047 0.3241106719367589 0.00536480686695279 0.03162055335968379
23 0.24087982832618027 0.3221343873517787 0.004828326180257511 0.03359683794466403
23 0.9812231759656652 0.7351778656126482 0.013412017167381975 0.04940711462450593
23 0.8004291845493562 0.6492094861660079 0.013412017167381975 0.06719367588932806
30 0.23015021459227467 0.36264822134387353 0.0101931330472103 0.05138339920948617
30 0.24812231759656653 0.3715415019762846 0.011802575107296138 0.05138339920948617
4 0.23927038626609443 0.37648221343873517 0.0075107296137339056 0.045454545454545456
4 0.22156652360515022 0.3715415019762846 0.008583690987124463 0.043478260869565216
30 0.7371244635193133 0.6432806324110671 0.03272532188841202 0.11067193675889328
23 0.9468884120171673 0.7569169960474308 0.005901287553648069 0.015810276679841896
23 0.24034334763948498 0.4189723320158103 0.0037553648068669528 0.029644268774703556
23 0.9707618025751072 0.7974308300395256 0.011802575107296138 0.043478260869565216
23 0.2344420600858369 0.4160079051383399 0.004291845493562232 0.02766798418972332
4 0.7035944206008584 0.6610671936758893 0.01555793991416309 0.07905138339920949
4 0.6209763948497854 0.6205533596837944 0.012875536480686695 0.07905138339920949
15 0.9377682403433476 0.8102766798418972 0.015021459227467811 0.05533596837944664
4 0.42140557939914164 0.5612648221343873 0.05150214592274678 0.19960474308300397
4 0.37043991416309013 0.5424901185770751 0.05954935622317597 0.18972332015810275
30 0.27280042918454933 0.49209486166007904 0.05847639484978541 0.2015810276679842
4 0.31920600858369097 0.5217391304347826 0.045064377682403435 0.20948616600790515
4 0.9310622317596566 0.8428853754940712 0.008047210300429184 0.01383399209486166
15 0.9149678111587983 0.8428853754940712 0.018240343347639486 0.041501976284584984
23 0.7266630901287554 0.7529644268774703 0.008047210300429184 0.045454545454545456
4 0.9294527896995708 0.8596837944664032 0.0075107296137339056 0.023715415019762844
23 0.7355150214592274 0.775691699604743 0.01072961373390558 0.019762845849802372
23 0.7679721030042919 0.7924901185770751 0.011802575107296138 0.03557312252964427
23 0.7910407725321889 0.8102766798418972 0.00536480686695279 0.023715415019762844
23 0.9581545064377682 0.9011857707509882 0.004291845493562232 0.025691699604743084
4 0.9543991416309013 0.9011857707509882 0.004291845493562232 0.02766798418972332
4 0.6464592274678111 0.7470355731225297 0.017167381974248927 0.07707509881422925
15 0.7795064377682404 0.8241106719367589 0.015021459227467811 0.045454545454545456
23 0.802843347639485 0.8389328063241107 0.006974248927038627 0.019762845849802372
30 0.7390021459227468 0.8073122529644269 0.013412017167381975 0.0533596837944664
4 0.7575107296137339 0.8211462450592886 0.013412017167381975 0.05731225296442688
15 0.9179184549356223 0.908102766798419 0.016094420600858368 0.06324110671936758
23 0.23363733905579398 0.5691699604743083 0.013948497854077254 0.029644268774703556
23 0.5270922746781116 0.7272727272727273 0.009120171673819743 0.021739130434782608
23 0.512607296137339 0.7203557312252964 0.009120171673819743 0.019762845849802372
23 0.5469420600858369 0.7480237154150198 0.009120171673819743 0.023715415019762844
4 0.5115343347639485 0.7391304347826086 0.011266094420600859 0.023715415019762844
23 0.526824034334764 0.7470355731225297 0.008047210300429184 0.019762845849802372
4 0.3908261802575107 0.6808300395256917 0.048283261802575105 0.13438735177865613
4 0.39243562231759654 0.6897233201581028 0.05472103004291846 0.1422924901185771
23 0.17489270386266095 0.5849802371541502 0.01072961373390558 0.029644268774703556
23 0.5287017167381974 0.7707509881422925 0.005901287553648069 0.021739130434782608
23 0.5332618025751072 0.7766798418972332 0.008583690987124463 0.019762845849802372
23 0.15665236051502146 0.58399209486166 0.016094420600858368 0.03359683794466403
23 0.5869098712446352 0.808300395256917 0.013948497854077254 0.029644268774703556
23 0.42837982832618027 0.7302371541501976 0.02145922746781116 0.14031620553359683
23 0.5437231759656652 0.7905138339920948 0.011802575107296138 0.03359683794466403
23 0.5118025751072961 0.7855731225296443 0.0075107296137339056 0.019762845849802372
23 0.6003218884120172 0.8389328063241107 0.006974248927038627 0.03162055335968379
15 0.4814914163090129 0.7875494071146245 0.03379828326180258 0.08498023715415019
4 0.5287017167381974 0.8241106719367589 0.006437768240343348 0.043478260869565216
23 0.23068669527896996 0.6699604743083004 0.008583690987124463 0.043478260869565216
4 0.6115879828326181 0.8853754940711462 0.0101931330472103 0.04743083003952569
23 0.5971030042918455 0.8913043478260869 0.006437768240343348 0.03557312252964427
30 0.5753755364806867 0.8843873517786561 0.04184549356223176 0.13438735177865613
4 0.4965128755364807 0.8478260869565217 0.0075107296137339056 0.017786561264822136
4 0.47666309012875535 0.8389328063241107 0.006974248927038627 0.019762845849802372
23 0.4613733905579399 0.8330039525691699 0.01072961373390558 0.023715415019762844
4 0.35568669527896996 0.7786561264822134 0.034334763948497854 0.11462450592885376
30 0.6759656652360515 0.9337944664031621 0.0407725321888412 0.12845849802371542
23 0.20386266094420602 0.7075098814229249 0.006437768240343348 0.039525691699604744
23 0.618293991416309 0.9229249011857708 0.008047210300429184 0.019762845849802372
23 0.20895922746781115 0.7183794466403162 0.00536480686695279 0.03162055335968379
23 0.49624463519313305 0.8695652173913043 0.012339055793991416 0.029644268774703556
23 0.22719957081545064 0.7322134387351779 0.01072961373390558 0.04743083003952569
4 0.48497854077253216 0.8675889328063241 0.005901287553648069 0.03557312252964427
23 0.6030042918454935 0.9367588932806324 0.006437768240343348 0.03359683794466403
23 0.6105150214592274 0.9545454545454546 0.006974248927038627 0.037549407114624504
4 0.38412017167381973 0.8389328063241107 0.048283261802575105 0.17984189723320157
23 0.6150751072961373 0.9624505928853755 0.005901287553648069 0.039525691699604744
4 0.6196351931330472 0.9693675889328063 0.004828326180257511 0.02766798418972332
23 0.651824034334764 0.991106719367589 0.011802575107296138 0.01383399209486166
4 0.009656652360515022 0.6571146245059288 0.019313304721030045 0.18774703557312253
4 0.04774678111587983 0.6788537549407114 0.046137339055793994 0.1956521739130435
23 0.4281115879828326 0.9051383399209486 0.023605150214592276 0.12845849802371542
23 0.4423283261802575 0.91600790513834 0.02145922746781116 0.12055335968379446
7 0.9573497854077253 0.3201581027667984 0.0842274678111588 0.20553359683794467