23 0.3461139896373057 0.015756302521008403 0.015544041450777202 0.01050420168067227
4 0.4005181347150259 0.5288865546218487 0.010362694300518135 0.018907563025210083
23 0.9396373056994819 0.635766806722689 0.008290155440414507 0.016281512605042018
23 0.7551813471502591 0.6160714285714286 0.011917098445595855 0.018907563025210083
23 0.7227979274611399 0.6102941176470589 0.009844559585492229 0.015756302521008403
23 0.7310880829015544 0.6118697478991597 0.010362694300518135 0.015756302521008403
23 0.6906735751295336 0.6047794117647058 0.010880829015544042 0.016281512605042018
23 0.6984455958549223 0.6066176470588235 0.011917098445595855 0.017331932773109245
23 0.7383419689119171 0.6139705882352942 0.012953367875647668 0.016281512605042018
23 0.6668393782383419 0.6013655462184874 0.010362694300518135 0.016281512605042018
23 0.6593264248704663 0.6000525210084033 0.010880829015544042 0.015756302521008403
23 0.6839378238341969 0.604516806722689 0.011917098445595855 0.017857142857142856
23 0.7059585492227979 0.6087184873949579 0.012435233160621761 0.01995798319327731
23 0.6518134715025907 0.5992647058823529 0.010880829015544042 0.01523109243697479
23 0.6748704663212435 0.6034663865546218 0.008290155440414507 0.013130252100840336
4 0.539378238341969 0.5793067226890757 0.01709844559585492 0.012605042016806723
23 0.744300518134715 0.6160714285714286 0.010362694300518135 0.02153361344537815
23 0.7147668393782384 0.6113445378151261 0.007772020725388601 0.01523109243697479
23 0.8598445595854922 0.6383928571428571 0.00932642487046632 0.01523109243697479
23 0.9098445595854923 0.6496848739495799 0.011398963730569948 0.01680672268907563
23 0.927461139896373 0.6528361344537815 0.00932642487046632 0.014180672268907563
4 0.9370466321243524 0.6546743697478992 0.011398963730569948 0.017331932773109245
23 0.5417098445595855 0.5926995798319328 0.00932642487046632 0.014180672268907563
4 0.5329015544041451 0.5916491596638656 0.010362694300518135 0.016281512605042018
4 0.4181347150259067 0.5737920168067226 0.015544041450777202 0.011554621848739496
4 0.49844559585492226 0.5905987394957983 0.01606217616580311 0.013130252100840336
23 0.29196891191709845 0.013918067226890757 0.010362694300518135 0.014705882352941176
23 0.6753886010362694 0.08324579831932773 0.02227979274611399 0.018907563025210083
23 0.2251295336787565 0.003939075630252101 0.012953367875647668 0.007878151260504201
4 0.30259067357512953 0.5995273109243697 0.01606217616580311 0.01207983193277311
23 0.31865284974093266 0.6055672268907563 0.009844559585492229 0.016281512605042018
4 0.32694300518134717 0.6074054621848739 0.009844559585492229 0.01523109243697479
23 0.2095854922279793 0.0034138655462184874 0.01709844559585492 0.006827731092436975
23 0.5419689119170984 0.061186974789915964 0.02072538860103627 0.01838235294117647
23 0.505699481865285 0.055409663865546216 0.02227979274611399 0.01995798319327731
4 0.3 0.616859243697479 0.01709844559585492 0.011554621848739496
23 0.47461139896373056 0.050157563025210086 0.02072538860103627 0.018907563025210083
23 0.9800518134715026 0.1407563025210084 0.008808290155440414 0.016281512605042018
23 0.3927461139896373 0.03623949579831933 0.019689119170984457 0.017857142857142856
23 0.4437823834196891 0.04543067226890756 0.022797927461139896 0.018907563025210083
4 0.972279792746114 0.13996848739495799 0.010362694300518135 0.01523109243697479
4 0.9886010362694301 0.14311974789915966 0.009844559585492229 0.015756302521008403
4 0.9642487046632124 0.13918067226890757 0.009844559585492229 0.017331932773109245
4 0.9373056994818653 0.7439600840336135 0.01709844559585492 0.01207983193277311
4 0.9354922279792746 0.7523634453781513 0.016580310880829015 0.011029411764705883
4 0.06243523316062176 0.601890756302521 0.010880829015544042 0.018907563025210083
4 0.07875647668393783 0.6055672268907563 0.00932642487046632 0.014705882352941176
4 0.10336787564766839 0.6102941176470589 0.011398963730569948 0.015756302521008403
4 0.11113989637305699 0.6121323529411765 0.00932642487046632 0.014705882352941176
23 0.07046632124352331 0.6050420168067226 0.009844559585492229 0.01680672268907563
23 0.054404145077720206 0.6024159663865546 0.010880829015544042 0.016281512605042018
4 0.08730569948186528 0.6084558823529411 0.012435233160621761 0.017331932773109245
4 0.09559585492227979 0.6097689075630253 0.011398963730569948 0.01680672268907563
4 0.9339378238341969 0.7610294117647058 0.015025906735751295 0.01050420168067227
4 0.9323834196891192 0.7683823529411765 0.01606217616580311 0.011554621848739496
15 0.616062176165803 0.7166491596638656 0.12694300518134716 0.13813025210084034
4 0.11917098445595854 0.6313025210084033 0.012435233160621761 0.01680672268907563
4 0.12694300518134716 0.633140756302521 0.010362694300518135 0.015756302521008403
23 0.10854922279792746 0.6299894957983193 0.00932642487046632 0.01523109243697479
23 0.0694300518134715 0.6234243697478992 0.011398963730569948 0.017857142857142856
23 0.061398963730569946 0.6223739495798319 0.010880829015544042 0.015756302521008403
23 0.09248704663212436 0.6278886554621849 0.011398963730569948 0.015756302521008403
23 0.08523316062176166 0.6268382352941176 0.011398963730569948 0.014180672268907563
23 0.0772020725388601 0.6255252100840336 0.011917098445595855 0.015756302521008403
23 0.10129533678756476 0.6315651260504201 0.013989637305699482 0.01838235294117647
4 0.2865284974093264 0.6951155462184874 0.018134715025906734 0.013130252100840336
15 0.21088082901554403 0.6825105042016807 0.06632124352331606 0.1092436974789916
15 0.08186528497409326 0.6735819327731093 0.09119170984455958 0.06985294117647059
23 0.2707253886010363 0.7245273109243697 0.01709844559585492 0.011029411764705883
23 0.2632124352331606 0.7334558823529411 0.016580310880829015 0.011554621848739496
23 0.2616580310880829 0.7426470588235294 0.016580310880829015 0.009453781512605041
23 0.5738341968911918 0.8004201680672269 0.008808290155440414 0.014705882352941176
23 0.5810880829015544 0.801733193277311 0.00932642487046632 0.01680672268907563
23 0.5655440414507772 0.7993697478991597 0.009844559585492229 0.017331932773109245
23 0.5961139896373057 0.8048844537815126 0.009844559585492229 0.015756302521008403
23 0.588860103626943 0.8038340336134454 0.009844559585492229 0.017331932773109245
4 0.6124352331606218 0.8080357142857143 0.008808290155440414 0.016281512605042018
4 0.6033678756476684 0.8069852941176471 0.008808290155440414 0.014705882352941176
4 0.5310880829015544 0.7941176470588235 0.011398963730569948 0.017857142857142856
4 0.5383419689119171 0.7959558823529411 0.008290155440414507 0.014180672268907563
23 0.5468911917098446 0.7983193277310925 0.009844559585492229 0.015756302521008403
23 0.23238341968911916 0.7460609243697479 0.021243523316062177 0.008928571428571428
23 0.20310880829015543 0.7410714285714286 0.03316062176165803 0.01365546218487395
23 0.11606217616580311 0.728203781512605 0.008290155440414507 0.013130252100840336
23 0.04481865284974093 0.7155987394957983 0.008290155440414507 0.014180672268907563
23 0.09948186528497409 0.725577731092437 0.008808290155440414 0.014705882352941176
23 0.06010362694300518 0.71875 0.008808290155440414 0.016281512605042018
23 0.09196891191709844 0.7242647058823529 0.008808290155440414 0.014180672268907563
23 0.05259067357512953 0.717436974789916 0.008290155440414507 0.013130252100840336
23 0.1077720207253886 0.7274159663865546 0.008290155440414507 0.014180672268907563
23 0.02849740932642487 0.7134978991596639 0.007253886010362694 0.01365546218487395
23 0.12409326424870466 0.7305672268907563 0.008290155440414507 0.01207983193277311
23 0.012435233160621761 0.710609243697479 0.006735751295336788 0.01207983193277311
23 0.02072538860103627 0.7121848739495799 0.007253886010362694 0.011554621848739496
23 0.03626943005181347 0.7150735294117647 0.008290155440414507 0.014180672268907563
23 0.07564766839378238 0.7221638655462185 0.008290155440414507 0.011029411764705883
4 0.004922279792746114 0.7095588235294118 0.008808290155440414 0.014705882352941176
23 0.06813471502590673 0.7211134453781513 0.008290155440414507 0.013130252100840336
23 0.08419689119170984 0.7240021008403361 0.007772020725388601 0.013130252100840336
23 0.1738341968911917 0.7413340336134454 0.01709844559585492 0.009978991596638655
23 0.6308290155440415 0.8314075630252101 0.010880829015544042 0.015756302521008403
23 0.6458549222797928 0.8348214285714286 0.009844559585492229 0.016281512605042018
23 0.6230569948186528 0.8308823529411765 0.008290155440414507 0.01365546218487395
23 0.6541450777202072 0.8366596638655462 0.010362694300518135 0.014705882352941176
23 0.6380829015544042 0.8340336134453782 0.010362694300518135 0.014705882352941176
23 0.6158031088082901 0.8300945378151261 0.00932642487046632 0.014705882352941176
23 0.5440414507772021 0.8185399159663865 0.010362694300518135 0.017857142857142856
4 0.5272020725388601 0.8159138655462185 0.00932642487046632 0.017331932773109245
23 0.5344559585492228 0.8174894957983193 0.008290155440414507 0.01523109243697479
23 0.06580310880829016 0.7389705882352942 0.012435233160621761 0.018907563025210083
4 0.09740932642487046 0.7450105042016807 0.010880829015544042 0.017331932773109245
4 0.10518134715025906 0.7465861344537815 0.012435233160621761 0.017857142857142856
4 0.08134715025906736 0.7426470588235294 0.012953367875647668 0.015756302521008403
4 0.08963730569948186 0.7444852941176471 0.012435233160621761 0.01838235294117647
4 0.05621761658031088 0.739233193277311 0.011398963730569948 0.01680672268907563
4 0.12202072538860104 0.7510504201680672 0.011917098445595855 0.016281512605042018
4 0.07435233160621761 0.7426470588235294 0.011917098445595855 0.015756302521008403
4 0.11373056994818653 0.7497373949579832 0.012435233160621761 0.020483193277310924
4 0.5639896373056995 0.8413865546218487 0.008290155440414507 0.01523109243697479
4 0.5800518134715026 0.845063025210084 0.008808290155440414 0.014705882352941176
23 0.5953367875647668 0.8479516806722689 0.011917098445595855 0.01680672268907563
23 0.6033678756476684 0.8495273109243697 0.011398963730569948 0.01680672268907563
23 0.572020725388601 0.8440126050420168 0.008808290155440414 0.01523109243697479
4 0.5873056994818653 0.8471638655462185 0.010880829015544042 0.01680672268907563
23 0.6101036269430051 0.8516281512605042 0.010880829015544042 0.017331932773109245
4 0.5155440414507773 0.8366596638655462 0.009844559585492229 0.014180672268907563
4 0.5308290155440415 0.8395483193277311 0.011398963730569948 0.017331932773109245
4 0.538860103626943 0.8421743697478992 0.010362694300518135 0.016281512605042018
23 0.23160621761658032 0.7928046218487395 0.016580310880829015 0.01050420168067227
23 0.1038860103626943 0.7773109243697479 0.012435233160621761 0.017857142857142856
23 0.07072538860103626 0.7715336134453782 0.012435233160621761 0.01838235294117647
23 0.07901554404145078 0.773109243697479 0.013989637305699482 0.017857142857142856
23 0.08626943005181348 0.774422268907563 0.012953367875647668 0.017331932773109245
23 0.09481865284974093 0.7759978991596639 0.015025906735751295 0.018907563025210083
23 0.06269430051813471 0.7710084033613446 0.011917098445595855 0.017331932773109245
4 0.5308290155440415 0.8600315126050421 0.019689119170984457 0.01523109243697479
4 0.5106217616580311 0.8568802521008403 0.01917098445595855 0.01207983193277311
4 0.5292746113989637 0.8600315126050421 0.01709844559585492 0.011554621848739496
4 0.5424870466321243 0.8626575630252101 0.01917098445595855 0.013130252100840336
4 0.510880829015544 0.8574054621848739 0.01865284974093264 0.011029411764705883
23 0.4329015544041451 0.8469012605042017 0.010362694300518135 0.01523109243697479
4 0.4585492227979275 0.8516281512605042 0.010362694300518135 0.016281512605042018
23 0.40077720207253886 0.8411239495798319 0.008290155440414507 0.01365546218487395
4 0.40906735751295337 0.8426995798319328 0.008290155440414507 0.014705882352941176
23 0.3849740932642487 0.8387605042016807 0.01865284974093264 0.020483193277310924
23 0.4411917098445596 0.8487394957983193 0.010362694300518135 0.017331932773109245
23 0.18186528497409327 0.803046218487395 0.009844559585492229 0.015756302521008403
23 0.3673575129533679 0.8363970588235294 0.008290155440414507 0.014705882352941176
23 0.16968911917098445 0.8025210084033614 0.021761658031088083 0.020483193277310924
4 0.05207253886010363 0.7846638655462185 0.008808290155440414 0.014180672268907563
23 0.15155440414507773 0.8054096638655462 0.014507772020725389 0.01050420168067227
7 0.7049222797927461 0.9028361344537815 0.09274611398963731 0.19327731092436976
7 0.8020725388601037 0.9222689075630253 0.0849740932642487 0.15441176470588236
23 0.8435233160621761 0.9976365546218487 0.010362694300518135 0.003676470588235294
23 0.9932642487046632 0.20824579831932774 0.012435233160621761 0.013130252100840336
23 0.3246113989637306 0.09033613445378151 0.015025906735751295 0.009453781512605041
23 0.32357512953367873 0.09873949579831932 0.01606217616580311 0.008403361344537815
23 0.26476683937823836 0.10110294117647059 0.015025906735751295 0.009453781512605041
23 0.32098445595854924 0.1131827731092437 0.01865284974093264 0.019432773109243698
23 0.28082901554404144 0.10714285714285714 0.019689119170984457 0.02415966386554622
23 0.5041450777202072 0.15099789915966386 0.01709844559585492 0.01207983193277311
23 0.5025906735751295 0.15992647058823528 0.015544041450777202 0.009978991596638655
4 0.5010362694300519 0.16649159663865545 0.015544041450777202 0.008403361344537815
23 0.18341968911917098 0.10976890756302521 0.018134715025906734 0.012605042016806723
23 0.19740932642487047 0.11397058823529412 0.014507772020725389 0.007878151260504201
23 0.3049222797927461 0.13839285714285715 0.015025906735751295 0.011554621848739496
4 0.5012953367875648 0.17410714285714285 0.01709844559585492 0.012605042016806723
23 0.2520725388601036 0.13419117647058823 0.009844559585492229 0.015756302521008403
4 0.26088082901554405 0.13655462184873948 0.009844559585492229 0.01523109243697479
23 0.24430051813471504 0.13445378151260504 0.008808290155440414 0.014180672268907563
23 0.755699481865285 0.22767857142857142 0.008290155440414507 0.014705882352941176
23 0.7468911917098445 0.2266281512605042 0.008808290155440414 0.014180672268907563
4 0.49818652849740935 0.18382352941176472 0.015544041450777202 0.01207983193277311
23 0.49637305699481865 0.19222689075630253 0.015025906735751295 0.009978991596638655
23 0.23419689119170983 0.15546218487394958 0.010362694300518135 0.015756302521008403
23 0.2417098445595855 0.1567752100840336 0.008808290155440414 0.01523109243697479
23 0.17590673575129534 0.15021008403361344 0.016580310880829015 0.01050420168067227
4 0.3170984455958549 0.17857142857142858 0.009844559585492229 0.01365546218487395
23 0.17461139896373057 0.16045168067226892 0.018134715025906734 0.009453781512605041
4 0.4854922279792746 0.22190126050420167 0.016580310880829015 0.012605042016806723
23 0.638860103626943 0.24921218487394958 0.026424870466321245 0.022058823529411766
23 0.6199481865284974 0.24606092436974789 0.011398963730569948 0.017331932773109245
23 0.9137305699481866 0.29989495798319327 0.022797927461139896 0.022584033613445378
23 0.6606217616580311 0.2557773109243697 0.022797927461139896 0.02415966386554622
23 0.6803108808290156 0.25971638655462187 0.020207253886010364 0.020483193277310924
23 0.7028497409326425 0.264968487394958 0.00932642487046632 0.01523109243697479
4 0.6955958549222798 0.26418067226890757 0.008808290155440414 0.01523109243697479
15 0.39896373056994816 0.21192226890756302 0.1766839378238342 0.17436974789915966
7 0.8018134715025906 0.07142857142857142 0.3953367875647668 0.11869747899159663
23 0.19378238341968912 0.2032563025210084 0.009844559585492229 0.016281512605042018
7 0.47849740932642487 0.03125 0.2699481865284974 0.0625
4 0.2676165803108808 0.22216386554621848 0.00932642487046632 0.012605042016806723
4 0.4782383419689119 0.2610294117647059 0.010362694300518135 0.01523109243697479
23 0.28134715025906737 0.23004201680672268 0.009844559585492229 0.015756302521008403
23 0.4694300518134715 0.2980567226890756 0.01865284974093264 0.01838235294117647
15 0.9430051813471503 0.38419117647058826 0.11295336787564766 0.14653361344537816
23 0.8525906735751295 0.36817226890756305 0.020207253886010364 0.023634453781512604
23 0.6979274611398963 0.34112394957983194 0.010880829015544042 0.019432773109243698
23 0.7398963730569948 0.3487394957983193 0.008808290155440414 0.01523109243697479
23 0.7520725388601036 0.35162815126050423 0.010362694300518135 0.017857142857142856
23 0.7613989637305699 0.35346638655462187 0.008290155440414507 0.01523109243697479
4 0.23238341968911916 0.2612920168067227 0.008808290155440414 0.017331932773109245
23 0.2766839378238342 0.27809873949579833 0.007772020725388601 0.015756302521008403
23 0.26813471502590674 0.2770483193277311 0.010362694300518135 0.01680672268907563
4 0.2849740932642487 0.27993697478991597 0.00932642487046632 0.013130252100840336
23 0.8492227979274611 0.3862920168067227 0.019689119170984457 0.01995798319327731
4 0.8062176165803109 0.3789390756302521 0.009844559585492229 0.01523109243697479
23 0.7562176165803108 0.3707983193277311 0.021761658031088083 0.022058823529411766
4 0.3715025906735751 0.3025210084033613 0.01709844559585492 0.01207983193277311
23 0.7911917098445596 0.37762605042016806 0.02072538860103627 0.020483193277310924
23 0.7292746113989638 0.36685924369747897 0.010880829015544042 0.014705882352941176
23 0.8209844559585492 0.38340336134453784 0.02072538860103627 0.018907563025210083
23 0.5976683937823835 0.3440126050420168 0.021761658031088083 0.02100840336134454
23 0.6176165803108808 0.3479516806722689 0.021761658031088083 0.01995798319327731
23 0.6471502590673575 0.35320378151260506 0.022797927461139896 0.02153361344537815
23 0.3059585492227979 0.2933298319327731 0.014507772020725389 0.01050420168067227
23 0.31968911917098447 0.2959558823529412 0.014507772020725389 0.008403361344537815
23 0.3297927461139896 0.3017331932773109 0.009844559585492229 0.017331932773109245
4 0.3699481865284974 0.31066176470588236 0.016580310880829015 0.011554621848739496
4 0.35103626943005184 0.3077731092436975 0.016580310880829015 0.011554621848739496
23 0.4989637305699482 0.33429621848739494 0.01709844559585492 0.013130252100840336
23 0.438860103626943 0.34217436974789917 0.012435233160621761 0.018907563025210083
23 0.9007772020725389 0.4519432773109244 0.009844559585492229 0.01680672268907563
4 0.31088082901554404 0.3550420168067227 0.010362694300518135 0.016281512605042018
4 0.5531088082901554 0.40861344537815125 0.01709844559585492 0.011554621848739496
4 0.12538860103626942 0.33403361344537813 0.01865284974093264 0.01365546218487395
4 0.10880829015544041 0.3319327731092437 0.016580310880829015 0.01365546218487395
23 0.6707253886010363 0.4325105042016807 0.011398963730569948 0.01995798319327731
23 0.6852331606217616 0.43513655462184875 0.010880829015544042 0.01838235294117647
15 0.36865284974093265 0.3805147058823529 0.11606217616580311 0.1323529411764706
23 0.5507772020725389 0.4172794117647059 0.01606217616580311 0.01050420168067227
23 0.6075129533678757 0.4335609243697479 0.021243523316062177 0.022584033613445378
23 0.5484455958549223 0.4269957983193277 0.01606217616580311 0.009978991596638655
4 0.4253886010362694 0.4067752100840336 0.013471502590673576 0.020483193277310924
23 0.7259067357512954 0.46664915966386555 0.00932642487046632 0.014180672268907563
4 0.5487046632124353 0.43618697478991597 0.015544041450777202 0.01050420168067227
23 0.17409326424870467 0.3692226890756303 0.020207253886010364 0.014180672268907563
4 0.12409326424870466 0.36580882352941174 0.01917098445595855 0.012605042016806723
4 0.1432642487046632 0.3692226890756303 0.01917098445595855 0.012605042016806723
4 0.10414507772020726 0.3634453781512605 0.01709844559585492 0.011029411764705883
4 0.17357512953367876 0.3794642857142857 0.01865284974093264 0.009453781512605041
4 0.1950777202072539 0.38392857142857145 0.019689119170984457 0.011029411764705883
4 0.12202072538860104 0.3757878151260504 0.01865284974093264 0.011029411764705883
4 0.1427461139896373 0.3797268907563025 0.015025906735751295 0.009978991596638655
4 0.10259067357512953 0.37263655462184875 0.01606217616580311 0.009453781512605041
4 0.19430051813471502 0.3910189075630252 0.01917098445595855 0.01207983193277311
4 0.17046632124352332 0.389968487394958 0.01606217616580311 0.01050420168067227
4 0.13989637305699482 0.38813025210084034 0.017616580310880828 0.011554621848739496
4 0.10233160621761658 0.38156512605042014 0.015544041450777202 0.008928571428571428
4 0.11994818652849741 0.3860294117647059 0.016580310880829015 0.009978991596638655
23 0.34792746113989637 0.007878151260504201 0.01606217616580311 0.011029411764705883
4 0.1694300518134715 0.39837184873949577 0.015025906735751295 0.008928571428571428
4 0.11839378238341969 0.3941701680672269 0.014507772020725389 0.008928571428571428
4 0.1 0.3915441176470588 0.017616580310880828 0.011554621848739496
23 0.405440414507772 0.4474789915966387 0.02538860103626943 0.01207983193277311
4 0.16865284974093264 0.4051995798319328 0.01865284974093264 0.01050420168067227
4 0.09896373056994819 0.4012605042016807 0.017616580310880828 0.011554621848739496
4 0.16683937823834197 0.41491596638655465 0.01606217616580311 0.009978991596638655
4 0.1927461139896373 0.41964285714285715 0.01606217616580311 0.009978991596638655
4 0.41036269430051814 0.4587710084033613 0.01606217616580311 0.011554621848739496
4 0.1655440414507772 0.42358193277310924 0.017616580310880828 0.011029411764705883
4 0.19015544041450777 0.42804621848739494 0.017616580310880828 0.011554621848739496
4 0.09766839378238341 0.41228991596638653 0.021761658031088083 0.013130252100840336
23 0.8518134715025907 0.5519957983193278 0.00932642487046632 0.017331932773109245
23 0.7417098445595854 0.5365021008403361 0.010880829015544042 0.01680672268907563
23 0.7676165803108809 0.5409663865546218 0.008808290155440414 0.014180672268907563
23 0.7582901554404146 0.5404411764705882 0.00932642487046632 0.017331932773109245
23 0.10854922279792746 0.43592436974789917 0.020207253886010364 0.013130252100840336
23 0.8784974093264248 0.5743172268907563 0.009844559585492229 0.014180672268907563
23 0.8686528497409326 0.5727415966386554 0.010880829015544042 0.019432773109243698
23 0.6898963730569948 0.5430672268907563 0.010362694300518135 0.015756302521008403
4 0.09145077720207254 0.4364495798319328 0.018134715025906734 0.01523109243697479
23 0.6968911917098446 0.5446428571428571 0.009844559585492229 0.014705882352941176
23 0.7132124352331606 0.5475315126050421 0.008808290155440414 0.014180672268907563
23 0.7282383419689119 0.5504201680672269 0.009844559585492229 0.015756302521008403
23 0.7202072538860104 0.5491071428571429 0.008290155440414507 0.014705882352941176
23 0.7569948186528498 0.5559348739495799 0.010880829015544042 0.01523109243697479
23 0.7458549222797928 0.5540966386554622 0.012953367875647668 0.01995798319327731
23 0.7367875647668394 0.5525210084033614 0.010362694300518135 0.016281512605042018
23 0.7663212435233161 0.5577731092436975 0.011398963730569948 0.01523109243697479
23 0.705181347150259 0.5477941176470589 0.010880829015544042 0.018907563025210083
23 0.6803108808290156 0.5438550420168067 0.010362694300518135 0.01523109243697479
4 0.17797927461139895 0.4587710084033613 0.01606217616580311 0.011029411764705883
23 0.12823834196891193 0.45063025210084034 0.018134715025906734 0.011554621848739496
23 0.16036269430051814 0.45982142857142855 0.01865284974093264 0.01050420168067227