4 0.4511802575107296 0.14046121593291405 0.09334763948497854 0.0429769392033543
23 0.778969957081545 0.12421383647798742 0.016094420600858368 0.02620545073375262
23 0.7939914163090128 0.12578616352201258 0.015021459227467811 0.03039832285115304
4 0.11587982832618025 0.2112159329140461 0.015021459227467811 0.031446540880503145
4 0.1298283261802575 0.21069182389937108 0.016094420600858368 0.03249475890985325
4 0.4012875536480687 0.19392033542976939 0.02682403433476395 0.04821802935010482
4 0.5010729613733905 0.18658280922431866 0.02467811158798283 0.04507337526205451
4 0.4388412017167382 0.1949685534591195 0.02467811158798283 0.04821802935010482
4 0.019313304721030045 0.2510482180293501 0.03862660944206009 0.0870020964360587
4 0.06169527896995708 0.2526205450733753 0.016094420600858368 0.025157232704402517
23 0.04721030042918455 0.2583857442348008 0.018240343347639486 0.03459119496855346
4 0.4747854077253219 0.2248427672955975 0.045064377682403435 0.0220125786163522
4 0.8465665236051502 0.19549266247379454 0.02682403433476395 0.051362683438155136
23 0.41416309012875535 0.2510482180293501 0.016094420600858368 0.029350104821802937
4 0.7972103004291845 0.20545073375262055 0.018240343347639486 0.02410901467505241
4 0.8669527896995708 0.19758909853249476 0.016094420600858368 0.03459119496855346
23 0.39967811158798283 0.2557651991614256 0.016094420600858368 0.02620545073375262
23 0.10675965665236052 0.32337526205450734 0.03111587982832618 0.012578616352201259
23 0.10997854077253219 0.3359538784067086 0.02682403433476395 0.013626834381551363
23 0.11158798283261803 0.3490566037735849 0.02682403433476395 0.015723270440251572
23 0.11373390557939914 0.3611111111111111 0.027896995708154508 0.013626834381551363
23 0.11587982832618025 0.3721174004192872 0.02575107296137339 0.010482180293501049
23 0.44527896995708155 0.3380503144654088 0.03111587982832618 0.015723270440251572
15 0.2677038626609442 0.3637316561844864 0.24141630901287553 0.2358490566037736
23 0.11909871244635194 0.38469601677148846 0.02145922746781116 0.012578616352201259
23 0.44742489270386265 0.3490566037735849 0.027896995708154508 0.015723270440251572
15 0.04452789699570815 0.4161425576519916 0.0890557939914163 0.20545073375262055
7 0.9136266094420601 0.3107966457023061 0.0890557939914163 0.129979035639413
23 0.6298283261802575 0.34643605870020966 0.023605150214592276 0.014675052410901468
4 0.8347639484978541 0.32861635220125784 0.048283261802575105 0.02830188679245283
23 0.6142703862660944 0.360062893081761 0.027896995708154508 0.013626834381551363
4 0.6185622317596566 0.3731656184486373 0.027896995708154508 0.015723270440251572
23 0.6614806866952789 0.37945492662473795 0.015021459227467811 0.027253668763102725
23 0.8181330472103004 0.36058700209643607 0.02575107296137339 0.013626834381551363
23 0.6856223175965666 0.37735849056603776 0.016094420600858368 0.025157232704402517
23 0.6754291845493562 0.379979035639413 0.013948497854077254 0.02830188679245283
23 0.4334763948497854 0.4129979035639413 0.027896995708154508 0.01781970649895178
30 0.8535407725321889 0.3658280922431866 0.03755364806866953 0.03249475890985325
23 0.7913090128755365 0.37631027253668764 0.023605150214592276 0.012578616352201259
23 0.8213519313304721 0.37264150943396224 0.02682403433476395 0.015723270440251572
23 0.4356223175965665 0.42924528301886794 0.030042918454935622 0.015723270440251572
23 0.8095493562231759 0.3857442348008386 0.02682403433476395 0.014675052410901468
30 0.7634120171673819 0.3951781970649895 0.043991416309012876 0.03668763102725367
23 0.7886266094420601 0.39832285115303984 0.017167381974248927 0.027253668763102725
23 0.4383047210300429 0.4412997903563941 0.02682403433476395 0.012578616352201259
30 0.7253218884120172 0.4088050314465409 0.033261802575107295 0.03563941299790356
23 0.8159871244635193 0.40408805031446543 0.023605150214592276 0.011530398322851153
30 0.8615879828326181 0.4025157232704403 0.03755364806866953 0.03563941299790356
23 0.8202789699570815 0.41771488469601675 0.02682403433476395 0.015723270440251572
4 0.7510729613733905 0.42924528301886794 0.027896995708154508 0.014675052410901468
23 0.7821888412017167 0.4261006289308176 0.027896995708154508 0.016771488469601678
23 0.7805793991416309 0.43972746331236895 0.02467811158798283 0.010482180293501049
23 0.7542918454935622 0.4460167714884696 0.030042918454935622 0.014675052410901468
15 0.5831545064377682 0.46645702306079667 0.12875536480686695 0.12473794549266247
23 0.8959227467811158 0.43658280922431864 0.033261802575107295 0.018867924528301886
30 0.8395922746781116 0.4439203354297694 0.03648068669527897 0.03459119496855346
23 0.7854077253218884 0.4554507337526205 0.02467811158798283 0.013626834381551363
23 0.8674892703862661 0.4460167714884696 0.018240343347639486 0.025157232704402517
4 0.7542918454935622 0.45964360587002095 0.027896995708154508 0.012578616352201259
23 0.45976394849785407 0.4979035639412998 0.02575107296137339 0.012578616352201259
4 0.7870171673819742 0.4669811320754717 0.02682403433476395 0.015723270440251572
23 0.7575107296137339 0.47064989517819705 0.023605150214592276 0.012578616352201259
23 0.46030042918454933 0.5094339622641509 0.028969957081545063 0.013626834381551363
23 0.7880901287553648 0.47955974842767296 0.023605150214592276 0.010482180293501049
4 0.7591201716738197 0.4837526205450734 0.028969957081545063 0.013626834381551363
4 0.06276824034334764 0.5712788259958071 0.019313304721030045 0.029350104821802937
4 0.04560085836909871 0.5733752620545073 0.019313304721030045 0.02620545073375262
23 0.03165236051502146 0.5754716981132075 0.018240343347639486 0.03039832285115304
23 0.0075107296137339056 0.5786163522012578 0.006437768240343348 0.02410901467505241
4 0.018776824034334765 0.5780922431865828 0.017167381974248927 0.03249475890985325
4 0.7896995708154506 0.4921383647798742 0.028969957081545063 0.013626834381551363
23 0.7591201716738197 0.4968553459119497 0.02467811158798283 0.012578616352201259
23 0.8894849785407726 0.4889937106918239 0.02575107296137339 0.013626834381551363
4 0.7601931330472103 0.5094339622641509 0.027896995708154508 0.012578616352201259
23 0.7929184549356223 0.5057651991614256 0.027896995708154508 0.011530398322851153
23 0.8873390557939914 0.5020964360587002 0.02682403433476395 0.011530398322851153
23 0.7607296137339056 0.5204402515723271 0.02682403433476395 0.013626834381551363
23 0.7939914163090128 0.5183438155136268 0.027896995708154508 0.012578616352201259
23 0.8894849785407726 0.5157232704402516 0.027896995708154508 0.012578616352201259
23 0.8599785407725322 0.5204402515723271 0.022532188841201718 0.012578616352201259
23 0.7956008583690987 0.5303983228511531 0.02682403433476395 0.012578616352201259
23 0.4184549356223176 0.5780922431865828 0.02575107296137339 0.014675052410901468
23 0.7634120171673819 0.5372117400419287 0.02575107296137339 0.014675052410901468
4 0.6534334763948498 0.5518867924528302 0.016094420600858368 0.02830188679245283
23 0.476931330472103 0.5791404612159329 0.016094420600858368 0.025157232704402517
23 0.463519313304721 0.5822851153039832 0.016094420600858368 0.033542976939203356
23 0.7977467811158798 0.5440251572327044 0.02467811158798283 0.014675052410901468
23 0.7677038626609443 0.5482180293501048 0.03111587982832618 0.016771488469601678
4 0.6180257510729614 0.5665618448637316 0.030042918454935622 0.013626834381551363
23 0.41952789699570814 0.5906708595387841 0.02682403433476395 0.014675052410901468
15 0.04667381974248927 0.6367924528301887 0.0740343347639485 0.08280922431865828
4 0.8465665236051502 0.5440251572327044 0.030042918454935622 0.014675052410901468
23 0.7671673819742489 0.5587002096436059 0.02682403433476395 0.012578616352201259
23 0.7993562231759657 0.5560796645702306 0.023605150214592276 0.011530398322851153
4 0.4061158798283262 0.620020964360587 0.03111587982832618 0.014675052410901468
23 0.5697424892703863 0.610587002096436 0.030042918454935622 0.015723270440251572
23 0.8546137339055794 0.5843815513626834 0.028969957081545063 0.015723270440251572
4 0.4130901287553648 0.639412997903564 0.048283261802575105 0.02620545073375262
23 0.569206008583691 0.6236897274633124 0.02682403433476395 0.012578616352201259
4 0.08315450643776824 0.6860587002096437 0.016094420600858368 0.03039832285115304
23 0.31223175965665234 0.6588050314465409 0.016094420600858368 0.029350104821802937
23 0.024141630901287552 0.6944444444444444 0.009656652360515022 0.02620545073375262
23 0.03379828326180258 0.6939203354297694 0.012875536480686695 0.027253668763102725
4 0.04774678111587983 0.6928721174004193 0.012875536480686695 0.02830188679245283
4 0.06598712446351931 0.6923480083857443 0.016094420600858368 0.02830188679245283
15 0.5064377682403434 0.6425576519916143 0.07939914163090128 0.07127882599580712
4 0.8578326180257511 0.6053459119496856 0.02575107296137339 0.014675052410901468
7 0.9560085836909872 0.5969601677148847 0.08583690987124463 0.27358490566037735
23 0.5793991416309013 0.6477987421383647 0.013948497854077254 0.025157232704402517
23 0.25375536480686695 0.6907756813417191 0.016094420600858368 0.027253668763102725
23 0.8900214592274678 0.6215932914046122 0.02682403433476395 0.013626834381551363
15 0.6990343347639485 0.6535639412997903 0.16523605150214593 0.14779874213836477
23 0.8304721030042919 0.6420335429769392 0.016094420600858368 0.02620545073375262
23 0.4340128755364807 0.690251572327044 0.015021459227467811 0.03249475890985325
23 0.8953862660944206 0.6352201257861635 0.02575107296137339 0.014675052410901468
23 0.3803648068669528 0.6970649895178197 0.017167381974248927 0.03039832285115304
23 0.36587982832618027 0.699685534591195 0.017167381974248927 0.033542976939203356
23 0.41952789699570814 0.6933962264150944 0.015021459227467811 0.029350104821802937
23 0.39324034334763946 0.6975890985324947 0.013948497854077254 0.02620545073375262
23 0.4082618025751073 0.6970649895178197 0.011802575107296138 0.02620545073375262
4 0.060085836909871244 0.7463312368972747 0.019313304721030045 0.02830188679245283
4 0.5847639484978541 0.6844863731656184 0.02682403433476395 0.013626834381551363
23 0.8969957081545065 0.6472746331236897 0.027896995708154508 0.015723270440251572
4 0.4898068669527897 0.6975890985324947 0.03111587982832618 0.016771488469601678
23 0.24892703862660945 0.730083857442348 0.027896995708154508 0.011530398322851153
23 0.0895922746781116 0.749475890985325 0.032188841201716736 0.019916142557651992
4 0.8503218884120172 0.6614255765199162 0.027896995708154508 0.01781970649895178
23 0.5879828326180258 0.699685534591195 0.02575107296137339 0.013626834381551363
4 0.44742489270386265 0.720125786163522 0.017167381974248927 0.029350104821802937
4 0.4248927038626609 0.7264150943396226 0.030042918454935622 0.01781970649895178
23 0.5901287553648069 0.7138364779874213 0.027896995708154508 0.014675052410901468
23 0.7966738197424893 0.6960167714884696 0.017167381974248927 0.027253668763102725
4 0.06491416309012875 0.7861635220125787 0.06974248927038626 0.04612159329140461
23 0.5917381974248928 0.7253668763102725 0.028969957081545063 0.011530398322851153
15 0.5316523605150214 0.7416142557651991 0.06974248927038626 0.08385744234800839
4 0.8916309012875536 0.7033542976939203 0.013948497854077254 0.029350104821802937
23 0.5917381974248928 0.739517819706499 0.027896995708154508 0.011530398322851153
4 0.8658798283261803 0.7091194968553459 0.016094420600858368 0.02620545073375262
23 0.8031115879828327 0.7269392033542977 0.015021459227467811 0.02620545073375262
23 0.5938841201716738 0.7520964360587002 0.02575107296137339 0.011530398322851153
23 0.7317596566523605 0.7384696016771488 0.018240343347639486 0.02830188679245283
23 0.7049356223175965 0.7421383647798742 0.016094420600858368 0.02620545073375262
23 0.651824034334764 0.75 0.013948497854077254 0.027253668763102725
23 0.6781115879828327 0.7463312368972747 0.015021459227467811 0.027253668763102725
23 0.6255364806866953 0.7531446540880503 0.011802575107296138 0.023060796645702306
23 0.6394849785407726 0.7515723270440252 0.013948497854077254 0.023060796645702306
23 0.6920600858369099 0.7458071278825996 0.022532188841201718 0.029350104821802937
23 0.7199570815450643 0.7426624737945493 0.017167381974248927 0.029350104821802937
23 0.6646995708154506 0.750524109014675 0.017167381974248927 0.027253668763102725
7 0.6738197424892703 0.04821802935010482 0.34549356223175964 0.09643605870020965
23 0.7451716738197425 0.7452830188679245 0.016094420600858368 0.02830188679245283
23 0.7709227467811158 0.7426624737945493 0.013948497854077254 0.02410901467505241
23 0.7585836909871244 0.7442348008385744 0.011802575107296138 0.02410901467505241
23 0.4747854077253219 0.7856394129979035 0.027896995708154508 0.015723270440251572
23 0.6142703862660944 0.7693920335429769 0.012875536480686695 0.025157232704402517
23 0.601931330472103 0.7714884696016772 0.016094420600858368 0.027253668763102725
23 0.47746781115879827 0.7976939203354297 0.02467811158798283 0.013626834381551363
23 0.723175965665236 0.7714884696016772 0.011802575107296138 0.027253668763102725
23 0.6555793991416309 0.7803983228511531 0.016094420600858368 0.02620545073375262
23 0.6963519313304721 0.7762054507337526 0.015021459227467811 0.02620545073375262
4 0.7092274678111588 0.7751572327044025 0.013948497854077254 0.02830188679245283
23 0.6824034334763949 0.7783018867924528 0.015021459227467811 0.027253668763102725
23 0.7360515021459227 0.7720125786163522 0.016094420600858368 0.02620545073375262
23 0.6292918454935622 0.7851153039832285 0.013948497854077254 0.025157232704402517
23 0.6410944206008584 0.7840670859538784 0.015021459227467811 0.02620545073375262
4 0.6689914163090128 0.7809224318658281 0.016094420600858368 0.027253668763102725
23 0.7494635193133047 0.7725366876310272 0.013948497854077254 0.031446540880503145
23 0.7746781115879828 0.7709643605870021 0.016094420600858368 0.02620545073375262
23 0.7618025751072961 0.7725366876310272 0.015021459227467811 0.025157232704402517
23 0.5944206008583691 0.8029350104821803 0.012875536480686695 0.0220125786163522
23 0.5777896995708155 0.8087002096436059 0.016094420600858368 0.02620545073375262
15 0.3594420600858369 0.8364779874213837 0.1888412017167382 0.18343815513626835
4 0.1861587982832618 0.8836477987421384 0.018240343347639486 0.02830188679245283
23 0.21620171673819744 0.8878406708595388 0.03111587982832618 0.01781970649895178
4 0.76931330472103 0.8296645702306079 0.0203862660944206 0.03249475890985325
15 0.8170600858369099 0.8249475890985325 0.07188841201716738 0.07547169811320754
15 0.7151287553648069 0.8380503144654088 0.07081545064377683 0.07861635220125786
7 0.9635193133047211 0.8076519916142557 0.07081545064377683 0.14360587002096437
7 0.1432403433476395 0.11425576519916142 0.286480686695279 0.1090146750524109
15 0.5396995708154506 0.8621593291404612 0.05793991416309013 0.07547169811320754
4 0.6695278969957081 0.8522012578616353 0.018240343347639486 0.031446540880503145
4 0.5815450643776824 0.8742138364779874 0.016094420600858368 0.027253668763102725
4 0.18401287553648069 0.9266247379454927 0.09763948497854077 0.05450733752620545
4 0.4957081545064378 0.9166666666666666 0.03969957081545064 0.023060796645702306
23 0.5010729613733905 0.9313417190775681 0.03755364806866953 0.015723270440251572
7 0.6491416309012875 0.9659329140461216 0.1555793991416309 0.05555555555555555
4 0.8454935622317596 0.9585953878406709 0.018240343347639486 0.007337526205450734
15 0.7891630901287554 0.9638364779874213 0.07832618025751073 0.01781970649895178