23 0.9434156378600823 0.6937679083094556 0.029835390946502057 0.008595988538681949
15 0.6748971193415638 0.6909025787965616 0.07921810699588477 0.062320916905444126
15 0.426440329218107 0.6926934097421203 0.08333333333333333 0.04154727793696275
15 0.5190329218106996 0.7041547277936963 0.037037037037037035 0.032234957020057305
23 0.9686213991769548 0.7231375358166189 0.024691358024691357 0.007879656160458453
23 0.9398148148148148 0.7238538681948424 0.027777777777777776 0.009312320916905445
4 0.581275720164609 0.7199140401146131 0.0102880658436214 0.0164756446991404
23 0.9038065843621399 0.05193409742120344 0.01646090534979424 0.02148997134670487
15 0.5097736625514403 0.7360315186246418 0.02880658436213992 0.009312320916905445
4 0.1419753086419753 0.7338825214899714 0.013374485596707819 0.0164756446991404
4 0.12705761316872427 0.7353151862464183 0.01440329218106996 0.022206303724928367
4 0.279320987654321 0.7496418338108882 0.15843621399176955 0.10816618911174786
4 0.404320987654321 0.7517908309455588 0.01954732510288066 0.022206303724928367
4 0.8122427983539094 0.054441260744985676 0.027777777777777776 0.009312320916905445
4 0.18106995884773663 0.7643266475644699 0.03189300411522634 0.008595988538681949
4 0.1455761316872428 0.7682664756446992 0.023662551440329218 0.03151862464183381
4 0.12088477366255145 0.7682664756446992 0.02263374485596708 0.03151862464183381
4 0.8863168724279835 0.7815186246418339 0.015432098765432098 0.022922636103151862
4 0.18055555555555555 0.7739971346704871 0.03189300411522634 0.010744985673352435
4 0.18209876543209877 0.7858166189111748 0.03292181069958848 0.010744985673352435
4 0.4140946502057613 0.7936962750716332 0.0360082304526749 0.010744985673352435
4 0.7808641975308642 0.8012177650429799 0.01954732510288066 0.0057306590257879654
23 0.7474279835390947 0.8012177650429799 0.018518518518518517 0.00501432664756447
4 0.8791152263374485 0.8055157593123209 0.01748971193415638 0.008595988538681949
23 0.8179012345679012 0.8047994269340975 0.0205761316872428 0.0064469914040114614
4 0.7469135802469136 0.8069484240687679 0.018518518518518517 0.00501432664756447
23 0.7808641975308642 0.8076647564469914 0.01954732510288066 0.0057306590257879654
23 0.8137860082304527 0.8105300859598854 0.01954732510288066 0.00501432664756447
23 0.8796296296296297 0.8137535816618912 0.018518518518518517 0.004297994269340974
23 0.7803497942386831 0.8133954154727794 0.01954732510288066 0.0057306590257879654
4 0.7474279835390947 0.8133954154727794 0.01954732510288066 0.00501432664756447
23 0.8143004115226338 0.8166189111747851 0.01954732510288066 0.0064469914040114614
15 0.9382716049382716 0.8194842406876791 0.08333333333333333 0.04512893982808023
23 0.8791152263374485 0.8202005730659025 0.02263374485596708 0.007879656160458453
4 0.7469135802469136 0.8194842406876791 0.018518518518518517 0.0057306590257879654
23 0.7803497942386831 0.8198424068767909 0.0205761316872428 0.00501432664756447
23 0.8137860082304527 0.8227077363896849 0.0205761316872428 0.00501432664756447
4 0.7803497942386831 0.8255730659025788 0.021604938271604937 0.00501432664756447
4 0.7474279835390947 0.8259312320916905 0.01954732510288066 0.00501432664756447
23 0.8143004115226338 0.8287965616045845 0.021604938271604937 0.0064469914040114614
15 0.6795267489711934 0.8316618911174785 0.11008230452674897 0.07378223495702006
4 0.8137860082304527 0.8384670487106017 0.01954732510288066 0.00501432664756447
4 0.5195473251028807 0.835243553008596 0.01954732510288066 0.00501432664756447
4 0.5185185185185185 0.8406160458452722 0.018518518518518517 0.004297994269340974
23 0.8143004115226338 0.8456303724928367 0.0205761316872428 0.0057306590257879654
4 0.5185185185185185 0.8459885386819485 0.0205761316872428 0.0057306590257879654
4 0.963477366255144 0.8524355300859598 0.021604938271604937 0.007879656160458453
4 0.8127572016460906 0.8517191977077364 0.01954732510288066 0.0057306590257879654
23 0.9238683127572016 0.8549426934097422 0.01131687242798354 0.019340974212034383
4 0.5185185185185185 0.8527936962750716 0.02263374485596708 0.0071633237822349575
23 0.8148148148148148 0.8578080229226361 0.021604938271604937 0.00501432664756447
15 0.147119341563786 0.8499283667621776 0.027777777777777776 0.03008595988538682
4 0.2788065843621399 0.8578080229226361 0.1419753086419753 0.1010028653295129
23 0.9007201646090535 0.8678366762177651 0.01440329218106996 0.0164756446991404
23 0.8858024691358025 0.8689111747851003 0.013374485596707819 0.020773638968481375
23 0.9624485596707819 0.8868194842406877 0.02263374485596708 0.008595988538681949
4 0.691358024691358 0.8861031518624641 0.018518518518518517 0.02148997134670487
4 0.7417695473251029 0.8882521489971347 0.018518518518518517 0.02363896848137536
4 0.17952674897119342 0.8846704871060171 0.047325102880658436 0.012177650429799427
15 0.11625514403292181 0.8850286532951289 0.044238683127572016 0.02005730659025788
4 0.5627572016460906 0.8918338108882522 0.033950617283950615 0.010744985673352435
23 0.9629629629629629 0.8972063037249284 0.024691358024691357 0.007879656160458453
4 0.9603909465020576 0.06984240687679083 0.027777777777777776 0.010744985673352435
15 0.9099794238683128 0.9036532951289399 0.0668724279835391 0.0336676217765043
23 0.970164609053498 0.9111747851002865 0.013374485596707819 0.0164756446991404
4 0.7093621399176955 0.9212034383954155 0.018518518518518517 0.012177650429799427
4 0.7242798353909465 0.9215616045845272 0.01440329218106996 0.012177650429799427
23 0.9619341563786008 0.9265759312320917 0.026748971193415638 0.01002865329512894
23 0.9120370370370371 0.9312320916905444 0.015432098765432098 0.01862464183381089
23 0.9248971193415638 0.9315902578796562 0.013374485596707819 0.015759312320916905
23 0.9403292181069959 0.9323065902578797 0.01440329218106996 0.01790830945558739
23 0.8966049382716049 0.9326647564469914 0.012345679012345678 0.01790830945558739
23 0.9624485596707819 0.9380372492836676 0.026748971193415638 0.008595988538681949
4 0.9372427983539094 0.9523638968481375 0.01131687242798354 0.0164756446991404
4 0.9243827160493827 0.9534383954154728 0.012345679012345678 0.0164756446991404
4 0.897119341563786 0.9566618911174785 0.01131687242798354 0.01504297994269341
15 0.6440329218106996 0.955945558739255 0.07098765432098765 0.045845272206303724
15 0.24074074074074073 0.951647564469914 0.024691358024691357 0.025071633237822348
15 0.4470164609053498 0.960243553008596 0.030864197530864196 0.011461318051575931
4 0.720164609053498 0.9648997134670487 0.018518518518518517 0.0057306590257879654
4 0.7006172839506173 0.9652578796561605 0.018518518518518517 0.004297994269340974
15 0.18878600823045266 0.9595272206303725 0.018518518518518517 0.014326647564469915
15 0.5771604938271605 0.9677650429799427 0.027777777777777776 0.020773638968481375
23 0.720679012345679 0.9713467048710601 0.01748971193415638 0.00501432664756447
4 0.7016460905349794 0.9717048710601719 0.018518518518518517 0.00501432664756447
23 0.7752057613168725 0.9777936962750716 0.018518518518518517 0.0064469914040114614
23 0.7947530864197531 0.9781518624641834 0.018518518518518517 0.00501432664756447
4 0.7520576131687243 0.9777936962750716 0.021604938271604937 0.0057306590257879654
23 0.720679012345679 0.9777936962750716 0.018518518518518517 0.0064469914040114614
4 0.7021604938271605 0.9777936962750716 0.01748971193415638 0.00501432664756447
23 0.4418724279835391 0.9781518624641834 0.01646090534979424 0.00501432664756447
4 0.7952674897119342 0.9838825214899714 0.01954732510288066 0.0057306590257879654
23 0.7752057613168725 0.9835243553008596 0.018518518518518517 0.004297994269340974
23 0.7515432098765432 0.9838825214899714 0.01954732510288066 0.00501432664756447
23 0.5462962962962963 0.9856733524355301 0.01954732510288066 0.0057306590257879654
4 0.7947530864197531 0.9888968481375359 0.01954732510288066 0.00501432664756447
23 0.7752057613168725 0.9896131805157593 0.018518518518518517 0.0064469914040114614
23 0.7515432098765432 0.9892550143266475 0.018518518518518517 0.00501432664756447
4 0.6702674897119342 0.9888968481375359 0.00720164609053498 0.012893982808022923
23 0.6033950617283951 0.9888968481375359 0.00823045267489712 0.013610315186246419
4 0.5694444444444444 0.9885386819484241 0.0102880658436214 0.012177650429799427
4 0.6270576131687243 0.9892550143266475 0.009259259259259259 0.013610315186246419
4 0.5771604938271605 0.9888968481375359 0.0102880658436214 0.013610315186246419
4 0.5864197530864198 0.9892550143266475 0.009259259259259259 0.013610315186246419
23 0.6121399176954733 0.9896131805157593 0.009259259259259259 0.012893982808022923
4 0.5612139917695473 0.9896131805157593 0.00720164609053498 0.01504297994269341
4 0.5468106995884774 0.9903295128939829 0.021604938271604937 0.0057306590257879654
4 0.5483539094650206 0.9906876790830945 0.02263374485596708 0.0064469914040114614
4 0.7510288065843621 0.9946275071633238 0.021604938271604937 0.00501432664756447
23 0.7752057613168725 0.995702005730659 0.01954732510288066 0.00501432664756447
4 0.9629629629629629 0.08022922636103152 0.027777777777777776 0.010744985673352435
4 0.8204732510288066 0.07951289398280802 0.059670781893004114 0.042263610315186245
23 0.7381687242798354 0.07879656160458452 0.026748971193415638 0.009312320916905445
23 0.5982510288065843 0.07772206303724928 0.03189300411522634 0.009312320916905445
4 0.9192386831275721 0.08202005730659026 0.05864197530864197 0.042263610315186245
4 0.6306584362139918 0.07879656160458452 0.02880658436213992 0.01002865329512894
4 0.7042181069958847 0.07987106017191978 0.03189300411522634 0.01002865329512894
4 0.8770576131687243 0.08416905444126074 0.013374485596707819 0.022206303724928367
4 0.676954732510288 0.08524355300859598 0.01748971193415638 0.024355300859598854
4 0.6584362139917695 0.08524355300859598 0.01748971193415638 0.024355300859598854
23 0.7371399176954733 0.0906160458452722 0.027777777777777776 0.009312320916905445
4 0.7037037037037037 0.0906160458452722 0.03189300411522634 0.008595988538681949
4 0.6306584362139918 0.0906160458452722 0.03189300411522634 0.008595988538681949
23 0.5982510288065843 0.0906160458452722 0.029835390946502057 0.009312320916905445
23 0.9603909465020576 0.10279369627507164 0.021604938271604937 0.0071633237822349575
4 0.7031893004115226 0.10279369627507164 0.030864197530864196 0.01002865329512894
23 0.7376543209876543 0.10315186246418338 0.02880658436213992 0.008595988538681949
4 0.6301440329218106 0.10207736389684814 0.03189300411522634 0.01002865329512894
23 0.5972222222222222 0.10207736389684814 0.029835390946502057 0.009312320916905445
4 0.676954732510288 0.11210601719197708 0.01646090534979424 0.02363896848137536
4 0.6594650205761317 0.11318051575931232 0.018518518518518517 0.022922636103151862
23 0.7361111111111112 0.11461318051575932 0.026748971193415638 0.009312320916905445
4 0.7031893004115226 0.11461318051575932 0.03189300411522634 0.008595988538681949
4 0.6301440329218106 0.11425501432664756 0.03189300411522634 0.01002865329512894
23 0.5977366255144033 0.11425501432664756 0.02880658436213992 0.01002865329512894
4 0.7021604938271605 0.126432664756447 0.033950617283950615 0.01002865329512894
23 0.7371399176954733 0.12714899713467048 0.02880658436213992 0.01002865329512894
4 0.6306584362139918 0.126432664756447 0.03292181069958848 0.01002865329512894
23 0.5972222222222222 0.12607449856733524 0.029835390946502057 0.008595988538681949
4 0.7016460905349794 0.13789398280802292 0.03497942386831276 0.009312320916905445
23 0.7366255144032922 0.13896848137535817 0.027777777777777776 0.01002865329512894
23 0.5972222222222222 0.13753581661891118 0.029835390946502057 0.008595988538681949
4 0.6296296296296297 0.13825214899713467 0.033950617283950615 0.011461318051575931
4 0.6563786008230452 0.14398280802292263 0.01954732510288066 0.02363896848137536
4 0.6754115226337448 0.14434097421203437 0.01748971193415638 0.02363896848137536
4 0.852880658436214 0.14792263610315187 0.07613168724279835 0.05300859598853868
4 0.7037037037037037 0.1497134670487106 0.0360082304526749 0.009312320916905445
4 0.6296296296296297 0.1489971346704871 0.0360082304526749 0.01002865329512894
23 0.5972222222222222 0.1489971346704871 0.029835390946502057 0.007879656160458453
23 0.7371399176954733 0.1511461318051576 0.02880658436213992 0.009312320916905445
23 0.9717078189300411 0.15544412607449856 0.0257201646090535 0.009312320916905445
23 0.9351851851851852 0.15616045845272206 0.013374485596707819 0.007879656160458453
4 0.044753086419753084 0.1518624641833811 0.013374485596707819 0.02005730659025788
4 0.7021604938271605 0.16189111747851004 0.03497942386831276 0.007879656160458453
23 0.5972222222222222 0.16117478510028654 0.030864197530864196 0.01002865329512894
4 0.6296296296296297 0.16189111747851004 0.03497942386831276 0.01002865329512894
23 0.7376543209876543 0.16368194842406877 0.02880658436213992 0.009312320916905445
23 0.9583333333333334 0.18015759312320917 0.02880658436213992 0.032234957020057305
4 0.9146090534979424 0.17979942693409742 0.07407407407407407 0.04011461318051576
4 0.8225308641975309 0.1916189111747851 0.021604938271604937 0.0064469914040114614
4 0.8220164609053497 0.19878223495702005 0.023662551440329218 0.0064469914040114614
23 0.9650205761316872 0.20308022922636104 0.00720164609053498 0.0057306590257879654
23 0.940843621399177 0.2034383954154728 0.00720164609053498 0.0071633237822349575
23 0.9542181069958847 0.20415472779369628 0.009259259259259259 0.0071633237822349575
23 0.9783950617283951 0.20702005730659026 0.0102880658436214 0.015759312320916905
4 0.8220164609053497 0.20630372492836677 0.0257201646090535 0.0071633237822349575
23 0.9660493827160493 0.21095988538681948 0.006172839506172839 0.0071633237822349575
23 0.8215020576131687 0.21525787965616044 0.027777777777777776 0.010744985673352435
23 0.8909465020576132 0.23065902578796563 0.03292181069958848 0.009312320916905445
4 0.8909465020576132 0.24140401146131804 0.03189300411522634 0.009312320916905445
23 0.9218106995884774 0.24212034383954154 0.015432098765432098 0.02005730659025788
4 0.9825102880658436 0.24606017191977078 0.01440329218106996 0.019340974212034383
23 0.8909465020576132 0.251432664756447 0.029835390946502057 0.007879656160458453
4 0.9161522633744856 0.2593123209169054 0.0257201646090535 0.008595988538681949
23 0.5900205761316872 0.2568051575931232 0.024691358024691357 0.009312320916905445
4 0.9511316872427984 0.2628939828080229 0.015432098765432098 0.0336676217765043
4 0.9675925925925926 0.26325214899713467 0.01748971193415638 0.03510028653295129
23 0.8508230452674898 0.26432664756446994 0.01440329218106996 0.02148997134670487
23 0.8652263374485597 0.26575931232091693 0.00823045267489712 0.012893982808022923
23 0.8328189300411523 0.2686246418338109 0.0257201646090535 0.007879656160458453
23 0.8070987654320988 0.2686246418338109 0.027777777777777776 0.01002865329512894
4 0.8353909465020576 0.0071633237822349575 0.02880658436213992 0.0064469914040114614
23 0.7752057613168725 0.2686246418338109 0.027777777777777776 0.01002865329512894
23 0.588477366255144 0.26755014326647564 0.027777777777777776 0.0064469914040114614
4 0.6188271604938271 0.2722063037249284 0.01440329218106996 0.02005730659025788
4 0.9151234567901234 0.2808022922636103 0.0257201646090535 0.03008595988538682
4 0.39300411522633744 0.27435530085959886 0.024691358024691357 0.01002865329512894
4 0.3611111111111111 0.27435530085959886 0.027777777777777776 0.010744985673352435
23 0.6059670781893004 0.28689111747851004 0.00823045267489712 0.014326647564469915
23 0.5946502057613169 0.28724928366762176 0.00823045267489712 0.01504297994269341
4 0.5792181069958847 0.28724928366762176 0.015432098765432098 0.01862464183381089
23 0.5679012345679012 0.28939828080229224 0.00720164609053498 0.01504297994269341
4 0.5540123456790124 0.29011461318051573 0.013374485596707819 0.02005730659025788
4 0.5375514403292181 0.291189111747851 0.01131687242798354 0.01790830945558739
4 0.33487654320987653 0.29369627507163326 0.01440329218106996 0.022206303724928367
4 0.9002057613168725 0.3008595988538682 0.0205761316872428 0.0057306590257879654
23 0.3533950617283951 0.29441260744985676 0.018518518518518517 0.025787965616045846
4 0.5205761316872428 0.29727793696275073 0.021604938271604937 0.012893982808022923
23 0.37448559670781895 0.29727793696275073 0.018518518518518517 0.03151862464183381
23 0.2808641975308642 0.29835243553008595 0.03189300411522634 0.01002865329512894
4 0.63940329218107 0.3044412607449857 0.027777777777777776 0.01002865329512894
4 0.8991769547325102 0.30873925501432664 0.021604938271604937 0.0064469914040114614
23 0.9002057613168725 0.31482808022922637 0.021604938271604937 0.0071633237822349575
4 0.5370370370370371 0.3116045845272206 0.013374485596707819 0.01862464183381089
4 0.5540123456790124 0.3123209169054441 0.01440329218106996 0.02005730659025788
4 0.5210905349794238 0.3123209169054441 0.01954732510288066 0.013610315186246419
23 0.27829218106995884 0.3116045845272206 0.0360082304526749 0.011461318051575931
4 0.04835390946502058 0.3105300859598854 0.033950617283950615 0.04369627507163324
4 0.22993827160493827 0.3130372492836676 0.030864197530864196 0.04512893982808023
4 0.19753086419753085 0.3133954154727794 0.03292181069958848 0.04656160458452722
23 0.9002057613168725 0.3230659025787966 0.018518518518518517 0.0057306590257879654
23 0.31378600823045266 0.31984240687679083 0.015432098765432098 0.02005730659025788
4 0.4017489711934156 0.3237822349570201 0.013374485596707819 0.01862464183381089
4 0.5200617283950617 0.32736389684813755 0.018518518518518517 0.014326647564469915
4 0.27829218106995884 0.3255730659025788 0.03292181069958848 0.007879656160458453
4 0.543724279835391 0.32987106017191975 0.02263374485596708 0.012177650429799427
23 0.17335390946502058 0.333810888252149 0.015432098765432098 0.02005730659025788
23 0.15792181069958847 0.33416905444126077 0.013374485596707819 0.02005730659025788
23 0.14248971193415638 0.33416905444126077 0.015432098765432098 0.02148997134670487
23 0.2736625514403292 0.33775071633237824 0.024691358024691357 0.007879656160458453
23 0.30606995884773663 0.33954154727793695 0.03189300411522634 0.009312320916905445
4 0.6481481481481481 0.3438395415472779 0.012345679012345678 0.01862464183381089
4 0.5447530864197531 0.3431232091690544 0.01954732510288066 0.017191977077363897
4 0.5200617283950617 0.3438395415472779 0.01954732510288066 0.019340974212034383
23 0.3472222222222222 0.35064469914040114 0.024691358024691357 0.007879656160458453
4 0.23251028806584362 0.35064469914040114 0.01646090534979424 0.020773638968481375
4 0.30246913580246915 0.3517191977077364 0.03497942386831276 0.011461318051575931
4 0.20267489711934156 0.35207736389684813 0.013374485596707819 0.019340974212034383
23 0.2175925925925926 0.35207736389684813 0.015432098765432098 0.019340974212034383
4 0.5205761316872428 0.3621060171919771 0.026748971193415638 0.01504297994269341
4 0.6481481481481481 0.3642550143266476 0.012345679012345678 0.0164756446991404
23 0.30349794238683125 0.3621060171919771 0.021604938271604937 0.0064469914040114614
4 0.28600823045267487 0.36998567335243554 0.02880658436213992 0.008595988538681949
23 0.2854938271604938 0.38001432664756446 0.027777777777777776 0.010744985673352435
23 0.9002057613168725 0.3946991404011461 0.024691358024691357 0.0071633237822349575
23 0.6208847736625515 0.3943409742120344 0.029835390946502057 0.012177650429799427
23 0.32253086419753085 0.3914756446991404 0.01646090534979424 0.02005730659025788
23 0.2854938271604938 0.39255014326647564 0.02880658436213992 0.01002865329512894
23 0.8996913580246914 0.40222063037249284 0.0257201646090535 0.0057306590257879654
23 0.9007201646090535 0.40902578796561606 0.027777777777777776 0.0064469914040114614
4 0.6275720164609053 0.4068767908309456 0.01954732510288066 0.0064469914040114614
23 0.2854938271604938 0.4036532951289398 0.029835390946502057 0.010744985673352435
23 0.8575102880658436 0.019340974212034383 0.044238683127572016 0.01504297994269341
23 0.6039094650205762 0.40974212034383956 0.00720164609053498 0.013610315186246419
23 0.9002057613168725 0.4154727793696275 0.029835390946502057 0.0064469914040114614
23 0.6224279835390947 0.414756446991404 0.021604938271604937 0.0057306590257879654
23 0.5354938271604939 0.414756446991404 0.02880658436213992 0.024355300859598854
23 0.8991769547325102 0.42263610315186245 0.029835390946502057 0.0071633237822349575
23 0.28600823045267487 0.4169054441260745 0.02880658436213992 0.010744985673352435
23 0.8996913580246914 0.43015759312320917 0.029835390946502057 0.007879656160458453
23 0.6229423868312757 0.4287249283667622 0.02263374485596708 0.004297994269340974
4 0.2854938271604938 0.4276504297994269 0.02880658436213992 0.010744985673352435
23 0.32664609053497945 0.4340974212034384 0.0102880658436214 0.014326647564469915
23 0.8996913580246914 0.44340974212034384 0.01131687242798354 0.01790830945558739
23 0.8405349794238683 0.44340974212034384 0.00823045267489712 0.017191977077363897
23 0.8899176954732511 0.4444842406876791 0.00823045267489712 0.01862464183381089
23 0.8796296296296297 0.4444842406876791 0.0102880658436214 0.01790830945558739
23 0.8688271604938271 0.4444842406876791 0.0102880658436214 0.0164756446991404
4 0.2854938271604938 0.4373209169054441 0.02880658436213992 0.008595988538681949
23 0.8060699588477366 0.44376790830945556 0.009259259259259259 0.01790830945558739
23 0.86059670781893 0.4444842406876791 0.00720164609053498 0.01790830945558739
23 0.816358024691358 0.44412607449856734 0.0102880658436214 0.01862464183381089
23 0.7458847736625515 0.44376790830945556 0.009259259259259259 0.015759312320916905
23 0.7556584362139918 0.44412607449856734 0.009259259259259259 0.017191977077363897
23 0.786522633744856 0.4444842406876791 0.009259259259259259 0.01790830945558739
23 0.7664609053497943 0.4444842406876791 0.0102880658436214 0.0164756446991404
23 0.7762345679012346 0.44484240687679083 0.009259259259259259 0.017191977077363897
4 0.6625514403292181 0.44340974212034384 0.00823045267489712 0.01504297994269341
23 0.6939300411522634 0.44484240687679083 0.009259259259259259 0.014326647564469915
23 0.9521604938271605 0.4480659025787966 0.024691358024691357 0.007879656160458453
4 0.6718106995884774 0.44484240687679083 0.00823045267489712 0.017191977077363897
4 0.6810699588477366 0.4452005730659026 0.00823045267489712 0.0164756446991404
4 0.7052469135802469 0.4455587392550143 0.01131687242798354 0.015759312320916905
15 0.4218106995884774 0.4469914040114613 0.17078189300411523 0.1489971346704871
23 0.9243827160493827 0.45415472779369626 0.01646090534979424 0.00501432664756447
23 0.2854938271604938 0.4487822349570201 0.029835390946502057 0.008595988538681949
23 0.2839506172839506 0.461676217765043 0.030864197530864196 0.010744985673352435
23 0.8631687242798354 0.47277936962750716 0.0102880658436214 0.015759312320916905
23 0.9074074074074074 0.47349570200573066 0.00823045267489712 0.014326647564469915
23 0.7824074074074074 0.47206303724928367 0.012345679012345678 0.013610315186246419
23 0.8858024691358025 0.47349570200573066 0.0102880658436214 0.014326647564469915
23 0.7705761316872428 0.47206303724928367 0.00823045267489712 0.01504297994269341
23 0.8755144032921811 0.47349570200573066 0.00823045267489712 0.01504297994269341
23 0.8441358024691358 0.47313753581661894 0.00823045267489712 0.017191977077363897
23 0.793724279835391 0.47242120343839544 0.01131687242798354 0.013610315186246419
23 0.815843621399177 0.47313753581661894 0.013374485596707819 0.014326647564469915
23 0.8045267489711934 0.47313753581661894 0.012345679012345678 0.01504297994269341
23 0.852366255144033 0.4745702005730659 0.009259259259259259 0.015759312320916905
4 0.5277777777777778 0.4760028653295129 0.029835390946502057 0.008595988538681949
4 0.3230452674897119 0.47636103151862463 0.01131687242798354 0.01862464183381089
4 0.28343621399176955 0.4767191977077364 0.03189300411522634 0.01002865329512894
23 0.8868312757201646 0.4906876790830946 0.00823045267489712 0.013610315186246419
23 0.2844650205761317 0.4878223495702006 0.029835390946502057 0.010744985673352435
23 0.2839506172839506 0.5021489971346705 0.029835390946502057 0.009312320916905445
4 0.6558641975308642 0.5143266475644699 0.0823045267489712 0.06160458452722063
23 0.2839506172839506 0.5118194842406877 0.02880658436213992 0.009312320916905445
4 0.3487654320987654 0.5164756446991404 0.01646090534979424 0.01790830945558739
23 0.28497942386831276 0.5218481375358166 0.029835390946502057 0.01002865329512894
4 0.9135802469135802 0.5308022922636103 0.015432098765432098 0.02005730659025788
4 0.41872427983539096 0.5333094555873925 0.0360082304526749 0.01002865329512894
4 0.2839506172839506 0.5322349570200573 0.029835390946502057 0.008595988538681949
23 0.3549382716049383 0.542621776504298 0.03497942386831276 0.014326647564469915
23 0.2839506172839506 0.542621776504298 0.03189300411522634 0.010744985673352435
15 0.7978395061728395 0.5583810888252149 0.205761316872428 0.07951289398280802
23 0.2844650205761317 0.5558739255014327 0.02880658436213992 0.008595988538681949
4 0.5421810699588477 0.5594555873925502 0.023662551440329218 0.01504297994269341
4 0.3549382716049383 0.5573065902578797 0.03497942386831276 0.011461318051575931
4 0.5637860082304527 0.5598137535816619 0.02263374485596708 0.01504297994269341
4 0.6610082304526749 0.5623209169054442 0.01646090534979424 0.019340974212034383
4 0.2829218106995885 0.5655444126074498 0.02880658436213992 0.01002865329512894
23 0.2839506172839506 0.5762893982808023 0.03189300411522634 0.010744985673352435
4 0.42849794238683125 0.5877507163323782 0.10390946502057613 0.07020057306590258
23 0.28343621399176955 0.5902578796561605 0.030864197530864196 0.011461318051575931
4 0.8328189300411523 0.6070916905444126 0.0257201646090535 0.010744985673352435
4 0.28343621399176955 0.6006446991404012 0.030864197530864196 0.0071633237822349575
4 0.7654320987654321 0.6081661891117478 0.023662551440329218 0.007879656160458453
4 0.7901234567901234 0.6095988538681948 0.009259259259259259 0.015759312320916905
23 0.9387860082304527 0.6113896848137536 0.013374485596707819 0.01790830945558739
4 0.2844650205761317 0.6095988538681948 0.030864197530864196 0.008595988538681949
23 0.8662551440329218 0.6203438395415473 0.013374485596707819 0.017191977077363897
23 0.2844650205761317 0.6203438395415473 0.027777777777777776 0.01002865329512894
4 0.8261316872427984 0.6396848137535817 0.0257201646090535 0.01002865329512894
23 0.2839506172839506 0.6332378223495702 0.03189300411522634 0.010744985673352435
23 0.8569958847736625 0.04262177650429799 0.043209876543209874 0.01504297994269341
4 0.41203703703703703 0.6479226361031518 0.04526748971193416 0.0164756446991404
4 0.4444444444444444 0.6493553008595988 0.013374485596707819 0.019340974212034383
4 0.8132716049382716 0.04369627507163324 0.027777777777777776 0.009312320916905445
23 0.20113168724279834 0.6500716332378224 0.0102880658436214 0.019340974212034383
23 0.22839506172839505 0.6511461318051576 0.01131687242798354 0.01862464183381089
23 0.21450617283950618 0.6511461318051576 0.01440329218106996 0.02005730659025788
4 0.26954732510288065 0.6525787965616046 0.06378600823045268 0.02148997134670487
4 0.2674897119341564 0.6740687679083095 0.06584362139917696 0.02005730659025788
23 0.22890946502057613 0.6737106017191977 0.015432098765432098 0.01862464183381089
23 0.21450617283950618 0.6747851002865329 0.013374485596707819 0.02005730659025788
23 0.19907407407407407 0.6751432664756447 0.015432098765432098 0.020773638968481375
15 0.815843621399177 0.6840974212034384 0.18106995884773663 0.07879656160458452