4 0.3342992623814542 0.9538934426229508 0.030558482613277135 0.0706967213114754
4 0.20679662802950474 0.9641393442622951 0.0273972602739726 0.03278688524590164
4 0.24789251844046364 0.9656762295081968 0.02528977871443625 0.03483606557377049
4 0.10932560590094836 0.055327868852459015 0.029504741833508957 0.05430327868852459
4 0.15806111696522657 0.07172131147540983 0.045310853530031614 0.11577868852459017
23 0.1862486828240253 0.08811475409836066 0.016332982086406742 0.045081967213114756
4 0.010010537407797681 0.13422131147540983 0.008429926238145416 0.0625
4 0.11090621707060064 0.14856557377049182 0.0321390937829294 0.06352459016393443
4 0.17702845100105374 0.29047131147540983 0.030031612223393046 0.05430327868852459
23 0.06243414120126449 0.29815573770491804 0.011591148577449948 0.060450819672131145
23 0.07349841938883035 0.29866803278688525 0.013171759747102213 0.05635245901639344
4 0.17123287671232876 0.3432377049180328 0.0273972602739726 0.05327868852459016
4 0.11564805057955743 0.00973360655737705 0.033192834562697573 0.0194672131147541
23 0.09984193888303478 0.38780737704918034 0.022655426765015807 0.02971311475409836
4 0.6143308746048473 0.44415983606557374 0.03898840885142255 0.06147540983606557
23 0.09931506849315068 0.4113729508196721 0.02476290832455216 0.02663934426229508
4 0.5692834562697576 0.461577868852459 0.02528977871443625 0.05737704918032787
23 0.09799789251844046 0.43186475409836067 0.02054794520547945 0.02663934426229508
4 0.464172813487882 0.5025614754098361 0.0273972602739726 0.05122950819672131
23 0.17281348788198103 0.5251024590163934 0.03108535300316122 0.03790983606557377
23 0.5792939936775553 0.045081967213114756 0.026343519494204427 0.04918032786885246
4 0.23840885142255006 0.6224385245901639 0.05637513171759747 0.07684426229508197
23 0.16570073761854584 0.6741803278688525 0.01791359325605901 0.05122950819672131
23 0.1053740779768177 0.6885245901639344 0.023182297154899896 0.03483606557377049
23 0.1124868282402529 0.711577868852459 0.02160168598524763 0.0235655737704918
23 0.8411485774499473 0.7658811475409836 0.020021074815595362 0.050204918032786885
4 0.34826132771338253 0.8227459016393442 0.03371970495258166 0.08913934426229508
4 0.20258166491043203 0.8212090163934426 0.025816649104320338 0.05122950819672131
23 0.0273972602739726 0.8114754098360656 0.022128556375131718 0.027663934426229508
4 0.23445732349841938 0.8488729508196722 0.030031612223393046 0.06454918032786885