23 0.5698529411764706 0.041482300884955754 0.022794117647058822 0.018805309734513276
23 0.63125 0.08019911504424779 0.016176470588235296 0.015486725663716814
4 0.5602941176470588 0.056969026548672565 0.026470588235294117 0.024336283185840708
23 0.674264705882353 0.10398230088495575 0.013235294117647059 0.032079646017699116
23 0.6272058823529412 0.09292035398230089 0.01764705882352941 0.01327433628318584
4 0.9577205882352942 0.2140486725663717 0.025735294117647058 0.024336283185840708
15 0.5025735294117647 0.05807522123893805 0.060294117647058824 0.09070796460176991
23 0.6253676470588235 0.10398230088495575 0.01764705882352941 0.015486725663716814
15 0.5944852941176471 0.09513274336283185 0.058823529411764705 0.08738938053097345
4 0.30661764705882355 0.009402654867256638 0.014705882352941176 0.018805309734513276
15 0.3209558823529412 0.01327433628318584 0.019852941176470587 0.02654867256637168
23 0.26875 0.00497787610619469 0.013970588235294118 0.00995575221238938
23 0.2580882352941177 0.00331858407079646 0.011764705882352941 0.00663716814159292
23 0.2922794117647059 0.008296460176991151 0.0125 0.016592920353982302
23 0.17573529411764705 0.00331858407079646 0.013235294117647059 0.00663716814159292
4 0.4488970588235294 0.10730088495575221 0.010294117647058823 0.022123893805309734
4 0.13308823529411765 0.006084070796460177 0.03235294117647059 0.012168141592920354
4 0.13198529411764706 0.018805309734513276 0.03455882352941177 0.029867256637168143
23 0.44485294117647056 0.13163716814159293 0.009558823529411765 0.024336283185840708
4 0.45698529411764705 0.1426991150442478 0.01838235294117647 0.018805309734513276
23 0.3 0.08849557522123894 0.01764705882352941 0.016592920353982302
4 0.4213235294117647 0.13938053097345132 0.01911764705882353 0.014380530973451327
4 0.705514705882353 0.24502212389380532 0.013970588235294118 0.033185840707964605
23 0.41948529411764707 0.1515486725663717 0.01911764705882353 0.015486725663716814
23 0.606985294117647 0.2217920353982301 0.021323529411764706 0.01991150442477876
23 0.44632352941176473 0.18086283185840707 0.015441176470588236 0.015486725663716814
23 0.6055147058823529 0.2372787610619469 0.01838235294117647 0.015486725663716814
23 0.8411764705882353 0.3202433628318584 0.023529411764705882 0.025442477876106196
23 0.7345588235294118 0.28373893805309736 0.027941176470588237 0.029867256637168143
23 0.6036764705882353 0.24668141592920353 0.016911764705882352 0.014380530973451327
4 0.6871323529411765 0.27654867256637167 0.01764705882352941 0.015486725663716814
4 0.7922794117647058 0.314712389380531 0.019852941176470587 0.015486725663716814
23 0.43823529411764706 0.19856194690265486 0.011764705882352941 0.024336283185840708
23 0.4474264705882353 0.20243362831858408 0.009558823529411765 0.025442477876106196
23 0.6856617647058824 0.288716814159292 0.015441176470588236 0.011061946902654867
23 0.6022058823529411 0.2594026548672566 0.01838235294117647 0.015486725663716814
23 0.7897058823529411 0.32632743362831856 0.016176470588235296 0.01327433628318584
23 0.5996323529411764 0.27101769911504425 0.020588235294117647 0.017699115044247787
23 0.7830882352941176 0.34126106194690264 0.025735294117647058 0.02765486725663717
23 0.6783088235294118 0.30586283185840707 0.026470588235294117 0.025442477876106196
23 0.5966911764705882 0.28207964601769914 0.016911764705882352 0.01327433628318584
15 0.7139705882352941 0.3346238938053097 0.04926470588235294 0.084070796460177
23 0.59375 0.29314159292035397 0.01838235294117647 0.015486725663716814
15 0.8169117647058823 0.3733407079646018 0.04852941176470588 0.08960176991150443
4 0.054044117647058826 0.1084070796460177 0.016911764705882352 0.025442477876106196
4 0.7474264705882353 0.3495575221238938 0.023529411764705882 0.018805309734513276
4 0.8540441176470588 0.38716814159292035 0.026470588235294117 0.028761061946902654
23 0.08235294117647059 0.12831858407079647 0.0125 0.02654867256637168
23 0.10772058823529412 0.13716814159292035 0.010294117647058823 0.023230088495575223
23 0.11544117647058824 0.13993362831858408 0.008823529411764706 0.022123893805309734
23 0.09227941176470589 0.13219026548672566 0.011764705882352941 0.028761061946902654
23 0.5908088235294118 0.30586283185840707 0.016176470588235296 0.015486725663716814
15 0.5161764705882353 0.2831858407079646 0.15735294117647058 0.23893805309734514
4 0.6768382352941177 0.3407079646017699 0.01911764705882353 0.03982300884955752
4 0.7827205882352941 0.37776548672566373 0.016911764705882352 0.04424778761061947
15 0.2485294117647059 0.19358407079646017 0.11176470588235295 0.24225663716814158
15 0.34044117647058825 0.22621681415929204 0.11176470588235295 0.24004424778761063
23 0.04632352941176471 0.12831858407079647 0.0058823529411764705 0.01327433628318584
23 0.5908088235294118 0.32079646017699115 0.01838235294117647 0.014380530973451327
23 0.7474264705882353 0.377212389380531 0.025 0.02654867256637168
23 0.8536764705882353 0.4153761061946903 0.023529411764705882 0.025442477876106196
23 0.5875 0.3329646017699115 0.01838235294117647 0.015486725663716814
23 0.7459558823529412 0.39435840707964603 0.021323529411764706 0.022123893805309734
4 0.6702205882352941 0.37057522123893805 0.033823529411764704 0.025442477876106196
4 0.7768382352941177 0.4081858407079646 0.03161764705882353 0.02654867256637168
23 0.8511029411764706 0.43418141592920356 0.02426470588235294 0.023230088495575223
23 0.8272058823529411 0.4264380530973451 0.025735294117647058 0.024336283185840708
23 0.7209558823529412 0.39048672566371684 0.02426470588235294 0.025442477876106196
23 0.052941176470588235 0.16426991150442477 0.014705882352941176 0.030973451327433628
4 0.041176470588235294 0.16150442477876106 0.007352941176470588 0.02101769911504425
15 0.08639705882352941 0.17975663716814158 0.04926470588235294 0.08075221238938053
23 0.799264705882353 0.4358407079646018 0.020588235294117647 0.017699115044247787
23 0.6948529411764706 0.39988938053097345 0.022058823529411766 0.01991150442477876
23 0.7169117647058824 0.40763274336283184 0.019852941176470587 0.018805309734513276
23 0.8224264705882353 0.4452433628318584 0.020588235294117647 0.018805309734513276
23 0.6698529411764705 0.40873893805309736 0.015441176470588236 0.03650442477876106
23 0.6566176470588235 0.40486725663716816 0.014705882352941176 0.032079646017699116
23 0.7738970588235294 0.44579646017699115 0.014705882352941176 0.034292035398230086
23 0.7621323529411764 0.4424778761061947 0.013235294117647059 0.030973451327433628
4 0.37463235294117647 0.31526548672566373 0.013235294117647059 0.032079646017699116
23 0.07941176470588235 0.2295353982300885 0.009558823529411765 0.025442477876106196
23 0.08713235294117647 0.2323008849557522 0.008823529411764706 0.023230088495575223
4 0.8180147058823529 0.4872787610619469 0.03529411764705882 0.07079646017699115
4 0.7919117647058823 0.47898230088495575 0.03529411764705882 0.07411504424778761
4 0.034926470588235295 0.2295353982300885 0.015441176470588236 0.025442477876106196
23 0.08455882352941177 0.25055309734513276 0.014705882352941176 0.01327433628318584
23 0.5441176470588235 0.4103982300884956 0.016176470588235296 0.015486725663716814
23 0.06985294117647059 0.2461283185840708 0.013970588235294118 0.012168141592920354
23 0.44080882352941175 0.3766592920353982 0.009558823529411765 0.025442477876106196
4 0.046691176470588236 0.24668141592920353 0.022794117647058822 0.05088495575221239
23 0.2908088235294118 0.334070796460177 0.013235294117647059 0.028761061946902654
23 0.6551470588235294 0.4618362831858407 0.019852941176470587 0.04756637168141593
23 0.7599264705882353 0.49889380530973454 0.019852941176470587 0.04424778761061947
23 0.7363970588235295 0.49170353982300885 0.021323529411764706 0.051991150442477874
23 0.38676470588235295 0.37223451327433627 0.0125 0.032079646017699116
23 0.8411764705882353 0.5298672566371682 0.021323529411764706 0.049778761061946904
4 0.7823529411764706 0.5199115044247787 0.030882352941176472 0.03650442477876106
4 0.06360294117647058 0.27599557522123896 0.020588235294117647 0.04424778761061947
4 0.08088235294117647 0.28373893805309736 0.021323529411764706 0.04314159292035398
4 0.8522058823529411 0.5741150442477876 0.019852941176470587 0.015486725663716814
23 0.2922794117647059 0.39214601769911506 0.01838235294117647 0.017699115044247787
15 0.3246323529411765 0.413716814159292 0.05073529411764706 0.04092920353982301
23 0.35661764705882354 0.4269911504424779 0.01838235294117647 0.017699115044247787
23 0.2897058823529412 0.40763274336283184 0.01838235294117647 0.01991150442477876
23 0.4764705882352941 0.4745575221238938 0.016176470588235296 0.016592920353982302
23 0.475 0.4856194690265487 0.016176470588235296 0.014380530973451327
23 0.3713235294117647 0.45132743362831856 0.010294117647058823 0.025442477876106196
23 0.36213235294117646 0.4502212389380531 0.011029411764705883 0.02654867256637168
4 0.2852941176470588 0.4247787610619469 0.016176470588235296 0.016592920353982302
23 0.34852941176470587 0.4491150442477876 0.016911764705882352 0.022123893805309734
23 0.45551470588235293 0.4911504424778761 0.020588235294117647 0.018805309734513276
23 0.4724264705882353 0.49668141592920356 0.014705882352941176 0.012168141592920354
23 0.3352941176470588 0.45132743362831856 0.009558823529411765 0.022123893805309734
23 0.3209558823529412 0.4469026548672566 0.010294117647058823 0.024336283185840708
4 0.32830882352941176 0.44966814159292035 0.007352941176470588 0.01991150442477876
4 0.2838235294117647 0.4391592920353982 0.016176470588235296 0.015486725663716814
4 0.4922794117647059 0.5248893805309734 0.01838235294117647 0.017699115044247787
4 0.09926470588235294 0.39823008849557523 0.014705882352941176 0.012168141592920354
4 0.3246323529411765 0.4795353982300885 0.033823529411764704 0.029867256637168143
15 0.19264705882352942 0.435287610619469 0.1698529411764706 0.2555309734513274
4 0.7224264705882353 0.6316371681415929 0.016911764705882352 0.016592920353982302
23 0.09926470588235294 0.4198008849557522 0.009558823529411765 0.024336283185840708
4 0.3264705882352941 0.49889380530973454 0.015441176470588236 0.01327433628318584
23 0.6459558823529412 0.6111725663716814 0.019852941176470587 0.017699115044247787
4 0.7194852941176471 0.6432522123893806 0.01838235294117647 0.015486725663716814
23 0.5797794117647059 0.6006637168141593 0.009558823529411765 0.028761061946902654
4 0.03419117647058824 0.41150442477876104 0.01911764705882353 0.016592920353982302
23 0.5911764705882353 0.6067477876106194 0.014705882352941176 0.02654867256637168
23 0.64375 0.625 0.01764705882352941 0.017699115044247787
23 0.05551470588235294 0.4269911504424779 0.016911764705882352 0.014380530973451327
4 0.71875 0.6592920353982301 0.025735294117647058 0.024336283185840708
15 0.68125 0.646570796460177 0.052941176470588235 0.084070796460177
23 0.08419117647058824 0.44579646017699115 0.0125 0.030973451327433628
23 0.3205882352941177 0.5337389380530974 0.016176470588235296 0.015486725663716814
23 0.3069852941176471 0.5331858407079646 0.010294117647058823 0.022123893805309734
4 0.7154411764705882 0.6775442477876106 0.022794117647058822 0.023230088495575223
4 0.7514705882352941 0.6924778761061947 0.04485294117647059 0.03871681415929203
23 0.6360294117647058 0.6532079646017699 0.022058823529411766 0.02101769911504425
4 0.09595588235294118 0.4657079646017699 0.013970588235294118 0.01327433628318584
23 0.3180147058823529 0.543141592920354 0.01764705882352941 0.01327433628318584
30 0.5808823529411765 0.6360619469026548 0.028676470588235293 0.04092920353982301
15 0.4077205882352941 0.5824115044247787 0.17058823529411765 0.21902654867256638
4 0.09411764705882353 0.47732300884955753 0.0125 0.012168141592920354
30 0.8058823529411765 0.7295353982300885 0.027941176470588237 0.04756637168141593
4 0.7841911764705882 0.7223451327433629 0.022794117647058822 0.051991150442477874
30 0.8871323529411764 0.7588495575221239 0.023529411764705882 0.04756637168141593
23 0.3029411764705882 0.5558628318584071 0.010294117647058823 0.024336283185840708
30 0.8595588235294118 0.75 0.027205882352941177 0.04424778761061947
30 0.8323529411764706 0.7411504424778761 0.029411764705882353 0.04424778761061947
4 0.09301470588235294 0.48672566371681414 0.014705882352941176 0.016592920353982302
23 0.2595588235294118 0.5497787610619469 0.010294117647058823 0.02765486725663717
23 0.4959558823529412 0.6321902654867256 0.019852941176470587 0.018805309734513276
4 0.09191176470588236 0.4983407079646018 0.016911764705882352 0.01327433628318584
4 0.7444852941176471 0.7251106194690266 0.05 0.04092920353982301
4 0.5165441176470589 0.6554203539823009 0.016176470588235296 0.014380530973451327
23 0.49522058823529413 0.6482300884955752 0.01764705882352941 0.016592920353982302
23 0.3029411764705882 0.581858407079646 0.016911764705882352 0.015486725663716814
4 0.09779411764705882 0.5127212389380531 0.013235294117647059 0.01327433628318584
4 0.25073529411764706 0.566924778761062 0.015441176470588236 0.015486725663716814
23 0.8830882352941176 0.790929203539823 0.023529411764705882 0.025442477876106196
4 0.10808823529411765 0.525995575221239 0.010294117647058823 0.024336283185840708
23 0.4915441176470588 0.6609513274336283 0.020588235294117647 0.018805309734513276
4 0.2786764705882353 0.5873893805309734 0.01838235294117647 0.017699115044247787
4 0.5139705882352941 0.6692477876106194 0.016911764705882352 0.01327433628318584
23 0.3003676470588235 0.5962389380530974 0.01764705882352941 0.014380530973451327
23 0.225 0.5719026548672567 0.019852941176470587 0.018805309734513276
23 0.20441176470588235 0.5647123893805309 0.016911764705882352 0.015486725663716814
23 0.17941176470588235 0.5564159292035398 0.01764705882352941 0.016592920353982302
4 0.0875 0.5254424778761062 0.03235294117647059 0.030973451327433628
4 0.8540441176470588 0.7920353982300885 0.022058823529411766 0.018805309734513276
23 0.12279411764705882 0.5414823008849557 0.011764705882352941 0.02654867256637168
23 0.15183823529411763 0.5525442477876106 0.011764705882352941 0.02765486725663717
23 0.13308823529411765 0.5464601769911505 0.009558823529411765 0.025442477876106196
23 0.14154411764705882 0.5497787610619469 0.011029411764705883 0.025442477876106196
23 0.2988970588235294 0.6078539823008849 0.01911764705882353 0.016592920353982302
23 0.48933823529411763 0.6742256637168141 0.01911764705882353 0.01991150442477876
4 0.020588235294117647 0.5105088495575221 0.041176470588235294 0.04314159292035398
23 0.17720588235294119 0.566924778761062 0.01838235294117647 0.014380530973451327
15 0.5669117647058823 0.7079646017699115 0.04264705882352941 0.07743362831858407
23 0.8503676470588235 0.808075221238938 0.02426470588235294 0.02101769911504425
15 0.6 0.7223451327433629 0.045588235294117645 0.08628318584070796
4 0.27647058823529413 0.6144911504424779 0.01911764705882353 0.016592920353982302
23 0.19044117647058822 0.5857300884955752 0.016911764705882352 0.014380530973451327
23 0.29669117647058824 0.6233407079646017 0.019852941176470587 0.016592920353982302
23 0.675 0.7577433628318584 0.010294117647058823 0.028761061946902654
4 0.4915441176470588 0.6946902654867256 0.03235294117647059 0.032079646017699116
23 0.6547794117647059 0.7522123893805309 0.011029411764705883 0.030973451327433628
4 0.4724264705882353 0.6886061946902655 0.0125 0.024336283185840708
23 0.6639705882352941 0.7555309734513275 0.010294117647058823 0.033185840707964605
23 0.643014705882353 0.7494469026548672 0.013235294117647059 0.035398230088495575
23 0.6305147058823529 0.7461283185840708 0.013970588235294118 0.032079646017699116
23 0.6841911764705882 0.764933628318584 0.013235294117647059 0.035398230088495575
23 0.6205882352941177 0.7433628318584071 0.013970588235294118 0.032079646017699116
4 0.8459558823529412 0.8246681415929203 0.026470588235294117 0.02654867256637168
4 0.17169117647058824 0.5923672566371682 0.01764705882352941 0.014380530973451327
23 0.1889705882352941 0.6006637168141593 0.016911764705882352 0.015486725663716814
4 0.3014705882352941 0.6426991150442478 0.030147058823529412 0.02765486725663717
4 0.01801470588235294 0.5442477876106194 0.03602941176470588 0.046460176991150445
4 0.1411764705882353 0.5896017699115044 0.011029411764705883 0.02765486725663717
4 0.05661764705882353 0.5608407079646017 0.022058823529411766 0.051991150442477874
4 0.08014705882352942 0.5702433628318584 0.03161764705882353 0.033185840707964605
15 0.8849264705882353 0.8506637168141593 0.05514705882352941 0.061946902654867256
15 0.7845588235294118 0.8213495575221239 0.05661764705882353 0.1084070796460177
23 0.3551470588235294 0.6797566371681416 0.011029411764705883 0.02765486725663717
23 0.40441176470588236 0.6991150442477876 0.011029411764705883 0.02654867256637168
23 0.8408088235294118 0.8517699115044248 0.022058823529411766 0.01991150442477876
23 0.34558823529411764 0.6797566371681416 0.009558823529411765 0.02765486725663717
23 0.4253676470588235 0.7074115044247787 0.011764705882352941 0.025442477876106196
23 0.44227941176470587 0.7129424778761062 0.011029411764705883 0.025442477876106196
23 0.33676470588235297 0.6769911504424779 0.011764705882352941 0.033185840707964605
23 0.36433823529411763 0.6863938053097345 0.009558823529411765 0.029867256637168143
23 0.43419117647058825 0.7107300884955752 0.011029411764705883 0.02765486725663717
23 0.4511029411764706 0.7168141592920354 0.011029411764705883 0.028761061946902654
23 0.4143382352941177 0.7046460176991151 0.014705882352941176 0.030973451327433628
23 0.3966911764705882 0.6985619469026548 0.010294117647058823 0.02654867256637168
23 0.3875 0.6957964601769911 0.011029411764705883 0.024336283185840708
4 0.47095588235294117 0.7295353982300885 0.01838235294117647 0.04756637168141593
4 0.8397058823529412 0.8661504424778761 0.021323529411764706 0.015486725663716814
4 0.006617647058823529 0.577433628318584 0.013235294117647059 0.04424778761061947
23 0.22794117647058823 0.6548672566371682 0.0125 0.024336283185840708
23 0.22830882352941176 0.6548672566371682 0.013235294117647059 0.028761061946902654
23 0.26176470588235295 0.6692477876106194 0.0125 0.029867256637168143
23 0.2698529411764706 0.6731194690265486 0.009558823529411765 0.02765486725663717
23 0.27647058823529413 0.6769911504424779 0.010294117647058823 0.028761061946902654
23 0.1650735294117647 0.6382743362831859 0.013235294117647059 0.032079646017699116
23 0.19044117647058822 0.6471238938053098 0.0125 0.02765486725663717
23 0.28713235294117645 0.6814159292035398 0.011029411764705883 0.02654867256637168
23 0.30183823529411763 0.6863938053097345 0.0125 0.029867256637168143
23 0.18161764705882352 0.6449115044247787 0.010294117647058823 0.02765486725663717
23 0.17426470588235293 0.6426991150442478 0.009558823529411765 0.02765486725663717
4 0.8672794117647059 0.8849557522123894 0.026470588235294117 0.025442477876106196
4 0.3915441176470588 0.7295353982300885 0.011764705882352941 0.028761061946902654
4 0.3386029411764706 0.7112831858407079 0.01838235294117647 0.03761061946902655
4 0.42720588235294116 0.7439159292035398 0.013235294117647059 0.030973451327433628
4 0.41102941176470587 0.7389380530973452 0.016176470588235296 0.029867256637168143
4 0.44632352941176473 0.7511061946902655 0.013235294117647059 0.025442477876106196
4 0.35808823529411765 0.7212389380530974 0.015441176470588236 0.030973451327433628
4 0.5606617647058824 0.7959070796460177 0.03455882352941177 0.029867256637168143
23 0.861764705882353 0.900995575221239 0.022058823529411766 0.01991150442477876
4 0.5904411764705882 0.8086283185840708 0.027941176470588237 0.028761061946902654
4 0.2051470588235294 0.6797566371681416 0.010294117647058823 0.02765486725663717
4 0.04044117647058824 0.6310840707964602 0.010294117647058823 0.02654867256637168
23 0.031985294117647056 0.6288716814159292 0.010294117647058823 0.02765486725663717
23 0.021691176470588235 0.6261061946902655 0.011029411764705883 0.02654867256637168
4 0.48933823529411763 0.7887168141592921 0.02426470588235294 0.024336283185840708
4 0.43566176470588236 0.7721238938053098 0.01838235294117647 0.017699115044247787
4 0.18051470588235294 0.6858407079646017 0.011029411764705883 0.02654867256637168
23 0.17205882352941176 0.683075221238938 0.011764705882352941 0.02654867256637168
4 0.15183823529411763 0.6775442477876106 0.020588235294117647 0.017699115044247787
4 0.22647058823529412 0.7040929203539823 0.02426470588235294 0.023230088495575223
4 0.3386029411764706 0.7549778761061947 0.011764705882352941 0.028761061946902654
23 0.06323529411764706 0.6592920353982301 0.016911764705882352 0.014380530973451327
23 0.10183823529411765 0.6731194690265486 0.014705882352941176 0.015486725663716814
23 0.046691176470588236 0.6543141592920354 0.016911764705882352 0.012168141592920354
4 0.8683823529411765 0.9441371681415929 0.051470588235294115 0.04314159292035398
23 0.9415441176470588 0.1515486725663717 0.011764705882352941 0.024336283185840708
7 0.3698529411764706 0.8506637168141593 0.48970588235294116 0.29646017699115046
7 0.08455882352941177 0.7804203539823009 0.125 0.2002212389380531