4 0.6193991853360489 0.5338253382533825 0.007637474541751527 0.004305043050430504
23 0.17438900203665988 0.5833333333333334 0.004582484725050916 0.01107011070110701
23 0.08732179226069246 0.5953259532595326 0.006619144602851324 0.004305043050430504
4 0.619653767820774 0.541820418204182 0.0050916496945010185 0.0024600246002460025
23 0.6344195519348269 0.5408979089790897 0.006109979633401222 0.0036900369003690036
23 0.8174643584521385 0.522140221402214 0.009164969450101833 0.004305043050430504
23 0.7983706720977597 0.528290282902829 0.006619144602851324 0.004920049200492005
23 0.08834012219959267 0.6039360393603936 0.006619144602851324 0.004305043050430504
23 0.539969450101833 0.5562730627306273 0.007637474541751527 0.006150061500615006
23 0.904786150712831 0.5215252152521526 0.011710794297352342 0.004920049200492005
23 0.08859470468431772 0.6125461254612546 0.007128309572301426 0.005535055350553505
15 0.9831975560081466 0.5190651906519065 0.032586558044806514 0.06642066420664207
4 0.5412423625254582 0.5667281672816729 0.010692464358452138 0.004305043050430504
23 0.5598268839103869 0.5651906519065191 0.010692464358452138 0.007995079950799507
23 0.4417006109979633 0.5784132841328413 0.007637474541751527 0.004920049200492005
23 0.7085030549898167 0.5575030750307504 0.007637474541751527 0.004305043050430504
4 0.5610997963340122 0.5744157441574416 0.012219959266802444 0.005535055350553505
4 0.5417515274949084 0.5771832718327183 0.007128309572301426 0.003075030750307503
23 0.9075865580448065 0.5390528905289053 0.010183299389002037 0.0036900369003690036
23 0.4414460285132383 0.5882533825338253 0.006109979633401222 0.005535055350553505
23 0.4760692464358452 0.5851783517835178 0.009674134419551934 0.006150061500615006
4 0.710030549898167 0.5685731857318573 0.00560081466395112 0.0024600246002460025
4 0.5623727087576375 0.584870848708487 0.007637474541751527 0.0036900369003690036
23 0.5420061099796334 0.5876383763837638 0.006619144602851324 0.0036900369003690036
23 0.6074338085539714 0.5805658056580566 0.006109979633401222 0.0036900369003690036
4 0.3681262729124236 0.6116236162361623 0.004582484725050916 0.014760147601476014
23 0.7110488798370672 0.5777982779827798 0.006109979633401222 0.003075030750307503
23 0.6076883910386965 0.5897908979089791 0.007128309572301426 0.004305043050430504
23 0.5616089613034623 0.5953259532595326 0.00560081466395112 0.0036900369003690036
4 0.5432790224032586 0.5977859778597786 0.010183299389002037 0.005535055350553505
23 0.5916496945010183 0.5940959409594095 0.009164969450101833 0.004920049200492005
23 0.8212830957230143 0.5734932349323493 0.007637474541751527 0.0036900369003690036
23 0.9086048879837068 0.5654981549815498 0.010692464358452138 0.005535055350553505
23 0.8019348268839104 0.577490774907749 0.004582484725050916 0.004920049200492005
23 0.8907841140529531 0.5685731857318573 0.009674134419551934 0.006150061500615006
23 0.5435336048879837 0.6070110701107011 0.008655804480651732 0.004305043050430504
23 0.5623727087576375 0.6051660516605166 0.008146639511201629 0.0024600246002460025
23 0.44730142566191444 0.6180811808118081 0.008655804480651732 0.0036900369003690036
4 0.5786659877800407 0.6039360393603936 0.007637474541751527 0.006150061500615006
23 0.7110488798370672 0.5919434194341944 0.007128309572301426 0.004305043050430504
4 0.4671588594704684 0.6183886838868389 0.015274949083503055 0.006765067650676507
30 0.39994908350305497 0.6273062730627307 0.04073319755600815 0.03690036900369004
4 0.5445519348268839 0.6156211562115621 0.010183299389002037 0.006150061500615006
23 0.5631364562118126 0.6162361623616236 0.004073319755600814 0.0036900369003690036
23 0.5794297352342159 0.6150061500615006 0.008146639511201629 0.003075030750307503
23 0.4480651731160896 0.6306888068880688 0.008655804480651732 0.004920049200492005
23 0.7125763747454175 0.6048585485854858 0.0050916496945010185 0.005535055350553505
23 0.5644093686354379 0.6279212792127922 0.007637474541751527 0.004305043050430504
23 0.715122199592668 0.6137761377613776 0.007128309572301426 0.004920049200492005
23 0.4164969450101833 0.6525215252152522 0.008655804480651732 0.004920049200492005
23 0.8128818737270875 0.6156211562115621 0.006109979633401222 0.003075030750307503
23 0.6545315682281059 0.6429889298892989 0.011710794297352342 0.006150061500615006
23 0.18864562118126274 0.7026445264452644 0.00560081466395112 0.012915129151291513
23 0.1794806517311609 0.7041820418204182 0.003564154786150713 0.014145141451414513
23 0.655295315682281 0.6546740467404674 0.008146639511201629 0.0036900369003690036
7 0.6904276985743381 0.6515990159901599 0.040224032586558045 0.1814268142681427
23 0.36634419551934827 0.6937269372693727 0.012729124236252547 0.005535055350553505
23 0.6560590631364562 0.6645141451414515 0.007637474541751527 0.003075030750307503
23 0.3406313645621181 0.698339483394834 0.007637474541751527 0.005535055350553505
15 0.10488798370672098 0.7250922509225092 0.032586558044806514 0.08917589175891759
23 0.14129327902240327 0.7263222632226323 0.011710794297352342 0.006765067650676507
23 0.15809572301425662 0.7250922509225092 0.010183299389002037 0.006765067650676507
23 0.6586048879837068 0.6771217712177122 0.004582484725050916 0.0036900369003690036
4 0.14409368635437883 0.7376998769987699 0.010692464358452138 0.006150061500615006
23 0.4164969450101833 0.7106396063960639 0.008655804480651732 0.004920049200492005
4 0.07026476578411406 0.7490774907749077 0.010183299389002037 0.006765067650676507
23 0.15936863543788188 0.7447724477244773 0.008146639511201629 0.003075030750307503
23 0.14434826883910387 0.7493849938499385 0.011710794297352342 0.007380073800738007
23 0.07102851323828921 0.7589175891758918 0.012219959266802444 0.006150061500615006
4 0.4180244399185336 0.7235547355473555 0.014765784114052953 0.006150061500615006
4 0.07077393075356415 0.7693726937269373 0.010183299389002037 0.006765067650676507
23 0.41726069246435843 0.7333948339483395 0.009674134419551934 0.004920049200492005
4 0.14562118126272913 0.764760147601476 0.014765784114052953 0.006765067650676507
23 0.4185336048879837 0.7432349323493235 0.010183299389002037 0.004920049200492005
23 0.6662423625254582 0.016297662976629768 0.01120162932790224 0.006150061500615006
4 0.11354378818737271 0.07533825338253383 0.006619144602851324 0.0024600246002460025
23 0.5710285132382892 0.7333948339483395 0.007637474541751527 0.0036900369003690036
23 0.5498981670061099 0.7367773677736777 0.010183299389002037 0.007995079950799507
23 0.5287678207739308 0.740159901599016 0.010183299389002037 0.005535055350553505
23 0.5140020366598778 0.7429274292742928 0.007637474541751527 0.004920049200492005
23 0.6130346232179226 0.7330873308733087 0.008146639511201629 0.004920049200492005
23 0.3971486761710794 0.7576875768757687 0.007128309572301426 0.004920049200492005
15 0.630091649694501 0.7373923739237392 0.014256619144602852 0.023985239852398525
23 0.08706720977596741 0.7955104551045511 0.006619144602851324 0.004920049200492005
4 0.6109979633401222 0.742619926199262 0.011710794297352342 0.004305043050430504
23 0.3989307535641548 0.7687576875768758 0.007128309572301426 0.004305043050430504
15 0.3665987780040733 0.7739852398523985 0.040224032586558045 0.02214022140221402
23 0.9610488798370672 0.7130996309963099 0.003564154786150713 0.012300123001230012
4 0.08783095723014257 0.807810578105781 0.007637474541751527 0.0036900369003690036
23 0.6285641547861507 0.023370233702337023 0.008146639511201629 0.004920049200492005
23 0.8872199592668024 0.7238622386223862 0.01120162932790224 0.007995079950799507
23 0.865071283095723 0.7269372693726938 0.009164969450101833 0.004920049200492005
23 0.6489307535641547 0.02183271832718327 0.008146639511201629 0.0036900369003690036
23 0.08859470468431772 0.8170356703567035 0.006619144602851324 0.004305043050430504
4 0.002291242362525458 0.09071340713407135 0.004582484725050916 0.005535055350553505
15 0.7441446028513238 0.7509225092250923 0.029022403258655804 0.01783517835178352
23 0.9638492871690427 0.7312423124231242 0.004582484725050916 0.012915129151291513
23 0.01909368635437882 0.0897908979089791 0.012729124236252547 0.004920049200492005
15 0.27774949083503053 0.8099630996309963 0.04735234215885947 0.037515375153751536
23 0.9938900203665988 0.7367773677736777 0.010183299389002037 0.005535055350553505
23 0.08630346232179226 0.8364083640836408 0.003054989816700611 0.00922509225092251
23 0.0684826883910387 0.8382533825338253 0.0050916496945010185 0.010455104551045511
23 0.06109979633401222 0.8394833948339483 0.003054989816700611 0.00922509225092251
4 0.24363543788187372 0.8204182041820418 0.013238289205702648 0.007995079950799507
23 0.07815682281059064 0.8379458794587946 0.0050916496945010185 0.010455104551045511
23 0.6881364562118126 0.77460024600246 0.003564154786150713 0.013530135301353014
4 0.6957739307535642 0.7742927429274292 0.004073319755600814 0.014760147601476014
4 0.7107942973523421 0.7727552275522755 0.004073319755600814 0.014760147601476014
23 0.7186863543788188 0.7727552275522755 0.003564154786150713 0.010455104551045511
23 0.7039205702647657 0.7749077490774908 0.003054989816700611 0.01107011070110701
23 0.8678716904276986 0.758610086100861 0.008655804480651732 0.004920049200492005
23 0.9961812627291242 0.7456949569495694 0.006619144602851324 0.004305043050430504
23 0.10616089613034624 0.843480934809348 0.003564154786150713 0.012300123001230012
23 0.09775967413441955 0.8450184501845018 0.006109979633401222 0.014760147601476014
23 0.11558044806517312 0.8437884378843789 0.003564154786150713 0.012915129151291513
23 0.24389002036659876 0.8314883148831488 0.009674134419551934 0.005535055350553505
23 0.869653767820774 0.768450184501845 0.01120162932790224 0.007380073800738007
23 0.5885947046843177 0.7979704797047971 0.00560081466395112 0.01107011070110701
4 0.6356924643584522 0.7936654366543665 0.0050916496945010185 0.012915129151291513
23 0.9964358452138493 0.756150061500615 0.006109979633401222 0.004305043050430504
4 0.6206720977596741 0.7964329643296433 0.004073319755600814 0.012300123001230012
4 0.6288187372708758 0.7958179581795818 0.003564154786150713 0.015375153751537515
4 0.6140529531568228 0.7973554735547356 0.003564154786150713 0.011685116851168511
23 0.34826883910386963 0.05719557195571956 0.01120162932790224 0.006765067650676507
23 0.5582993890020367 0.8056580565805658 0.009164969450101833 0.004920049200492005
23 0.890274949083503 0.7712177121771218 0.007128309572301426 0.004305043050430504
23 0.7741853360488798 0.7841328413284133 0.008655804480651732 0.004305043050430504
23 0.0715376782077393 0.8582410824108241 0.004073319755600814 0.012915129151291513
4 0.07968431771894094 0.8573185731857319 0.006109979633401222 0.017220172201722016
4 0.03665987780040733 0.8619311193111932 0.007637474541751527 0.013530135301353014
23 0.24363543788187372 0.8407134071340714 0.009164969450101833 0.004920049200492005
23 0.08884928716904276 0.8570110701107011 0.007128309572301426 0.013530135301353014
4 0.0539714867617108 0.8607011070110702 0.0050916496945010185 0.014760147601476014
4 0.04531568228105906 0.8622386223862238 0.006619144602851324 0.014145141451414513
23 0.7925152749490835 0.7838253382533825 0.01374745417515275 0.0036900369003690036
4 0.06262729124236252 0.8616236162361623 0.004073319755600814 0.013530135301353014
23 0.869653767820774 0.778290282902829 0.009674134419551934 0.006150061500615006
15 0.06084521384928717 0.08825338253382534 0.031059063136456212 0.07380073800738007
23 0.9966904276985743 0.7650676506765067 0.00560081466395112 0.004920049200492005
30 0.515020366598778 0.8213407134071341 0.012219959266802444 0.015375153751537515
23 0.19475560081466395 0.07472324723247233 0.007637474541751527 0.004920049200492005
23 0.7764765784114053 0.794280442804428 0.007128309572301426 0.0036900369003690036
30 0.4954175152749491 0.8241082410824109 0.009674134419551934 0.015375153751537515
23 0.46283095723014256 0.8281057810578106 0.006109979633401222 0.011685116851168511
4 0.454938900203666 0.8290282902829028 0.00560081466395112 0.011685116851168511
30 0.4778513238289206 0.8284132841328413 0.007637474541751527 0.013530135301353014
23 0.9982179226069247 0.77460024600246 0.0025458248472505093 0.003075030750307503
15 0.9613034623217923 0.7792127921279213 0.031059063136456212 0.03874538745387454
4 0.9121690427698574 0.7853628536285363 0.01120162932790224 0.006150061500615006
23 0.870162932790224 0.7899753997539976 0.009164969450101833 0.004920049200492005
23 0.5511710794297352 0.8250307503075031 0.0015274949083503055 0.008610086100861008
23 0.5445519348268839 0.826260762607626 0.0050916496945010185 0.012300123001230012
23 0.5941955193482689 0.8210332103321033 0.004073319755600814 0.011685116851168511
4 0.2780040733197556 0.8579335793357934 0.004582484725050916 0.015990159901599015
23 0.2846232179226069 0.8579335793357934 0.004582484725050916 0.011685116851168511
23 0.7782586558044806 0.8065805658056581 0.011710794297352342 0.004920049200492005
23 0.8716904276985743 0.7988929889298892 0.007128309572301426 0.0036900369003690036
4 0.9121690427698574 0.0018450184501845018 0.004582484725050916 0.0036900369003690036
4 0.7777494908350305 0.8151906519065191 0.009164969450101833 0.0036900369003690036
4 0.47352342158859473 0.8471709717097171 0.006109979633401222 0.012300123001230012
23 0.794806517311609 0.8145756457564576 0.008146639511201629 0.004305043050430504
23 0.48370672097759676 0.8474784747847478 0.00560081466395112 0.012915129151291513
23 0.8925661914460286 0.8047355473554736 0.009164969450101833 0.004920049200492005
23 0.09597759674134419 0.08763837638376384 0.012729124236252547 0.004920049200492005
23 0.4943991853360489 0.8474784747847478 0.006109979633401222 0.012915129151291513
4 0.7780040733197556 0.8250307503075031 0.007637474541751527 0.0036900369003690036
23 0.894857433808554 0.8158056580565806 0.010183299389002037 0.007995079950799507
23 0.6494399185336049 0.03044280442804428 0.009674134419551934 0.005535055350553505
23 0.7968431771894093 0.8296432964329643 0.008655804480651732 0.003075030750307503
23 0.630346232179226 0.033210332103321034 0.009164969450101833 0.004920049200492005
4 0.45672097759674135 0.8699261992619927 0.004582484725050916 0.016605166051660517
4 0.464867617107943 0.8705412054120542 0.0050916496945010185 0.013530135301353014
4 0.4745417515274949 0.8693111931119312 0.004073319755600814 0.014145141451414513
4 0.4943991853360489 0.8677736777367774 0.0050916496945010185 0.012915129151291513
23 0.6672606924643585 0.02982779827798278 0.00560081466395112 0.0036900369003690036
4 0.9768329938900203 0.8238007380073801 0.003054989816700611 0.010455104551045511
4 0.9859979633401222 0.8234932349323493 0.004073319755600814 0.011685116851168511
4 0.995162932790224 0.8234932349323493 0.00560081466395112 0.012300123001230012
4 0.7365071283095723 0.8514760147601476 0.009674134419551934 0.005535055350553505
4 0.8490325865580448 0.8447109471094711 0.009164969450101833 0.004920049200492005
4 0.7978615071283096 0.8505535055350554 0.008655804480651732 0.003075030750307503
23 0.6807535641547862 0.8650061500615006 0.009674134419551934 0.005535055350553505
23 0.8719450101832994 0.8453259532595326 0.008655804480651732 0.004305043050430504
23 0.8505600814663951 0.8536285362853628 0.007128309572301426 0.004305043050430504
23 0.4661405295315682 0.8948339483394834 0.0025458248472505093 0.00984009840098401
23 0.45773930753564157 0.8957564575645757 0.00560081466395112 0.00922509225092251
23 0.4809063136456212 0.8939114391143912 0.0050916496945010185 0.010455104551045511
23 0.7410896130346232 0.8665436654366544 0.003564154786150713 0.01107011070110701
23 0.7477087576374746 0.8659286592865929 0.003564154786150713 0.00922509225092251
23 0.7991344195519349 0.8603936039360394 0.007128309572301426 0.004305043050430504
4 0.4946537678207739 0.8932964329643296 0.003054989816700611 0.008610086100861008
4 0.4890529531568228 0.8939114391143912 0.0050916496945010185 0.013530135301353014
23 0.4730142566191446 0.8954489544895449 0.004073319755600814 0.00984009840098401
4 0.979887983706721 0.8462484624846248 0.0050916496945010185 0.016605166051660517
4 0.9658859470468432 0.8484009840098401 0.003054989816700611 0.014145141451414513
4 0.8729633401221996 0.8594710947109471 0.00560081466395112 0.005535055350553505
4 0.8515784114052953 0.8646986469864698 0.009164969450101833 0.005535055350553505
4 0.7968431771894093 0.8723862238622386 0.008655804480651732 0.0036900369003690036
4 0.6822810590631364 0.8862238622386224 0.008655804480651732 0.004305043050430504
23 0.9317718940936863 0.005535055350553505 0.010692464358452138 0.005535055350553505
23 0.784877800407332 0.8760762607626076 0.0050916496945010185 0.012915129151291513
23 0.7489816700610998 0.8834563345633456 0.003054989816700611 0.00984009840098401
23 0.7415987780040734 0.8856088560885609 0.003564154786150713 0.01107011070110701
4 0.8719450101832994 0.8736162361623616 0.014765784114052953 0.005535055350553505
23 0.8533604887983707 0.8757687576875769 0.007637474541751527 0.004920049200492005
23 0.800152749490835 0.8831488314883149 0.007637474541751527 0.003075030750307503
4 0.6820264765784114 0.8976014760147601 0.007637474541751527 0.005535055350553505
4 0.12754582484725052 0.09225092250922509 0.004582484725050916 0.013530135301353014
23 0.1960285132382892 0.08579335793357934 0.006619144602851324 0.003075030750307503
23 0.9103869653767821 0.011992619926199263 0.007128309572301426 0.0024600246002460025
23 0.6695519348268839 0.038130381303813035 0.01120162932790224 0.005535055350553505
23 0.6308553971486762 0.04305043050430504 0.003564154786150713 0.0036900369003690036
23 0.6494399185336049 0.04274292742927429 0.008146639511201629 0.007380073800738007
23 0.9310081466395111 0.014760147601476014 0.007637474541751527 0.005535055350553505
23 0.19679226069246436 0.09501845018450185 0.007128309572301426 0.003075030750307503
23 0.6685336048879837 0.0464329643296433 0.00560081466395112 0.004305043050430504
23 0.020875763747454174 0.11715867158671586 0.009674134419551934 0.004305043050430504
4 0.004582484725050916 0.12023370233702337 0.009164969450101833 0.005535055350553505
23 0.8011710794297352 0.035977859778597784 0.007128309572301426 0.013530135301353014
23 0.19679226069246436 0.10485854858548585 0.00560081466395112 0.003075030750307503
4 0.12881873727087575 0.11193111931119311 0.00560081466395112 0.012300123001230012
23 0.6713340122199593 0.055350553505535055 0.007637474541751527 0.0036900369003690036
4 0.11481670061099797 0.11592865928659286 0.009164969450101833 0.003075030750307503
23 0.09725050916496945 0.11777367773677737 0.009164969450101833 0.004920049200492005
23 0.02265784114052953 0.12761377613776137 0.010183299389002037 0.004920049200492005
4 0.0050916496945010185 0.13038130381303814 0.010183299389002037 0.004920049200492005
4 0.11507128309572301 0.12576875768757687 0.009674134419551934 0.0036900369003690036
4 0.06313645621181263 0.13622386223862237 0.008146639511201629 0.004920049200492005
23 0.04506109979633401 0.1386838868388684 0.01120162932790224 0.0036900369003690036
4 0.08197556008146639 0.13560885608856088 0.012729124236252547 0.006150061500615006
23 0.6219450101832994 0.08025830258302583 0.004073319755600814 0.010455104551045511
23 0.605142566191446 0.08271832718327184 0.003564154786150713 0.010455104551045511
23 0.6132892057026477 0.08179581795817958 0.003054989816700611 0.010455104551045511
23 0.7665478615071283 0.06611316113161132 0.007637474541751527 0.014145141451414513
30 0.7894602851323829 0.06396063960639606 0.008655804480651732 0.011685116851168511
23 0.41140529531568226 0.10362853628536285 0.003564154786150713 0.00922509225092251
23 0.7767311608961304 0.06519065190651907 0.004073319755600814 0.012300123001230012
23 0.8032077393075356 0.06303813038130382 0.004582484725050916 0.014145141451414513
23 0.505346232179226 0.09440344403444034 0.006109979633401222 0.011685116851168511
23 0.39434826883910384 0.10608856088560886 0.003054989816700611 0.010455104551045511
23 0.5972505091649695 0.08487084870848709 0.0050916496945010185 0.00922509225092251
23 0.4546843177189409 0.09993849938499386 0.003564154786150713 0.01107011070110701
23 0.4725050916496945 0.09778597785977859 0.0050916496945010185 0.011685116851168511
23 0.4638492871690428 0.09932349323493235 0.004073319755600814 0.012300123001230012
23 0.42082484725050917 0.1039360393603936 0.004582484725050916 0.01107011070110701
23 0.43839103869653767 0.10209102091020911 0.004582484725050916 0.012915129151291513
23 0.48116089613034624 0.09747847478474785 0.004073319755600814 0.010455104551045511
23 0.4455193482688391 0.10209102091020911 0.0050916496945010185 0.012300123001230012
23 0.4024949083503055 0.10670356703567035 0.0050916496945010185 0.012300123001230012
23 0.4294806517311609 0.10362853628536285 0.0050916496945010185 0.012300123001230012
23 0.7581466395112016 0.06888068880688807 0.006109979633401222 0.012300123001230012
23 0.4984725050916497 0.0965559655596556 0.0025458248472505093 0.008610086100861008
23 0.48981670061099797 0.09747847478474785 0.004073319755600814 0.010455104551045511
4 0.04455193482688391 0.14698646986469865 0.009164969450101833 0.005535055350553505
23 0.3360488798370672 0.11961869618696187 0.009164969450101833 0.006765067650676507
23 0.13060081466395113 0.14760147601476015 0.003564154786150713 0.00984009840098401
23 0.15274949083503056 0.14575645756457564 0.002036659877800407 0.00922509225092251
23 0.13772912423625255 0.14821648216482164 0.004073319755600814 0.00984009840098401
23 0.1939918533604888 0.14268142681426815 0.003054989816700611 0.00922509225092251
23 0.14638492871690428 0.1479089790897909 0.0025458248472505093 0.010455104551045511
23 0.20773930753564154 0.14145141451414514 0.0025458248472505093 0.008610086100861008
23 0.1234725050916497 0.1509840098400984 0.004073319755600814 0.01107011070110701
23 0.17846232179226068 0.14514145141451415 0.004073319755600814 0.011685116851168511
23 0.18660896130346233 0.1448339483394834 0.0025458248472505093 0.00984009840098401
23 0.20061099796334012 0.14329643296432965 0.003564154786150713 0.00984009840098401
23 0.33681262729124234 0.13007380073800737 0.009674134419551934 0.004305043050430504
23 0.7596741344195519 0.09040590405904059 0.00560081466395112 0.00984009840098401
23 0.8037169042769857 0.08640836408364083 0.003564154786150713 0.007380073800738007
23 0.7693482688391039 0.09071340713407135 0.003564154786150713 0.01107011070110701
23 0.7881873727087576 0.08917589175891759 0.0050916496945010185 0.011685116851168511
23 0.7968431771894093 0.08825338253382534 0.003564154786150713 0.00984009840098401
23 0.7426171079429735 0.0940959409594096 0.004073319755600814 0.012300123001230012
23 0.9363543788187373 0.07349323493234933 0.008146639511201629 0.003075030750307503
23 0.7359979633401222 0.0953259532595326 0.004073319755600814 0.011685116851168511
23 0.7785132382892057 0.0910209102091021 0.006109979633401222 0.013530135301353014
23 0.9386456211812627 0.08640836408364083 0.008655804480651732 0.0036900369003690036
23 0.8322301425661914 0.10608856088560886 0.006109979633401222 0.012300123001230012
23 0.7876782077393075 0.11223862238622387 0.003564154786150713 0.00984009840098401
23 0.7721486761710794 0.11377613776137761 0.0050916496945010185 0.01107011070110701
23 0.7808044806517311 0.11346863468634687 0.0050916496945010185 0.012915129151291513
23 0.7543279022403259 0.11623616236162361 0.0025458248472505093 0.010455104551045511
23 0.8238289205702648 0.1088560885608856 0.004073319755600814 0.012300123001230012
23 0.939918533604888 0.0971709717097171 0.008146639511201629 0.0036900369003690036
23 0.8075356415478615 0.11131611316113162 0.0050916496945010185 0.01107011070110701
23 0.8391038696537678 0.10793357933579335 0.0050916496945010185 0.014145141451414513
23 0.7986252545824847 0.11285362853628536 0.00560081466395112 0.010455104551045511
30 0.6838085539714868 0.13007380073800737 0.01374745417515275 0.013530135301353014
23 0.7008655804480651 0.1325338253382534 0.007637474541751527 0.004305043050430504
23 0.8378309572301426 0.12546125461254612 0.007128309572301426 0.004305043050430504
23 0.9409368635437881 0.11746617466174662 0.008146639511201629 0.0024600246002460025
23 0.7057026476578412 0.14421894218942188 0.009164969450101833 0.004920049200492005
23 0.03004073319755601 0.21555965559655596 0.008146639511201629 0.0036900369003690036
30 0.6894093686354379 0.1509840098400984 0.01120162932790224 0.014145141451414513
23 0.7072301425661914 0.15713407134071342 0.006619144602851324 0.004305043050430504
23 0.9424643584521385 0.13837638376383765 0.004073319755600814 0.003075030750307503
23 0.7092668024439919 0.16420664206642066 0.011710794297352342 0.004920049200492005
23 0.6988289205702648 0.16728167281672818 0.004582484725050916 0.010455104551045511
4 0.7245417515274949 0.16943419434194343 0.012219959266802444 0.007380073800738007
23 0.8416496945010183 0.1583640836408364 0.008146639511201629 0.004305043050430504
23 0.9442464358452138 0.14883148831488316 0.009674134419551934 0.004305043050430504
23 0.8424134419551935 0.16820418204182042 0.009164969450101833 0.005535055350553505
23 0.945010183299389 0.1602091020910209 0.011710794297352342 0.004920049200492005
23 0.8416496945010183 0.17804428044280443 0.010692464358452138 0.004920049200492005
23 0.24745417515274948 0.2518450184501845 0.01120162932790224 0.006150061500615006
23 0.23217922606924643 0.253690036900369 0.011710794297352342 0.00922509225092251
15 0.7864052953156823 0.1986469864698647 0.08044806517311609 0.12669126691266913
4 0.8457230142566191 0.1937269372693727 0.009674134419551934 0.006765067650676507
4 0.729887983706721 0.2091020910209102 0.012729124236252547 0.008610086100861008
23 0.42515274949083504 0.24108241082410825 0.004073319755600814 0.013530135301353014
4 0.3704175152749491 0.248769987699877 0.006619144602851324 0.017220172201722016
23 0.3854378818737271 0.27183271832718325 0.004073319755600814 0.012915129151291513
4 0.9045315682281059 0.23493234932349324 0.008655804480651732 0.004920049200492005
23 0.9238798370672098 0.23370233702337023 0.006619144602851324 0.0036900369003690036
23 0.9447556008146639 0.23431734317343172 0.01120162932790224 0.004305043050430504
4 0.925152749490835 0.2444649446494465 0.008146639511201629 0.0036900369003690036
4 0.9063136456211812 0.24723247232472326 0.010183299389002037 0.005535055350553505
23 0.47072301425661917 0.2988929889298893 0.009674134419551934 0.007380073800738007
4 0.6359470468431772 0.28136531365313655 0.009674134419551934 0.005535055350553505
23 0.48676171079429736 0.2976629766297663 0.008655804480651732 0.005535055350553505
4 0.9075865580448065 0.2555350553505535 0.007637474541751527 0.0036900369003690036
4 0.9248981670061099 0.25522755227552274 0.007128309572301426 0.003075030750307503
23 0.5969959266802444 0.2933579335793358 0.009164969450101833 0.004920049200492005
23 0.06873727087576374 0.35178351783517836 0.012729124236252547 0.005535055350553505
23 0.5610997963340122 0.29981549815498154 0.008146639511201629 0.004920049200492005
23 0.6168533604887984 0.29428044280442806 0.009164969450101833 0.004305043050430504
4 0.7853869653767821 0.2773677736777368 0.008655804480651732 0.005535055350553505
23 0.560336048879837 0.3102706027060271 0.009164969450101833 0.004305043050430504
4 0.0684826883910387 0.3634686346863469 0.01120162932790224 0.004920049200492005
23 0.6173625254582484 0.3059655596555966 0.006619144602851324 0.004305043050430504
4 0.47123217922606925 0.32718327183271834 0.011710794297352342 0.006150061500615006
23 0.0684826883910387 0.3714637146371464 0.010183299389002037 0.005535055350553505
23 0.6163441955193483 0.3148831488314883 0.006619144602851324 0.004920049200492005
23 0.8856924643584522 0.29182041820418203 0.01120162932790224 0.008610086100861008
23 0.7772403258655805 0.30412054120541204 0.006619144602851324 0.004305043050430504
23 0.0705193482688391 0.3837638376383764 0.01120162932790224 0.004305043050430504
23 0.7777494908350305 0.3139606396063961 0.004582484725050916 0.004920049200492005
23 0.8864562118126272 0.30412054120541204 0.009674134419551934 0.004920049200492005
23 0.07077393075356415 0.3942189421894219 0.007637474541751527 0.0036900369003690036
23 0.5832484725050916 0.34317343173431736 0.008655804480651732 0.004920049200492005
23 0.07255600814663951 0.4043665436654367 0.010692464358452138 0.0036900369003690036
30 0.6675152749490835 0.34163591635916357 0.040224032586558045 0.03198031980319803
23 0.5827393075356415 0.35178351783517836 0.008146639511201629 0.0036900369003690036
23 0.07306517311608961 0.41420664206642066 0.010183299389002037 0.006150061500615006
23 0.5829938900203666 0.3628536285362854 0.008146639511201629 0.004305043050430504
23 0.07204684317718942 0.4261992619926199 0.008146639511201629 0.004305043050430504
4 0.002036659877800407 0.053813038130381304 0.004073319755600814 0.006765067650676507
4 0.07586558044806517 0.43665436654366546 0.010183299389002037 0.006150061500615006
4 0.5870672097759674 0.3828413284132841 0.010692464358452138 0.006150061500615006
23 0.015784114052953158 0.05166051660516605 0.006619144602851324 0.0036900369003690036
23 0.6886456211812627 0.3800738007380074 0.00560081466395112 0.004920049200492005
23 0.07510183299389002 0.4468019680196802 0.009164969450101833 0.006150061500615006
30 0.7018839103869654 0.3816113161131611 0.009674134419551934 0.017220172201722016
23 0.05702647657841141 0.4517220172201722 0.012219959266802444 0.007380073800738007
4 0.5868126272912424 0.40067650676506766 0.007637474541751527 0.0036900369003690036
23 0.6873727087576375 0.39022140221402213 0.006109979633401222 0.0036900369003690036
23 0.0012729124236252546 0.46309963099630996 0.0025458248472505093 0.006150061500615006
23 0.9834521384928717 0.3594710947109471 0.006109979633401222 0.0024600246002460025
23 0.07637474541751528 0.4578720787207872 0.012219959266802444 0.007380073800738007
4 0.3811099796334012 0.4268142681426814 0.004582484725050916 0.015375153751537515
23 0.3895112016293279 0.42773677736777366 0.006109979633401222 0.014760147601476014
23 0.25789205702647655 0.44526445264452646 0.007128309572301426 0.004920049200492005
23 0.07662932790224032 0.4683271832718327 0.008655804480651732 0.006765067650676507
4 0.1644602851323829 0.46063960639606394 0.0050916496945010185 0.013530135301353014
23 0.07790224032586558 0.4784747847478475 0.009164969450101833 0.005535055350553505
15 0.4893075356415479 0.4388068880688807 0.15936863543788188 0.1949569495694957
30 0.04124236252545825 0.4892373923739237 0.04480651731160896 0.05043050430504305
30 0.7008655804480651 0.4218942189421894 0.02189409368635438 0.027675276752767528
23 0.079938900203666 0.4883148831488315 0.008655804480651732 0.005535055350553505
23 0.3890020366598778 0.4554120541205412 0.0050916496945010185 0.012300123001230012
23 0.38136456211812625 0.4575645756457565 0.00560081466395112 0.014145141451414513
4 0.18024439918533605 0.4812423124231242 0.01374745417515275 0.006150061500615006
23 0.894857433808554 0.4065190651906519 0.007637474541751527 0.0024600246002460025
4 0.1535132382892057 0.48462484624846247 0.012219959266802444 0.006150061500615006
4 0.5959775967413442 0.44157441574415746 0.007637474541751527 0.004305043050430504
23 0.08070264765784115 0.4981549815498155 0.010183299389002037 0.005535055350553505
23 0.8958757637474541 0.41789667896678967 0.00560081466395112 0.0036900369003690036
23 0.17668024439918534 0.49477244772447726 0.009164969450101833 0.006150061500615006
4 0.6163441955193483 0.4483394833948339 0.006619144602851324 0.004305043050430504
23 0.5990325865580448 0.4504920049200492 0.013238289205702648 0.007380073800738007
4 0.08044806517311609 0.508610086100861 0.009674134419551934 0.004305043050430504
23 0.1789714867617108 0.5079950799507995 0.009164969450101833 0.005535055350553505
4 0.609979633401222 0.46740467404674046 0.007637474541751527 0.004920049200492005
4 0.5944501018329938 0.47017220172201724 0.008146639511201629 0.0036900369003690036
4 0.0814663951120163 0.5289052890528906 0.01120162932790224 0.006150061500615006
4 0.6308553971486762 0.4726322263222632 0.007128309572301426 0.0036900369003690036
4 0.6117617107942973 0.4763222632226322 0.011710794297352342 0.006150061500615006
4 0.594704684317719 0.4800123001230012 0.007637474541751527 0.0036900369003690036
4 0.01680244399185336 0.06027060270602706 0.009164969450101833 0.004920049200492005
23 0.08375763747454175 0.5390528905289053 0.007637474541751527 0.005535055350553505
30 0.021639511201629328 0.5553505535055351 0.038696537678207736 0.04981549815498155
23 0.0835030549898167 0.5488929889298892 0.008146639511201629 0.005535055350553505
4 0.9666496945010183 0.45879458794587946 0.008655804480651732 0.005535055350553505
23 0.0835030549898167 0.5581180811808119 0.007128309572301426 0.003075030750307503
23 0.9684317718940937 0.4689421894218942 0.006619144602851324 0.004920049200492005
7 0.9417006109979633 0.47170971709717097 0.04837067209775967 0.4138991389913899
4 0.2645112016293279 0.5445879458794588 0.01374745417515275 0.003075030750307503
7 0.765274949083503 0.49415744157441577 0.07077393075356415 0.43050430504305043
7 0.8607433808553971 0.48523985239852396 0.062118126272912425 0.4317343173431734
23 0.9666496945010183 0.479089790897909 0.004582484725050916 0.0036900369003690036
4 0.2655295315682281 0.5568880688806888 0.009674134419551934 0.004305043050430504
4 0.08859470468431772 0.5768757687576875 0.014256619144602852 0.006765067650676507
23 0.08706720977596741 0.5867158671586716 0.007637474541751527 0.005535055350553505
23 0.6341649694501018 0.5301353013530136 0.006619144602851324 0.003075030750307503