23 0.934154175588865 0.6914179104477612 0.031049250535331904 0.009701492537313432
15 0.6552462526766595 0.6817164179104478 0.08565310492505353 0.0664179104477612
15 0.3966809421841542 0.6772388059701493 0.08886509635974305 0.04552238805970149
15 0.4925053533190578 0.6914179104477612 0.03961456102783726 0.034328358208955224
23 0.9593147751605996 0.7227611940298507 0.02569593147751606 0.008955223880597015
23 0.9293361884368309 0.7227611940298507 0.028907922912205567 0.010447761194029851
4 0.556745182012848 0.7097014925373134 0.011777301927194861 0.017164179104477612
23 0.9266595289079229 0.024253731343283583 0.019271948608137045 0.019402985074626865
15 0.48126338329764456 0.7246268656716418 0.029978586723768737 0.010447761194029851
4 0.09903640256959315 0.7126865671641791 0.013918629550321198 0.017164179104477612
4 0.0835117773019272 0.7141791044776119 0.016059957173447537 0.023880597014925373
4 0.24089935760171305 0.7328358208955223 0.1702355460385439 0.11641791044776119
4 0.37044967880085655 0.7384328358208955 0.021413276231263382 0.023880597014925373
4 0.8313704496788008 0.022388059701492536 0.028907922912205567 0.010447761194029851
4 0.1381156316916488 0.7455223880597015 0.033190578158458245 0.009701492537313432
4 0.1006423982869379 0.7485074626865672 0.02569593147751606 0.03283582089552239
4 0.07494646680942184 0.7481343283582089 0.02569593147751606 0.033582089552238806
4 0.8704496788008566 0.7813432835820896 0.017130620985010708 0.024626865671641792
4 0.13704496788008566 0.7555970149253731 0.033190578158458245 0.011940298507462687
4 0.13758029978586725 0.767910447761194 0.035331905781584586 0.011940298507462687
4 0.3784796573875803 0.7820895522388059 0.03747323340471092 0.011940298507462687
4 0.7601713062098501 0.7992537313432836 0.021413276231263382 0.006716417910447761
23 0.7248394004282656 0.7985074626865671 0.019271948608137045 0.005970149253731343
4 0.8618843683083511 0.8059701492537313 0.018201284796573874 0.008955223880597015
23 0.7981798715203426 0.8037313432835821 0.021413276231263382 0.007462686567164179
4 0.724304068522484 0.8044776119402985 0.020342612419700215 0.0052238805970149255
23 0.7591006423982869 0.8059701492537313 0.020342612419700215 0.006716417910447761
23 0.7933618843683083 0.8097014925373134 0.020342612419700215 0.005970149253731343
23 0.8618843683083511 0.8145522388059702 0.019271948608137045 0.0052238805970149255
23 0.7585653104925053 0.8119402985074626 0.020342612419700215 0.006716417910447761
4 0.724304068522484 0.810820895522388 0.020342612419700215 0.005970149253731343
23 0.7938972162740899 0.816044776119403 0.020342612419700215 0.006716417910447761
15 0.9223768736616702 0.8223880597014925 0.08886509635974305 0.049253731343283584
23 0.8613490364025695 0.8216417910447761 0.023554603854389723 0.008955223880597015
4 0.7232334047109208 0.8171641791044776 0.019271948608137045 0.006716417910447761
23 0.7580299785867237 0.8186567164179105 0.021413276231263382 0.0052238805970149255
23 0.7928265524625268 0.8223880597014925 0.021413276231263382 0.005970149253731343
4 0.7580299785867237 0.8246268656716418 0.022483940042826552 0.005970149253731343
4 0.7237687366167024 0.8238805970149253 0.020342612419700215 0.005970149253731343
23 0.7928265524625268 0.8287313432835821 0.022483940042826552 0.006716417910447761
15 0.6525695931477516 0.8283582089552238 0.11777301927194861 0.0791044776119403
4 0.7917558886509636 0.8388059701492537 0.020342612419700215 0.005970149253731343
4 0.4860813704496788 0.8279850746268657 0.020342612419700215 0.0052238805970149255
4 0.48501070663811563 0.8335820895522388 0.020342612419700215 0.0052238805970149255
23 0.7922912205567452 0.8462686567164179 0.022483940042826552 0.006716417910447761
4 0.48447537473233404 0.8391791044776119 0.021413276231263382 0.005970149253731343
4 0.9470021413276232 0.8574626865671642 0.023554603854389723 0.008955223880597015
4 0.7901498929336188 0.8526119402985075 0.020342612419700215 0.005970149253731343
23 0.9052462526766595 0.858955223880597 0.01284796573875803 0.020149253731343283
4 0.48394004282655245 0.8462686567164179 0.023554603854389723 0.007462686567164179
23 0.7922912205567452 0.858955223880597 0.022483940042826552 0.005970149253731343
15 0.09796573875802998 0.8335820895522388 0.031049250535331904 0.03208955223880597
4 0.23447537473233404 0.8455223880597015 0.15310492505353318 0.10820895522388059
23 0.8811563169164882 0.8716417910447761 0.016059957173447537 0.017164179104477612
23 0.8656316916488223 0.8723880597014926 0.014989293361884369 0.02164179104477612
23 0.9437901498929336 0.892910447761194 0.02462526766595289 0.009701492537313432
4 0.6622055674518201 0.8850746268656716 0.020342612419700215 0.023134328358208955
4 0.7146680942184154 0.8888059701492538 0.020342612419700215 0.025373134328358207
4 0.12955032119914348 0.8708955223880597 0.05032119914346895 0.014179104477611941
15 0.06423982869379015 0.869776119402985 0.047109207708779445 0.022388059701492536
4 0.528372591006424 0.8880597014925373 0.035331905781584586 0.011940298507462687
23 0.9437901498929336 0.9037313432835821 0.02569593147751606 0.008955223880597015
4 0.984475374732334 0.04216417910447761 0.028907922912205567 0.011940298507462687
15 0.8886509635974305 0.908955223880597 0.07066381156316917 0.03656716417910448
23 0.9507494646680942 0.9182835820895522 0.014989293361884369 0.01791044776119403
4 0.6788008565310493 0.9223880597014925 0.019271948608137045 0.012686567164179104
4 0.6943254817987152 0.923134328358209 0.016059957173447537 0.012686567164179104
23 0.9416488222698073 0.9343283582089552 0.027837259100642397 0.011194029850746268
23 0.8897216274089935 0.9376865671641791 0.016059957173447537 0.019402985074626865
23 0.9031049250535332 0.9388059701492537 0.014989293361884369 0.017164179104477612
23 0.9186295503211992 0.9399253731343283 0.016059957173447537 0.019402985074626865
23 0.8731263383297645 0.939179104477612 0.01284796573875803 0.018656716417910446
23 0.9416488222698073 0.9462686567164179 0.028907922912205567 0.009701492537313432
4 0.9143468950749465 0.9604477611940299 0.01284796573875803 0.017164179104477612
4 0.9009635974304069 0.9611940298507463 0.013918629550321198 0.017164179104477612
4 0.8725910064239829 0.9641791044776119 0.01284796573875803 0.016417910447761194
15 0.6092077087794433 0.9567164179104478 0.07601713062098502 0.05
15 0.19004282655246252 0.9421641791044776 0.02676659528907923 0.026865671641791045
15 0.40417558886509636 0.9563432835820895 0.033190578158458245 0.012686567164179104
4 0.6884368308351178 0.9682835820895522 0.019271948608137045 0.005970149253731343
4 0.6680942184154176 0.9679104477611941 0.019271948608137045 0.0052238805970149255
15 0.1354389721627409 0.9488805970149253 0.019271948608137045 0.014925373134328358
15 0.5396145610278372 0.9675373134328358 0.029978586723768737 0.02164179104477612
23 0.6884368308351178 0.975 0.018201284796573874 0.005970149253731343
4 0.6686295503211992 0.9746268656716418 0.019271948608137045 0.005970149253731343
23 0.7451820128479657 0.9828358208955223 0.020342612419700215 0.006716417910447761
23 0.7649892933618844 0.983955223880597 0.019271948608137045 0.005970149253731343
4 0.7205567451820128 0.9824626865671642 0.023554603854389723 0.006716417910447761
23 0.6879014989293362 0.9813432835820896 0.019271948608137045 0.006716417910447761
4 0.6686295503211992 0.9809701492537314 0.019271948608137045 0.0052238805970149255
23 0.39775160599571735 0.975 0.017130620985010708 0.005970149253731343
4 0.7649892933618844 0.9895522388059701 0.020342612419700215 0.005970149253731343
23 0.7446466809421841 0.9891791044776119 0.019271948608137045 0.0052238805970149255
23 0.7200214132762313 0.9888059701492538 0.020342612419700215 0.005970149253731343
23 0.5064239828693791 0.9854477611940299 0.020342612419700215 0.006716417910447761
4 0.7644539614561028 0.9951492537313433 0.021413276231263382 0.005970149253731343
23 0.7441113490364025 0.9951492537313433 0.020342612419700215 0.006716417910447761
23 0.7194860813704497 0.9944029850746269 0.020342612419700215 0.005970149253731343
4 0.6349036402569593 0.9917910447761195 0.008565310492505354 0.013432835820895522
23 0.565845824411135 0.9899253731343284 0.009635974304068522 0.014179104477611941
4 0.5299785867237687 0.9888059701492538 0.010706638115631691 0.012686567164179104
4 0.5904710920770878 0.991044776119403 0.009635974304068522 0.014179104477611941
4 0.538543897216274 0.9895522388059701 0.011777301927194861 0.014179104477611941
4 0.547644539614561 0.9899253731343284 0.010706638115631691 0.014179104477611941
23 0.5749464668094219 0.991044776119403 0.009635974304068522 0.013432835820895522
4 0.521948608137045 0.9895522388059701 0.007494646680942184 0.015671641791044775
4 0.5064239828693791 0.9902985074626866 0.022483940042826552 0.006716417910447761
4 0.5080299785867237 0.9906716417910447 0.023554603854389723 0.007462686567164179
4 0.7194860813704497 0.9977611940298508 0.023554603854389723 0.0029850746268656717
4 0.9850107066381156 0.05335820895522388 0.027837259100642397 0.012686567164179104
4 0.838865096359743 0.04888059701492537 0.06423982869379015 0.04552238805970149
23 0.7526766595289079 0.045895522388059704 0.027837259100642397 0.010447761194029851
23 0.6076017130620985 0.04141791044776119 0.033190578158458245 0.010447761194029851
4 0.9411134903640257 0.054104477611940295 0.06316916488222699 0.04552238805970149
4 0.6407922912205567 0.04328358208955224 0.029978586723768737 0.011194029850746268
4 0.7178800856531049 0.04626865671641791 0.033190578158458245 0.011194029850746268
4 0.8972162740899358 0.054850746268656714 0.014989293361884369 0.023880597014925373
4 0.6889721627408993 0.05111940298507463 0.019271948608137045 0.025373134328358207
4 0.6697002141327623 0.050746268656716415 0.020342612419700215 0.025373134328358207
23 0.7516059957173448 0.05858208955223881 0.029978586723768737 0.010447761194029851
4 0.7168094218415417 0.057462686567164176 0.034261241970021415 0.009701492537313432
4 0.6407922912205567 0.05522388059701493 0.033190578158458245 0.009701492537313432
23 0.607066381156317 0.05447761194029851 0.032119914346895075 0.010447761194029851
23 0.9828693790149893 0.07649253731343283 0.023554603854389723 0.008208955223880597
4 0.715203426124197 0.06977611940298507 0.033190578158458245 0.011194029850746268
23 0.7510706638115632 0.07126865671641791 0.031049250535331904 0.009701492537313432
4 0.6397216274089935 0.06753731343283582 0.033190578158458245 0.011194029850746268
23 0.6054603854389722 0.0667910447761194 0.031049250535331904 0.010447761194029851
4 0.6873661670235546 0.0791044776119403 0.018201284796573874 0.024626865671641792
4 0.6691648822269807 0.07985074626865672 0.020342612419700215 0.023880597014925373
23 0.7489293361884368 0.0832089552238806 0.028907922912205567 0.009701492537313432
4 0.7146680942184154 0.08246268656716418 0.033190578158458245 0.009701492537313432
4 0.6386509635974305 0.08022388059701492 0.033190578158458245 0.011940298507462687
23 0.6049250535331906 0.07947761194029851 0.029978586723768737 0.011194029850746268
4 0.7130620985010707 0.09440298507462687 0.035331905781584586 0.011194029850746268
23 0.7494646680942184 0.0962686567164179 0.029978586723768737 0.011194029850746268
4 0.6386509635974305 0.09253731343283582 0.034261241970021415 0.011194029850746268
23 0.6038543897216274 0.0914179104477612 0.032119914346895075 0.009701492537313432
4 0.7119914346895075 0.10671641791044777 0.03747323340471092 0.010447761194029851
23 0.7483940042826552 0.1085820895522388 0.029978586723768737 0.011194029850746268
23 0.6033190578158458 0.10335820895522388 0.032119914346895075 0.009701492537313432
4 0.6370449678800857 0.10522388059701493 0.03640256959314775 0.012686567164179104
4 0.6648822269807281 0.11194029850746269 0.021413276231263382 0.024626865671641792
4 0.6846895074946466 0.1126865671641791 0.019271948608137045 0.025373134328358207
4 0.8688436830835118 0.1208955223880597 0.08137044967880086 0.057462686567164176
4 0.7130620985010707 0.11902985074626865 0.03854389721627409 0.010447761194029851
4 0.6365096359743041 0.11604477611940299 0.03854389721627409 0.011194029850746268
23 0.6027837259100642 0.11567164179104478 0.031049250535331904 0.008955223880597015
23 0.7478586723768736 0.12126865671641791 0.029978586723768737 0.010447761194029851
23 0.9882226980728052 0.13171641791044778 0.021413276231263382 0.011194029850746268
23 0.9539614561027837 0.13134328358208955 0.013918629550321198 0.008955223880597015
4 0.032119914346895075 0.1044776119402985 0.008565310492505354 0.02164179104477612
4 0.711456102783726 0.13171641791044778 0.03640256959314775 0.009701492537313432
23 0.6022483940042827 0.12835820895522387 0.032119914346895075 0.011194029850746268
4 0.6354389721627409 0.12985074626865672 0.03640256959314775 0.011194029850746268
23 0.7478586723768736 0.13432835820895522 0.029978586723768737 0.010447761194029851
23 0.9769807280513919 0.15708955223880597 0.032119914346895075 0.034328358208955224
4 0.9314775160599572 0.15559701492537314 0.07922912205567452 0.04402985074626865
4 0.8345824411134903 0.16567164179104477 0.023554603854389723 0.007462686567164179
4 0.8340471092077087 0.17313432835820897 0.02462526766595289 0.007462686567164179
23 0.9823340471092077 0.18097014925373134 0.008565310492505354 0.005970149253731343
23 0.9571734475374732 0.18097014925373134 0.008565310492505354 0.007462686567164179
23 0.9710920770877944 0.18171641791044776 0.009635974304068522 0.007462686567164179
23 0.9946466809421841 0.18544776119402986 0.008565310492505354 0.017164179104477612
4 0.8335117773019272 0.18097014925373134 0.02676659528907923 0.008208955223880597
23 0.9828693790149893 0.18917910447761194 0.007494646680942184 0.007462686567164179
23 0.832441113490364 0.18992537313432836 0.029978586723768737 0.011940298507462687
23 0.9041755888650964 0.20783582089552238 0.034261241970021415 0.011194029850746268
4 0.9031049250535332 0.21902985074626866 0.033190578158458245 0.010447761194029851
23 0.9357601713062098 0.2208955223880597 0.017130620985010708 0.020895522388059702
4 0.9946466809421841 0.22649253731343283 0.008565310492505354 0.02164179104477612
23 0.9031049250535332 0.2294776119402985 0.032119914346895075 0.008955223880597015
4 0.9288008565310493 0.23843283582089553 0.02676659528907923 0.009701492537313432
23 0.5899357601713062 0.22761194029850745 0.02676659528907923 0.010447761194029851
4 0.9646680942184154 0.24291044776119403 0.017130620985010708 0.03582089552238806
4 0.9823340471092077 0.24365671641791045 0.020342612419700215 0.03656716417910448
23 0.8602783725910065 0.2421641791044776 0.016059957173447537 0.023134328358208955
23 0.8752676659528907 0.24365671641791045 0.009635974304068522 0.013432835820895522
23 0.841541755888651 0.2458955223880597 0.02676659528907923 0.008955223880597015
23 0.8153104925053534 0.2455223880597015 0.029978586723768737 0.011194029850746268
23 0.7815845824411135 0.24440298507462688 0.029978586723768737 0.011194029850746268
23 0.5877944325481799 0.23843283582089553 0.028907922912205567 0.007462686567164179
4 0.6188436830835118 0.24440298507462688 0.016059957173447537 0.02164179104477612
4 0.9266595289079229 0.26044776119402985 0.027837259100642397 0.03208955223880597
4 0.38383297644539616 0.24104477611940298 0.02569593147751606 0.011194029850746268
4 0.3506423982869379 0.23992537313432835 0.028907922912205567 0.011194029850746268
23 0.6049250535331906 0.2593283582089552 0.009635974304068522 0.014925373134328358
23 0.5926124197002142 0.2593283582089552 0.008565310492505354 0.015671641791044775
4 0.5770877944325482 0.258955223880597 0.016059957173447537 0.019402985074626865
23 0.5647751605995718 0.2608208955223881 0.008565310492505354 0.016417910447761194
4 0.5508565310492506 0.26156716417910447 0.014989293361884369 0.020895522388059702
4 0.5331905781584583 0.2619402985074627 0.01284796573875803 0.018656716417910446
4 0.3222698072805139 0.2593283582089552 0.016059957173447537 0.023880597014925373
4 0.9100642398286938 0.28134328358208954 0.021413276231263382 0.006716417910447761
23 0.341541755888651 0.2608208955223881 0.020342612419700215 0.027611940298507463
4 0.515524625267666 0.26791044776119405 0.022483940042826552 0.013432835820895522
23 0.36295503211991437 0.26417910447761195 0.021413276231263382 0.033582089552238806
23 0.26605995717344755 0.2630597014925373 0.033190578158458245 0.011940298507462687
4 0.6386509635974305 0.2783582089552239 0.028907922912205567 0.011194029850746268
4 0.908458244111349 0.28955223880597014 0.022483940042826552 0.007462686567164179
23 0.9095289079229122 0.2958955223880597 0.022483940042826552 0.008208955223880597
4 0.5315845824411135 0.2832089552238806 0.014989293361884369 0.020149253731343283
4 0.5492505353319058 0.28432835820895525 0.016059957173447537 0.020895522388059702
4 0.5149892933618844 0.2835820895522388 0.020342612419700215 0.014179104477611941
23 0.262847965738758 0.27686567164179104 0.03854389721627409 0.013432835820895522
4 0.028907922912205567 0.26977611940298507 0.027837259100642397 0.04701492537313433
4 0.21199143468950749 0.27723880597014927 0.034261241970021415 0.04776119402985075
4 0.17826552462526768 0.2764925373134328 0.03640256959314775 0.048507462686567165
23 0.908458244111349 0.3041044776119403 0.020342612419700215 0.005970149253731343
23 0.29925053533190576 0.28619402985074627 0.017130620985010708 0.020895522388059702
4 0.39025695931477516 0.29253731343283584 0.013918629550321198 0.019402985074626865
4 0.5133832976445396 0.2992537313432836 0.019271948608137045 0.015671641791044775
4 0.26177730192719484 0.291044776119403 0.035331905781584586 0.008955223880597015
4 0.5374732334047109 0.30223880597014924 0.02462526766595289 0.013432835820895522
23 0.15256959314775162 0.2973880597014925 0.017130620985010708 0.02164179104477612
23 0.13597430406852248 0.29701492537313434 0.014989293361884369 0.02164179104477612
23 0.12044967880085652 0.2966417910447761 0.017130620985010708 0.022388059701492536
23 0.256423982869379 0.3041044776119403 0.02569593147751606 0.008955223880597015
23 0.29014989293361887 0.30634328358208956 0.033190578158458245 0.010447761194029851
4 0.645610278372591 0.31977611940298506 0.013918629550321198 0.019402985074626865
4 0.5380085653104925 0.3164179104477612 0.021413276231263382 0.018656716417910446
4 0.5123126338329764 0.3164179104477612 0.021413276231263382 0.020149253731343283
23 0.33244111349036404 0.31902985074626866 0.02569593147751606 0.008955223880597015
4 0.21306209850107066 0.31604477611940296 0.018201284796573874 0.02164179104477612
4 0.28586723768736616 0.31902985074626866 0.03747323340471092 0.012686567164179104
4 0.18201284796573874 0.3167910447761194 0.014989293361884369 0.020149253731343283
23 0.1975374732334047 0.31716417910447764 0.017130620985010708 0.020149253731343283
4 0.5123126338329764 0.33544776119402986 0.027837259100642397 0.016417910447761194
4 0.6445396145610278 0.341044776119403 0.01284796573875803 0.017164179104477612
23 0.28640256959314775 0.32985074626865674 0.022483940042826552 0.007462686567164179
4 0.2676659528907923 0.3376865671641791 0.029978586723768737 0.009701492537313432
23 0.26659528907922914 0.34813432835820896 0.028907922912205567 0.011194029850746268
23 0.9047109207708779 0.37910447761194027 0.02676659528907923 0.007462686567164179
23 0.6145610278372591 0.3716417910447761 0.031049250535331904 0.013432835820895522
23 0.30460385438972165 0.36082089552238805 0.018201284796573874 0.02164179104477612
23 0.26552462526766596 0.3611940298507463 0.031049250535331904 0.011194029850746268
23 0.9041755888650964 0.38656716417910447 0.02676659528907923 0.006716417910447761
23 0.9052462526766595 0.39365671641791045 0.029978586723768737 0.007462686567164179
4 0.6204496788008566 0.3850746268656716 0.020342612419700215 0.007462686567164179
23 0.26498929336188437 0.37276119402985075 0.031049250535331904 0.011940298507462687
23 0.5958244111349036 0.38731343283582087 0.008565310492505354 0.014179104477611941
23 0.9036402569593148 0.4003731343283582 0.031049250535331904 0.007462686567164179
23 0.6150963597430407 0.39291044776119405 0.022483940042826552 0.005970149253731343
23 0.5246252676659529 0.3902985074626866 0.032119914346895075 0.026119402985074626
23 0.9025695931477516 0.4078358208955224 0.032119914346895075 0.008208955223880597
23 0.26498929336188437 0.38619402985074625 0.031049250535331904 0.011940298507462687
23 0.9031049250535332 0.41567164179104477 0.031049250535331904 0.008955223880597015
23 0.6150963597430407 0.407089552238806 0.023554603854389723 0.0052238805970149255
4 0.2639186295503212 0.3977611940298508 0.029978586723768737 0.011940298507462687
23 0.30674518201284795 0.40559701492537314 0.011777301927194861 0.014925373134328358
23 0.9020342612419701 0.4294776119402985 0.01284796573875803 0.018656716417910446
23 0.8404710920770878 0.4279850746268657 0.009635974304068522 0.01791044776119403
23 0.8918629550321199 0.43022388059701494 0.009635974304068522 0.019402985074626865
23 0.8811563169164882 0.43022388059701494 0.011777301927194861 0.018656716417910446
23 0.869914346895075 0.4298507462686567 0.011777301927194861 0.01791044776119403
4 0.2633832976445396 0.4078358208955224 0.031049250535331904 0.009701492537313432
23 0.8046038543897216 0.42761194029850746 0.010706638115631691 0.018656716417910446
23 0.8613490364025695 0.4298507462686567 0.008565310492505354 0.018656716417910446
23 0.8153104925053534 0.42835820895522386 0.011777301927194861 0.020149253731343283
23 0.7419700214132763 0.4261194029850746 0.010706638115631691 0.016417910447761194
23 0.7521413276231264 0.42686567164179107 0.009635974304068522 0.01791044776119403
23 0.7842612419700214 0.4279850746268657 0.010706638115631691 0.019402985074626865
23 0.7633832976445396 0.42723880597014924 0.011777301927194861 0.01791044776119403
23 0.7735546038543897 0.4279850746268657 0.010706638115631691 0.01791044776119403
4 0.6552462526766595 0.42388059701492536 0.009635974304068522 0.016417910447761194
23 0.6879014989293362 0.42574626865671644 0.010706638115631691 0.015671641791044775
23 0.9566381156316917 0.43582089552238806 0.02569593147751606 0.008955223880597015
4 0.6648822269807281 0.4253731343283582 0.009635974304068522 0.01791044776119403
4 0.6745182012847966 0.4261194029850746 0.009635974304068522 0.017164179104477612
4 0.699678800856531 0.42686567164179107 0.01284796573875803 0.016417910447761194
15 0.40471092077087795 0.4212686567164179 0.18522483940042828 0.15970149253731344
23 0.9266595289079229 0.4414179104477612 0.017130620985010708 0.0052238805970149255
23 0.262847965738758 0.4197761194029851 0.031049250535331904 0.009701492537313432
23 0.2607066381156317 0.43283582089552236 0.032119914346895075 0.011940298507462687
23 0.8624197002141327 0.45932835820895523 0.011777301927194861 0.017164179104477612
23 0.908458244111349 0.46119402985074626 0.009635974304068522 0.014925373134328358
23 0.778372591006424 0.45634328358208953 0.01284796573875803 0.014925373134328358
23 0.8859743040685225 0.46044776119402986 0.011777301927194861 0.014925373134328358
23 0.7660599571734475 0.45634328358208953 0.009635974304068522 0.015671641791044775
23 0.8752676659528907 0.46044776119402986 0.008565310492505354 0.015671641791044775
23 0.8426124197002142 0.45932835820895523 0.009635974304068522 0.01791044776119403
23 0.7906852248394004 0.45746268656716416 0.011777301927194861 0.014179104477611941
23 0.8137044967880086 0.4585820895522388 0.013918629550321198 0.015671641791044775
23 0.8013918629550322 0.4582089552238806 0.01284796573875803 0.016417910447761194
23 0.8511777301927195 0.4608208955223881 0.010706638115631691 0.016417910447761194
4 0.5133832976445396 0.4541044776119403 0.031049250535331904 0.009701492537313432
4 0.30032119914346894 0.4496268656716418 0.01284796573875803 0.019402985074626865
4 0.25963597430406854 0.4488805970149254 0.033190578158458245 0.011194029850746268
23 0.8859743040685225 0.4783582089552239 0.009635974304068522 0.014925373134328358
23 0.25963597430406854 0.46044776119402986 0.031049250535331904 0.011940298507462687
23 0.25856531049250536 0.475 0.031049250535331904 0.010447761194029851
4 0.6445396145610278 0.4973880597014925 0.08886509635974305 0.0664179104477612
23 0.2580299785867238 0.48507462686567165 0.029978586723768737 0.010447761194029851
4 0.32548179871520344 0.4917910447761194 0.018201284796573874 0.019402985074626865
23 0.25856531049250536 0.49589552238805973 0.032119914346895075 0.011194029850746268
4 0.9122055674518201 0.5212686567164179 0.016059957173447537 0.020895522388059702
4 0.3966809421841542 0.5111940298507462 0.03747323340471092 0.011194029850746268
4 0.2569593147751606 0.5067164179104477 0.032119914346895075 0.009701492537313432
23 0.3302997858672377 0.5190298507462686 0.03640256959314775 0.015671641791044775
23 0.256423982869379 0.5171641791044777 0.033190578158458245 0.011940298507462687
15 0.7901498929336188 0.5466417910447762 0.21841541755888652 0.0880597014925373
23 0.2558886509635974 0.5313432835820896 0.031049250535331904 0.009701492537313432
4 0.5240899357601713 0.5414179104477612 0.02462526766595289 0.016417910447761194
4 0.3292291220556745 0.5343283582089552 0.03747323340471092 0.012686567164179104
4 0.5465738758029979 0.5425373134328358 0.023554603854389723 0.016417910447761194
4 0.6477516059957173 0.5473880597014925 0.018201284796573874 0.020895522388059702
4 0.25428265524625265 0.5410447761194029 0.029978586723768737 0.011194029850746268
23 0.25481798715203424 0.5522388059701493 0.034261241970021415 0.011940298507462687
4 0.40471092077087795 0.5682835820895522 0.11241970021413276 0.07537313432835821
23 0.25321199143468953 0.5671641791044776 0.032119914346895075 0.012686567164179104
4 0.8238758029978587 0.5985074626865672 0.027837259100642397 0.011940298507462687
4 0.25321199143468953 0.5776119402985075 0.033190578158458245 0.008208955223880597
4 0.7537473233404711 0.5977611940298507 0.02462526766595289 0.008208955223880597
4 0.7794432548179872 0.6 0.010706638115631691 0.017164179104477612
23 0.9336188436830836 0.6055970149253731 0.014989293361884369 0.019402985074626865
4 0.25374732334047106 0.5869402985074627 0.033190578158458245 0.009701492537313432
23 0.8581370449678801 0.6130597014925373 0.014989293361884369 0.018656716417910446
23 0.25267665952890794 0.5981343283582089 0.029978586723768737 0.011194029850746268
4 0.8153104925053534 0.6320895522388059 0.027837259100642397 0.011194029850746268
23 0.25214132762312635 0.6115671641791045 0.033190578158458245 0.011940298507462687
23 0.8779443254817987 0.016044776119402984 0.046038543897216275 0.007462686567164179
4 0.38383297644539616 0.630223880597015 0.047109207708779445 0.01791044776119403
4 0.41755888650963596 0.6328358208955224 0.014989293361884369 0.020149253731343283
4 0.832441113490364 0.013805970149253732 0.029978586723768737 0.0052238805970149255
23 0.16488222698072805 0.6272388059701492 0.011777301927194861 0.020149253731343283
23 0.19325481798715202 0.628731343283582 0.01284796573875803 0.020149253731343283
23 0.17880085653104924 0.628731343283582 0.014989293361884369 0.020895522388059702
4 0.23554603854389722 0.6313432835820896 0.06745182012847965 0.023880597014925373
4 0.2328693790149893 0.6537313432835821 0.06852248394004283 0.022388059701492536
23 0.19271948608137046 0.6526119402985074 0.017130620985010708 0.020149253731343283
23 0.1771948608137045 0.6533582089552239 0.014989293361884369 0.02164179104477612
23 0.16113490364025695 0.6533582089552239 0.017130620985010708 0.02164179104477612
15 0.8019271948608137 0.6779850746268656 0.19271948608137046 0.08656716417910448