23 0.9119718309859155 0.6960028050490884 0.029175050301810865 0.0091164095371669
15 0.6498993963782697 0.6868863955119214 0.08048289738430583 0.06241234221598878
15 0.40694164989939635 0.6826788218793829 0.08350100603621731 0.042776998597475455
15 0.4969818913480885 0.6963534361851332 0.03722334004024145 0.03225806451612903
23 0.9356136820925554 0.7254558204768583 0.02414486921529175 0.008415147265077139
23 0.9069416498993964 0.7254558204768583 0.02716297786720322 0.009817671809256662
4 0.556841046277666 0.7131837307152875 0.011066398390342052 0.016129032258064516
23 0.9044265593561368 0.06732117812061711 0.01710261569416499 0.021037868162692847
15 0.4864185110663984 0.7272089761570828 0.028169014084507043 0.009817671809256662
4 0.1267605633802817 0.7163394109396914 0.013078470824949699 0.016129032258064516
4 0.11217303822937626 0.717391304347826 0.015090543259557344 0.02244039270687237
4 0.26006036217303824 0.735273492286115 0.15995975855130784 0.1093969144460028
4 0.3822937625754527 0.7401823281907434 0.02012072434607646 0.02244039270687237
4 0.8148893360160966 0.06732117812061711 0.02716297786720322 0.009817671809256662
4 0.16348088531187122 0.7468443197755961 0.03118712273641851 0.0091164095371669
4 0.12877263581488935 0.75 0.02414486921529175 0.030855539971949508
4 0.10462776659959759 0.7492987377279102 0.02414486921529175 0.03155680224403927
4 0.852112676056338 0.7808555399719496 0.01609657947686117 0.02314165497896213
4 0.16297786720321933 0.7566619915848527 0.03118712273641851 0.011220196353436185
4 0.16348088531187122 0.7678821879382889 0.03319919517102616 0.011220196353436185
4 0.38983903420523136 0.7812061711079944 0.035211267605633804 0.011220196353436185
4 0.7479879275653923 0.7973352033660589 0.02012072434607646 0.006311360448807854
23 0.7152917505030181 0.7966339410939691 0.018108651911468814 0.005610098176718092
4 0.8435613682092555 0.8039971949509116 0.01710261569416499 0.008415147265077139
23 0.783702213279678 0.8018934081346424 0.02012072434607646 0.0070126227208976155
4 0.7147887323943662 0.8022440392706872 0.019114688128772636 0.004908835904628331
23 0.7474849094567404 0.8036465638148668 0.019114688128772636 0.006311360448807854
23 0.7796780684104627 0.8075035063113605 0.019114688128772636 0.005610098176718092
23 0.8435613682092555 0.8120617110799438 0.018108651911468814 0.004908835904628331
23 0.7469818913480886 0.8096072931276297 0.019114688128772636 0.006311360448807854
4 0.7147887323943662 0.8085553997194951 0.019114688128772636 0.005610098176718092
23 0.7796780684104627 0.8131136044880786 0.019114688128772636 0.006311360448807854
15 0.9009054325955734 0.8190743338008415 0.08350100603621731 0.04628330995792426
23 0.8430583501006036 0.8183730715287517 0.022132796780684104 0.008415147265077139
4 0.7137826961770624 0.8145161290322581 0.018108651911468814 0.006311360448807854
23 0.7464788732394366 0.8155680224403927 0.02012072434607646 0.004908835904628331
23 0.7791750503018109 0.8190743338008415 0.02012072434607646 0.005610098176718092
4 0.7464788732394366 0.8211781206171108 0.02112676056338028 0.005610098176718092
4 0.7137826961770624 0.8208274894810659 0.019114688128772636 0.005610098176718092
23 0.7791750503018109 0.8250350631136045 0.02112676056338028 0.006311360448807854
15 0.64738430583501 0.8246844319775596 0.11066398390342053 0.07433380084151472
4 0.778169014084507 0.8348527349228612 0.019114688128772636 0.005610098176718092
4 0.4909456740442656 0.8246844319775596 0.019114688128772636 0.004908835904628331
4 0.48993963782696176 0.8299438990182328 0.019114688128772636 0.004908835904628331
23 0.778672032193159 0.8418653576437588 0.02112676056338028 0.006311360448807854
4 0.4894366197183099 0.835203366058906 0.02012072434607646 0.005610098176718092
4 0.9240442655935613 0.8520336605890603 0.022132796780684104 0.008415147265077139
4 0.7766599597585513 0.8474754558204769 0.019114688128772636 0.005610098176718092
23 0.8848088531187123 0.8534361851332398 0.012072434607645875 0.018934081346423562
4 0.48893360160965793 0.8415147265077139 0.022132796780684104 0.0070126227208976155
23 0.778672032193159 0.8537868162692848 0.02112676056338028 0.005610098176718092
15 0.12625754527162977 0.8299438990182328 0.029175050301810865 0.030154277699859747
4 0.2545271629778672 0.8408134642356241 0.14386317907444668 0.10168302945301542
23 0.8621730382293763 0.8653576437587658 0.015090543259557344 0.016129032258064516
23 0.8470824949698189 0.8660589060308556 0.014084507042253521 0.020336605890603085
23 0.9210261569416499 0.8856942496493688 0.023138832997987926 0.0091164095371669
4 0.6564386317907445 0.8783309957924264 0.019114688128772636 0.021739130434782608
4 0.7052313883299799 0.8814866760168303 0.019114688128772636 0.023842917251051893
4 0.15593561368209255 0.865007012622721 0.047283702213279676 0.01332398316970547
15 0.09456740442655935 0.8636044880785414 0.04426559356136821 0.021037868162692847
4 0.5306841046277666 0.8807854137447405 0.03319919517102616 0.011220196353436185
23 0.9210261569416499 0.8958625525946704 0.02414486921529175 0.008415147265077139
4 0.9592555331991952 0.0859046283309958 0.02716297786720322 0.011220196353436185
15 0.8687122736418511 0.9007713884992987 0.06639839034205232 0.034361851332398316
23 0.9275653923541247 0.9095371669004207 0.014084507042253521 0.016830294530154277
4 0.6720321931589537 0.9130434782608695 0.018108651911468814 0.011921458625525946
4 0.6866197183098591 0.9140953716690042 0.015090543259557344 0.011921458625525946
23 0.9190140845070423 0.9246143057503506 0.026156941649899398 0.010518934081346423
23 0.8702213279678068 0.9277699859747546 0.015090543259557344 0.0182328190743338
23 0.8822937625754527 0.9284712482468443 0.014084507042253521 0.016129032258064516
23 0.89738430583501 0.929523141654979 0.015090543259557344 0.0182328190743338
23 0.8546277665995976 0.9288218793828892 0.012072434607645875 0.01753155680224404
23 0.9185110663983903 0.9354838709677419 0.02716297786720322 0.0091164095371669
4 0.8933601609657947 0.9488078541374474 0.012072434607645875 0.016129032258064516
4 0.880784708249497 0.949859747545582 0.013078470824949699 0.016129032258064516
4 0.8536217303822937 0.9523141654978962 0.012072434607645875 0.015427769985974754
15 0.6066398390342053 0.9456521739130435 0.07142857142857142 0.046984572230014024
15 0.21277665995975856 0.9319775596072931 0.025150905432595575 0.025245441795231416
15 0.41398390342052316 0.9453015427769986 0.03118712273641851 0.011921458625525946
4 0.6805835010060363 0.9561711079943899 0.018108651911468814 0.005610098176718092
4 0.6614688128772636 0.955820476858345 0.018108651911468814 0.004908835904628331
15 0.16146881287726358 0.9379382889200562 0.018108651911468814 0.014025245441795231
15 0.5407444668008048 0.955820476858345 0.028169014084507043 0.020336605890603085
23 0.6810865191146881 0.9624824684431977 0.01710261569416499 0.005610098176718092
4 0.6624748490945674 0.9621318373071529 0.018108651911468814 0.005610098176718092
23 0.7339034205231388 0.9701963534361852 0.019114688128772636 0.006311360448807854
23 0.7530181086519114 0.9708976157082749 0.018108651911468814 0.005610098176718092
4 0.7107645875251509 0.9694950911640954 0.022132796780684104 0.006311360448807854
23 0.6805835010060363 0.9687938288920056 0.018108651911468814 0.006311360448807854
4 0.6624748490945674 0.9680925666199158 0.018108651911468814 0.004908835904628331
23 0.4079476861167002 0.9624824684431977 0.01609657947686117 0.005610098176718092
4 0.7530181086519114 0.976507713884993 0.019114688128772636 0.005610098176718092
23 0.7334004024144869 0.9758064516129032 0.018108651911468814 0.004908835904628331
23 0.710261569416499 0.9754558204768583 0.019114688128772636 0.005610098176718092
23 0.5095573440643864 0.9723001402524544 0.019114688128772636 0.006311360448807854
4 0.7520120724346077 0.9814165497896213 0.02012072434607646 0.005610098176718092
23 0.7328973843058351 0.9814165497896213 0.019114688128772636 0.006311360448807854
23 0.709758551307847 0.9807152875175316 0.019114688128772636 0.005610098176718092
4 0.6302816901408451 0.9786115007012622 0.008048289738430584 0.012622720897615708
23 0.5653923541247485 0.976507713884993 0.009054325955734407 0.01332398316970547
4 0.5321931589537223 0.9754558204768583 0.01006036217303823 0.011921458625525946
4 0.5885311871227364 0.9779102384291725 0.009054325955734407 0.01332398316970547
4 0.539738430583501 0.9761570827489481 0.011066398390342052 0.01332398316970547
4 0.5487927565392354 0.9768583450210379 0.01006036217303823 0.01332398316970547
23 0.573943661971831 0.9775596072931276 0.009054325955734407 0.012622720897615708
4 0.5241448692152918 0.976507713884993 0.007042253521126761 0.014726507713884993
4 0.5100603621730382 0.9772089761570828 0.02112676056338028 0.006311360448807854
4 0.511569416498994 0.9775596072931276 0.022132796780684104 0.0070126227208976155
4 0.7092555331991952 0.9859747545582047 0.02112676056338028 0.005610098176718092
23 0.7328973843058351 0.9877279102384292 0.019114688128772636 0.005610098176718092
4 0.9607645875251509 0.09642356241234222 0.028169014084507043 0.011220196353436185
4 0.8219315895372233 0.09221598877980365 0.060362173038229376 0.042776998597475455
23 0.7414486921529175 0.08976157082748948 0.026156941649899398 0.009817671809256662
23 0.6046277665995976 0.08520336605890604 0.03118712273641851 0.009817671809256662
4 0.9180080482897385 0.09712482468443198 0.059356136820925554 0.042776998597475455
4 0.636317907444668 0.08695652173913043 0.028169014084507043 0.010518934081346423
4 0.7082494969818913 0.08976157082748948 0.03118712273641851 0.010518934081346423
4 0.8767605633802817 0.09817671809256662 0.014084507042253521 0.02244039270687237
4 0.68158953722334 0.09431977559607294 0.018108651911468814 0.023842917251051893
4 0.6629778672032193 0.09396914446002805 0.019114688128772636 0.023842917251051893
23 0.7399396378269618 0.10133239831697055 0.028169014084507043 0.009817671809256662
4 0.7077464788732394 0.1002805049088359 0.03219315895372234 0.0091164095371669
4 0.635814889336016 0.0985273492286115 0.03118712273641851 0.0091164095371669
23 0.6046277665995976 0.09782608695652174 0.030181086519114688 0.009817671809256662
23 0.9577464788732394 0.11816269284712483 0.022132796780684104 0.007713884992987377
4 0.7062374245472837 0.11220196353436185 0.03118712273641851 0.010518934081346423
23 0.7399396378269618 0.11360448807854137 0.029175050301810865 0.0091164095371669
4 0.6348088531187123 0.11009817671809256 0.03118712273641851 0.010518934081346423
23 0.60261569416499 0.10904628330995793 0.029175050301810865 0.009817671809256662
4 0.6800804828973843 0.12061711079943899 0.01710261569416499 0.02314165497896213
4 0.6629778672032193 0.12131837307152875 0.019114688128772636 0.02244039270687237
23 0.7379275653923542 0.12447405329593268 0.02716297786720322 0.0091164095371669
4 0.7057344064386318 0.12377279102384292 0.03118712273641851 0.0091164095371669
4 0.6343058350100603 0.12166900420757364 0.03118712273641851 0.011220196353436185
23 0.60261569416499 0.12096774193548387 0.028169014084507043 0.010518934081346423
4 0.704225352112676 0.135343618513324 0.03319919517102616 0.010518934081346423
23 0.738430583501006 0.13709677419354838 0.028169014084507043 0.010518934081346423
4 0.6343058350100603 0.13359046283309958 0.03219315895372234 0.010518934081346423
23 0.6016096579476862 0.13253856942496495 0.030181086519114688 0.0091164095371669
4 0.7032193158953722 0.14656381486676018 0.035211267605633804 0.009817671809256662
23 0.7374245472837022 0.14866760168302945 0.028169014084507043 0.010518934081346423
23 0.6011066398390342 0.14375876577840113 0.030181086519114688 0.0091164095371669
4 0.6322937625754527 0.14516129032258066 0.03420523138832998 0.011921458625525946
4 0.6584507042253521 0.1514726507713885 0.02012072434607646 0.02314165497896213
4 0.6770623742454729 0.15252454417952313 0.018108651911468814 0.023842917251051893
4 0.8506036217303823 0.15988779803646563 0.07645875251509054 0.05399719495091164
4 0.704225352112676 0.15813464235624122 0.03621730382293763 0.009817671809256662
4 0.6317907444668008 0.15568022440392706 0.03621730382293763 0.010518934081346423
23 0.6006036217303823 0.15497896213183732 0.029175050301810865 0.008415147265077139
23 0.7369215291750503 0.16023842917251052 0.028169014084507043 0.009817671809256662
23 0.966297786720322 0.17005610098176718 0.026156941649899398 0.009817671809256662
23 0.9300804828973843 0.17005610098176718 0.013078470824949699 0.008415147265077139
4 0.060362173038229376 0.14446002805049088 0.014084507042253521 0.020336605890603085
4 0.7022132796780685 0.17005610098176718 0.03420523138832998 0.0091164095371669
23 0.6001006036217303 0.16690042075736325 0.030181086519114688 0.010518934081346423
4 0.6312877263581489 0.16830294530154277 0.03420523138832998 0.010518934081346423
23 0.7369215291750503 0.17286115007012623 0.028169014084507043 0.009817671809256662
23 0.9522132796780685 0.19389901823281908 0.030181086519114688 0.03225806451612903
4 0.9094567404426559 0.19284712482468444 0.0744466800804829 0.04137447405329593
4 0.81841046277666 0.20231416549789621 0.022132796780684104 0.0070126227208976155
4 0.817907444668008 0.20897615708274894 0.023138832997987926 0.0070126227208976155
23 0.9572434607645876 0.21669004207573633 0.008048289738430584 0.005610098176718092
23 0.9336016096579477 0.21633941093969145 0.008048289738430584 0.0070126227208976155
23 0.9466800804828974 0.21739130434782608 0.009054325955734407 0.0070126227208976155
23 0.9698189134808853 0.2208976157082749 0.011066398390342052 0.015427769985974754
4 0.8169014084507042 0.21633941093969145 0.025150905432595575 0.007713884992987377
23 0.9577464788732394 0.2244039270687237 0.007042253521126761 0.0070126227208976155
23 0.8163983903420523 0.22510518934081347 0.028169014084507043 0.011220196353436185
23 0.8832997987927566 0.24158485273492286 0.03219315895372234 0.010518934081346423
4 0.8827967806841046 0.25210378681626927 0.03118712273641851 0.009817671809256662
23 0.9129778672032193 0.2538569424964937 0.01609657947686117 0.019635343618513323
4 0.9723340040241448 0.2591164095371669 0.015090543259557344 0.019635343618513323
23 0.8822937625754527 0.26192145862552596 0.030181086519114688 0.008415147265077139
4 0.9069416498993964 0.270687237026648 0.025150905432595575 0.0091164095371669
23 0.5880281690140845 0.2601683029453015 0.025150905432595575 0.009817671809256662
4 0.9406438631790744 0.27489481065918653 0.01609657947686117 0.033660589060308554
4 0.9567404426559356 0.2755960729312763 0.019114688128772636 0.034361851332398316
23 0.8425553319919518 0.2738429172510519 0.015090543259557344 0.021739130434782608
23 0.8561368209255533 0.2755960729312763 0.009054325955734407 0.012622720897615708
23 0.8249496981891348 0.2773492286115007 0.025150905432595575 0.008415147265077139
23 0.7997987927565392 0.2769985974754558 0.028169014084507043 0.010518934081346423
4 0.8400402414486922 0.019635343618513323 0.02716297786720322 0.011220196353436185
23 0.7686116700201208 0.2762973352033661 0.028169014084507043 0.010518934081346423
23 0.5860160965794768 0.270687237026648 0.02716297786720322 0.0070126227208976155
4 0.6156941649899397 0.2759467040673212 0.015090543259557344 0.020336605890603085
4 0.9044265593561368 0.2913744740532959 0.026156941649899398 0.030154277699859747
4 0.39436619718309857 0.27279102384291726 0.02414486921529175 0.010518934081346423
4 0.363682092555332 0.2720897615708275 0.02716297786720322 0.010518934081346423
23 0.602112676056338 0.2903225806451613 0.009054325955734407 0.014025245441795231
23 0.5910462776659959 0.2899719495091164 0.008048289738430584 0.014726507713884993
4 0.5764587525150905 0.28962131837307153 0.015090543259557344 0.0182328190743338
23 0.5648893360160966 0.2917251051893408 0.008048289738430584 0.015427769985974754
4 0.5513078470824949 0.2920757363253857 0.014084507042253521 0.019635343618513323
4 0.5352112676056338 0.2924263674614306 0.012072434607645875 0.01753155680224404
4 0.33702213279678067 0.2899719495091164 0.015090543259557344 0.02244039270687237
4 0.8893360160965795 0.31065918653576435 0.02012072434607646 0.006311360448807854
23 0.3546277665995976 0.2913744740532959 0.019114688128772636 0.025946704067321177
4 0.5186116700201208 0.2980364656381487 0.02112676056338028 0.012622720897615708
23 0.37525150905432597 0.29488078541374474 0.02012072434607646 0.03155680224403927
23 0.2837022132796781 0.2938288920056101 0.03118712273641851 0.011220196353436185
4 0.6343058350100603 0.3082047685834502 0.02716297786720322 0.010518934081346423
4 0.8878269617706237 0.31837307152875177 0.02112676056338028 0.0070126227208976155
23 0.8883299798792756 0.3246844319775596 0.02112676056338028 0.007713884992987377
4 0.533702213279678 0.3127629733520337 0.014084507042253521 0.018934081346423562
4 0.5503018108651911 0.3138148667601683 0.015090543259557344 0.019635343618513323
4 0.5181086519114688 0.31311360448807857 0.019114688128772636 0.01332398316970547
23 0.2811871227364185 0.3064516129032258 0.03621730382293763 0.012622720897615708
4 0.056338028169014086 0.29978962131837306 0.035211267605633804 0.043478260869565216
4 0.23340040241448692 0.3068022440392707 0.03219315895372234 0.04488078541374474
4 0.2017102615694165 0.3061009817671809 0.03420523138832998 0.0455820476858345
23 0.8878269617706237 0.332398316970547 0.019114688128772636 0.005610098176718092
23 0.3148893360160966 0.3155680224403927 0.01609657947686117 0.019635343618513323
4 0.40090543259557343 0.3211781206171108 0.013078470824949699 0.0182328190743338
4 0.5165995975855131 0.3278401122019635 0.018108651911468814 0.014726507713884993
4 0.28018108651911466 0.32012622720897616 0.03319919517102616 0.008415147265077139
4 0.5392354124748491 0.33064516129032256 0.023138832997987926 0.012622720897615708
23 0.17706237424547283 0.32573632538569425 0.01609657947686117 0.020336605890603085
23 0.1619718309859155 0.32538569424964936 0.014084507042253521 0.020336605890603085
23 0.14688128772635814 0.32503506311360447 0.01609657947686117 0.021037868162692847
23 0.2746478873239437 0.3320476858345021 0.02414486921529175 0.008415147265077139
23 0.30633802816901406 0.3341514726507714 0.03118712273641851 0.009817671809256662
4 0.6408450704225352 0.3467741935483871 0.013078470824949699 0.0182328190743338
4 0.539738430583501 0.3436185133239832 0.02012072434607646 0.01753155680224404
4 0.5155935613682092 0.3436185133239832 0.02012072434607646 0.018934081346423562
23 0.3460764587525151 0.34642356241234223 0.02414486921529175 0.008415147265077139
4 0.23390342052313884 0.3432678821879383 0.01710261569416499 0.020336605890603085
4 0.3023138832997988 0.34642356241234223 0.035211267605633804 0.011921458625525946
4 0.2052313883299799 0.3439691444600281 0.014084507042253521 0.018934081346423562
23 0.2193158953722334 0.3446704067321178 0.01609657947686117 0.018934081346423562
4 0.5150905432595574 0.3615007012622721 0.026156941649899398 0.015427769985974754
4 0.6398390342052314 0.3667601683029453 0.012072434607645875 0.016129032258064516
23 0.3028169014084507 0.35624123422159887 0.02112676056338028 0.0070126227208976155
4 0.2852112676056338 0.3636044880785414 0.028169014084507043 0.0091164095371669
23 0.28470824949698187 0.37342215988779803 0.02716297786720322 0.010518934081346423
23 0.8843058350100603 0.40252454417952316 0.025150905432595575 0.0070126227208976155
23 0.6116700201207244 0.3955119214586255 0.029175050301810865 0.012622720897615708
23 0.3204225352112676 0.385343618513324 0.01710261569416499 0.020336605890603085
23 0.2837022132796781 0.3856942496493689 0.029175050301810865 0.010518934081346423
23 0.8838028169014085 0.40988779803646563 0.025150905432595575 0.006311360448807854
23 0.8843058350100603 0.4165497896213184 0.028169014084507043 0.0070126227208976155
4 0.6172032193158954 0.40813464235624125 0.019114688128772636 0.0070126227208976155
23 0.28319919517102615 0.3965638148667602 0.029175050301810865 0.011220196353436185
23 0.8611670020120724 0.034361851332398316 0.04426559356136821 0.015427769985974754
23 0.5940643863179075 0.4102384291725105 0.008048289738430584 0.01332398316970547
23 0.8832997987927566 0.4228611500701262 0.029175050301810865 0.0070126227208976155
23 0.6121730382293763 0.4154978962131837 0.02112676056338028 0.005610098176718092
23 0.5266599597585513 0.41339410939691446 0.030181086519114688 0.024544179523141654
23 0.8822937625754527 0.42952314165497896 0.030181086519114688 0.007713884992987377
23 0.28319919517102615 0.40953716690042075 0.029175050301810865 0.011220196353436185
23 0.8822937625754527 0.4372370266479663 0.029175050301810865 0.008415147265077139
23 0.6116700201207244 0.42917251051893407 0.022132796780684104 0.004908835904628331
4 0.2821931589537223 0.42040673211781204 0.028169014084507043 0.011220196353436185
23 0.32193158953722334 0.4274193548387097 0.011066398390342052 0.014025245441795231
23 0.8812877263581489 0.45021037868162694 0.012072434607645875 0.01753155680224404
23 0.823943661971831 0.4488078541374474 0.009054325955734407 0.016830294530154277
23 0.8722334004024145 0.45091164095371666 0.009054325955734407 0.0182328190743338
23 0.8616700201207244 0.45056100981767183 0.011066398390342052 0.01753155680224404
23 0.8516096579476862 0.45056100981767183 0.011066398390342052 0.016830294530154277
4 0.28169014084507044 0.42987377279102384 0.029175050301810865 0.0091164095371669
23 0.790241448692153 0.4484572230014025 0.01006036217303823 0.01753155680224404
23 0.8435613682092555 0.45021037868162694 0.008048289738430584 0.01753155680224404
23 0.8003018108651911 0.4488078541374474 0.011066398390342052 0.018934081346423562
23 0.7313883299798792 0.4467040673211781 0.01006036217303823 0.015427769985974754
23 0.7409456740442656 0.4474053295932679 0.009054325955734407 0.016830294530154277
23 0.7711267605633803 0.4484572230014025 0.01006036217303823 0.0182328190743338
23 0.7510060362173038 0.4481065918653576 0.011066398390342052 0.016830294530154277
23 0.7610663983903421 0.4484572230014025 0.01006036217303823 0.016830294530154277
4 0.6493963782696177 0.44460028050490885 0.009054325955734407 0.015427769985974754
23 0.6805835010060363 0.4467040673211781 0.01006036217303823 0.014726507713884993
23 0.9325955734406438 0.4561711079943899 0.02414486921529175 0.008415147265077139
4 0.6589537223340041 0.44635343618513323 0.009054325955734407 0.016830294530154277
4 0.6680080482897385 0.4467040673211781 0.009054325955734407 0.016129032258064516
4 0.6916498993963782 0.4477559607293128 0.012072434607645875 0.015427769985974754
15 0.41448692152917505 0.4421458625525947 0.17404426559356137 0.15007012622720897
23 0.9049295774647887 0.46107994389901824 0.01609657947686117 0.004908835904628331
23 0.2806841046277666 0.44074333800841514 0.029175050301810865 0.0091164095371669
23 0.27867203219315895 0.4533660589060309 0.030181086519114688 0.011220196353436185
23 0.8445674044265593 0.4782608695652174 0.011066398390342052 0.016129032258064516
23 0.8878269617706237 0.4796633941093969 0.009054325955734407 0.014025245441795231
23 0.7655935613682092 0.47545582047685836 0.012072434607645875 0.014025245441795231
23 0.8667002012072434 0.479312762973352 0.011066398390342052 0.014025245441795231
23 0.7540241448692153 0.47510518934081347 0.009054325955734407 0.014726507713884993
23 0.8566398390342053 0.4789621318373071 0.008048289738430584 0.014726507713884993
23 0.8259557344064387 0.4779102384291725 0.009054325955734407 0.016830294530154277
23 0.7766599597585513 0.4761570827489481 0.011066398390342052 0.01332398316970547
23 0.7982897384305835 0.47720897615708274 0.013078470824949699 0.014726507713884993
23 0.7872233400402414 0.47720897615708274 0.012072434607645875 0.015427769985974754
23 0.8335010060362174 0.4796633941093969 0.01006036217303823 0.015427769985974754
4 0.5165995975855131 0.4730014025245442 0.029175050301810865 0.0091164095371669
4 0.3163983903420523 0.4687938288920056 0.012072434607645875 0.0182328190743338
4 0.2776659959758551 0.46809256661991583 0.03118712273641851 0.010518934081346423
23 0.8667002012072434 0.4961430575035063 0.009054325955734407 0.014025245441795231
23 0.27816901408450706 0.4789621318373071 0.029175050301810865 0.011220196353436185
23 0.27716297786720323 0.49298737727910236 0.029175050301810865 0.009817671809256662
4 0.6398390342052314 0.5136746143057503 0.08350100603621731 0.06241234221598878
23 0.2766599597585513 0.5024544179523142 0.028169014084507043 0.009817671809256662
4 0.3395372233400402 0.508765778401122 0.01710261569416499 0.0182328190743338
23 0.27716297786720323 0.5126227208976157 0.030181086519114688 0.010518934081346423
4 0.8908450704225352 0.5361150070126227 0.015090543259557344 0.019635343618513323
4 0.40694164989939635 0.5269985974754559 0.035211267605633804 0.010518934081346423
4 0.27565392354124746 0.5224403927068724 0.030181086519114688 0.0091164095371669
23 0.34456740442655936 0.5343618513323983 0.03420523138832998 0.014726507713884993
23 0.27515090543259557 0.532608695652174 0.03118712273641851 0.011220196353436185
15 0.7766599597585513 0.5603085553997195 0.2052313883299799 0.08274894810659186
23 0.2746478873239437 0.5455820476858345 0.029175050301810865 0.0091164095371669
4 0.5266599597585513 0.5553997194950911 0.023138832997987926 0.015427769985974754
4 0.34356136820925554 0.5487377279102384 0.035211267605633804 0.011921458625525946
4 0.5472837022132797 0.5561009817671809 0.022132796780684104 0.015427769985974754
4 0.642354124748491 0.5606591865357644 0.01710261569416499 0.019635343618513323
4 0.2731388329979879 0.5550490883590463 0.028169014084507043 0.010518934081346423
23 0.27364185110663986 0.5655680224403927 0.03219315895372234 0.011220196353436185
4 0.41398390342052316 0.5802945301542777 0.1056338028169014 0.07082748948106592
23 0.2721327967806841 0.5792426367461431 0.030181086519114688 0.011921458625525946
4 0.8083501006036218 0.6086956521739131 0.026156941649899398 0.011220196353436185
4 0.2716297786720322 0.5890603085553997 0.03118712273641851 0.007713884992987377
4 0.7424547283702213 0.6083450210378681 0.023138832997987926 0.007713884992987377
4 0.7665995975855131 0.6100981767180925 0.01006036217303823 0.016129032258064516
23 0.9114688128772636 0.6157082748948106 0.014084507042253521 0.0182328190743338
4 0.2721327967806841 0.5978260869565217 0.03118712273641851 0.0091164095371669
23 0.8405432595573441 0.6223702664796634 0.014084507042253521 0.01753155680224404
23 0.2716297786720322 0.6086956521739131 0.028169014084507043 0.010518934081346423
4 0.8003018108651911 0.6402524544179523 0.026156941649899398 0.010518934081346423
23 0.27062374245472837 0.6209677419354839 0.03118712273641851 0.011220196353436185
23 0.8596579476861167 0.056802244039270686 0.043259557344064385 0.016129032258064516
4 0.3948692152917505 0.6388499298737728 0.04426559356136821 0.016830294530154277
4 0.42655935613682094 0.6409537166900421 0.014084507042253521 0.018934081346423562
4 0.8169014084507042 0.057152875175315566 0.028169014084507043 0.009817671809256662
23 0.1886317907444668 0.6356942496493688 0.011066398390342052 0.018934081346423562
23 0.2152917505030181 0.6374474053295933 0.012072434607645875 0.018934081346423562
23 0.2022132796780684 0.6370967741935484 0.014084507042253521 0.019635343618513323
4 0.25553319919517103 0.6399018232819075 0.06338028169014084 0.02244039270687237
4 0.25251509054325955 0.6605890603085554 0.06438631790744467 0.021037868162692847
23 0.2147887323943662 0.6598877980364657 0.01609657947686117 0.018934081346423562
23 0.20020120724346077 0.6602384291725105 0.014084507042253521 0.020336605890603085
23 0.1851106639839034 0.6602384291725105 0.01609657947686117 0.020336605890603085
15 0.7877263581488934 0.6837307152875175 0.18108651911468812 0.08134642356241234