23 0.27427184466019416 0.06210855949895616 0.017337031900138695 0.012526096033402923
23 0.5915395284327323 0.1174321503131524 0.020804438280166437 0.014613778705636743
23 0.24514563106796117 0.06680584551148225 0.0062413314840499305 0.025052192066805846
23 0.2527739251040222 0.07620041753653445 0.0062413314840499305 0.025052192066805846
23 0.22676837725381416 0.07359081419624217 0.023578363384188627 0.017745302713987474
23 0.28259361997226073 0.08402922755741127 0.011095700416088766 0.029227557411273485
23 0.6522191400832178 0.14352818371607515 0.014563106796116505 0.012526096033402923
4 0.5839112343966713 0.1336116910229645 0.024271844660194174 0.018789144050104383
4 0.2947295423023578 0.08820459290187892 0.013869625520110958 0.030271398747390398
23 0.6941747572815534 0.15762004175365343 0.010402219140083218 0.029227557411273485
4 0.1861997226074896 0.0824634655532359 0.013869625520110958 0.03549060542797495
23 0.6494452149791956 0.15553235908141963 0.0159500693481276 0.010438413361169102
23 0.1622746185852982 0.07881002087682672 0.010402219140083218 0.028183716075156576
23 0.17337031900138697 0.08402922755741127 0.011095700416088766 0.028183716075156576
4 0.9680998613037448 0.21242171189979123 0.023578363384188627 0.019832985386221295
15 0.5301664355062413 0.14457202505219208 0.052011095700416086 0.07828810020876827
23 0.6487517337031901 0.16649269311064718 0.016643550624133148 0.011482254697286013
15 0.6189320388349514 0.16336116910229645 0.05062413314840499 0.07620041753653445
15 0.24653259361997226 0.11169102296450939 0.04299583911234397 0.05219206680584551
4 0.3422330097087379 0.12734864300626306 0.011789181692094313 0.027139874739039668
15 0.3564493758668516 0.1299582463465553 0.0159500693481276 0.029227557411273485
4 0.08356449375866852 0.08768267223382047 0.027739251040221916 0.021920668058455117
15 0.12933425797503467 0.09551148225469729 0.04507628294036061 0.06471816283924843
23 0.2766990291262136 0.11899791231732777 0.011095700416088766 0.027139874739039668
23 0.3058252427184466 0.12369519832985386 0.010402219140083218 0.030271398747390398
4 0.16400832177531208 0.10125260960334029 0.015256588072122053 0.011482254697286013
23 0.28606102635228847 0.12108559498956159 0.009015256588072122 0.027139874739039668
23 0.29576976421636614 0.12265135699373696 0.008321775312066574 0.029227557411273485
23 0.32836338418862693 0.12839248434237996 0.009708737864077669 0.026096033402922755
4 0.16470180305131762 0.12212943632567849 0.009015256588072122 0.024008350730688934
23 0.17579750346740639 0.12473903966597077 0.008321775312066574 0.025052192066805846
23 0.18654646324549237 0.12630480167014613 0.011095700416088766 0.029227557411273485
23 0.21879334257975036 0.1393528183716075 0.010402219140083218 0.026096033402922755
4 0.48370319001386963 0.19989561586638832 0.008321775312066574 0.020876826722338204
4 0.17926490984743412 0.1534446764091858 0.02912621359223301 0.018789144050104383
4 0.18030513176144244 0.1722338204592902 0.031206657420249653 0.022964509394572025
23 0.481622746185853 0.22390396659707723 0.0076282940360610264 0.021920668058455117
4 0.49410540915395285 0.23173277661795408 0.016643550624133148 0.014613778705636743
23 0.3429264909847434 0.2082463465553236 0.016643550624133148 0.012526096033402923
4 0.460124826629681 0.2348643006263048 0.017337031900138695 0.011482254697286013
4 0.7343966712898752 0.2849686847599165 0.011095700416088766 0.030271398747390398
23 0.45943134535367547 0.24686847599164927 0.017337031900138695 0.011482254697286013
23 0.6400832177531207 0.2797494780793319 0.019417475728155338 0.015657620041753653
23 0.4868238557558946 0.26931106471816285 0.014563106796116505 0.012526096033402923
23 0.6400832177531207 0.2948851774530271 0.017337031900138695 0.011482254697286013
23 0.8671983356449375 0.331419624217119 0.020804438280166437 0.020876826722338204
23 0.7645631067961165 0.3157620041753653 0.02565880721220527 0.024008350730688934
23 0.6393897364771152 0.30427974947807934 0.0159500693481276 0.010438413361169102
4 0.7198335644937587 0.3173277661795407 0.0159500693481276 0.012526096033402923
4 0.8210818307905686 0.33507306889352817 0.018030513176144243 0.011482254697286013
23 0.48058252427184467 0.28757828810020875 0.009708737864077669 0.021920668058455117
23 0.4895977808599168 0.28914405010438415 0.0076282940360610264 0.024008350730688934
23 0.7191400832177531 0.3288100208768267 0.014563106796116505 0.008350730688935281
23 0.6386962552011096 0.3162839248434238 0.017337031900138695 0.011482254697286013
23 0.8193481276005548 0.34603340292275575 0.015256588072122053 0.009394572025052192
23 0.6373092926490985 0.32724425887265135 0.01872399445214979 0.013569937369519834
23 0.8141470180305131 0.36116910229645094 0.023578363384188627 0.022964509394572025
23 0.713245492371706 0.3465553235908142 0.023578363384188627 0.020876826722338204
23 0.6352288488210819 0.33820459290187893 0.015256588072122053 0.010438413361169102
15 0.7493065187239945 0.36691022964509395 0.04160887656033287 0.07411273486430063
23 0.6331484049930652 0.34916492693110646 0.016643550624133148 0.011482254697286013
15 0.8484743411927878 0.38569937369519836 0.04022191400832178 0.07933194154488518
4 0.10610263522884882 0.26826722338204595 0.02912621359223301 0.022964509394572025
4 0.7815533980582524 0.3757828810020877 0.021497919556171984 0.014613778705636743
4 0.8841886269070736 0.39196242171189977 0.024271844660194174 0.024008350730688934
23 0.14181692094313453 0.2828810020876827 0.009708737864077669 0.024008350730688934
23 0.16678224687933427 0.2870563674321503 0.008321775312066574 0.020876826722338204
23 0.17371705963938974 0.2881002087682672 0.006934812760055479 0.019832985386221295
23 0.1515256588072122 0.2849686847599165 0.009015256588072122 0.026096033402922755
23 0.6314147018030514 0.3616910229645094 0.015256588072122053 0.011482254697286013
15 0.5599861303744799 0.3533402922755741 0.13592233009708737 0.20668058455114824
4 0.7149791955617198 0.3794363256784969 0.0159500693481276 0.03653444676409186
4 0.8169209431345353 0.395615866388309 0.013176144244105409 0.0407098121085595
15 0.3027045769764216 0.3157620041753653 0.09015256588072122 0.21816283924843424
15 0.391123439667129 0.3298538622129436 0.09015256588072122 0.2160751565762004
23 0.10090152565880721 0.2886221294363257 0.01872399445214979 0.013569937369519834
15 0.06726768377253814 0.28444676409185804 0.03744798890429958 0.06576200417536535
23 0.6328016643550625 0.3752609603340292 0.017337031900138695 0.010438413361169102
23 0.7836338418862691 0.401356993736952 0.02288488210818308 0.021920668058455117
23 0.8859223300970874 0.418580375782881 0.021497919556171984 0.020876826722338204
23 0.6307212205270458 0.3872651356993737 0.016643550624133148 0.012526096033402923
23 0.7832871012482663 0.4175365344467641 0.019417475728155338 0.017745302713987474
4 0.7108183079056866 0.40866388308977036 0.031206657420249653 0.018789144050104383
4 0.8134535367545076 0.42484342379958245 0.02912621359223301 0.020876826722338204
23 0.8848821081830791 0.4363256784968685 0.022191400832177532 0.018789144050104383
23 0.8619972260748959 0.4337160751565762 0.023578363384188627 0.019832985386221295
23 0.7600554785020804 0.418580375782881 0.022191400832177532 0.020876826722338204
23 0.11754507628294036 0.3220250521920668 0.011789181692094313 0.028183716075156576
4 0.0970873786407767 0.319937369519833 0.02288488210818308 0.019832985386221295
15 0.14979195561719832 0.3303757828810021 0.04230235783633842 0.0709812108559499
23 0.8366851595006934 0.447286012526096 0.01872399445214979 0.013569937369519834
23 0.736130374479889 0.43162839248434237 0.02011095700416089 0.015657620041753653
23 0.7572815533980582 0.4352818371607516 0.01872399445214979 0.014613778705636743
23 0.858876560332871 0.4519832985386221 0.01872399445214979 0.014613778705636743
23 0.713245492371706 0.4441544885177453 0.012482662968099861 0.032359081419624215
23 0.7007628294036061 0.4431106471816284 0.011789181692094313 0.028183716075156576
23 0.8134535367545076 0.46085594989561585 0.011095700416088766 0.031315240083507306
23 0.8023578363384188 0.45981210855949894 0.010402219140083218 0.028183716075156576
23 0.09466019417475728 0.3512526096033403 0.019417475728155338 0.015657620041753653
4 0.42995839112343964 0.40762004175365346 0.010402219140083218 0.029227557411273485
23 0.14701803051317613 0.37839248434237993 0.006934812760055479 0.024008350730688934
23 0.15429958391123438 0.37995824634655534 0.006934812760055479 0.021920668058455117
4 0.8581830790568654 0.4921711899791232 0.02912621359223301 0.06263048016701461
4 0.8332177531206657 0.48851774530271397 0.028432732316227463 0.06680584551148225
4 0.0970873786407767 0.38517745302713985 0.02912621359223301 0.024008350730688934
23 0.15360610263522884 0.3977035490605428 0.013869625520110958 0.010438413361169102
23 0.5960471567267683 0.46764091858037576 0.014563106796116505 0.012526096033402923
23 0.13904299583911234 0.395615866388309 0.012482662968099861 0.009394572025052192
23 0.49687933425797504 0.4535490605427975 0.0076282940360610264 0.022964509394572025
4 0.11789181692094314 0.4003131524008351 0.018030513176144243 0.04592901878914405
23 0.24930651872399445 0.0026096033402922755 0.01872399445214979 0.005219206680584551
23 0.3526352288488211 0.43997912317327764 0.010402219140083218 0.026096033402922755
23 0.7035367545076283 0.4968684759916493 0.015256588072122053 0.04384133611691023
23 0.8047850208044383 0.5130480167014614 0.0159500693481276 0.03966597077244259
23 0.7819001386962552 0.5099164926931107 0.016643550624133148 0.04801670146137787
23 0.4455617198335645 0.45876826722338204 0.009708737864077669 0.029227557411273485
23 0.8831484049930652 0.5281837160751566 0.016643550624133148 0.04488517745302714
4 0.8273231622746186 0.5292275574112735 0.027739251040221916 0.030271398747390398
4 0.13592233009708737 0.42484342379958245 0.016643550624133148 0.03966597077244259
4 0.15256588072122051 0.4290187891440501 0.017337031900138695 0.038622129436325675
23 0.41019417475728154 0.02661795407098121 0.006934812760055479 0.020876826722338204
4 0.8966712898751734 0.5678496868475992 0.018030513176144243 0.012526096033402923
23 0.4025658807212205 0.026096033402922755 0.006934812760055479 0.020876826722338204
23 0.358876560332871 0.49373695198329853 0.016643550624133148 0.014613778705636743
15 0.03744798890429958 0.4514613778705637 0.047156726768377254 0.054279749478079335
15 0.39042995839112343 0.5083507306889353 0.047156726768377254 0.031315240083507306
23 0.42163661581137307 0.5156576200417536 0.016643550624133148 0.014613778705636743
23 0.3574895977808599 0.5093945720250522 0.016643550624133148 0.015657620041753653
23 0.5374479889042996 0.5391440501043842 0.014563106796116505 0.013569937369519834
23 0.536754507628294 0.5501043841336117 0.014563106796116505 0.011482254697286013
23 0.4372399445214979 0.5360125260960334 0.0076282940360610264 0.022964509394572025
23 0.42857142857142855 0.5365344467640919 0.008321775312066574 0.024008350730688934
4 0.35471567267683773 0.5255741127348643 0.014563106796116505 0.013569937369519834
23 0.4157420249653259 0.5375782881002088 0.015256588072122053 0.018789144050104383
23 0.5190707350901526 0.558455114822547 0.01872399445214979 0.014613778705636743
23 0.5353675450762829 0.5610647181628392 0.013176144244105409 0.009394572025052192
23 0.40360610263522884 0.5417536534446764 0.0076282940360610264 0.019832985386221295
23 0.3897364771151179 0.5401878914405011 0.008321775312066574 0.021920668058455117
4 0.39667128987517336 0.5417536534446764 0.005547850208044383 0.017745302713987474
4 0.35436893203883496 0.5396659707724426 0.015256588072122053 0.012526096033402923
23 0.02808599167822469 0.48851774530271397 0.010402219140083218 0.026096033402922755
4 0.01872399445214979 0.48851774530271397 0.009015256588072122 0.027139874739039668
4 0.5561719833564494 0.5835073068893528 0.016643550624133148 0.014613778705636743
4 0.17857142857142858 0.5328810020876826 0.013869625520110958 0.009394572025052192
4 0.3959778085991678 0.569937369519833 0.031206657420249653 0.022964509394572025
23 0.5644937586685159 0.059498956158663886 0.0159500693481276 0.010438413361169102
15 0.2687239944521498 0.5516701461377871 0.14701803051317613 0.22129436325678498
23 0.19382801664355062 0.006784968684759917 0.009015256588072122 0.013569937369519834
4 0.7798196948682385 0.6435281837160751 0.015256588072122053 0.013569937369519834
23 0.18030513176144244 0.5532359081419624 0.0076282940360610264 0.021920668058455117
4 0.39875173370319 0.5882045929018789 0.013869625520110958 0.010438413361169102
23 0.7066574202496533 0.6377870563674322 0.018030513176144243 0.013569937369519834
23 0.17233009708737865 0.006784968684759917 0.009015256588072122 0.013569937369519834
23 0.32385575589459087 0.02348643006263048 0.0076282940360610264 0.021920668058455117
23 0.20110957004160887 0.008350730688935281 0.008321775312066574 0.016701461377870562
4 0.7780859916782247 0.6555323590814196 0.016643550624133148 0.012526096033402923
23 0.6435506241331485 0.6393528183716075 0.006934812760055479 0.026096033402922755
4 0.11858529819694869 0.5563674321503131 0.018030513176144243 0.012526096033402923
23 0.65499306518724 0.6430062630480167 0.012482662968099861 0.024008350730688934
23 0.705617198335645 0.651356993736952 0.0159500693481276 0.014613778705636743
23 0.13973647711511789 0.5673277661795407 0.0159500693481276 0.010438413361169102
4 0.7784327323162274 0.6701461377870563 0.023578363384188627 0.018789144050104383
15 0.7420249653259362 0.6649269311064718 0.04507628294036061 0.07306889352818371
23 0.16816920943134536 0.5803757828810021 0.009708737864077669 0.028183716075156576
23 0.3959778085991678 0.6216075156576201 0.014563106796116505 0.011482254697286013
23 0.43828016643550627 0.044363256784968684 0.011789181692094313 0.028183716075156576
23 0.38349514563106796 0.6236951983298539 0.0076282940360610264 0.020876826722338204
4 0.7766990291262136 0.6884133611691023 0.02011095700416089 0.018789144050104383
4 0.8117198335644937 0.6957202505219207 0.04160887656033287 0.030271398747390398
23 0.7004160887656034 0.6790187891440501 0.02011095700416089 0.016701461377870562
4 0.18065187239944522 0.5965553235908142 0.012482662968099861 0.010438413361169102
23 0.39424410540915394 0.6310020876826722 0.0159500693481276 0.010438413361169102
30 0.647364771151179 0.6722338204592901 0.024965325936199722 0.03549060542797495
15 0.481622746185853 0.6518789144050104 0.15048543689320387 0.1847599164926931
4 0.1796116504854369 0.6080375782881002 0.011789181692094313 0.010438413361169102
4 0.35610263522884883 0.03392484342379958 0.0076282940360610264 0.025052192066805846
30 0.8654646324549237 0.721294363256785 0.023578363384188627 0.04175365344467641
4 0.8443134535367545 0.7181628392484343 0.018030513176144243 0.04697286012526096
30 0.9434812760055479 0.7348643006263048 0.01872399445214979 0.04279749478079332
23 0.38106796116504854 0.6456158663883089 0.008321775312066574 0.021920668058455117
30 0.9171289875173371 0.7312108559498957 0.02288488210818308 0.038622129436325675
30 0.891123439667129 0.7270354906054279 0.024965325936199722 0.037578288100208766
4 0.17926490984743412 0.6169102296450939 0.013176144244105409 0.013569937369519834
23 0.9511095700416089 0.12839248434237996 0.008321775312066574 0.025052192066805846
23 0.27739251040221913 0.021920668058455117 0.010402219140083218 0.027139874739039668
23 0.34015256588072124 0.6471816283924844 0.0076282940360610264 0.026096033402922755
23 0.5679611650485437 0.6837160751565762 0.018030513176144243 0.014613778705636743
4 0.17926490984743412 0.6283924843423799 0.015256588072122053 0.009394572025052192
4 0.8075589459084604 0.7275574112734864 0.04576976421636616 0.031315240083507306
23 0.5131761442441054 0.060542797494780795 0.011095700416088766 0.031315240083507306
4 0.5887656033287101 0.7014613778705637 0.015256588072122053 0.011482254697286013
23 0.5683079056865464 0.6988517745302714 0.0159500693481276 0.013569937369519834
23 0.3831484049930652 0.6696242171189979 0.015256588072122053 0.012526096033402923
4 0.18585298196948682 0.6403966597077244 0.012482662968099861 0.010438413361169102
4 0.33321775312066576 0.6649269311064718 0.013869625520110958 0.012526096033402923
23 0.47815533980582525 0.05636743215031315 0.0076282940360610264 0.030271398747390398
23 0.9424410540915396 0.7651356993736952 0.020804438280166437 0.020876826722338204
4 0.1966019417475728 0.6508350730688935 0.008321775312066574 0.021920668058455117
23 0.565880721220527 0.7113778705636743 0.01872399445214979 0.014613778705636743
4 0.36095700416088766 0.6790187891440501 0.016643550624133148 0.014613778705636743
4 0.587378640776699 0.715553235908142 0.015256588072122053 0.010438413361169102
23 0.38210818307905686 0.6837160751565762 0.0159500693481276 0.010438413361169102
23 0.5908460471567267 0.07515657620041753 0.018030513176144243 0.016701461377870562
23 0.3092926490984743 0.6737995824634656 0.018030513176144243 0.014613778705636743
23 0.289875173370319 0.6711899791231732 0.015256588072122053 0.012526096033402923
23 0.2659500693481276 0.6675365344467641 0.0159500693481276 0.012526096033402923
4 0.17718446601941748 0.6544885177453027 0.02912621359223301 0.024008350730688934
4 0.9150485436893204 0.7713987473903967 0.02011095700416089 0.014613778705636743
23 0.21151178918169208 0.6633611691022965 0.009015256588072122 0.024008350730688934
23 0.2395977808599168 0.6680584551148225 0.009015256588072122 0.026096033402922755
23 0.22156726768377255 0.6659707724425887 0.006934812760055479 0.022964509394572025
23 0.22954230235783635 0.6680584551148225 0.008321775312066574 0.024008350730688934
23 0.6709431345353676 0.08820459290187892 0.017337031900138695 0.014613778705636743
23 0.3814147018030513 0.6946764091858038 0.017337031900138695 0.012526096033402923
23 0.5644937586685159 0.7239039665970772 0.017337031900138695 0.016701461377870562
4 0.10783633841886268 0.6529227557411273 0.047156726768377254 0.031315240083507306
23 0.2645631067961165 0.6779749478079332 0.017337031900138695 0.010438413361169102
15 0.6397364771151179 0.7421711899791231 0.036061026352288486 0.06784968684759916
23 0.9129680998613038 0.7870563674321504 0.022191400832177532 0.015657620041753653
15 0.6719833564493759 0.75 0.03814147018030513 0.07724425887265135
23 0.7486130374479889 0.10177453027139875 0.017337031900138695 0.017745302713987474
23 0.4864771151178918 0.060542797494780795 0.0076282940360610264 0.024008350730688934
4 0.7198335644937587 0.0975991649269311 0.011789181692094313 0.028183716075156576
4 0.36095700416088766 0.7045929018789144 0.017337031900138695 0.012526096033402923
23 0.27843273231622745 0.6931106471816284 0.015256588072122053 0.011482254697286013
23 0.380374479889043 0.7098121085594989 0.01872399445214979 0.012526096033402923
23 0.7451456310679612 0.7703549060542797 0.0076282940360610264 0.026096033402922755
4 0.5683079056865464 0.7432150313152401 0.02912621359223301 0.026096033402922755
23 0.7253814147018031 0.7682672233820459 0.008321775312066574 0.028183716075156576
4 0.5502773925104022 0.7406054279749478 0.010402219140083218 0.021920668058455117
23 0.7343966712898752 0.7698329853862212 0.0076282940360610264 0.030271398747390398
23 0.826629680998613 0.11482254697286012 0.01872399445214979 0.021920668058455117
23 0.7146324549237171 0.7677453027139874 0.009708737864077669 0.033402922755741124
23 0.70249653259362 0.7667014613778705 0.011095700416088766 0.029227557411273485
23 0.7541608876560333 0.7755741127348643 0.010402219140083218 0.032359081419624215
23 0.6931345353675451 0.7661795407098121 0.011095700416088766 0.029227557411273485
4 0.9101941747572816 0.8032359081419624 0.024271844660194174 0.020876826722338204
4 0.26109570041608876 0.7025052192066806 0.016643550624133148 0.011482254697286013
23 0.2777392510402219 0.7072025052192067 0.0159500693481276 0.012526096033402923
4 0.9008321775312067 0.12839248434237996 0.008321775312066574 0.022964509394572025
23 0.40880721220527044 0.050626304801670144 0.009708737864077669 0.024008350730688934
4 0.3866158113730929 0.7270354906054279 0.027739251040221916 0.021920668058455117
4 0.10610263522884882 0.6847599164926931 0.04576976421636616 0.03444676409185804
4 0.2326629680998613 0.7051148225469729 0.009015256588072122 0.025052192066805846
4 0.15083217753120665 0.69258872651357 0.018030513176144243 0.04697286012526096
4 0.17371705963938974 0.697286012526096 0.028432732316227463 0.027139874739039668
15 0.9483356449375867 0.8209812108559499 0.049237170596393896 0.05010438413361169
15 0.8522884882108183 0.8105427974947808 0.047156726768377254 0.09603340292275574
23 0.11719833564493759 0.005741127348643006 0.016643550624133148 0.011482254697286013
23 0.3997919556171983 0.05010438413361169 0.0076282940360610264 0.024008350730688934
23 0.43966712898751736 0.7526096033402923 0.009015256588072122 0.026096033402922755
23 0.48717059639389737 0.7620041753653445 0.008321775312066574 0.024008350730688934
23 0.9074202496532594 0.8293319415448852 0.02011095700416089 0.015657620041753653
23 0.4306518723994452 0.7541753653444676 0.006934812760055479 0.025052192066805846
23 0.5072815533980582 0.7661795407098121 0.009708737864077669 0.022964509394572025
23 0.5239251040221914 0.7687891440501043 0.008321775312066574 0.022964509394572025
23 0.4223300970873786 0.7531315240083507 0.008321775312066574 0.030271398747390398
23 0.4486823855755895 0.7573068893528184 0.006934812760055479 0.027139874739039668
23 0.5159500693481276 0.7677453027139874 0.009015256588072122 0.025052192066805846
23 0.532246879334258 0.7703549060542797 0.008321775312066574 0.026096033402922755
23 0.49687933425797504 0.7651356993736952 0.011789181692094313 0.028183716075156576
23 0.4798890429958391 0.7630480167014614 0.008321775312066574 0.024008350730688934
23 0.4712205270457698 0.7620041753653445 0.008321775312066574 0.022964509394572025
4 0.5516643550624133 0.7792275574112735 0.014563106796116505 0.04384133611691023
23 0.19694868238557559 0.02035490605427975 0.015256588072122053 0.010438413361169102
4 0.9074202496532594 0.8434237995824635 0.019417475728155338 0.011482254697286013
4 0.0891123439667129 0.714509394572025 0.014563106796116505 0.037578288100208766
4 0.10263522884882108 0.7165970772442589 0.015256588072122053 0.038622129436325675
23 0.31865464632454926 0.7510438413361169 0.010402219140083218 0.021920668058455117
23 0.31900138696255204 0.7515657620041754 0.010402219140083218 0.026096033402922755
23 0.35124826629681 0.7588726513569938 0.010402219140083218 0.027139874739039668
23 0.3592233009708738 0.7609603340292276 0.0076282940360610264 0.025052192066805846
23 0.3654646324549237 0.7630480167014614 0.0076282940360610264 0.027139874739039668
23 0.25832177531206657 0.7468684759916493 0.010402219140083218 0.029227557411273485
23 0.2829403606102635 0.7505219206680585 0.009708737864077669 0.025052192066805846
23 0.37586685159500693 0.7656576200417536 0.008321775312066574 0.024008350730688934
23 0.39008321775312066 0.7677453027139874 0.009708737864077669 0.027139874739039668
23 0.27461858529819694 0.75 0.0076282940360610264 0.025052192066805846
23 0.2673370319001387 0.7489561586638831 0.0076282940360610264 0.025052192066805846
4 0.9344660194174758 0.8559498956158664 0.023578363384188627 0.019832985386221295
4 0.4774618585298197 0.7927974947807933 0.009015256588072122 0.026096033402922755
4 0.4264909847434119 0.7849686847599165 0.014563106796116505 0.033402922755741124
23 0.5624133148404993 0.07985386221294363 0.018030513176144243 0.014613778705636743
4 0.5121359223300971 0.8001043841336117 0.010402219140083218 0.028183716075156576
4 0.49653259361997226 0.7980167014613778 0.013176144244105409 0.027139874739039668
4 0.5305131761442441 0.8032359081419624 0.011095700416088766 0.022964509394572025
4 0.4455617198335645 0.7907098121085595 0.012482662968099861 0.028183716075156576
4 0.6407766990291263 0.8256784968684759 0.0319001386962552 0.024008350730688934
23 0.9306518723994452 0.8721294363256785 0.02011095700416089 0.015657620041753653
4 0.6695561719833565 0.8324634655532359 0.02565880721220527 0.022964509394572025
4 0.2992371705963939 0.7781837160751566 0.0076282940360610264 0.026096033402922755
4 0.14112343966712898 0.761482254697286 0.0076282940360610264 0.024008350730688934
23 0.13314840499306518 0.7609603340292276 0.0076282940360610264 0.025052192066805846
23 0.12343966712898752 0.7599164926931107 0.008321775312066574 0.025052192066805846
4 0.573509015256588 0.831419624217119 0.022191400832177532 0.018789144050104383
4 0.5218446601941747 0.8251565762004175 0.016643550624133148 0.013569937369519834
4 0.2763522884882108 0.7881002087682673 0.009015256588072122 0.024008350730688934
23 0.2687239944521498 0.7875782881002088 0.009015256588072122 0.024008350730688934
4 0.24895977808599168 0.785490605427975 0.01872399445214979 0.013569937369519834
4 0.3207350901525659 0.7974947807933194 0.022191400832177532 0.018789144050104383
4 0.42995839112343964 0.8262004175365344 0.009015256588072122 0.026096033402922755
23 0.16470180305131762 0.7839248434237995 0.015256588072122053 0.011482254697286013
23 0.20180305131761442 0.7896659707724426 0.013176144244105409 0.012526096033402923
23 0.14875173370319 0.7818371607515657 0.0159500693481276 0.009394572025052192
4 0.9400138696255201 0.9112734864300627 0.047156726768377254 0.033402922755741124
23 0.32142857142857145 0.048538622129436326 0.009015256588072122 0.024008350730688934
4 0.08425797503467407 0.8105427974947808 0.018030513176144243 0.049060542797494784
4 0.14008321775312066 0.024008350730688934 0.015256588072122053 0.011482254697286013
23 0.9483356449375867 0.15396659707724425 0.009708737864077669 0.025052192066805846
7 0.4684466019417476 0.9039665970772442 0.45561719833564496 0.18997912317327767
7 0.19452149791955617 0.8830897703549061 0.10540915395284327 0.1544885177453027
7 0.05131761442441054 0.8825678496868476 0.06449375866851595 0.10438413361169102
4 0.23717059639389737 0.05010438413361169 0.013869625520110958 0.033402922755741124