4 0.6188933200398804 0.5321901323706378 0.007976071784646061 0.005415162454873646
23 0.18968095712861416 0.6353790613718412 0.005483549351944167 0.010830324909747292
23 0.1059322033898305 0.657942238267148 0.006979062811565304 0.0048134777376654635
4 0.6196410767696909 0.5400120336943441 0.004985044865403789 0.0030084235860409147
23 0.6338484546360917 0.5373044524669074 0.006480558325024925 0.00421179302045728
23 0.8108175473579262 0.4963898916967509 0.009471585244267198 0.0048134777376654635
23 0.7928713858424726 0.5048134777376655 0.006480558325024925 0.005415162454873646
23 0.10767696909272183 0.6660649819494585 0.006979062811565304 0.0048134777376654635
23 0.543369890329013 0.5640794223826715 0.007477567298105683 0.007220216606498195
23 0.8958125623130608 0.48495788206979545 0.011964107676969093 0.006016847172081829
23 0.10867397806580259 0.674488567990373 0.006979062811565304 0.006016847172081829
15 0.9740777666999003 0.47262334536702766 0.04037886340977069 0.06738868832731648
4 0.5453639082751744 0.5740072202166066 0.010967098703888335 0.005415162454873646
23 0.5635593220338984 0.5703971119133574 0.010967098703888335 0.009025270758122744
23 0.44965104685942175 0.5974729241877257 0.007477567298105683 0.006016847172081829
23 0.7076271186440678 0.5445246690734056 0.007976071784646061 0.005415162454873646
4 0.5655533399800599 0.5791215403128761 0.011964107676969093 0.006618531889290012
4 0.5471086739780658 0.5839350180505415 0.007477567298105683 0.00421179302045728
23 0.900049850448654 0.5018050541516246 0.009970089730807577 0.0048134777376654635
23 0.45014955134596213 0.6074007220216606 0.005982053838484547 0.006016847172081829
23 0.4835493519441675 0.6001805054151624 0.009471585244267198 0.006618531889290012
4 0.7098703888334995 0.5550541516245487 0.005483549351944167 0.0030084235860409147
4 0.5675473579262214 0.589049338146811 0.007976071784646061 0.0048134777376654635
23 0.5481056829511466 0.5941636582430806 0.006979062811565304 0.00421179302045728
23 0.6114157527417746 0.5794223826714802 0.006480558325024925 0.00421179302045728
4 0.3806081754735793 0.6389891696750902 0.005483549351944167 0.01444043321299639
23 0.711864406779661 0.5637785800240674 0.006480558325024925 0.0036101083032490976
23 0.6121635094715853 0.5881468110709988 0.007477567298105683 0.005415162454873646
23 0.5677966101694916 0.5992779783393501 0.005982053838484547 0.00421179302045728
4 0.5503489531405783 0.6040914560770156 0.009970089730807577 0.006016847172081829
23 0.5969591226321037 0.5944645006016848 0.009471585244267198 0.005415162454873646
23 0.8187936191425723 0.546028880866426 0.007976071784646061 0.0048134777376654635
23 0.9030408773678963 0.5273766546329723 0.010468594217347957 0.006618531889290012
23 0.8003489531405783 0.5520457280385078 0.00448654037886341 0.0048134777376654635
23 0.8860917248255235 0.5324909747292419 0.009471585244267198 0.006618531889290012
23 0.5510967098703888 0.6131167268351384 0.00897308075772682 0.005415162454873646
23 0.5692921236291126 0.6089049338146811 0.007976071784646061 0.0036101083032490976
23 0.4583748753738784 0.6353790613718412 0.00897308075772682 0.0048134777376654635
4 0.5849950149551346 0.605595667870036 0.007477567298105683 0.007220216606498195
23 0.713110667996012 0.5776173285198556 0.007477567298105683 0.005415162454873646
4 0.47781655034895315 0.6332731648616126 0.014955134596211365 0.00842358604091456
30 0.4130109670987039 0.6504211793020457 0.0423728813559322 0.04091456077015644
4 0.5530907278165503 0.6212394705174489 0.009970089730807577 0.006618531889290012
23 0.571036889332004 0.6194344163658243 0.00448654037886341 0.0036101083032490976
23 0.5867397806580259 0.6164259927797834 0.007976071784646061 0.00421179302045728
23 0.4603688933200399 0.6477135980746089 0.00847457627118644 0.006016847172081829
23 0.7156031904287139 0.5896510228640193 0.004985044865403789 0.006016847172081829
23 0.5732801595214357 0.6305655836341757 0.007976071784646061 0.005415162454873646
23 0.7188434695912264 0.5980746089049338 0.006979062811565304 0.005415162454873646
23 0.4314556331006979 0.6729843561973526 0.00847457627118644 0.006016847172081829
23 0.8143070787637089 0.5881468110709988 0.006480558325024925 0.0036101083032490976
23 0.6622632103688934 0.6341756919374247 0.011465603190428714 0.007220216606498195
23 0.21360917248255235 0.7496991576413959 0.006480558325024925 0.01263537906137184
23 0.2048853439680957 0.7524067388688327 0.00448654037886341 0.01444043321299639
23 0.6640079760717846 0.6453068592057761 0.00847457627118644 0.0048134777376654635
7 0.6979062811565304 0.6380866425992779 0.054336989032901295 0.17809867629362214
23 0.38609172482552345 0.7193140794223827 0.012462612163509471 0.006618531889290012
23 0.6655034895314058 0.6549338146811071 0.007477567298105683 0.00421179302045728
23 0.3614157527417747 0.7268351383874849 0.007477567298105683 0.006618531889290012
15 0.13409770687936193 0.7818892900120337 0.038883349950149554 0.08904933814681107
23 0.1694915254237288 0.7785800240673887 0.011465603190428714 0.007821901323706379
23 0.18569292123629114 0.7752707581227437 0.009970089730807577 0.007220216606498195
23 0.6689930209371885 0.6669675090252708 0.004985044865403789 0.00421179302045728
4 0.17323030907278167 0.789410348977136 0.010468594217347957 0.007220216606498195
23 0.4364406779661017 0.7295427196149218 0.00847457627118644 0.006016847172081829
4 0.10244267198404786 0.8095667870036101 0.009970089730807577 0.007220216606498195
23 0.1889332003988036 0.7942238267148014 0.007976071784646061 0.00421179302045728
23 0.1747258225324028 0.8005415162454874 0.011964107676969093 0.00842358604091456
23 0.10393818544366899 0.8191937424789411 0.011964107676969093 0.007220216606498195
4 0.43893320039880357 0.7418772563176895 0.014456630109670987 0.007821901323706379
4 0.10468594217347957 0.8294223826714802 0.009970089730807577 0.007220216606498195
23 0.43893320039880357 0.7515042117930204 0.009970089730807577 0.006016847172081829
4 0.1769690927218345 0.8155836341756919 0.014456630109670987 0.00842358604091456
23 0.4409272183449651 0.7608303249097473 0.010468594217347957 0.006016847172081829
23 0.6206380857427717 0.02286401925391095 0.010967098703888335 0.007220216606498195
4 0.08748753738783649 0.1486161251504212 0.006480558325024925 0.0030084235860409147
23 0.5887337986041874 0.7322503008423586 0.007976071784646061 0.0048134777376654635
23 0.5682951146560319 0.7382671480144405 0.010468594217347957 0.00842358604091456
23 0.5481056829511466 0.7442839951865222 0.009970089730807577 0.006016847172081829
23 0.5338983050847458 0.7487966305655837 0.007477567298105683 0.006016847172081829
23 0.6296111665004985 0.7271359807460891 0.007976071784646061 0.006016847172081829
23 0.42123629112662014 0.7776774969915764 0.006979062811565304 0.005415162454873646
15 0.6465603190428714 0.7292418772563177 0.015952143569292122 0.0246690734055355
23 0.1226321036889332 0.8525872442839952 0.006480558325024925 0.005415162454873646
4 0.6283649052841476 0.7364620938628159 0.011964107676969093 0.005415162454873646
23 0.42397806580259223 0.7882069795427196 0.007477567298105683 0.005415162454873646
15 0.39307078763708875 0.7972322503008423 0.04037886340977069 0.025872442839951864
23 0.9668494516450648 0.664560770156438 0.00448654037886341 0.01263537906137184
4 0.12462612163509472 0.8646209386281588 0.007976071784646061 0.0048134777376654635
23 0.5844965104685942 0.034596871239470514 0.007976071784646061 0.006016847172081829
23 0.8958125623130608 0.6841155234657039 0.011465603190428714 0.009025270758122744
23 0.8743768693918246 0.6898315282791817 0.009471585244267198 0.005415162454873646
23 0.6041874376869392 0.030685920577617327 0.00847457627118644 0.0048134777376654635
23 0.12587238285144567 0.8733453670276775 0.006979062811565304 0.0048134777376654635
15 0.7587238285144566 0.7280385078219013 0.029411764705882353 0.02045728038507822
23 0.9710867397806581 0.6817087845968712 0.005483549351944167 0.01263537906137184
23 0.001744765702891326 0.17448856799037304 0.003489531405782652 0.007220216606498195
15 0.30957128614157525 0.8432611311672683 0.04835493519441675 0.04151624548736462
23 0.9975074775672981 0.6838146811070999 0.003988035892323031 0.006618531889290012
23 0.1253738783649053 0.8925992779783394 0.003988035892323031 0.009626955475330927
23 0.1084247258225324 0.8965102286401926 0.005982053838484547 0.01022864019253911
23 0.1011964107676969 0.8989169675090253 0.003988035892323031 0.009626955475330927
4 0.27716849451645065 0.8574007220216606 0.013459621136590228 0.009626955475330927
23 0.11764705882352941 0.8950060168471721 0.005982053838484547 0.01022864019253911
23 0.7061316051844466 0.7581227436823105 0.00448654037886341 0.013838748495788207
4 0.7136091724825523 0.7569193742478941 0.004985044865403789 0.015042117930204572
4 0.7283150548354935 0.7536101083032491 0.004985044865403789 0.015042117930204572
23 0.735543369890329 0.7524067388688327 0.00448654037886341 0.010830324909747292
23 0.7215852442671984 0.7563176895306859 0.003489531405782652 0.010830324909747292
23 0.8798604187437687 0.720517448856799 0.00847457627118644 0.006016847172081829
23 0.14556331006979062 0.8971119133574007 0.00448654037886341 0.01263537906137184
23 0.1373379860418744 0.8995186522262335 0.006979062811565304 0.01444043321299639
23 0.15453639082751744 0.8962093862815884 0.00448654037886341 0.013237063778580024
23 0.2784147557328016 0.868231046931408 0.009471585244267198 0.006016847172081829
23 0.8823529411764706 0.7295427196149218 0.011465603190428714 0.00842358604091456
23 0.6111665004985045 0.7933212996389891 0.006480558325024925 0.011432009626955475
4 0.6567796610169492 0.78309265944645 0.005982053838484547 0.01263537906137184
4 0.6423230309072782 0.7879061371841155 0.004985044865403789 0.01263537906137184
4 0.650049850448654 0.7861010830324909 0.004985044865403789 0.015042117930204572
4 0.6360917248255235 0.789410348977136 0.00448654037886341 0.012033694344163659
23 0.31455633100697905 0.1022864019253911 0.010967098703888335 0.007821901323706379
23 0.5825024925224327 0.8041516245487365 0.009471585244267198 0.005415162454873646
23 0.902542372881356 0.7298435619735258 0.007477567298105683 0.005415162454873646
23 0.7906281156530409 0.75661853188929 0.00897308075772682 0.005415162454873646
23 0.11291126620139581 0.9157641395908543 0.004985044865403789 0.013237063778580024
4 0.12088733798604187 0.9139590854392299 0.007477567298105683 0.01684717208182912
4 0.07926221335992024 0.9235860409145608 0.00847457627118644 0.013838748495788207
23 0.278913260219342 0.8772563176895307 0.009471585244267198 0.005415162454873646
23 0.1296111665004985 0.9124548736462094 0.007976071784646061 0.013838748495788207
4 0.09596211365902294 0.9202767749699158 0.005982053838484547 0.01444043321299639
4 0.08773678963110668 0.9226835138387485 0.007477567298105683 0.01444043321299639
23 0.8085742771684945 0.7542117930204573 0.013459621136590228 0.005415162454873646
4 0.10443668993020937 0.9199759326113117 0.004985044865403789 0.013838748495788207
23 0.8833499501495513 0.7391696750902527 0.009471585244267198 0.006618531889290012
15 0.03713858424725822 0.16787003610108303 0.03589232303090728 0.07460890493381468
30 0.5416251246261217 0.8249097472924187 0.01296111665004985 0.016245487364620937
23 0.16650049850448653 0.13808664259927797 0.007477567298105683 0.006016847172081829
23 0.7938683948155534 0.766245487364621 0.007477567298105683 0.0048134777376654635
30 0.5226819541375872 0.8300240673886883 0.010468594217347957 0.016245487364620937
23 0.4915254237288136 0.8378459687123947 0.006480558325024925 0.012033694344163659
4 0.4835493519441675 0.8396510228640193 0.005982053838484547 0.011432009626955475
30 0.5059820538384845 0.8363417569193743 0.00847457627118644 0.013838748495788207
15 0.9725822532402791 0.7286401925391095 0.03290129611166501 0.04091456077015644
4 0.9252243270189432 0.7409747292418772 0.010967098703888335 0.007220216606498195
23 0.8845962113659023 0.7506016847172082 0.00897308075772682 0.006016847172081829
23 0.5770189431704885 0.8240072202166066 0.0024925224327018943 0.00842358604091456
23 0.5707876370887338 0.8261131167268352 0.005483549351944167 0.012033694344163659
23 0.6186440677966102 0.8146811070998796 0.004985044865403789 0.012033694344163659
4 0.3140578265204387 0.8898916967509025 0.005982053838484547 0.015643802647412757
23 0.3205383848454636 0.8889891696750902 0.004985044865403789 0.011432009626955475
23 0.7966101694915254 0.7779783393501805 0.011964107676969093 0.006016847172081829
23 0.8870887337986042 0.7593261131167268 0.007477567298105683 0.0048134777376654635
4 0.7971086739780658 0.7864019253910951 0.00897308075772682 0.00421179302045728
4 0.5034895314057827 0.855294825511432 0.006480558325024925 0.01263537906137184
23 0.8133100697906281 0.7836943441636582 0.00847457627118644 0.005415162454873646
23 0.5134596211365903 0.8540914560770156 0.006480558325024925 0.01263537906137184
23 0.9077766699900299 0.7623345367027677 0.00897308075772682 0.006016847172081829
23 0.07153539381854436 0.16275571600481348 0.01296111665004985 0.006618531889290012
23 0.5239282153539382 0.8528880866425993 0.006979062811565304 0.013237063778580024
4 0.7981056829511466 0.796028880866426 0.007976071784646061 0.0048134777376654635
23 0.9110169491525424 0.7725631768953068 0.010468594217347957 0.00842358604091456
23 0.6054336989032901 0.0388086642599278 0.009471585244267198 0.006016847172081829
23 0.8167996011964108 0.7984356197352587 0.00847457627118644 0.00421179302045728
23 0.5869890329012961 0.043922984356197355 0.00897308075772682 0.006016847172081829
4 0.48903290129611166 0.8796630565583634 0.005982053838484547 0.016245487364620937
4 0.49700897308075775 0.8787605294825511 0.005982053838484547 0.013237063778580024
4 0.5062313060817547 0.8766546329723225 0.004985044865403789 0.01444043321299639
4 0.5254237288135594 0.8727436823104693 0.005982053838484547 0.01263537906137184
23 0.6228813559322034 0.036101083032490974 0.005982053838484547 0.00421179302045728
4 0.9915254237288136 0.7701564380264742 0.003988035892323031 0.010830324909747292
4 0.9985044865403788 0.7686522262334536 0.0019940179461615153 0.01263537906137184
4 0.7599700897308076 0.8270156438026474 0.009471585244267198 0.006016847172081829
4 0.8688933200398804 0.8062575210589651 0.00897308075772682 0.006016847172081829
4 0.8195413758723828 0.8185920577617328 0.00847457627118644 0.00421179302045728
23 0.706630109670987 0.8468712394705175 0.009471585244267198 0.006016847172081829
23 0.8913260219341974 0.8041516245487365 0.00897308075772682 0.005415162454873646
23 0.8711365902293121 0.8149819494584838 0.007477567298105683 0.005415162454873646
23 0.5002492522432702 0.9025270758122743 0.003489531405782652 0.009626955475330927
23 0.49202392821535396 0.9046329723225031 0.005982053838484547 0.009626955475330927
23 0.5147058823529411 0.8998194945848376 0.005982053838484547 0.01022864019253911
23 0.765702891326022 0.8408543922984356 0.003988035892323031 0.011432009626955475
23 0.7719341974077767 0.8393501805054152 0.00448654037886341 0.009626955475330927
23 0.8215353938185443 0.8279181708784596 0.007477567298105683 0.005415162454873646
4 0.5279162512462612 0.8974127557160048 0.003988035892323031 0.009025270758122744
4 0.522432701894317 0.8986161251504212 0.005982053838484547 0.013237063778580024
23 0.5069790628115654 0.9022262334536703 0.004985044865403789 0.009626955475330927
4 0.9965104685942173 0.7918170878459687 0.006480558325024925 0.016245487364620937
4 0.982801595214357 0.7954271961492179 0.003988035892323031 0.013838748495788207
4 0.8935692921236291 0.8176895306859205 0.005483549351944167 0.006016847172081829
4 0.8728813559322034 0.825511432009627 0.00897308075772682 0.006618531889290012
4 0.8202891326021934 0.8399518652226233 0.00897308075772682 0.0048134777376654635
4 0.7101196410767697 0.8676293622141997 0.00897308075772682 0.005415162454873646
23 0.8090727816550349 0.8450661853188929 0.005982053838484547 0.01263537906137184
23 0.7746759720837487 0.8564981949458483 0.003988035892323031 0.01022864019253911
23 0.7676969092721835 0.8595066185318893 0.003988035892323031 0.011432009626955475
4 0.8935692921236291 0.8318291215403129 0.014456630109670987 0.007220216606498195
23 0.8756231306081754 0.8360409145607701 0.007477567298105683 0.006016847172081829
23 0.8245264207377866 0.8498796630565584 0.007477567298105683 0.00421179302045728
4 0.7108673978065803 0.8784596871239471 0.007477567298105683 0.006618531889290012
4 0.10244267198404786 0.16365824308062576 0.005483549351944167 0.013237063778580024
23 0.16874376869391824 0.1486161251504212 0.006979062811565304 0.0036101083032490976
23 0.6256231306081754 0.043922984356197355 0.010967098703888335 0.006618531889290012
23 0.5884845463609173 0.05324909747292419 0.003988035892323031 0.0036101083032490976
23 0.6064307078763709 0.050842358604091455 0.00847457627118644 0.00842358604091456
23 0.16999002991026918 0.15764139590854392 0.007477567298105683 0.00421179302045728
23 0.6253738783649053 0.05204572803850782 0.005982053838484547 0.0048134777376654635
23 0.0032402791625124627 0.2009626955475331 0.006480558325024925 0.006016847172081829
23 0.7537387836490529 0.025571600481347774 0.007976071784646061 0.013838748495788207
23 0.17123629112662014 0.16696750902527077 0.005982053838484547 0.0036101083032490976
4 0.10568295114656032 0.18261131167268352 0.005982053838484547 0.012033694344163659
23 0.6288634097706879 0.06046931407942238 0.007976071784646061 0.0048134777376654635
4 0.09222333000997009 0.18802647412755716 0.00897308075772682 0.0036101083032490976
23 0.07502492522432702 0.19193742478941034 0.009471585244267198 0.005415162454873646
23 0.00448654037886341 0.21089049338146812 0.00897308075772682 0.006618531889290012
4 0.09322033898305085 0.1976534296028881 0.009471585244267198 0.0048134777376654635
4 0.04361914257228315 0.21419975932611313 0.007976071784646061 0.006016847172081829
23 0.026171485543369892 0.2190132370637786 0.010967098703888335 0.0048134777376654635
4 0.06181455633100698 0.2111913357400722 0.012462612163509471 0.007220216606498195
23 0.5830009970089731 0.09085439229843562 0.004985044865403789 0.01022864019253911
23 0.5667996011964108 0.0950661853188929 0.00448654037886341 0.010830324909747292
23 0.5747756729810568 0.09326113116726835 0.003988035892323031 0.010830324909747292
23 0.7225822532402791 0.059265944645006015 0.00847457627118644 0.01444043321299639
30 0.7445164506480558 0.05415162454873646 0.00897308075772682 0.01263537906137184
23 0.3801096709870389 0.13959085439229843 0.00448654037886341 0.009626955475330927
23 0.7323030907278165 0.05685920577617329 0.004985044865403789 0.01263537906137184
23 0.7579760717846461 0.05144404332129964 0.005483549351944167 0.013838748495788207
23 0.47058823529411764 0.11883273164861613 0.006480558325024925 0.012033694344163659
23 0.3634097706879362 0.1441034897713598 0.003988035892323031 0.010830324909747292
23 0.5590727816550349 0.09807460890493382 0.005982053838484547 0.009025270758122744
23 0.4217347956131605 0.1302647412755716 0.003988035892323031 0.011432009626955475
23 0.43893320039880357 0.1263537906137184 0.005483549351944167 0.011432009626955475
23 0.4307078763708873 0.12876052948255115 0.004985044865403789 0.01263537906137184
23 0.3890827517447657 0.13868832731648617 0.005483549351944167 0.010830324909747292
23 0.4060319042871386 0.13477737665463296 0.005483549351944167 0.01263537906137184
23 0.44715852442671983 0.12484957882069796 0.004985044865403789 0.01022864019253911
23 0.4130109670987039 0.13357400722021662 0.005483549351944167 0.012033694344163659
23 0.3713858424725823 0.14350180505415164 0.005483549351944167 0.012033694344163659
23 0.39730807577268196 0.1371841155234657 0.005483549351944167 0.012033694344163659
23 0.7146061814556331 0.06287605294825512 0.006480558325024925 0.01263537906137184
23 0.46385842472582256 0.12154031287605295 0.003489531405782652 0.009025270758122744
23 0.4556331006979063 0.12364620938628158 0.004985044865403789 0.01022864019253911
4 0.02642073778664008 0.22683513838748495 0.00897308075772682 0.006618531889290012
23 0.30782652043868397 0.16456077015643802 0.009471585244267198 0.007821901323706379
23 0.11016949152542373 0.21690734055354993 0.00448654037886341 0.01022864019253911
23 0.13185443668993022 0.21239470517448858 0.0029910269192422734 0.009025270758122744
23 0.11714855433698904 0.21660649819494585 0.004985044865403789 0.009626955475330927
23 0.17148554336989033 0.2042719614921781 0.003988035892323031 0.009626955475330927
23 0.12562313060817548 0.21510228640192539 0.003489531405782652 0.01022864019253911
23 0.18469591226321036 0.20126353790613719 0.003489531405782652 0.009025270758122744
23 0.1036889332003988 0.22081829121540314 0.00448654037886341 0.011432009626955475
23 0.15653040877367896 0.20848375451263537 0.004985044865403789 0.012033694344163659
23 0.16450648055832504 0.20728038507821903 0.003489531405782652 0.009626955475330927
23 0.17821535393818544 0.20397111913357402 0.00448654037886341 0.01022864019253911
23 0.3093220338983051 0.17448856799037304 0.009970089730807577 0.005415162454873646
23 0.7178464606181456 0.08363417569193743 0.006480558325024925 0.01022864019253911
23 0.7604685942173479 0.0743080625752106 0.003988035892323031 0.007821901323706379
23 0.7273180458624128 0.08243080625752106 0.003988035892323031 0.011432009626955475
23 0.7455134596211366 0.07882069795427196 0.005483549351944167 0.011432009626955475
23 0.7537387836490529 0.07701564380264742 0.00448654037886341 0.01022864019253911
23 0.7013958125623131 0.08935018050541517 0.004985044865403789 0.01263537906137184
23 0.8883349950149552 0.04542719614921781 0.007976071784646061 0.00421179302045728
23 0.6951645064805583 0.0914560770156438 0.004985044865403789 0.012033694344163659
23 0.7362911266201396 0.08182912154031288 0.006979062811565304 0.013838748495788207
23 0.8918245264207378 0.05746089049338147 0.00897308075772682 0.0048134777376654635
23 0.7898803589232303 0.08995186522262334 0.006480558325024925 0.01263537906137184
23 0.7470089730807578 0.10108303249097472 0.00448654037886341 0.01022864019253911
23 0.7318045862412762 0.10469314079422383 0.005982053838484547 0.010830324909747292
23 0.7402791625124626 0.10348977135980746 0.005982053838484547 0.01263537906137184
23 0.7148554336989033 0.1095066185318893 0.003489531405782652 0.01022864019253911
23 0.7819042871385843 0.09356197352587245 0.004985044865403789 0.01263537906137184
23 0.8940677966101694 0.06799037304452467 0.00847457627118644 0.0048134777376654635
23 0.7664506480558325 0.09807460890493382 0.005982053838484547 0.010830324909747292
23 0.7966101694915254 0.09085439229843562 0.005982053838484547 0.013838748495788207
23 0.7577268195413759 0.10048134777376655 0.006480558325024925 0.010830324909747292
30 0.6473080757726819 0.13146811070998796 0.013958125623130608 0.01444043321299639
23 0.6642572283150548 0.13176895306859207 0.007976071784646061 0.005415162454873646
23 0.7968594217347956 0.10800240673886884 0.007477567298105683 0.005415162454873646
23 0.8968095712861416 0.08754512635379061 0.007976071784646061 0.0036101083032490976
23 0.6699900299102692 0.14259927797833935 0.009471585244267198 0.005415162454873646
23 0.018195413758723827 0.2954271961492178 0.00847457627118644 0.0048134777376654635
30 0.6545363908275175 0.1510228640192539 0.011964107676969093 0.01444043321299639
23 0.672482552342971 0.1549338146811071 0.006979062811565304 0.0048134777376654635
23 0.900049850448654 0.10770156438026474 0.00448654037886341 0.0030084235860409147
23 0.674975074775673 0.1615523465703971 0.011964107676969093 0.006016847172081829
23 0.6650049850448654 0.1657641395908544 0.005483549351944167 0.01022864019253911
4 0.6901794616151545 0.1648616125150421 0.011964107676969093 0.00842358604091456
23 0.8035892323030908 0.13959085439229843 0.00847457627118644 0.005415162454873646
23 0.902542372881356 0.11732851985559567 0.009970089730807577 0.005415162454873646
23 0.8050847457627118 0.14891696750902528 0.00897308075772682 0.006618531889290012
23 0.9042871385842473 0.12876052948255115 0.011964107676969093 0.006016847172081829
23 0.8050847457627118 0.1588447653429603 0.010967098703888335 0.006016847172081829
23 0.23280159521435692 0.30415162454873645 0.010967098703888335 0.007220216606498195
23 0.21809571286141574 0.3074608904933815 0.011964107676969093 0.01022864019253911
15 0.7529910269192422 0.18561973525872444 0.08773678963110668 0.13116726835138387
4 0.810568295114656 0.17328519855595667 0.009471585244267198 0.007220216606498195
4 0.6989032901296112 0.20276774969915765 0.01296111665004985 0.009626955475330927
23 0.4047856430707876 0.27166064981949456 0.004985044865403789 0.013838748495788207
4 0.35219341974077767 0.2858002406738869 0.007976071784646061 0.017448856799037304
23 0.36889332003988035 0.3065583634175692 0.004985044865403789 0.013237063778580024
4 0.8711365902293121 0.20637785800240674 0.00847457627118644 0.006016847172081829
23 0.8898305084745762 0.20246690734055356 0.006979062811565304 0.00421179302045728
23 0.910518444666002 0.2009626955475331 0.011465603190428714 0.005415162454873646
4 0.8920737786640079 0.21299638989169675 0.00847457627118644 0.0048134777376654635
4 0.8741276171485544 0.21780986762936222 0.009970089730807577 0.006016847172081829
23 0.4541375872382851 0.32190132370637786 0.009970089730807577 0.007821901323706379
4 0.6136590229312063 0.28459687123947053 0.009471585244267198 0.006016847172081829
23 0.46984047856430705 0.31889290012033694 0.00847457627118644 0.006618531889290012
4 0.8758723828514456 0.22623345367027678 0.007976071784646061 0.0048134777376654635
4 0.8925722831505484 0.22322503008423586 0.007477567298105683 0.00421179302045728
23 0.5767696909272183 0.30114320096269553 0.009471585244267198 0.005415162454873646
23 0.06704885343968096 0.4232851985559567 0.012462612163509471 0.006618531889290012
23 0.5423728813559322 0.31167268351383876 0.007976071784646061 0.006016847172081829
23 0.5962113659022931 0.2996389891696751 0.009471585244267198 0.0048134777376654635
4 0.7587238285144566 0.2620336943441637 0.00847457627118644 0.006618531889290012
23 0.00872382851445663 0.12424789410348977 0.00847457627118644 0.005415162454873646
23 0.5423728813559322 0.322202166064982 0.009471585244267198 0.0048134777376654635
4 0.06804586241276171 0.43471720818291215 0.011465603190428714 0.006016847172081829
23 0.597457627118644 0.3110709987966306 0.006979062811565304 0.0048134777376654635
4 0.4568793619142572 0.34957882069795426 0.011465603190428714 0.007220216606498195
23 0.06879361914257229 0.4425391095066185 0.009970089730807577 0.006016847172081829
23 0.597457627118644 0.3194945848375451 0.006480558325024925 0.005415162454873646
23 0.8576769690927218 0.2641395908543923 0.011465603190428714 0.009626955475330927
23 0.7529910269192422 0.2891095066185319 0.006979062811565304 0.0048134777376654635
23 0.07153539381854436 0.453971119133574 0.011465603190428714 0.005415162454873646
23 0.7544865403788634 0.29873646209386284 0.00448654037886341 0.0048134777376654635
23 0.8594217347956131 0.2758724428399519 0.009970089730807577 0.006016847172081829
23 0.07278165503489531 0.4641997593261131 0.007976071784646061 0.0048134777376654635
23 0.5675473579262214 0.3510830324909747 0.00847457627118644 0.006016847172081829
23 0.07527417746759721 0.4741275571600481 0.010468594217347957 0.0048134777376654635
30 0.6493020937188435 0.33935018050541516 0.040877367896311065 0.035499398315282794
23 0.5677966101694916 0.35980746089049337 0.00847457627118644 0.0048134777376654635
23 0.07676969092721835 0.483453670276775 0.009970089730807577 0.006618531889290012
23 0.5690428713858424 0.3703369434416366 0.00847457627118644 0.005415162454873646
23 0.07676969092721835 0.49518652226233456 0.00847457627118644 0.005415162454873646
4 0.08125623130608176 0.5051143200962696 0.009970089730807577 0.006618531889290012
4 0.5745264207377866 0.38929001203369434 0.010468594217347957 0.007220216606498195
23 0.6732303090727817 0.3742478941034898 0.005483549351944167 0.005415162454873646
23 0.08150548354935194 0.5147412755716004 0.00897308075772682 0.007220216606498195
30 0.6864406779661016 0.3742478941034898 0.010967098703888335 0.018050541516245487
23 0.06430707876370888 0.5219614921780987 0.011964107676969093 0.00842358604091456
4 0.5757726819541376 0.40673886883273164 0.007976071784646061 0.0048134777376654635
23 0.6727318045862413 0.3841756919374248 0.006480558325024925 0.00421179302045728
23 0.005982053838484547 0.5409145607701564 0.011964107676969093 0.007220216606498195
23 0.9586241276171485 0.3176895306859206 0.005982053838484547 0.0030084235860409147
23 0.08349950149551345 0.5252707581227437 0.011964107676969093 0.00842358604091456
4 0.3778664007976072 0.4575812274368231 0.005483549351944167 0.015042117930204572
23 0.38609172482552345 0.4575812274368231 0.006979062811565304 0.01444043321299639
23 0.259222333000997 0.49097472924187724 0.006979062811565304 0.005415162454873646
23 0.0847457627118644 0.5354993983152828 0.00897308075772682 0.007821901323706379
4 0.169740777666999 0.5174488567990373 0.005982053838484547 0.013237063778580024
23 0.08673978065802593 0.5454271961492179 0.00897308075772682 0.006618531889290012
15 0.48429710867397807 0.45577617328519854 0.1694915254237288 0.20637785800240674
30 0.05209371884346959 0.5604693140794224 0.04735792622133599 0.05354993983152828
30 0.6886839481555334 0.41335740072202165 0.022931206380857428 0.029482551143200964
23 0.0897308075772682 0.5544524669073405 0.00847457627118644 0.006618531889290012
23 0.38783649052841473 0.48465703971119134 0.005483549351944167 0.012033694344163659
23 0.3806081754735793 0.48766546329723226 0.006480558325024925 0.013838748495788207
4 0.18668993020937188 0.5354993983152828 0.013459621136590228 0.007821901323706379
23 0.8763708873379861 0.3742478941034898 0.007477567298105683 0.0036101083032490976
4 0.16101694915254236 0.5421179302045728 0.011964107676969093 0.007220216606498195
4 0.5882352941176471 0.44554753309265943 0.007976071784646061 0.005415162454873646
23 0.09122632103688934 0.5640794223826715 0.009970089730807577 0.006016847172081829
23 0.8781156530408774 0.38537906137184114 0.005982053838484547 0.00421179302045728
23 0.18444666001994017 0.5490373044524669 0.00897308075772682 0.007220216606498195
4 0.6086739780658026 0.44945848375451264 0.006979062811565304 0.0048134777376654635
23 0.5922233300099701 0.453971119133574 0.01296111665004985 0.009025270758122744
4 0.0919740777666999 0.5743080625752106 0.009970089730807577 0.005415162454873646
23 0.18793619142572282 0.5616726835138387 0.00897308075772682 0.006618531889290012
4 0.6041874376869392 0.4687123947051745 0.007477567298105683 0.006016847172081829
4 0.5892323030907278 0.47352587244283995 0.00847457627118644 0.0048134777376654635
4 0.09471585244267199 0.5938628158844765 0.010967098703888335 0.007220216606498195
4 0.6248753738783649 0.4714199759326113 0.007477567298105683 0.0048134777376654635
4 0.6066799601196411 0.47743682310469315 0.011465603190428714 0.007220216606498195
4 0.5902293120638086 0.4831528279181709 0.007976071784646061 0.0048134777376654635
23 0.09770687936191426 0.6034897713598074 0.007477567298105683 0.006618531889290012
30 0.03863409770687936 0.6272563176895307 0.041375872382851446 0.052346570397111915
23 0.09820538384845463 0.6131167268351384 0.007976071784646061 0.006618531889290012
4 0.9506480558325024 0.41636582430806257 0.00847457627118644 0.006618531889290012
23 0.0992023928215354 0.6221419975932612 0.007477567298105683 0.00421179302045728
23 0.9533898305084746 0.4259927797833935 0.006480558325024925 0.005415162454873646
7 0.9274675972083749 0.4323104693140794 0.08225324027916252 0.401323706377858
4 0.2741774675972084 0.5866425992779783 0.013459621136590228 0.0048134777376654635
7 0.7577268195413759 0.4756317689530686 0.10468594217347957 0.41997593261131166
7 0.8497008973080757 0.45517448856799037 0.09621136590229312 0.41997593261131166
23 0.9523928215353938 0.4362214199759326 0.004985044865403789 0.00421179302045728
4 0.2761714855433699 0.5983754512635379 0.009970089730807577 0.005415162454873646
4 0.10568295114656032 0.6395908543922985 0.013958125623130608 0.00842358604091456
23 0.10518444666001994 0.6495186522262335 0.007477567298105683 0.006618531889290012
23 0.632851445663011 0.5270758122743683 0.006979062811565304 0.0036101083032490976