4 0.8769757639620653 0.0855614973262032 0.010010537407797681 0.006016042780748663
23 0.9041095890410958 0.5661764705882353 0.005795574288724974 0.01270053475935829
30 0.04768177028451001 0.36263368983957217 0.04689146469968388 0.04411764705882353
4 0.12091675447839831 0.3917112299465241 0.005795574288724974 0.012032085561497326
23 0.13962065331928344 0.4037433155080214 0.008956796628029505 0.0053475935828877
23 0.11854583772391991 0.4037433155080214 0.004741833508956797 0.011363636363636364
23 0.13856691253951528 0.40942513368983957 0.008956796628029505 0.0066844919786096255
4 0.1261854583772392 0.4141042780748663 0.008956796628029505 0.007352941176470588
30 0.04241306638566913 0.3967245989304813 0.04162276080084299 0.03609625668449198
23 0.08061116965226554 0.40608288770053474 0.01422550052687039 0.0106951871657754
23 0.02476290832455216 0.393048128342246 0.005795574288724974 0.011363636363636364
4 0.8364067439409906 0.08054812834224599 0.008956796628029505 0.007352941176470588
4 0.8192834562697576 0.07620320855614973 0.008956796628029505 0.008021390374331552
4 0.8761854583772392 0.09024064171122995 0.008429926238145416 0.0066844919786096255
4 0.8912012644889358 0.09391711229946524 0.008429926238145416 0.0066844919786096255
7 0.6454162276080084 0.553475935828877 0.09220231822971549 0.40040106951871657
23 0.07692307692307693 0.4141042780748663 0.01053740779768177 0.007352941176470588
23 0.11617492096944151 0.42713903743315507 0.004741833508956797 0.01270053475935829
23 0.02845100105374078 0.4177807486631016 0.01422550052687039 0.009358288770053475
30 0.07244467860906217 0.43816844919786097 0.03424657534246575 0.056818181818181816
4 0.1290832455216017 0.48963903743315507 0.009483667017913594 0.02406417112299465
23 0.07850368809272919 0.5010026737967914 0.015279241306638568 0.0106951871657754
7 0.7689673340358272 0.6881684491978609 0.10168598524762908 0.3790106951871658
7 0.9636459430979979 0.7369652406417112 0.07165437302423604 0.37767379679144386
7 0.6994204425711275 0.6724598930481284 0.09430979978925184 0.37967914438502676
7 0.8377239199157007 0.7065508021390374 0.10010537407797682 0.39037433155080214
7 0.9059536354056902 0.7232620320855615 0.09799789251844046 0.3897058823529412
4 0.5756059009483667 0.6433823529411765 0.010010537407797681 0.008021390374331552
23 0.3835616438356164 0.5972593582887701 0.009483667017913594 0.008021390374331552
23 0.6024762908324552 0.6647727272727273 0.005795574288724974 0.010026737967914439
23 0.6006322444678609 0.6774732620320856 0.004741833508956797 0.010026737967914439
4 0.5313487881981033 0.6664438502673797 0.006322444678609062 0.012032085561497326
4 0.5255532139093783 0.6657754010695187 0.006322444678609062 0.01270053475935829
23 0.0821917808219178 0.5618315508021391 0.005795574288724974 0.012032085561497326
23 0.0779768177028451 0.5608288770053476 0.005795574288724974 0.012032085561497326
23 0.08772391991570073 0.5638368983957219 0.008429926238145416 0.01804812834224599
23 0.6554267650158061 0.7052139037433155 0.010010537407797681 0.0066844919786096255
23 0.65463645943098 0.7098930481283422 0.01053740779768177 0.007352941176470588
23 0.49631190727081137 0.6788101604278075 0.009483667017913594 0.007352941176470588
23 0.003424657534246575 0.5621657754010695 0.00684931506849315 0.020053475935828877
23 0.85695468914647 0.10327540106951871 0.006322444678609062 0.01270053475935829
23 0.017650158061116965 0.5718582887700535 0.008956796628029505 0.007352941176470588
4 0.5524236037934668 0.02874331550802139 0.010010537407797681 0.008021390374331552
4 0.565331928345627 0.03208556149732621 0.01053740779768177 0.008689839572192513
4 0.3279768177028451 0.6590909090909091 0.01791359325605901 0.01270053475935829
4 0.5381981032665965 0.02606951871657754 0.008956796628029505 0.008021390374331552
4 0.37407797681770283 0.6737967914438503 0.005795574288724974 0.01270053475935829
4 0.511854583772392 0.019385026737967916 0.01053740779768177 0.007352941176470588
4 0.5252897787144363 0.02339572192513369 0.009483667017913594 0.008021390374331552
4 0.49789251844046367 0.016711229946524065 0.008956796628029505 0.007352941176470588
4 0.4844573234984194 0.013368983957219251 0.009483667017913594 0.007352941176470588
4 0.470231822971549 0.0106951871657754 0.009483667017913594 0.007352941176470588
4 0.45732349841938885 0.007352941176470588 0.008956796628029505 0.007352941176470588
4 0.4438883034773446 0.004010695187165776 0.010010537407797681 0.007352941176470588
4 0.36880927291886195 0.6908422459893048 0.009483667017913594 0.007352941176470588
4 0.4309799789251844 0.00267379679144385 0.01053740779768177 0.0053475935828877
4 0.4185985247629083 0.001336898395721925 0.010010537407797681 0.00267379679144385
4 0.36749209694415175 0.6988636363636364 0.008956796628029505 0.007352941176470588
4 0.2752897787144363 0.6774732620320856 0.01791359325605901 0.012032085561497326
4 0.28951527924130666 0.6831550802139037 0.009483667017913594 0.006016042780748663
23 0.2631717597471022 0.6798128342245989 0.005268703898840885 0.010026737967914439
4 0.22312961011591148 0.6707887700534759 0.018967334035827187 0.01270053475935829
4 0.19573234984193888 0.6641042780748663 0.018967334035827187 0.012032085561497326
23 0.8422023182297155 0.10494652406417113 0.008956796628029505 0.007352941176470588
4 0.26211801896733405 0.6898395721925134 0.008956796628029505 0.0066844919786096255
4 0.2779241306638567 0.695855614973262 0.010010537407797681 0.022727272727272728
4 0.6019494204425712 0.7777406417112299 0.009483667017913594 0.007352941176470588
23 0.2623814541622761 0.6981951871657754 0.004741833508956797 0.0106951871657754
23 0.2581664910432034 0.6978609625668449 0.005268703898840885 0.0106951871657754
23 0.18308746048472077 0.6901737967914439 0.009483667017913594 0.007352941176470588
4 0.46127502634351947 0.7627005347593583 0.005795574288724974 0.01270053475935829
23 0.5305584826132771 0.7814171122994652 0.009483667017913594 0.0066844919786096255
23 0.19731296101159115 0.6991978609625669 0.008956796628029505 0.01804812834224599
23 0.13540569020021076 0.6898395721925134 0.008429926238145416 0.019385026737967916
4 0.27845100105374077 0.7266042780748663 0.010010537407797681 0.02339572192513369
30 0.1780821917808219 0.7122326203208557 0.03371970495258166 0.05614973262032086
30 0.15147523709167546 0.7075534759358288 0.03108535300316122 0.058823529411764705
4 0.13356164383561644 0.7052139037433155 0.005268703898840885 0.012032085561497326
15 0.5882507903055848 0.8315508021390374 0.07639620653319283 0.11564171122994653
15 0.5042149631190727 0.8231951871657754 0.0779768177028451 0.10628342245989304
23 0.42518440463645946 0.8104946524064172 0.008956796628029505 0.007352941176470588
23 0.7571127502634352 0.8957219251336899 0.008956796628029505 0.007352941176470588
23 0.8804004214963119 0.12332887700534759 0.005795574288724974 0.011363636363636364
23 0.8548472075869337 0.11697860962566844 0.005795574288724974 0.012032085561497326
23 0.7568493150684932 0.9010695187165776 0.009483667017913594 0.007352941176470588
23 0.8843519494204426 0.125 0.005795574288724974 0.0106951871657754
4 0.422550052687039 0.8268716577540107 0.01053740779768177 0.007352941176470588
4 0.6203898840885143 0.8770053475935828 0.008956796628029505 0.007352941176470588
4 0.3422023182297155 0.8111631016042781 0.004741833508956797 0.0106951871657754
4 0.33535300316122235 0.8101604278074866 0.004741833508956797 0.011363636363636364
4 0.32481559536354054 0.8088235294117647 0.004741833508956797 0.0106951871657754
4 0.3295574288724974 0.8101604278074866 0.004741833508956797 0.0106951871657754
23 0.5424130663856691 0.8673128342245989 0.008956796628029505 0.007352941176470588
4 0.8877766069546892 0.9545454545454546 0.006322444678609062 0.01270053475935829
4 0.7629083245521602 0.09692513368983957 0.011591148577449948 0.009358288770053475
23 0.1714963119072708 0.7800802139037433 0.01422550052687039 0.011363636363636364
23 0.7539515279241307 0.9298128342245989 0.008956796628029505 0.008021390374331552
23 0.42781875658587987 0.8546122994652406 0.005268703898840885 0.01270053475935829
23 0.43256059009483666 0.8566176470588235 0.006322444678609062 0.012032085561497326
23 0.5392518440463646 0.8850267379679144 0.008956796628029505 0.0066844919786096255
23 0.5489989462592202 0.8873663101604278 0.008956796628029505 0.006016042780748663
4 0.7623814541622761 0.9411764705882353 0.009483667017913594 0.0066844919786096255
23 0.910168598524763 0.9782754010695187 0.005795574288724974 0.011363636363636364
4 0.37908324552160166 0.8475935828877005 0.006322444678609062 0.010026737967914439
23 0.8922550052687039 0.9739304812834224 0.005268703898840885 0.011363636363636364
23 0.8967334035827187 0.9759358288770054 0.005268703898840885 0.011363636363636364
4 0.9030558482613277 0.9772727272727273 0.005268703898840885 0.012032085561497326
23 0.571390937829294 0.8953877005347594 0.006322444678609062 0.011363636363636364
23 0.5761327713382508 0.8967245989304813 0.005268703898840885 0.01270053475935829
4 0.5645416227608009 0.8950534759358288 0.007376185458377239 0.014037433155080214
23 0.547945205479452 0.8937165775401069 0.009483667017913594 0.0066844919786096255
4 0.5376712328767124 0.8920454545454546 0.010010537407797681 0.0066844919786096255
4 0.762118018967334 0.9471925133689839 0.01053740779768177 0.008021390374331552
4 0.05426765015806112 0.7780748663101604 0.007376185458377239 0.0053475935828877
4 0.6588514225500527 0.9274732620320856 0.010010537407797681 0.009358288770053475
23 0.25922023182297155 0.8308823529411765 0.004741833508956797 0.011363636363636364
23 0.37908324552160166 0.8616310160427807 0.008429926238145416 0.006016042780748663
4 0.6030031612223393 0.9204545454545454 0.010010537407797681 0.007352941176470588
23 0.2839831401475237 0.8415775401069518 0.004741833508956797 0.012032085561497326
23 0.27344573234984193 0.8399064171122995 0.005268703898840885 0.011363636363636364
23 0.26738672286617493 0.8382352941176471 0.005795574288724974 0.0106951871657754
23 0.2781875658587987 0.8409090909090909 0.005268703898840885 0.011363636363636364
23 0.3788198103266596 0.8669786096256684 0.009483667017913594 0.0066844919786096255
4 0.1583245521601686 0.8135026737967914 0.005795574288724974 0.01270053475935829
4 0.16359325605900948 0.8148395721925134 0.005795574288724974 0.01270053475935829
4 0.1351422550052687 0.8084893048128342 0.005268703898840885 0.012032085561497326
4 0.19599578503688092 0.8241978609625669 0.004741833508956797 0.011363636363636364
4 0.027660695468914646 0.7834224598930482 0.005795574288724974 0.012032085561497326
4 0.01791359325605901 0.7807486631016043 0.005268703898840885 0.011363636363636364
23 0.02291886195995785 0.7827540106951871 0.005795574288724974 0.0106951871657754
4 0.863013698630137 0.9926470588235294 0.008956796628029505 0.006016042780748663
23 0.3801369863013699 0.8756684491978609 0.009483667017913594 0.007352941176470588
4 0.7581664910432033 0.9702540106951871 0.01053740779768177 0.0066844919786096255
23 0.25395152792413067 0.847927807486631 0.004741833508956797 0.011363636363636364
4 0.8624868282402529 0.9973262032085561 0.009483667017913594 0.004010695187165776
23 0.3788198103266596 0.8806818181818182 0.008956796628029505 0.0066844919786096255
4 0.7576396206533192 0.9762700534759359 0.009483667017913594 0.008021390374331552
23 0.23498419388830347 0.848596256684492 0.008956796628029505 0.007352941176470588
15 0.8896206533192834 0.990975935828877 0.0458377239199157 0.016711229946524065
23 0.5993150684931506 0.9405080213903744 0.011064278187565859 0.008021390374331552
15 0.6293466807165438 0.9525401069518716 0.051633298208640675 0.08088235294117647
4 0.5998419388830347 0.9475267379679144 0.011591148577449948 0.009358288770053475
4 0.5579557428872497 0.9451871657754011 0.009483667017913594 0.008021390374331552
4 0.21707060063224448 0.8653074866310161 0.004741833508956797 0.011363636363636364
4 0.6512118018967334 0.9732620320855615 0.009483667017913594 0.0066844919786096255
4 0.5974710221285564 0.9605614973262032 0.01053740779768177 0.008021390374331552
4 0.5566385669125395 0.9538770053475936 0.009483667017913594 0.007352941176470588
23 0.21443624868282402 0.8790106951871658 0.005795574288724974 0.0106951871657754
4 0.59536354056902 0.973596256684492 0.011064278187565859 0.008021390374331552
7 0.32507903055848264 0.901403743315508 0.09378292939936776 0.14171122994652408
4 0.5985247629083246 0.9852941176470589 0.009483667017913594 0.007352941176470588
4 0.6206533192834562 0.9906417112299465 0.009483667017913594 0.007352941176470588
4 0.6077449947312961 0.9883021390374331 0.010010537407797681 0.009358288770053475
23 0.21285563751317177 0.8917112299465241 0.005795574288724974 0.011363636363636364
7 0.45995785036880926 0.9415106951871658 0.07481559536354057 0.11564171122994653
4 0.5081664910432033 0.9679144385026738 0.008956796628029505 0.008021390374331552
23 0.49841938883034775 0.9659090909090909 0.008956796628029505 0.007352941176470588
7 0.38724973656480505 0.9361631016042781 0.05795574288724974 0.09692513368983957
7 0.24552160168598525 0.902072192513369 0.07060063224446786 0.09893048128342247
7 0.09747102212855638 0.8629679144385026 0.19494204425711276 0.13502673796791445
23 0.7868809272918862 0.11664438502673796 0.005795574288724974 0.01270053475935829
23 0.7821390937829295 0.11530748663101605 0.005795574288724974 0.012032085561497326
23 0.8532665964172813 0.1356951871657754 0.005268703898840885 0.012032085561497326
23 0.7594836670179136 0.1126336898395722 0.011064278187565859 0.008689839572192513
23 0.9233403582718651 0.1570855614973262 0.008956796628029505 0.007352941176470588
7 0.3788198103266596 0.05113636363636364 0.49209694415173866 0.10227272727272728
23 0.9230769230769231 0.1657754010695187 0.009483667017913594 0.0066844919786096255
23 0.9928872497365648 0.19786096256684493 0.006322444678609062 0.0106951871657754
23 0.934931506849315 0.18649732620320855 0.005795574288724974 0.01270053475935829
7 0.38171759747102213 0.0711898395721925 0.49367755532139096 0.142379679144385
4 0.7473656480505796 0.15641711229946523 0.004741833508956797 0.012032085561497326
23 0.9325605900948367 0.2088903743315508 0.008429926238145416 0.006016042780748663
15 0.9934141201264489 0.22894385026737968 0.012118018967334035 0.042112299465240643
23 0.9312434141201265 0.2142379679144385 0.009483667017913594 0.0066844919786096255
23 0.9309799789251844 0.22025401069518716 0.009483667017913594 0.007352941176470588
4 0.5271338250790305 0.12332887700534759 0.009483667017913594 0.008021390374331552
4 0.5534773445732349 0.12967914438502673 0.010010537407797681 0.007352941176470588
23 0.5798208640674394 0.13703208556149732 0.01053740779768177 0.0066844919786096255
4 0.4430979978925184 0.10394385026737968 0.011064278187565859 0.008689839572192513
4 0.41886195995785036 0.09792780748663102 0.010010537407797681 0.008689839572192513
4 0.35511064278187565 0.08355614973262032 0.010010537407797681 0.008021390374331552
4 0.2571127502634352 0.060828877005347594 0.009483667017913594 0.007352941176470588
4 0.28714436248682823 0.06818181818181818 0.009483667017913594 0.007352941176470588
4 0.20679662802950474 0.04913101604278075 0.008429926238145416 0.0066844919786096255
23 0.7476290832455216 0.18315508021390375 0.010010537407797681 0.0066844919786096255
4 0.17992623814541622 0.043114973262032084 0.008429926238145416 0.007352941176470588
23 0.9296628029504742 0.2286096256684492 0.008956796628029505 0.0066844919786096255
4 0.15990516332982085 0.03943850267379679 0.009483667017913594 0.007352941176470588
23 0.16728134878819811 0.04411764705882353 0.005268703898840885 0.0106951871657754
23 0.1720231822971549 0.04512032085561497 0.005268703898840885 0.0106951871657754
23 0.7845100105374078 0.19852941176470587 0.008956796628029505 0.007352941176470588
23 0.7460484720758693 0.1895053475935829 0.010010537407797681 0.006016042780748663
4 0.15911485774499473 0.04478609625668449 0.008429926238145416 0.006016042780748663
23 0.9291359325605901 0.23529411764705882 0.009483667017913594 0.0066844919786096255
23 0.9915700737618546 0.25133689839572193 0.005795574288724974 0.0106951871657754
23 0.9963119072708114 0.25267379679144386 0.004741833508956797 0.0106951871657754
23 0.9984193888303478 0.25434491978609625 0.002107481559536354 0.01270053475935829
23 0.7837197049525817 0.20421122994652408 0.009483667017913594 0.0066844919786096255
23 0.9272918861959958 0.2429812834224599 0.009483667017913594 0.0066844919786096255
23 0.9836670179135932 0.26169786096256686 0.009483667017913594 0.007352941176470588
23 0.9265015806111696 0.24899732620320855 0.009483667017913594 0.0066844919786096255
23 0.7818756585879874 0.2162433155080214 0.009483667017913594 0.008021390374331552
4 0.7694942044257113 0.21524064171122995 0.010010537407797681 0.006016042780748663
4 0.5524236037934668 0.17179144385026737 0.009483667017913594 0.008021390374331552
4 0.5255532139093783 0.16510695187165775 0.009483667017913594 0.008021390374331552
4 0.512118018967334 0.16176470588235295 0.009483667017913594 0.007352941176470588
4 0.5389884088514225 0.16844919786096257 0.010010537407797681 0.007352941176470588
4 0.4944678609062171 0.15808823529411764 0.009483667017913594 0.0066844919786096255
4 0.4533719704952582 0.14872994652406418 0.009483667017913594 0.007352941176470588
4 0.4673340358271865 0.15207219251336898 0.010010537407797681 0.0066844919786096255
4 0.4807692307692308 0.1554144385026738 0.010010537407797681 0.0066844919786096255
4 0.4259747102212856 0.14204545454545456 0.010010537407797681 0.008021390374331552
4 0.41201264488935724 0.13836898395721925 0.008956796628029505 0.007352941176470588
4 0.43940990516332984 0.14605614973262032 0.010010537407797681 0.007352941176470588
4 0.39752370916754476 0.1356951871657754 0.010010537407797681 0.007352941176470588
4 0.3835616438356164 0.1320187165775401 0.009483667017913594 0.007352941176470588
4 0.9720758693361433 0.27740641711229946 0.005268703898840885 0.0106951871657754
4 0.34062170706006323 0.12232620320855615 0.008956796628029505 0.007352941176470588
4 0.32639620653319285 0.11931818181818182 0.009483667017913594 0.007352941176470588
4 0.29847207586933616 0.1126336898395722 0.008956796628029505 0.007352941176470588
4 0.27107481559536356 0.10594919786096256 0.010010537407797681 0.0066844919786096255
4 0.3124341412012645 0.11597593582887701 0.008429926238145416 0.0066844919786096255
4 0.285563751317176 0.10929144385026739 0.008956796628029505 0.008021390374331552
4 0.20231822971549 0.08957219251336898 0.009483667017913594 0.0066844919786096255
4 0.2581664910432034 0.10327540106951871 0.008956796628029505 0.007352941176470588
4 0.23076923076923078 0.09659090909090909 0.008956796628029505 0.008021390374331552
4 0.2168071654373024 0.0929144385026738 0.009483667017913594 0.0066844919786096255
4 0.1743940990516333 0.08255347593582887 0.009483667017913594 0.0066844919786096255
4 0.16174920969441517 0.07954545454545454 0.008429926238145416 0.006016042780748663
4 0.18835616438356165 0.08589572192513369 0.010010537407797681 0.0066844919786096255
4 0.244204425711275 0.0999331550802139 0.008956796628029505 0.007352941176470588
23 0.15226554267650158 0.0785427807486631 0.005268703898840885 0.012032085561497326
23 0.9309799789251844 0.2787433155080214 0.009483667017913594 0.008021390374331552
23 0.9433614330874605 0.2824197860962567 0.009483667017913594 0.008021390374331552
4 0.14567966280295047 0.0912433155080214 0.004741833508956797 0.008689839572192513
23 0.9301896733403583 0.2874331550802139 0.007903055848261328 0.0066844919786096255
23 0.9423076923076923 0.29044117647058826 0.008956796628029505 0.0066844919786096255
7 0.3616965226554268 0.1587566844919786 0.4794520547945205 0.15441176470588236
23 0.767913593256059 0.27540106951871657 0.01053740779768177 0.008689839572192513
4 0.779768177028451 0.2817513368983957 0.01053740779768177 0.0066844919786096255
4 0.7874077976817703 0.2924465240641711 0.005795574288724974 0.011363636363636364
23 0.84536354056902 0.3094919786096257 0.005795574288724974 0.013368983957219251
23 0.8638040042149632 0.31517379679144386 0.005268703898840885 0.01270053475935829
7 0.3548472075869336 0.196524064171123 0.4773445732349842 0.1537433155080214
4 0.6867755532139094 0.27907754010695185 0.01053740779768177 0.007352941176470588
23 0.8435194942044257 0.32386363636363635 0.007903055848261328 0.014705882352941176
23 0.8661749209694415 0.33088235294117646 0.005795574288724974 0.013368983957219251
4 0.43414120126448896 0.2426470588235294 0.006322444678609062 0.012032085561497326
4 0.3917281348788198 0.2336229946524064 0.005795574288724974 0.013368983957219251
4 0.470231822971549 0.2530080213903743 0.006322444678609062 0.013368983957219251
4 0.36275026343519495 0.22627005347593582 0.00684931506849315 0.01270053475935829
4 0.30505795574288724 0.21290106951871657 0.005795574288724974 0.012032085561497326
4 0.2708113804004215 0.2052139037433155 0.006322444678609062 0.01270053475935829
4 0.20521601685985247 0.18883689839572193 0.005795574288724974 0.01270053475935829
4 0.18651211801896733 0.18516042780748662 0.007376185458377239 0.013368983957219251
4 0.16148577449947313 0.17947860962566844 0.00684931506849315 0.014037433155080214
4 0.14541622760800843 0.17613636363636365 0.005795574288724974 0.011363636363636364
23 0.14067439409905164 0.1751336898395722 0.005268703898840885 0.012032085561497326
23 0.11195995785036882 0.17078877005347592 0.01422550052687039 0.0106951871657754
4 0.09272918861959958 0.170120320855615 0.005268703898840885 0.012032085561497326
23 0.071390937829294 0.16477272727272727 0.005268703898840885 0.012032085561497326
4 0.10194942044257113 0.17245989304812834 0.005268703898840885 0.010026737967914439
23 0.07613277133825079 0.1661096256684492 0.004741833508956797 0.0106951871657754
23 0.9978925184404637 0.39939839572192515 0.003161222339304531 0.01270053475935829
23 0.8540569020021075 0.3639705882352941 0.010010537407797681 0.007352941176470588
4 0.10616438356164383 0.17947860962566844 0.005795574288724974 0.011363636363636364
23 0.11275026343519494 0.1928475935828877 0.01422550052687039 0.009358288770053475
23 0.06269757639620653 0.1804812834224599 0.009483667017913594 0.007352941176470588
4 0.65463645943098 0.3285427807486631 0.010010537407797681 0.008021390374331552
4 0.899104320337197 0.39004010695187163 0.01053740779768177 0.009358288770053475
23 0.0619072708113804 0.18616310160427807 0.008956796628029505 0.006016042780748663
4 0.1214436248682824 0.20320855614973263 0.010010537407797681 0.0066844919786096255
23 0.06085353003161222 0.19217914438502673 0.008429926238145416 0.0066844919786096255
4 0.11301369863013698 0.20989304812834225 0.005268703898840885 0.0106951871657754
23 0.06059009483667018 0.19752673796791445 0.009483667017913594 0.0066844919786096255
15 0.08667017913593256 0.2052139037433155 0.04899894625922023 0.060828877005347594
23 0.059009483667017915 0.2038770053475936 0.008956796628029505 0.006016042780748663
23 0.12592202318229714 0.2232620320855615 0.01422550052687039 0.0106951871657754
23 0.05821917808219178 0.20989304812834225 0.008429926238145416 0.006016042780748663
4 0.11143308746048472 0.2266042780748663 0.008956796628029505 0.0066844919786096255
23 0.12460484720758694 0.2322860962566845 0.014752370916754479 0.0106951871657754
23 0.057165437302423606 0.2159090909090909 0.008956796628029505 0.007352941176470588
4 0.11064278187565858 0.23161764705882354 0.008429926238145416 0.0066844919786096255
4 0.7471022128556375 0.3927139037433155 0.005268703898840885 0.012032085561497326
23 0.7228661749209695 0.38736631016042783 0.008956796628029505 0.0066844919786096255
4 0.11037934668071654 0.2376336898395722 0.009483667017913594 0.0066844919786096255
23 0.12302423603793466 0.24164438502673796 0.013171759747102213 0.009358288770053475
4 0.7652792413066386 0.4007352941176471 0.008956796628029505 0.0066844919786096255
23 0.7802950474183351 0.40441176470588236 0.008429926238145416 0.0066844919786096255
23 0.7218124341412012 0.3940508021390374 0.009483667017913594 0.0066844919786096255
23 0.7924130663856691 0.4127673796791444 0.008429926238145416 0.0066844919786096255
4 0.7204952581664911 0.3983957219251337 0.007903055848261328 0.0066844919786096255
23 0.08956796628029505 0.24364973262032086 0.004741833508956797 0.0106951871657754
4 0.10669125395152793 0.24966577540106952 0.005795574288724974 0.011363636363636364
23 0.10063224446786091 0.2483288770053476 0.008429926238145416 0.01871657754010695
23 0.7795047418335089 0.4164438502673797 0.009483667017913594 0.007352941176470588
23 0.7197049525816649 0.40441176470588236 0.008429926238145416 0.006016042780748663
23 0.7776606954689147 0.42212566844919786 0.01053740779768177 0.0066844919786096255
4 0.7768703898840885 0.4274732620320856 0.007903055848261328 0.0066844919786096255
4 0.7178609062170705 0.41878342245989303 0.008956796628029505 0.0066844919786096255
4 0.696786090621707 0.4137700534759358 0.008956796628029505 0.007352941176470588
23 0.18756585879873552 0.29010695187165775 0.004741833508956797 0.011363636363636364
23 0.21733403582718652 0.29812834224598933 0.008429926238145416 0.0053475935828877
23 0.7168071654373024 0.42613636363636365 0.007903055848261328 0.0066844919786096255
23 0.20258166491043203 0.3048128342245989 0.005795574288724974 0.01270053475935829
23 0.7162802950474183 0.4334893048128342 0.008429926238145416 0.006016042780748663
4 0.773709167544784 0.45187165775401067 0.008956796628029505 0.0066844919786096255
23 0.7154899894625922 0.43883689839572193 0.007903055848261328 0.006016042780748663
4 0.9433614330874605 0.4989973262032086 0.01053740779768177 0.0066844919786096255
4 0.714172813487882 0.4445187165775401 0.007903055848261328 0.0066844919786096255
4 0.17386722866174922 0.31316844919786097 0.005268703898840885 0.01270053475935829
23 0.21417281348788197 0.32386363636363635 0.010010537407797681 0.007352941176470588
23 0.15489989462592202 0.31016042780748665 0.005268703898840885 0.013368983957219251
23 0.16886195995785036 0.3135026737967914 0.005795574288724974 0.016042780748663103
23 0.20047418335089567 0.32185828877005346 0.006322444678609062 0.01270053475935829
23 0.71390937829294 0.44986631016042783 0.008429926238145416 0.0066844919786096255
4 0.16227608008429925 0.3145053475935829 0.01053740779768177 0.02339572192513369
23 0.22655426765015807 0.330548128342246 0.005268703898840885 0.012032085561497326
23 0.2131190727081138 0.32987967914438504 0.010010537407797681 0.007352941176470588
23 0.7123287671232876 0.455548128342246 0.008429926238145416 0.008021390374331552
4 0.7708113804004215 0.47058823529411764 0.008956796628029505 0.006016042780748663
23 0.261854583772392 0.347927807486631 0.006322444678609062 0.012032085561497326
23 0.2528977871443625 0.3465909090909091 0.005795574288724974 0.012032085561497326
23 0.24894625922023184 0.34558823529411764 0.005795574288724974 0.011363636363636364
23 0.2576396206533193 0.34759358288770054 0.005268703898840885 0.012032085561497326
23 0.2684404636459431 0.35093582887700536 0.005268703898840885 0.01270053475935829
23 0.20679662802950474 0.33656417112299464 0.009483667017913594 0.007352941176470588
23 0.7115384615384616 0.4608957219251337 0.008956796628029505 0.007352941176470588
23 0.1714963119072708 0.32787433155080214 0.005795574288724974 0.014705882352941176
23 0.1757112750263435 0.32887700534759357 0.004741833508956797 0.012032085561497326
23 0.16728134878819811 0.32754010695187163 0.004741833508956797 0.012032085561497326
23 0.17966280295047418 0.33121657754010697 0.005795574288724974 0.01270053475935829
23 0.7716016859852476 0.47927807486631013 0.007903055848261328 0.007352941176470588
23 0.20758693361433087 0.34191176470588236 0.009483667017913594 0.0066844919786096255
4 0.7107481559536354 0.46691176470588236 0.007903055848261328 0.006016042780748663
23 0.7341938883034773 0.47459893048128343 0.008956796628029505 0.0066844919786096255
23 0.7708113804004215 0.48362299465240643 0.008429926238145416 0.007352941176470588
23 0.7413066385669126 0.4799465240641711 0.005795574288724974 0.0106951871657754
23 0.7700210748155953 0.4889705882352941 0.008429926238145416 0.007352941176470588
23 0.7518440463645943 0.4852941176470588 0.008956796628029505 0.0066844919786096255
23 0.7687038988408852 0.4946524064171123 0.008956796628029505 0.0066844919786096255
23 0.04741833508956796 0.3392379679144385 0.015279241306638568 0.012032085561497326
4 0.8379873551106428 0.07553475935828877 0.009483667017913594 0.0053475935828877
4 0.8198103266596417 0.07152406417112299 0.009483667017913594 0.006016042780748663
4 0.8922550052687039 0.08957219251336898 0.009483667017913594 0.0066844919786096255