23 0.7854872881355932 0.5898089171974522 0.005296610169491525 0.011464968152866241
23 0.7788665254237288 0.589171974522293 0.004766949152542373 0.010828025477707006
23 0.7929025423728814 0.5914012738853504 0.003707627118644068 0.01019108280254777
23 0.7717161016949152 0.5888535031847134 0.00423728813559322 0.011464968152866241
23 0.004766949152542373 0.4923566878980892 0.009533898305084746 0.007643312101910828
23 0.8697033898305084 0.60828025477707 0.009004237288135594 0.0070063694267515925
30 0.8522245762711864 0.6073248407643312 0.015360169491525424 0.019745222929936305
4 0.5341631355932204 0.5671974522292994 0.012711864406779662 0.009554140127388535
4 0.5060911016949152 0.5636942675159236 0.011652542372881356 0.007643312101910828
23 0.5203919491525424 0.5659235668789809 0.011122881355932203 0.008280254777070064
23 0.004766949152542373 0.5006369426751592 0.009533898305084746 0.008917197452229299
30 0.7094809322033898 0.5968152866242038 0.019067796610169493 0.019745222929936305
23 0.8694385593220338 0.6171974522292993 0.010063559322033898 0.005732484076433121
23 0.7703919491525424 0.6054140127388535 0.004766949152542373 0.012101910828025478
4 0.5333686440677966 0.5751592356687898 0.012182203389830509 0.007643312101910828
23 0.7846927966101694 0.6070063694267516 0.004766949152542373 0.011464968152866241
23 0.7772775423728814 0.606687898089172 0.004766949152542373 0.011464968152866241
23 0.5195974576271186 0.574203821656051 0.012711864406779662 0.008280254777070064
23 0.7913135593220338 0.6085987261146497 0.004766949152542373 0.011464968152866241
4 0.5052966101694916 0.5729299363057325 0.011122881355932203 0.008280254777070064
23 0.004502118644067797 0.5095541401273885 0.009004237288135594 0.007643312101910828
23 0.977489406779661 0.6378980891719745 0.004766949152542373 0.010828025477707006
23 0.9547139830508474 0.6356687898089172 0.00423728813559322 0.012101910828025478
30 0.986228813559322 0.6398089171974523 0.009004237288135594 0.02165605095541401
30 0.965042372881356 0.6375796178343949 0.01641949152542373 0.022292993630573247
30 0.9420021186440678 0.6347133757961784 0.01694915254237288 0.017834394904458598
23 0.8686440677966102 0.6254777070063694 0.010063559322033898 0.006369426751592357
23 0.5325741525423728 0.5847133757961783 0.009533898305084746 0.007643312101910828
23 0.518802966101695 0.5831210191082803 0.011122881355932203 0.007643312101910828
23 0.003972457627118644 0.5178343949044586 0.007944915254237288 0.007643312101910828
4 0.5039724576271186 0.5812101910828026 0.012182203389830509 0.008280254777070064
23 0.8686440677966102 0.6343949044585987 0.01059322033898305 0.006369426751592357
4 0.5323093220338984 0.5923566878980892 0.012182203389830509 0.008917197452229299
4 0.5045021186440678 0.5894904458598726 0.011652542372881356 0.008280254777070064
23 0.517478813559322 0.5914012738853504 0.011652542372881356 0.008280254777070064
4 0.003972457627118644 0.5267515923566879 0.007944915254237288 0.008917197452229299
23 0.9197563559322034 0.6445859872611465 0.004766949152542373 0.01337579617834395
23 0.9107521186440678 0.6442675159235669 0.00847457627118644 0.01464968152866242
23 0.933792372881356 0.6503184713375796 0.00847457627118644 0.005732484076433121
23 0.5309851694915254 0.6012738853503184 0.012182203389830509 0.008917197452229299
4 0.503707627118644 0.5977707006369427 0.012182203389830509 0.007643312101910828
23 0.5172139830508474 0.6003184713375797 0.011652542372881356 0.008280254777070064
23 0.0031779661016949155 0.5359872611464969 0.006355932203389831 0.0070063694267515925
4 0.53125 0.6101910828025477 0.012711864406779662 0.009554140127388535
4 0.5023834745762712 0.606687898089172 0.012182203389830509 0.007643312101910828
23 0.0031779661016949155 0.543312101910828 0.006355932203389831 0.007643312101910828
23 0.5172139830508474 0.609235668789809 0.012182203389830509 0.008917197452229299
23 0.5307203389830508 0.6184713375796178 0.012182203389830509 0.008917197452229299
23 0.0026483050847457626 0.5531847133757962 0.005296610169491525 0.0070063694267515925
23 0.0023834745762711866 0.5611464968152866 0.004766949152542373 0.007643312101910828
4 0.5166843220338984 0.6321656050955414 0.012711864406779662 0.008280254777070064
23 0.00211864406779661 0.5697452229299363 0.00423728813559322 0.0070063694267515925
23 0.8519597457627118 0.678343949044586 0.005296610169491525 0.010828025477707006
4 0.5164194915254238 0.6404458598726115 0.012711864406779662 0.008917197452229299
23 0.0013241525423728813 0.578343949044586 0.0026483050847457626 0.007643312101910828
23 0.8514300847457628 0.6949044585987261 0.00423728813559322 0.009554140127388535
4 0.0013241525423728813 0.5990445859872612 0.0026483050847457626 0.009554140127388535
23 0.6138771186440678 0.6949044585987261 0.006885593220338983 0.012738853503184714
23 0.6069915254237288 0.6942675159235668 0.005826271186440678 0.01337579617834395
23 0.642478813559322 0.6987261146496815 0.006355932203389831 0.01337579617834395
23 0.5998411016949152 0.693312101910828 0.005826271186440678 0.01337579617834395
23 0.628177966101695 0.6968152866242038 0.005826271186440678 0.01337579617834395
23 0.621292372881356 0.6964968152866242 0.006885593220338983 0.014012738853503185
23 0.5929555084745762 0.6929936305732484 0.006355932203389831 0.012738853503184714
23 0.6350635593220338 0.6984076433121019 0.005826271186440678 0.015286624203821656
23 0.659957627118644 0.7054140127388535 0.006355932203389831 0.01337579617834395
23 0.653072033898305 0.7044585987261146 0.005826271186440678 0.012738853503184714
23 0.9515360169491526 0.879936305732484 0.005296610169491525 0.01337579617834395
4 0.9367055084745762 0.8780254777070063 0.005826271186440678 0.01337579617834395
23 0.9435911016949152 0.8789808917197452 0.005296610169491525 0.01337579617834395
4 0.958156779661017 0.8812101910828025 0.004766949152542373 0.012738853503184714
23 0.2661546610169492 0.8777070063694268 0.00423728813559322 0.008917197452229299
23 0.2878707627118644 0.8805732484076433 0.003707627118644068 0.007643312101910828
23 0.2730402542372881 0.8792993630573248 0.003707627118644068 0.008917197452229299
23 0.2592690677966102 0.8773885350318471 0.00423728813559322 0.01019108280254777
23 0.23146186440677965 0.8738853503184714 0.00423728813559322 0.01019108280254777
23 0.2375529661016949 0.8754777070063694 0.003707627118644068 0.009554140127388535
23 0.251853813559322 0.8773885350318471 0.004766949152542373 0.009554140127388535
23 0.24496822033898305 0.8764331210191083 0.00423728813559322 0.009554140127388535
23 0.2807203389830508 0.880891719745223 0.003707627118644068 0.008917197452229299
23 0.20921610169491525 0.8719745222929937 0.003707627118644068 0.009554140127388535
23 0.22351694915254236 0.8735668789808917 0.00423728813559322 0.008917197452229299
23 0.2166313559322034 0.8735668789808917 0.00423728813559322 0.008917197452229299
23 0.19491525423728814 0.8707006369426752 0.00423728813559322 0.008917197452229299
23 0.20233050847457626 0.871656050955414 0.005296610169491525 0.009554140127388535
4 0.4369703389830508 0.9038216560509554 0.005296610169491525 0.012738853503184714
4 0.4300847457627119 0.9028662420382165 0.005826271186440678 0.01337579617834395
4 0.4226694915254237 0.9019108280254777 0.005296610169491525 0.01337579617834395
4 0.7216631355932204 0.9436305732484076 0.009004237288135594 0.005732484076433121
4 0.7073622881355932 0.9417197452229299 0.009004237288135594 0.006369426751592357
4 0.5614406779661016 0.9248407643312102 0.01059322033898305 0.0070063694267515925
15 0.5434322033898306 0.9222929936305733 0.013241525423728813 0.008917197452229299
23 0.0034427966101694915 0.8554140127388535 0.006885593220338983 0.006369426751592357
4 0.0836864406779661 0.870063694267516 0.005296610169491525 0.01337579617834395
23 0.706832627118644 0.95 0.00847457627118644 0.005732484076433121
23 0.7208686440677966 0.9525477707006369 0.009004237288135594 0.006369426751592357
23 0.8270656779661016 0.9671974522292993 0.011122881355932203 0.007643312101910828
23 0.0034427966101694915 0.8671974522292993 0.006885593220338983 0.0070063694267515925
23 0.7200741525423728 0.960828025477707 0.009004237288135594 0.005732484076433121
23 0.7060381355932204 0.9589171974522293 0.009004237288135594 0.005732484076433121
23 0.6453919491525424 0.9512738853503184 0.009533898305084746 0.005732484076433121
23 0.659427966101695 0.9538216560509554 0.009533898305084746 0.005095541401273885
4 0.8275953389830508 0.9748407643312101 0.011122881355932203 0.005732484076433121
23 0.0031779661016949155 0.8751592356687898 0.006355932203389831 0.006369426751592357
15 0.3162076271186441 0.9156050955414012 0.025953389830508475 0.038853503184713374
15 0.3882415254237288 0.9315286624203821 0.034427966101694914 0.05859872611464968
23 0.07997881355932203 0.8926751592356688 0.009004237288135594 0.005732484076433121
23 0.640625 0.9640127388535031 0.007415254237288136 0.005732484076433121
30 0.7208686440677966 0.9761146496815286 0.015889830508474576 0.022929936305732482
30 0.7047139830508474 0.9742038216560509 0.017478813559322032 0.02165605095541401
23 0.012447033898305085 0.8866242038216561 0.00847457627118644 0.005732484076433121
30 0.6795550847457628 0.9729299363057324 0.019067796610169493 0.018471337579617834
15 0.6565148305084746 0.9713375796178344 0.018538135593220338 0.02038216560509554
23 0.026747881355932205 0.8929936305732484 0.009533898305084746 0.006369426751592357
23 0.6398305084745762 0.971656050955414 0.007944915254237288 0.005732484076433121
23 0.07971398305084745 0.9015923566878981 0.009533898305084746 0.005095541401273885
30 0.6234110169491526 0.9710191082802547 0.014830508474576272 0.021019108280254776
23 0.0023834745762711866 0.8920382165605095 0.004766949152542373 0.0070063694267515925
15 0.052701271186440676 0.9019108280254777 0.04290254237288135 0.04522292993630573
23 0.025953389830508475 0.9019108280254777 0.009533898305084746 0.006369426751592357
23 0.17664194915254236 0.9210191082802548 0.005296610169491525 0.012101910828025478
23 0.1628707627118644 0.9197452229299363 0.004766949152542373 0.011464968152866241
23 0.1408898305084746 0.9168789808917197 0.005826271186440678 0.010828025477707006
23 0.15545550847457626 0.9187898089171974 0.005296610169491525 0.012101910828025478
23 0.1697563559322034 0.9207006369426751 0.004766949152542373 0.011464968152866241
23 0.1340042372881356 0.9162420382165605 0.005296610169491525 0.011464968152866241
23 0.1483050847457627 0.9178343949044586 0.005296610169491525 0.011464968152866241
23 0.1271186440677966 0.9159235668789809 0.004766949152542373 0.012738853503184714
23 0.7190148305084746 0.990764331210191 0.009533898305084746 0.006369426751592357
4 0.11970338983050847 0.914968152866242 0.005826271186440678 0.012738853503184714
23 0.0791843220338983 0.9098726114649681 0.010063559322033898 0.005732484076433121
23 0.7033898305084746 0.9888535031847133 0.009004237288135594 0.005732484076433121
23 0.6390360169491526 0.9818471337579617 0.009004237288135594 0.005732484076433121
23 0.011387711864406779 0.9044585987261147 0.009533898305084746 0.005732484076433121
4 0.02489406779661017 0.9098726114649681 0.01059322033898305 0.006369426751592357
30 0.6774364406779662 0.9917197452229299 0.020127118644067795 0.015286624203821656
23 0.07891949152542373 0.9187898089171974 0.009533898305084746 0.006369426751592357
30 0.6541313559322034 0.9904458598726115 0.019067796610169493 0.017834394904458598
23 0.638771186440678 0.9901273885350318 0.009004237288135594 0.005732484076433121
23 0.6228813559322034 0.9882165605095541 0.009533898305084746 0.005732484076433121
23 0.16154661016949154 0.9369426751592357 0.005296610169491525 0.012101910828025478
4 0.1403601694915254 0.9343949044585987 0.005296610169491525 0.012738853503184714
23 0.1472457627118644 0.935031847133758 0.005296610169491525 0.012101910828025478
23 0.1329449152542373 0.9334394904458598 0.005296610169491525 0.012101910828025478
23 0.11864406779661017 0.9315286624203821 0.005296610169491525 0.011464968152866241
23 0.12552966101694915 0.9331210191082803 0.005296610169491525 0.011464968152866241
23 0.1761122881355932 0.9394904458598726 0.005296610169491525 0.01337579617834395
23 0.1541313559322034 0.936624203821656 0.005296610169491525 0.011464968152866241
23 0.621822033898305 0.9964968152866241 0.010063559322033898 0.006369426751592357
4 0.6379766949152542 0.9974522292993631 0.011122881355932203 0.003821656050955414
4 0.5100635593220338 0.9834394904458599 0.004766949152542373 0.011464968152866241
4 0.5172139830508474 0.9850318471337579 0.004766949152542373 0.011464968152866241
23 0.09957627118644068 0.9426751592356688 0.004766949152542373 0.012101910828025478
23 0.09057203389830508 0.9420382165605096 0.00423728813559322 0.010828025477707006
4 0.5082097457627118 0.9974522292993631 0.005826271186440678 0.003821656050955414
4 0.5153601694915254 0.9980891719745223 0.006355932203389831 0.0025477707006369425
7 0.3998940677966102 0.9847133757961783 0.11917372881355932 0.024203821656050957
7 0.19835805084745764 0.9595541401273885 0.1451271186440678 0.027388535031847135
4 0.878177966101695 0.11496815286624204 0.005826271186440678 0.012738853503184714
23 0.871292372881356 0.11401273885350319 0.006885593220338983 0.011464968152866241
23 0.864406779661017 0.11369426751592357 0.005826271186440678 0.011464968152866241
23 0.8564618644067796 0.11273885350318472 0.007415254237288136 0.012101910828025478
23 0.8495762711864406 0.1124203821656051 0.006885593220338983 0.012101910828025478
4 0.8048199152542372 0.1070063694267516 0.006885593220338983 0.012738853503184714
23 0.8191207627118644 0.10859872611464969 0.005826271186440678 0.01337579617834395
23 0.828125 0.10987261146496816 0.006355932203389831 0.012101910828025478
4 0.8424258474576272 0.11146496815286625 0.006355932203389831 0.012738853503184714
23 0.8122351694915254 0.10859872611464969 0.005296610169491525 0.011464968152866241
23 0.7905190677966102 0.10573248407643313 0.005296610169491525 0.011464968152866241
23 0.7838983050847458 0.10477707006369427 0.005826271186440678 0.01337579617834395
23 0.863082627118644 0.12961783439490446 0.006355932203389831 0.012738853503184714
23 0.8694385593220338 0.13089171974522293 0.006355932203389831 0.011464968152866241
4 0.8765889830508474 0.13248407643312102 0.006885593220338983 0.014012738853503185
4 0.9160487288135594 0.17547770700636942 0.00847457627118644 0.006369426751592357
4 0.8996292372881356 0.17388535031847133 0.009004237288135594 0.0070063694267515925
4 0.5007944915254238 0.1267515923566879 0.011122881355932203 0.0070063694267515925
4 0.4711334745762712 0.12356687898089172 0.011652542372881356 0.008917197452229299
4 0.5211864406779662 0.1305732484076433 0.011122881355932203 0.0070063694267515925
23 0.2420550847457627 0.09904458598726115 0.011122881355932203 0.009554140127388535
4 0.5113877118644068 0.13312101910828025 0.005826271186440678 0.015286624203821656
23 0.4708686440677966 0.13248407643312102 0.011122881355932203 0.007643312101910828
4 0.9626588983050848 0.19585987261146498 0.005826271186440678 0.011464968152866241
23 0.9523305084745762 0.1945859872611465 0.004766949152542373 0.012101910828025478
4 0.9311440677966102 0.1926751592356688 0.005296610169491525 0.012738853503184714
23 0.9449152542372882 0.1942675159235669 0.005296610169491525 0.010828025477707006
23 0.9385593220338984 0.19363057324840766 0.004766949152542373 0.011464968152866241
23 0.2409957627118644 0.10732484076433121 0.010063559322033898 0.0070063694267515925
4 0.9139300847457628 0.20127388535031848 0.00847457627118644 0.0070063694267515925
4 0.8985699152542372 0.19936305732484078 0.009533898305084746 0.007643312101910828
4 0.4483580508474576 0.14522292993630573 0.012182203389830509 0.008280254777070064
4 0.2971398305084746 0.1267515923566879 0.007415254237288136 0.014012738853503185
4 0.2619173728813559 0.12292993630573248 0.006355932203389831 0.015286624203821656
23 0.9565677966101694 0.21114649681528663 0.009004237288135594 0.006369426751592357
4 0.520656779661017 0.16114649681528662 0.006355932203389831 0.012738853503184714
23 0.4335275423728814 0.15159235668789808 0.011122881355932203 0.007643312101910828
4 0.4467690677966102 0.15318471337579617 0.012182203389830509 0.007643312101910828
4 0.3739406779661017 0.14394904458598726 0.011652542372881356 0.008917197452229299
23 0.9560381355932204 0.21878980891719746 0.007944915254237288 0.005095541401273885
4 0.4465042372881356 0.16146496815286623 0.011122881355932203 0.007643312101910828
4 0.3742055084745763 0.15286624203821655 0.011652542372881356 0.008280254777070064
23 0.9552436440677966 0.228343949044586 0.007415254237288136 0.0044585987261146496
4 0.8959216101694916 0.22452229299363058 0.009004237288135594 0.006369426751592357
4 0.9120762711864406 0.22738853503184714 0.011122881355932203 0.007643312101910828
4 0.4451800847457627 0.17038216560509553 0.011652542372881356 0.0070063694267515925
23 0.4324682203389831 0.16878980891719744 0.011652542372881356 0.0070063694267515925
23 0.9544491525423728 0.23662420382165605 0.007944915254237288 0.005095541401273885
4 0.4314088983050847 0.1767515923566879 0.011122881355932203 0.007643312101910828
4 0.444385593220339 0.1786624203821656 0.01059322033898305 0.0070063694267515925
23 0.9536546610169492 0.24490445859872612 0.009004237288135594 0.005732484076433121
4 0.2584745762711864 0.160828025477707 0.006885593220338983 0.016560509554140127
4 0.2936970338983051 0.16592356687898088 0.006355932203389831 0.015286624203821656
4 0.5180084745762712 0.19554140127388536 0.005826271186440678 0.012101910828025478
4 0.4446504237288136 0.18757961783439492 0.011652542372881356 0.008917197452229299
23 0.9528601694915254 0.2538216560509554 0.006885593220338983 0.003821656050955414
4 0.893802966101695 0.24872611464968153 0.010063559322033898 0.0070063694267515925
4 0.909957627118644 0.25095541401273885 0.01059322033898305 0.006369426751592357
23 0.9515360169491526 0.2624203821656051 0.007944915254237288 0.0044585987261146496
23 0.9515360169491526 0.2700636942675159 0.00847457627118644 0.005732484076433121
4 0.4451800847457627 0.20796178343949046 0.011122881355932203 0.01910828025477707
4 0.498146186440678 0.21528662420382166 0.005826271186440678 0.01337579617834395
4 0.4555084745762712 0.20987261146496816 0.005826271186440678 0.01464968152866242
4 0.4340572033898305 0.20732484076433122 0.011122881355932203 0.01910828025477707
4 0.4915254237288136 0.21464968152866243 0.006885593220338983 0.012738853503184714
4 0.4838453389830508 0.2143312101910828 0.005826271186440678 0.01337579617834395
4 0.4629237288135593 0.21146496815286625 0.006885593220338983 0.014012738853503185
23 0.8826800847457628 0.2773885350318471 0.005296610169491525 0.012101910828025478
4 0.289989406779661 0.21656050955414013 0.00847457627118644 0.014012738853503185
4 0.2539724576271186 0.21273885350318472 0.007415254237288136 0.014012738853503185
4 0.5328389830508474 0.2538216560509554 0.011122881355932203 0.007643312101910828
23 0.8805614406779662 0.3015923566878981 0.005296610169491525 0.01019108280254777
4 0.5315148305084746 0.2624203821656051 0.011652542372881356 0.0070063694267515925
4 0.4337923728813559 0.25286624203821656 0.012182203389830509 0.007643312101910828
4 0.5307203389830508 0.27070063694267515 0.010063559322033898 0.007643312101910828
4 0.5100635593220338 0.26878980891719745 0.011122881355932203 0.009554140127388535
4 0.2868114406779661 0.24681528662420382 0.009004237288135594 0.016560509554140127
4 0.5304555084745762 0.27961783439490445 0.01059322033898305 0.0070063694267515925
4 0.5092690677966102 0.2770700636942675 0.011122881355932203 0.0070063694267515925
4 0.4322033898305085 0.27038216560509554 0.011122881355932203 0.008280254777070064
7 0.982521186440678 0.34394904458598724 0.03389830508474576 0.0751592356687898
4 0.2510593220338983 0.2515923566878981 0.00847457627118644 0.01337579617834395
23 0.886917372881356 0.33184713375796177 0.00847457627118644 0.006369426751592357
4 0.508739406779661 0.28535031847133757 0.01059322033898305 0.0070063694267515925
4 0.5296610169491526 0.2878980891719745 0.011122881355932203 0.007643312101910828
4 0.529396186440678 0.2961783439490446 0.011122881355932203 0.0070063694267515925
4 0.5079449152542372 0.29426751592356687 0.01059322033898305 0.0070063694267515925
23 0.885593220338983 0.3490445859872611 0.00847457627118644 0.005095541401273885
4 0.5071504237288136 0.3015923566878981 0.011652542372881356 0.008280254777070064
4 0.5288665254237288 0.3050955414012739 0.01059322033898305 0.007643312101910828
4 0.506885593220339 0.3105095541401274 0.012182203389830509 0.006369426751592357
4 0.528072033898305 0.31401273885350317 0.012182203389830509 0.008280254777070064
23 0.8840042372881356 0.36592356687898087 0.007415254237288136 0.005095541401273885
4 0.5058262711864406 0.32261146496815285 0.011122881355932203 0.006369426751592357
4 0.4729872881355932 0.33503184713375794 0.006355932203389831 0.014012738853503185
4 0.4864936440677966 0.33694267515923565 0.007415254237288136 0.01464968152866242
4 0.4796080508474576 0.3359872611464968 0.005296610169491525 0.01337579617834395
4 0.4933792372881356 0.33853503184713374 0.005826271186440678 0.012738853503184714
23 0.8739406779661016 0.389171974522293 0.00423728813559322 0.011464968152866241
4 0.4420021186440678 0.3356687898089172 0.00847457627118644 0.017834394904458598
4 0.512447033898305 0.3445859872611465 0.009004237288135594 0.017834394904458598
4 0.5235699152542372 0.34617834394904456 0.009004237288135594 0.016560509554140127
4 0.4271716101694915 0.3343949044585987 0.007944915254237288 0.017834394904458598
4 0.4629237288135593 0.339171974522293 0.009533898305084746 0.016560509554140127
4 0.8720868644067796 0.4054140127388535 0.004766949152542373 0.01337579617834395
4 0.4608050847457627 0.3700636942675159 0.010063559322033898 0.016560509554140127
23 0.8710275423728814 0.4226114649681529 0.00423728813559322 0.011464968152866241
4 0.4732521186440678 0.3722929936305732 0.011122881355932203 0.017834394904458598
23 0.451271186440678 0.3761146496815287 0.005826271186440678 0.014012738853503185
4 0.4369703389830508 0.37420382165605093 0.007415254237288136 0.015286624203821656
23 0.444385593220339 0.37579617834394907 0.006355932203389831 0.014012738853503185
7 0.9759004237288136 0.4461783439490446 0.047139830508474576 0.12547770700636943
23 0.4907309322033898 0.3996815286624204 0.005826271186440678 0.01464968152866242
23 0.7065677966101694 0.43439490445859874 0.009533898305084746 0.006369426751592357
23 0.7057733050847458 0.44331210191082804 0.009533898305084746 0.006369426751592357
23 0.704978813559322 0.4515923566878981 0.00847457627118644 0.0070063694267515925
23 0.8808262711864406 0.47579617834394905 0.011122881355932203 0.006369426751592357
23 0.7041843220338984 0.45987261146496816 0.009004237288135594 0.0070063694267515925
30 0.862552966101695 0.482484076433121 0.015889830508474576 0.022292993630573247
4 0.8795021186440678 0.48471337579617835 0.010063559322033898 0.006369426751592357
23 0.7036546610169492 0.4681528662420382 0.009004237288135594 0.005732484076433121
4 0.6676377118644068 0.4662420382165605 0.013241525423728813 0.026114649681528664
4 0.6575741525423728 0.4656050955414013 0.007944915254237288 0.015286624203821656
23 0.7028601694915254 0.4770700636942675 0.00847457627118644 0.006369426751592357
23 0.7025953389830508 0.4853503184713376 0.007944915254237288 0.006369426751592357
4 0.8779131355932204 0.5098726114649682 0.009533898305084746 0.0070063694267515925
23 0.9809322033898306 0.5248407643312102 0.01059322033898305 0.006369426751592357
23 0.8665254237288136 0.5111464968152867 0.005296610169491525 0.011464968152866241
23 0.701271186440678 0.49394904458598726 0.009004237288135594 0.0070063694267515925
4 0.5272775423728814 0.4732484076433121 0.011652542372881356 0.006369426751592357
23 0.5415783898305084 0.4751592356687898 0.011122881355932203 0.007643312101910828
23 0.8771186440677966 0.5187898089171975 0.00847457627118644 0.006369426751592357
4 0.980667372881356 0.532484076433121 0.011122881355932203 0.0070063694267515925
30 0.9504766949152542 0.5305732484076433 0.019597457627118644 0.01910828025477707
23 0.7010063559322034 0.5028662420382166 0.009533898305084746 0.005732484076433121
23 0.5407838983050848 0.4834394904458599 0.01059322033898305 0.007643312101910828
4 0.5264830508474576 0.4821656050955414 0.011652542372881356 0.008917197452229299
23 0.979343220338983 0.5414012738853503 0.009533898305084746 0.006369426751592357
4 0.966896186440678 0.5398089171974523 0.010063559322033898 0.007643312101910828
23 0.8760593220338984 0.5296178343949045 0.00847457627118644 0.005732484076433121
23 0.7004766949152542 0.5105095541401274 0.009004237288135594 0.006369426751592357
4 0.5270127118644068 0.49044585987261147 0.011652542372881356 0.007643312101910828
23 0.539989406779661 0.4923566878980892 0.01059322033898305 0.008917197452229299
23 0.8752648305084746 0.5378980891719746 0.00847457627118644 0.006369426751592357
30 0.9488877118644068 0.5503184713375796 0.019067796610169493 0.02038216560509554
23 0.7002118644067796 0.520063694267516 0.00847457627118644 0.006369426751592357
4 0.5256885593220338 0.49936305732484076 0.012182203389830509 0.008280254777070064
23 0.5397245762711864 0.5012738853503185 0.011122881355932203 0.007643312101910828
30 0.8601694915254238 0.5423566878980892 0.01641949152542373 0.02356687898089172
23 0.875 0.5468152866242039 0.009533898305084746 0.0070063694267515925
23 0.7733050847457628 0.5347133757961784 0.009004237288135594 0.007643312101910828
23 0.6988877118644068 0.528343949044586 0.00847457627118644 0.005732484076433121
4 0.524364406779661 0.5076433121019108 0.012182203389830509 0.0070063694267515925
23 0.5391949152542372 0.5095541401273885 0.011652542372881356 0.0070063694267515925
23 0.8747351694915254 0.5557324840764332 0.01059322033898305 0.0070063694267515925
23 0.772510593220339 0.543312101910828 0.00847457627118644 0.006369426751592357
4 0.9525953389830508 0.5668789808917197 0.009533898305084746 0.0070063694267515925
23 0.9401483050847458 0.5652866242038217 0.00847457627118644 0.006369426751592357
23 0.698093220338983 0.5366242038216561 0.009533898305084746 0.0070063694267515925
23 0.5384004237288136 0.5181528662420383 0.011652542372881356 0.007643312101910828
4 0.5246292372881356 0.5171974522292994 0.011652542372881356 0.007643312101910828
4 0.8742055084745762 0.5640127388535032 0.009533898305084746 0.007643312101910828
23 0.7722457627118644 0.5522292993630573 0.009533898305084746 0.007643312101910828
23 0.6972987288135594 0.5455414012738854 0.00847457627118644 0.0070063694267515925
23 0.538135593220339 0.5267515923566879 0.011652542372881356 0.008280254777070064
4 0.5227754237288136 0.5245222929936306 0.01059322033898305 0.008280254777070064
30 0.946239406779661 0.5812101910828026 0.018538135593220338 0.019745222929936305
23 0.6965042372881356 0.5538216560509555 0.009533898305084746 0.0070063694267515925
4 0.5227754237288136 0.5331210191082802 0.011122881355932203 0.007643312101910828
4 0.5365466101694916 0.539171974522293 0.012182203389830509 0.008280254777070064
30 0.7926377118644068 0.571656050955414 0.015889830508474576 0.022929936305732482
30 0.7751588983050848 0.5694267515923567 0.01641949152542373 0.022929936305732482
23 0.871822033898305 0.5834394904458599 0.009533898305084746 0.006369426751592357
23 0.6965042372881356 0.5627388535031848 0.00847457627118644 0.006369426751592357
30 0.854343220338983 0.5824840764331211 0.014830508474576272 0.02038216560509554
23 0.005826271186440678 0.47611464968152867 0.011652542372881356 0.008280254777070064
4 0.5074152542372882 0.5420382165605095 0.01059322033898305 0.008280254777070064
4 0.5211864406779662 0.5436305732484077 0.012182203389830509 0.008917197452229299
23 0.005561440677966102 0.48439490445859873 0.011122881355932203 0.008280254777070064
30 0.7105402542372882 0.575796178343949 0.019597457627118644 0.019745222929936305
4 0.534957627118644 0.5563694267515924 0.011122881355932203 0.008280254777070064
23 0.520656779661017 0.5550955414012739 0.01059322033898305 0.008280254777070064
4 0.5066207627118644 0.5531847133757962 0.012182203389830509 0.008280254777070064