23 0.7835553278688525 0.6354679802955665 0.005122950819672131 0.011083743842364532
23 0.7771516393442623 0.6345443349753694 0.004610655737704918 0.010467980295566502
23 0.7907274590163934 0.6373152709359606 0.003586065573770492 0.010467980295566502
23 0.7704918032786885 0.6339285714285714 0.004098360655737705 0.011083743842364532
23 0.03125 0.5098522167487685 0.00973360655737705 0.0067733990147783255
23 0.8644979508196722 0.6567118226600985 0.008709016393442622 0.0067733990147783255
30 0.8475922131147541 0.6551724137931034 0.015368852459016393 0.019088669950738917
4 0.5412397540983607 0.603448275862069 0.012807377049180328 0.009852216748768473
4 0.514344262295082 0.5988300492610837 0.011270491803278689 0.008004926108374385
23 0.5279200819672131 0.6016009852216748 0.010758196721311475 0.008620689655172414
23 0.030225409836065573 0.5175492610837439 0.010758196721311475 0.008620689655172414
30 0.7097848360655737 0.6391625615763546 0.018954918032786885 0.019704433497536946
23 0.8639856557377049 0.6653325123152709 0.00973360655737705 0.005541871921182266
23 0.7684426229508197 0.6499384236453202 0.004610655737704918 0.011699507389162561
4 0.5402151639344263 0.6111453201970444 0.0117827868852459 0.008004926108374385
23 0.7822745901639344 0.6520935960591133 0.004610655737704918 0.011083743842364532
23 0.7751024590163934 0.6514778325123153 0.004610655737704918 0.011083743842364532
23 0.5268954918032787 0.6096059113300493 0.012295081967213115 0.008620689655172414
23 0.7886782786885246 0.6539408866995073 0.004610655737704918 0.011083743842364532
4 0.5133196721311475 0.6080665024630542 0.010758196721311475 0.008620689655172414
23 0.02971311475409836 0.5261699507389163 0.00973360655737705 0.0067733990147783255
23 0.9677254098360656 0.6896551724137931 0.004610655737704918 0.010467980295566502
23 0.945952868852459 0.6865763546798029 0.004098360655737705 0.011699507389162561
30 0.977202868852459 0.6921182266009852 0.011270491803278689 0.021551724137931036
30 0.9559426229508197 0.6890394088669951 0.01639344262295082 0.022167487684729065
30 0.9336577868852459 0.6850369458128078 0.016905737704918034 0.017857142857142856
23 0.8629610655737705 0.6733374384236454 0.00973360655737705 0.006157635467980296
23 0.5391905737704918 0.6203817733990148 0.009221311475409836 0.007389162561576354
23 0.5261270491803278 0.6182266009852216 0.010758196721311475 0.008004926108374385
23 0.028944672131147542 0.5341748768472906 0.009221311475409836 0.0067733990147783255
4 0.5117827868852459 0.6157635467980296 0.0117827868852459 0.008620689655172414
23 0.8627049180327869 0.6819581280788177 0.010245901639344262 0.0067733990147783255
4 0.5389344262295082 0.6277709359605911 0.0117827868852459 0.009236453201970444
4 0.5117827868852459 0.6237684729064039 0.011270491803278689 0.008620689655172414
23 0.5245901639344263 0.6259236453201971 0.011270491803278689 0.008620689655172414
4 0.027920081967213115 0.5427955665024631 0.011270491803278689 0.008620689655172414
23 0.9118852459016393 0.6939655172413793 0.005122950819672131 0.01293103448275862
23 0.9031762295081968 0.6930418719211823 0.008709016393442622 0.014778325123152709
23 0.9252049180327869 0.6998152709359606 0.00819672131147541 0.005541871921182266
23 0.5373975409836066 0.6363916256157636 0.0117827868852459 0.009236453201970444
4 0.5110143442622951 0.6317733990147784 0.0117827868852459 0.008004926108374385
23 0.524077868852459 0.6345443349753694 0.011270491803278689 0.008620689655172414
23 0.026895491803278687 0.5514162561576355 0.00973360655737705 0.006157635467980296
4 0.5373975409836066 0.6450123152709359 0.012807377049180328 0.009852216748768473
4 0.5094774590163934 0.6403940886699507 0.0117827868852459 0.008004926108374385
23 0.026383196721311477 0.5588054187192119 0.010245901639344262 0.007389162561576354
23 0.5235655737704918 0.6431650246305419 0.0117827868852459 0.009236453201970444
23 0.5363729508196722 0.6530172413793104 0.0117827868852459 0.009236453201970444
23 0.02535860655737705 0.5677339901477833 0.009221311475409836 0.006157635467980296
23 0.02459016393442623 0.5757389162561576 0.00973360655737705 0.0067733990147783255
4 0.5225409836065574 0.6653325123152709 0.012295081967213115 0.008620689655172414
23 0.0235655737704918 0.5843596059113301 0.010245901639344262 0.0067733990147783255
23 0.8452868852459017 0.7238300492610837 0.005122950819672131 0.010467980295566502
4 0.5220286885245902 0.6736453201970444 0.012295081967213115 0.009236453201970444
23 0.022028688524590164 0.5920566502463054 0.00973360655737705 0.0067733990147783255
23 0.8445184426229508 0.7398399014778325 0.004610655737704918 0.009236453201970444
4 0.02074795081967213 0.6123768472906403 0.011270491803278689 0.009236453201970444
23 0.0117827868852459 0.6265394088669951 0.010758196721311475 0.007389162561576354
23 0.6147540983606558 0.7302955665024631 0.007172131147540984 0.012315270935960592
23 0.6083504098360656 0.729064039408867 0.006147540983606557 0.01293103448275862
23 0.6421618852459017 0.7349137931034483 0.00665983606557377 0.01293103448275862
23 0.6011782786885246 0.7278325123152709 0.006147540983606557 0.01293103448275862
23 0.6285860655737705 0.7324507389162561 0.006147540983606557 0.01293103448275862
23 0.6219262295081968 0.7321428571428571 0.007172131147540984 0.013546798029556651
23 0.5945184426229508 0.7275246305418719 0.00665983606557377 0.012315270935960592
23 0.6349897540983607 0.7342980295566502 0.006147540983606557 0.014778325123152709
23 0.6590676229508197 0.7419950738916257 0.00665983606557377 0.01293103448275862
23 0.6524077868852459 0.7407635467980296 0.006147540983606557 0.012315270935960592
23 0.011014344262295082 0.6345443349753694 0.010758196721311475 0.008004926108374385
23 0.004354508196721311 0.7105911330049262 0.008709016393442622 0.009852216748768473
23 0.004098360655737705 0.7185960591133005 0.00819672131147541 0.008620689655172414
23 0.003329918032786885 0.7278325123152709 0.00665983606557377 0.008620689655172414
23 0.0010245901639344263 0.7626231527093597 0.0020491803278688526 0.008004926108374385
23 0.9359631147540983 0.9224137931034483 0.0056352459016393444 0.01293103448275862
4 0.9216188524590164 0.9199507389162561 0.006147540983606557 0.01293103448275862
23 0.9282786885245902 0.9211822660098522 0.0056352459016393444 0.01293103448275862
4 0.9423668032786885 0.9242610837438424 0.005122950819672131 0.012315270935960592
23 0.2735655737704918 0.8925492610837439 0.004610655737704918 0.008620689655172414
23 0.2943135245901639 0.896243842364532 0.003586065573770492 0.007389162561576354
23 0.27996926229508196 0.8943965517241379 0.004098360655737705 0.008620689655172414
23 0.26690573770491804 0.8922413793103449 0.004098360655737705 0.009852216748768473
23 0.24001024590163936 0.8876231527093597 0.004098360655737705 0.009852216748768473
23 0.2459016393442623 0.8891625615763546 0.004098360655737705 0.009236453201970444
23 0.25973360655737704 0.8916256157635468 0.005122950819672131 0.009236453201970444
23 0.2530737704918033 0.8903940886699507 0.004610655737704918 0.009236453201970444
23 0.28765368852459017 0.896243842364532 0.004098360655737705 0.008620689655172414
23 0.2184938524590164 0.8845443349753694 0.004098360655737705 0.009236453201970444
23 0.23232581967213115 0.8870073891625616 0.004610655737704918 0.008620689655172414
23 0.22566598360655737 0.8863916256157636 0.004610655737704918 0.008620689655172414
23 0.20491803278688525 0.8830049261083743 0.004610655737704918 0.008620689655172414
23 0.21183401639344263 0.8842364532019704 0.0056352459016393444 0.009236453201970444
4 0.4380122950819672 0.9248768472906403 0.0056352459016393444 0.012315270935960592
4 0.43135245901639346 0.9236453201970444 0.006147540983606557 0.01293103448275862
4 0.42418032786885246 0.9224137931034483 0.0056352459016393444 0.01293103448275862
30 0.006915983606557377 0.854064039408867 0.013831967213114754 0.019704433497536946
4 0.7118340163934426 0.9747536945812808 0.008709016393442622 0.005541871921182266
4 0.6982581967213115 0.9725985221674877 0.008709016393442622 0.006157635467980296
4 0.5576331967213115 0.9501231527093597 0.010245901639344262 0.007389162561576354
15 0.5402151639344263 0.9470443349753694 0.012807377049180328 0.009236453201970444
23 0.01869877049180328 0.8602216748768473 0.009221311475409836 0.005541871921182266
4 0.09733606557377049 0.8777709359605911 0.0056352459016393444 0.01293103448275862
23 0.6972336065573771 0.9802955665024631 0.00819672131147541 0.005541871921182266
23 0.7110655737704918 0.9833743842364532 0.008709016393442622 0.006157635467980296
23 0.8135245901639344 0.9984605911330049 0.011270491803278689 0.0018472906403940886
23 0.017930327868852458 0.8713054187192119 0.00973360655737705 0.006157635467980296
23 0.7100409836065574 0.9913793103448276 0.008709016393442622 0.005541871921182266
23 0.6962090163934426 0.9889162561576355 0.008709016393442622 0.005541871921182266
23 0.6380635245901639 0.979064039408867 0.009221311475409836 0.005541871921182266
23 0.6516393442622951 0.9821428571428571 0.009221311475409836 0.0049261083743842365
15 0.005122950819672131 0.875 0.010245901639344262 0.019704433497536946
23 0.017418032786885244 0.8793103448275862 0.008709016393442622 0.005541871921182266
15 0.3206967213114754 0.9310344827586207 0.02612704918032787 0.038177339901477834
15 0.3901127049180328 0.9495073891625616 0.03483606557377049 0.05788177339901478
23 0.0932377049180328 0.8996305418719212 0.008709016393442622 0.005541871921182266
23 0.6329405737704918 0.9913793103448276 0.007172131147540984 0.006157635467980296
30 0.7105532786885246 0.9972290640394089 0.01639344262295082 0.004310344827586207
30 0.6949282786885246 0.9959975369458128 0.017930327868852458 0.0067733990147783255
23 0.027920081967213115 0.8910098522167488 0.00819672131147541 0.005541871921182266
30 0.6708504098360656 0.9956896551724138 0.018954918032786885 0.007389162561576354
15 0.6483094262295082 0.9938423645320197 0.018954918032786885 0.011083743842364532
23 0.04175204918032787 0.8977832512315271 0.009221311475409836 0.006157635467980296
23 0.632172131147541 0.9975369458128078 0.00819672131147541 0.003694581280788177
23 0.09272540983606557 0.9082512315270936 0.009221311475409836 0.0049261083743842365
30 0.6162909836065574 0.9929187192118226 0.015368852459016393 0.01293103448275862
23 0.015625 0.895628078817734 0.009221311475409836 0.006157635467980296
30 0.004098360655737705 0.895320197044335 0.00819672131147541 0.019704433497536946
15 0.06634221311475409 0.9073275862068966 0.04252049180327869 0.04556650246305419
23 0.04072745901639344 0.9060960591133005 0.009221311475409836 0.006157635467980296
23 0.18570696721311475 0.9307266009852216 0.005122950819672131 0.011699507389162561
23 0.1726434426229508 0.9291871921182266 0.004610655737704918 0.011083743842364532
23 0.15112704918032788 0.9254926108374384 0.0056352459016393444 0.010467980295566502
23 0.16547131147540983 0.9279556650246306 0.005122950819672131 0.011699507389162561
23 0.17904713114754098 0.9301108374384236 0.004610655737704918 0.011083743842364532
23 0.1447233606557377 0.9242610837438424 0.005122950819672131 0.011083743842364532
23 0.15829918032786885 0.9267241379310345 0.005122950819672131 0.011083743842364532
23 0.13806352459016394 0.9239532019704434 0.005122950819672131 0.012315270935960592
4 0.13089139344262296 0.9227216748768473 0.006147540983606557 0.012315270935960592
23 0.09170081967213115 0.915948275862069 0.00973360655737705 0.005541871921182266
23 0.02663934426229508 0.9082512315270936 0.009221311475409836 0.005541871921182266
4 0.0391905737704918 0.9141009852216748 0.010245901639344262 0.0067733990147783255
23 0.09144467213114754 0.9245689655172413 0.009221311475409836 0.006157635467980296
23 0.1711065573770492 0.9442733990147784 0.0056352459016393444 0.009236453201970444
4 0.15087090163934427 0.9405788177339901 0.0056352459016393444 0.009852216748768473
23 0.1572745901639344 0.9421182266009852 0.0056352459016393444 0.009236453201970444
23 0.14369877049180327 0.9396551724137931 0.0056352459016393444 0.009236453201970444
23 0.12986680327868852 0.9375 0.0056352459016393444 0.009236453201970444
23 0.1365266393442623 0.9387315270935961 0.0056352459016393444 0.008620689655172414
23 0.18519467213114754 0.9467364532019704 0.0056352459016393444 0.009236453201970444
23 0.16393442622950818 0.9433497536945813 0.0056352459016393444 0.008620689655172414
4 0.8865266393442623 0.18041871921182265 0.006147540983606557 0.012315270935960592
23 0.8798668032786885 0.1791871921182266 0.00665983606557377 0.011083743842364532
23 0.8732069672131147 0.1788793103448276 0.0056352459016393444 0.011083743842364532
23 0.8657786885245902 0.17764778325123154 0.007172131147540984 0.011699507389162561
23 0.8591188524590164 0.1770320197044335 0.00665983606557377 0.011699507389162561
4 0.8158299180327869 0.16964285714285715 0.007172131147540984 0.012315270935960592
23 0.8296618852459017 0.17210591133004927 0.006147540983606557 0.01293103448275862
23 0.8381147540983607 0.17333743842364532 0.006147540983606557 0.011699507389162561
4 0.8519467213114754 0.17580049261083744 0.00665983606557377 0.012315270935960592
23 0.8230020491803278 0.17149014778325122 0.005122950819672131 0.011083743842364532
23 0.8022540983606558 0.16810344827586207 0.005122950819672131 0.011083743842364532
23 0.795594262295082 0.16687192118226601 0.006147540983606557 0.01293103448275862
23 0.8714139344262295 0.1939655172413793 0.00665983606557377 0.012315270935960592
23 0.8775614754098361 0.1958128078817734 0.006147540983606557 0.011083743842364532
4 0.8844774590163934 0.19735221674876846 0.007172131147540984 0.013546798029556651
4 0.9213627049180327 0.24045566502463053 0.00819672131147541 0.006157635467980296
4 0.9057377049180327 0.23830049261083744 0.008709016393442622 0.0067733990147783255
4 0.5212602459016393 0.17641625615763548 0.010758196721311475 0.007389162561576354
4 0.492827868852459 0.1724137931034483 0.011270491803278689 0.009236453201970444
4 0.5409836065573771 0.1810344827586207 0.010758196721311475 0.007389162561576354
23 0.27202868852459017 0.1394704433497537 0.011270491803278689 0.009852216748768473
4 0.53125 0.18318965517241378 0.006147540983606557 0.014778325123152709
23 0.4923155737704918 0.1810344827586207 0.010758196721311475 0.008004926108374385
4 0.9659323770491803 0.2623152709359606 0.0056352459016393444 0.011083743842364532
23 0.9559426229508197 0.2604679802955665 0.004610655737704918 0.011699507389162561
4 0.9354508196721312 0.25769704433497537 0.0056352459016393444 0.012315270935960592
23 0.9487704918032787 0.25985221674876846 0.005122950819672131 0.010467980295566502
23 0.9426229508196722 0.25892857142857145 0.004610655737704918 0.011083743842364532
23 0.2707479508196721 0.14716748768472906 0.00973360655737705 0.0067733990147783255
4 0.9185450819672131 0.26539408866995073 0.00819672131147541 0.0067733990147783255
4 0.9039446721311475 0.2629310344827586 0.009221311475409836 0.007389162561576354
4 0.4702868852459016 0.1921182266009852 0.0117827868852459 0.008620689655172414
4 0.3245389344262295 0.16810344827586207 0.007684426229508197 0.013546798029556651
4 0.29047131147540983 0.16317733990147784 0.00665983606557377 0.014778325123152709
23 0.9595286885245902 0.2767857142857143 0.008709016393442622 0.006157635467980296
4 0.5394467213114754 0.2105911330049261 0.00665983606557377 0.012315270935960592
23 0.4556864754098361 0.19766009852216748 0.010758196721311475 0.008004926108374385
4 0.4682377049180328 0.1998152709359606 0.0117827868852459 0.008004926108374385
4 0.3983094262295082 0.18811576354679804 0.011270491803278689 0.009236453201970444
23 0.9587602459016393 0.2838669950738916 0.007684426229508197 0.005541871921182266
4 0.46798155737704916 0.20782019704433496 0.010758196721311475 0.008004926108374385
4 0.3983094262295082 0.19673645320197045 0.011270491803278689 0.008620689655172414
23 0.9577356557377049 0.29310344827586204 0.007172131147540984 0.0049261083743842365
4 0.9003586065573771 0.2872536945812808 0.008709016393442622 0.006157635467980296
4 0.9162397540983607 0.29033251231527096 0.010758196721311475 0.008004926108374385
4 0.46644467213114754 0.2164408866995074 0.011270491803278689 0.007389162561576354
23 0.4541495901639344 0.21428571428571427 0.011270491803278689 0.007389162561576354
23 0.9567110655737705 0.30110837438423643 0.007684426229508197 0.005541871921182266
4 0.45286885245901637 0.22229064039408866 0.010758196721311475 0.008004926108374385
4 0.46542008196721313 0.22444581280788178 0.010245901639344262 0.007389162561576354
23 0.9559426229508197 0.3091133004926108 0.008709016393442622 0.005541871921182266
4 0.2863729508196721 0.19950738916256158 0.00665983606557377 0.01600985221674877
4 0.3201844262295082 0.2059729064039409 0.00665983606557377 0.014778325123152709
4 0.5361168032786885 0.2438423645320197 0.0056352459016393444 0.011699507389162561
4 0.46542008196721313 0.2330665024630542 0.011270491803278689 0.009236453201970444
23 0.9549180327868853 0.31742610837438423 0.007172131147540984 0.004310344827586207
4 0.897797131147541 0.3103448275862069 0.00973360655737705 0.0067733990147783255
4 0.913422131147541 0.31311576354679804 0.010245901639344262 0.0067733990147783255
23 0.9533811475409836 0.32604679802955666 0.007684426229508197 0.0049261083743842365
23 0.953125 0.333435960591133 0.00819672131147541 0.005541871921182266
4 0.4651639344262295 0.25277093596059114 0.011270491803278689 0.01847290640394089
4 0.5163934426229508 0.26200738916256155 0.006147540983606557 0.01293103448275862
4 0.47540983606557374 0.25523399014778325 0.006147540983606557 0.01416256157635468
4 0.4546618852459016 0.25153940886699505 0.011270491803278689 0.01847290640394089
4 0.5097336065573771 0.26108374384236455 0.007172131147540984 0.012315270935960592
4 0.5025614754098361 0.2604679802955665 0.006147540983606557 0.01293103448275862
4 0.4823258196721312 0.2570812807881773 0.007172131147540984 0.013546798029556651
23 0.8862704918032787 0.3377463054187192 0.005122950819672131 0.011699507389162561
4 0.3150614754098361 0.25492610837438423 0.008709016393442622 0.01416256157635468
4 0.28048155737704916 0.24969211822660098 0.007684426229508197 0.013546798029556651
4 0.5486680327868853 0.30049261083743845 0.010758196721311475 0.008004926108374385
23 0.883452868852459 0.3608374384236453 0.005122950819672131 0.009852216748768473
4 0.5471311475409836 0.3091133004926108 0.011270491803278689 0.007389162561576354
4 0.453125 0.2955665024630542 0.0117827868852459 0.008004926108374385
4 0.5463627049180327 0.3168103448275862 0.00973360655737705 0.007389162561576354
4 0.5263831967213115 0.31403940886699505 0.011270491803278689 0.009852216748768473
4 0.3109631147540984 0.28417487684729065 0.008709016393442622 0.0166256157635468
4 0.5458504098360656 0.3254310344827586 0.010245901639344262 0.007389162561576354
4 0.5253586065573771 0.32204433497536944 0.010758196721311475 0.007389162561576354
4 0.4510758196721312 0.3125 0.010758196721311475 0.008620689655172414
7 0.9815573770491803 0.4064039408866995 0.035860655737704916 0.07389162561576355
4 0.2766393442622951 0.2869458128078818 0.008709016393442622 0.013546798029556651
23 0.8888319672131147 0.39039408866995073 0.00819672131147541 0.006157635467980296
4 0.5245901639344263 0.33004926108374383 0.010245901639344262 0.007389162561576354
4 0.5448258196721312 0.333435960591133 0.010758196721311475 0.008004926108374385
4 0.5443135245901639 0.3414408866995074 0.010758196721311475 0.007389162561576354
4 0.5235655737704918 0.33866995073891626 0.010245901639344262 0.007389162561576354
23 0.8870389344262295 0.40671182266009853 0.00819672131147541 0.0049261083743842365
4 0.522797131147541 0.3457512315270936 0.011270491803278689 0.008620689655172414
4 0.5432889344262295 0.3500615763546798 0.010245901639344262 0.008004926108374385
4 0.5222848360655737 0.354371921182266 0.0117827868852459 0.0067733990147783255
4 0.5425204918032787 0.3586822660098522 0.0117827868852459 0.008620689655172414
23 0.8849897540983607 0.4233374384236453 0.007172131147540984 0.005541871921182266
4 0.5207479508196722 0.36607142857142855 0.010758196721311475 0.0067733990147783255
4 0.4884733606557377 0.3768472906403941 0.00665983606557377 0.013546798029556651
4 0.5017930327868853 0.37900246305418717 0.007684426229508197 0.01416256157635468
4 0.49513319672131145 0.37777093596059114 0.0056352459016393444 0.01293103448275862
4 0.5081967213114754 0.3808497536945813 0.006147540983606557 0.012315270935960592
23 0.8747438524590164 0.44519704433497537 0.004098360655737705 0.011083743842364532
4 0.45850409836065575 0.3762315270935961 0.008709016393442622 0.017857142857142856
4 0.5266393442622951 0.3876231527093596 0.009221311475409836 0.017857142857142856
4 0.5371413934426229 0.38947044334975367 0.008709016393442622 0.0166256157635468
4 0.4444159836065574 0.37438423645320196 0.00819672131147541 0.017241379310344827
4 0.47873975409836067 0.38023399014778325 0.009221311475409836 0.0166256157635468
4 0.8724385245901639 0.4608990147783251 0.005122950819672131 0.01293103448275862
4 0.475922131147541 0.4100985221674877 0.010245901639344262 0.01600985221674877
23 0.8709016393442623 0.47752463054187194 0.004098360655737705 0.011083743842364532
4 0.4879610655737705 0.4128694581280788 0.010758196721311475 0.017241379310344827
23 0.46644467213114754 0.41533251231527096 0.006147540983606557 0.013546798029556651
4 0.45286885245901637 0.4131773399014778 0.007684426229508197 0.014778325123152709
23 0.45978483606557374 0.4147167487684729 0.00665983606557377 0.013546798029556651
7 0.9733606557377049 0.5046182266009852 0.05225409836065574 0.12253694581280788
23 0.5038422131147541 0.4396551724137931 0.006147540983606557 0.01416256157635468
23 0.711577868852459 0.48214285714285715 0.009221311475409836 0.006157635467980296
23 0.7105532786885246 0.4907635467980296 0.009221311475409836 0.006157635467980296
23 0.7097848360655737 0.4987684729064039 0.00819672131147541 0.0067733990147783255
23 0.8788422131147541 0.5292487684729064 0.010758196721311475 0.0067733990147783255
23 0.7087602459016393 0.5067733990147784 0.008709016393442622 0.0067733990147783255
30 0.8611680327868853 0.5347906403940886 0.015881147540983607 0.021551724137931036
4 0.8773053278688525 0.5375615763546798 0.00973360655737705 0.006157635467980296
23 0.7077356557377049 0.5144704433497537 0.008709016393442622 0.005541871921182266
4 0.673155737704918 0.5110837438423645 0.01331967213114754 0.02586206896551724
4 0.663422131147541 0.5101600985221675 0.00819672131147541 0.01539408866995074
23 0.7067110655737705 0.5230911330049262 0.00819672131147541 0.006157635467980296
23 0.7064549180327869 0.5310960591133005 0.007684426229508197 0.0067733990147783255
4 0.875 0.562192118226601 0.009221311475409836 0.0067733990147783255
23 0.9743852459016393 0.5806650246305419 0.010245901639344262 0.0067733990147783255
23 0.8639856557377049 0.562807881773399 0.005122950819672131 0.011083743842364532
23 0.7049180327868853 0.5397167487684729 0.008709016393442622 0.0067733990147783255
4 0.5373975409836066 0.5126231527093597 0.011270491803278689 0.0067733990147783255
23 0.5509733606557377 0.5147783251231527 0.010758196721311475 0.008004926108374385
23 0.8739754098360656 0.5705049261083743 0.00819672131147541 0.006157635467980296
4 0.9738729508196722 0.5880541871921182 0.010758196721311475 0.007389162561576354
30 0.944672131147541 0.5849753694581281 0.018954918032786885 0.019088669950738917
23 0.704405737704918 0.5483374384236454 0.009221311475409836 0.005541871921182266
23 0.5502049180327869 0.5227832512315271 0.010245901639344262 0.008004926108374385
4 0.5363729508196722 0.520935960591133 0.011270491803278689 0.009236453201970444
23 0.9723360655737705 0.5966748768472906 0.009221311475409836 0.006157635467980296
4 0.960297131147541 0.5945197044334976 0.00973360655737705 0.007389162561576354
23 0.8729508196721312 0.5809729064039408 0.00819672131147541 0.005541871921182266
23 0.7036372950819673 0.5554187192118226 0.008709016393442622 0.006157635467980296
4 0.5363729508196722 0.5292487684729064 0.011270491803278689 0.008004926108374385
23 0.5491803278688525 0.5314039408866995 0.010245901639344262 0.009236453201970444
23 0.8719262295081968 0.5889778325123153 0.00819672131147541 0.006157635467980296
30 0.9426229508196722 0.604064039408867 0.018954918032786885 0.020320197044334975
23 0.7028688524590164 0.5646551724137931 0.00819672131147541 0.006157635467980296
4 0.5348360655737705 0.5375615763546798 0.0117827868852459 0.008620689655172414
23 0.5486680327868853 0.5400246305418719 0.010758196721311475 0.008004926108374385
30 0.8570696721311475 0.5926724137931034 0.01639344262295082 0.023399014778325122
23 0.8714139344262295 0.5975985221674877 0.009221311475409836 0.0067733990147783255
23 0.7733094262295082 0.5815886699507389 0.008709016393442622 0.007389162561576354
23 0.7015881147540983 0.5726600985221675 0.00819672131147541 0.005541871921182266
4 0.5335553278688525 0.5455665024630542 0.0117827868852459 0.007389162561576354
23 0.5476434426229508 0.5477216748768473 0.011270491803278689 0.007389162561576354
23 0.8709016393442623 0.6062192118226601 0.010245901639344262 0.007389162561576354
23 0.7725409836065574 0.5902093596059114 0.00819672131147541 0.006157635467980296
4 0.945952868852459 0.6200738916256158 0.009221311475409836 0.0067733990147783255
23 0.9336577868852459 0.6179187192118226 0.00819672131147541 0.006157635467980296
23 0.7005635245901639 0.5806650246305419 0.009221311475409836 0.0067733990147783255
23 0.5466188524590164 0.5563423645320197 0.011270491803278689 0.008004926108374385
4 0.5335553278688525 0.5548029556650246 0.011270491803278689 0.008004926108374385
4 0.8698770491803278 0.6142241379310345 0.009221311475409836 0.007389162561576354
23 0.7720286885245902 0.5988300492610837 0.009221311475409836 0.007389162561576354
23 0.6995389344262295 0.5889778325123153 0.00819672131147541 0.0067733990147783255
23 0.5463627049180327 0.5643472906403941 0.011270491803278689 0.008620689655172414
4 0.5315061475409836 0.561884236453202 0.010245901639344262 0.008620689655172414
30 0.9390368852459017 0.6339285714285714 0.018442622950819672 0.019704433497536946
23 0.6987704918032787 0.5969827586206896 0.009221311475409836 0.0067733990147783255
4 0.53125 0.5698891625615764 0.010758196721311475 0.008004926108374385
4 0.5443135245901639 0.5766625615763546 0.0117827868852459 0.008620689655172414
30 0.7909836065573771 0.6182266009852216 0.015881147540983607 0.022167487684729065
30 0.774077868852459 0.6154556650246306 0.01639344262295082 0.022783251231527094
23 0.8673155737704918 0.6330049261083743 0.009221311475409836 0.006157635467980296
23 0.6982581967213115 0.6056034482758621 0.00819672131147541 0.006157635467980296
30 0.8504098360655737 0.6314655172413793 0.01485655737704918 0.020320197044334975
23 0.033043032786885244 0.4938423645320197 0.011270491803278689 0.008620689655172414
4 0.5161372950819673 0.5778940886699507 0.010245901639344262 0.008620689655172414
4 0.5294569672131147 0.5803571428571429 0.0117827868852459 0.009236453201970444
23 0.03201844262295082 0.5018472906403941 0.010758196721311475 0.008004926108374385
30 0.711577868852459 0.6191502463054187 0.0194672131147541 0.019704433497536946
4 0.5425204918032787 0.5929802955665024 0.010758196721311475 0.008620689655172414
23 0.5286885245901639 0.5911330049261084 0.010245901639344262 0.008620689655172414
4 0.5148565573770492 0.5889778325123153 0.0117827868852459 0.008620689655172414