23 0.4857496902106567 0.10321100917431193 0.014250309789343246 0.05045871559633028
4 0.2589838909541512 0.011467889908256881 0.024783147459727387 0.022935779816513763
4 0.21964064436183395 0.020642201834862386 0.02292441140024783 0.04128440366972477
4 0.7527881040892194 0.22706422018348624 0.013630731102850062 0.045871559633027525
23 0.743184634448575 0.22324159021406728 0.01486988847583643 0.05198776758409786
4 0.20043370508054523 0.016819571865443424 0.02292441140024783 0.03363914373088685
23 0.5582403965303594 0.1620795107033639 0.019206939281288724 0.0290519877675841
23 0.5762081784386617 0.1720183486238532 0.020446096654275093 0.027522935779816515
4 0.258364312267658 0.035932721712538224 0.030359355638166045 0.04434250764525994
23 0.5473977695167286 0.1811926605504587 0.01982651796778191 0.035168195718654434
23 0.5635068153655515 0.18883792048929662 0.020446096654275093 0.03058103975535168
23 0.5827137546468402 0.19877675840978593 0.017967781908302356 0.03211009174311927
23 0.4603469640644362 0.1628440366972477 0.02168525402726146 0.035168195718654434
4 0.6332094175960347 0.24541284403669725 0.013011152416356878 0.047400611620795105
23 0.6437422552664188 0.25 0.011152416356877323 0.045871559633027525
4 0.5842627013630731 0.2408256880733945 0.011152416356877323 0.04128440366972477
4 0.38599752168525403 0.1551987767584098 0.014250309789343246 0.06422018348623854
4 0.3999380421313507 0.1620795107033639 0.016728624535315983 0.0764525993883792
23 0.4767657992565056 0.19648318042813456 0.01982651796778191 0.03211009174311927
23 0.4922552664188352 0.20489296636085627 0.008674101610904586 0.035168195718654434
23 0.751548946716233 0.31880733944954126 0.01982651796778191 0.03363914373088685
4 0.36152416356877326 0.14908256880733944 0.0161090458488228 0.0581039755351682
23 0.49907063197026025 0.20948012232415902 0.009913258983890954 0.0382262996941896
4 0.10192069392812887 0.045871559633027525 0.03531598513011153 0.05657492354740061
23 0.5412019826517968 0.23776758409785934 0.00929368029739777 0.04128440366972477
4 0.7357496902106567 0.3264525993883792 0.011771995043370507 0.045871559633027525
4 0.6285625774473358 0.28287461773700306 0.009913258983890954 0.03363914373088685
4 0.6617100371747212 0.2974006116207951 0.01982651796778191 0.035168195718654434
23 0.45724907063197023 0.2117737003058104 0.016728624535315983 0.03058103975535168
4 0.7503097893432465 0.34480122324159024 0.01982651796778191 0.03058103975535168
4 0.6409541511771994 0.3012232415902141 0.008674101610904586 0.035168195718654434
23 0.18370508054522924 0.10856269113149847 0.016728624535315983 0.05504587155963303
23 0.6833952912019826 0.32798165137614677 0.01858736059479554 0.0290519877675841
23 0.24349442379182157 0.13837920489296637 0.0006195786864931846 0.0015290519877675841
4 0.4358736059479554 0.22400611620795108 0.014250309789343246 0.022935779816513763
4 0.7026022304832714 0.345565749235474 0.01858736059479554 0.0290519877675841
23 0.4510532837670384 0.23776758409785934 0.01486988847583643 0.027522935779816515
4 0.061028500619578686 0.06880733944954129 0.03965303593556382 0.05657492354740061
4 0.3547087980173482 0.19877675840978593 0.01734820322180917 0.03058103975535168
4 0.3299256505576208 0.18883792048929662 0.01734820322180917 0.027522935779816515
4 0.31164807930607186 0.1819571865443425 0.017967781908302356 0.03211009174311927
23 0.6824659231722429 0.34938837920489296 0.020446096654275093 0.0290519877675841
23 0.4358736059479554 0.24388379204892965 0.013630731102850062 0.021406727828746176
4 0.12701363073110286 0.10932721712538226 0.01858736059479554 0.03211009174311927
4 0.09820322180916977 0.10015290519877676 0.0322180916976456 0.05198776758409786
23 0.7710656753407683 0.3929663608562691 0.013630731102850062 0.053516819571865444
23 0.759913258983891 0.38914373088685017 0.013011152416356878 0.05045871559633028
23 0.44919454770755884 0.25688073394495414 0.013630731102850062 0.021406727828746176
23 0.7004337050805453 0.36926605504587157 0.019206939281288724 0.0290519877675841
23 0.43370508054522927 0.2591743119266055 0.013630731102850062 0.024464831804281346
23 0.6799876084262702 0.37079510703363916 0.02168525402726146 0.03211009174311927
4 0.37763320941759604 0.2392966360856269 0.014250309789343246 0.06422018348623854
4 0.9256505576208178 0.481651376146789 0.015489467162329617 0.0672782874617737
4 0.40024783147459725 0.25688073394495414 0.01858736059479554 0.06880733944954129
4 0.9671623296158612 0.5053516819571865 0.01486988847583643 0.06422018348623854
4 0.912639405204461 0.481651376146789 0.015489467162329617 0.07033639143730887
4 0.9544609665427509 0.5 0.016728624535315983 0.06574923547400612
4 0.9417596034696406 0.49617737003058104 0.01486988847583643 0.06116207951070336
23 0.12422552664188352 0.14067278287461774 0.020446096654275093 0.03211009174311927
23 0.6979553903345725 0.39067278287461776 0.01734820322180917 0.03211009174311927
4 0.9002478314745973 0.4785932721712538 0.015489467162329617 0.06422018348623854
23 0.9776951672862454 0.5129969418960245 0.011771995043370507 0.05198776758409786
4 0.44609665427509293 0.2897553516819572 0.016728624535315983 0.024464831804281346
23 0.6802973977695167 0.3944954128440367 0.020446096654275093 0.03211009174311927
23 0.06319702602230483 0.13226299694189603 0.00929368029739777 0.045871559633027525
23 0.07558859975216853 0.14143730886850153 0.011152416356877323 0.045871559633027525
23 0.6967162329615861 0.41284403669724773 0.0161090458488228 0.03211009174311927
23 0.10594795539033457 0.15825688073394495 0.009913258983890954 0.03669724770642202
23 0.6781288723667905 0.42048929663608564 0.01982651796778191 0.03058103975535168
23 0.6964064436183395 0.43654434250764523 0.020446096654275093 0.03669724770642202
23 0.6759603469640645 0.4434250764525994 0.019206939281288724 0.0290519877675841
23 0.0762081784386617 0.1827217125382263 0.017967781908302356 0.03211009174311927
4 0.09758364312267657 0.1926605504587156 0.01858736059479554 0.03058103975535168
4 0.9120198265179678 0.5527522935779816 0.017967781908302356 0.035168195718654434
23 0.11926889714993805 0.20871559633027523 0.01734820322180917 0.035168195718654434
23 0.6933085501858736 0.4602446483180428 0.01982651796778191 0.0290519877675841
23 0.1892812887236679 0.2423547400611621 0.02168525402726146 0.04128440366972477
23 0.05978934324659232 0.191131498470948 0.011771995043370507 0.045871559633027525
4 0.8878562577447335 0.5535168195718655 0.011771995043370507 0.04128440366972477
23 0.17224287484510534 0.2423547400611621 0.011771995043370507 0.045871559633027525
4 0.4402106567534077 0.3623853211009174 0.014250309789343246 0.02599388379204893
23 0.6744114002478315 0.4648318042813456 0.01734820322180917 0.02599388379204893
23 0.15830235439900867 0.2408256880733945 0.01486988847583643 0.05045871559633028
4 0.911090458488228 0.5718654434250765 0.01486988847583643 0.024464831804281346
23 0.6914498141263941 0.48241590214067276 0.01734820322180917 0.035168195718654434
4 0.9736679058240396 0.6085626911314985 0.022304832713754646 0.035168195718654434
23 0.08240396530359356 0.22400611620795108 0.010532837670384139 0.04892966360856269
23 0.07063197026022305 0.21941896024464833 0.013011152416356878 0.05045871559633028
4 0.8491325898389095 0.5581039755351682 0.020446096654275093 0.08103975535168195
23 0.18587360594795538 0.27293577981651373 0.01734820322180917 0.03669724770642202
23 0.8308550185873605 0.555045871559633 0.021065675340768277 0.035168195718654434
4 0.9488847583643123 0.6070336391437309 0.012391573729863693 0.04434250764525994
23 0.6722428748451054 0.4877675840978593 0.01734820322180917 0.0290519877675841
23 0.95817843866171 0.6154434250764526 0.014250309789343246 0.047400611620795105
23 0.8643122676579925 0.5840978593272171 0.016728624535315983 0.06116207951070336
23 0.6889714993804213 0.5091743119266054 0.019206939281288724 0.0290519877675841
4 0.9157372986369269 0.6085626911314985 0.009913258983890954 0.04128440366972477
4 0.9721189591078067 0.6345565749235474 0.019206939281288724 0.03669724770642202
23 0.9048946716232962 0.6116207951070336 0.011771995043370507 0.045871559633027525
23 0.15644361833952913 0.2882262996941896 0.011771995043370507 0.047400611620795105
23 0.16883519206939282 0.29510703363914376 0.011771995043370507 0.047400611620795105
23 0.6713135068153655 0.5137614678899083 0.01858736059479554 0.024464831804281346
4 0.22459727385377942 0.32186544342507645 0.020446096654275093 0.03211009174311927
23 0.1852540272614622 0.3065749235474006 0.01858736059479554 0.047400611620795105
23 0.6892812887236679 0.5344036697247706 0.01486988847583643 0.027522935779816515
4 0.434634448574969 0.42660550458715596 0.015489467162329617 0.024464831804281346
23 0.9253407682775713 0.6422018348623854 0.015489467162329617 0.05198776758409786
23 0.6688351920693928 0.5351681957186545 0.01858736059479554 0.0290519877675841
23 0.800185873605948 0.5932721712538226 0.013011152416356878 0.04892966360856269
4 0.05607187112763321 0.27293577981651373 0.011152416356877323 0.04281345565749235
4 0.974907063197026 0.6735474006116208 0.013011152416356878 0.047400611620795105
23 0.9649938042131351 0.6704892966360856 0.013011152416356878 0.047400611620795105
23 0.06815365551425032 0.28134556574923547 0.011152416356877323 0.04434250764525994
23 0.8767038413878563 0.6353211009174312 0.024783147459727387 0.03669724770642202
23 0.686183395291202 0.5542813455657493 0.016728624535315983 0.03058103975535168
4 0.22057001239157373 0.3516819571865443 0.026022304832713755 0.04281345565749235
4 0.31474597273853777 0.39908256880733944 0.01486988847583643 0.024464831804281346
4 0.2958488228004957 0.39143730886850153 0.014250309789343246 0.024464831804281346
4 0.15923172242874845 0.3363914373088685 0.022304832713754646 0.0382262996941896
23 0.667905824039653 0.5581039755351682 0.019206939281288724 0.0290519877675841
23 0.18401486988847585 0.35244648318042815 0.0161090458488228 0.05504587155963303
4 0.8175340768277571 0.6330275229357798 0.02168525402726146 0.03669724770642202
23 0.6843246592317225 0.5764525993883792 0.016728624535315983 0.02599388379204893
23 0.088909541511772 0.3180428134556575 0.01486988847583643 0.05657492354740061
23 0.9374225526641884 0.6873088685015291 0.020446096654275093 0.03669724770642202
23 0.718091697645601 0.5925076452599388 0.02168525402726146 0.03058103975535168
4 0.11369268897149938 0.32951070336391436 0.009913258983890954 0.04434250764525994
23 0.1248451053283767 0.33562691131498473 0.013011152416356878 0.05198776758409786
23 0.10099132589838909 0.32492354740061163 0.013011152416356878 0.04892966360856269
23 0.13723667905824039 0.34327217125382264 0.012391573729863693 0.04128440366972477
4 0.8928128872366791 0.6781345565749235 0.014250309789343246 0.053516819571865444
23 0.6657372986369269 0.581039755351682 0.01486988847583643 0.027522935779816515
4 0.8593556381660471 0.6666666666666666 0.015489467162329617 0.05198776758409786
23 0.7977075588599752 0.6406727828746177 0.013011152416356878 0.04892966360856269
23 0.06381660470879802 0.327217125382263 0.011771995043370507 0.04892966360856269
23 0.05204460966542751 0.32339449541284404 0.01486988847583643 0.053516819571865444
23 0.6824659231722429 0.6001529051987767 0.014250309789343246 0.02599388379204893
23 0.8413878562577447 0.6712538226299695 0.017967781908302356 0.03669724770642202
23 0.8224907063197026 0.6636085626911316 0.01858736059479554 0.0290519877675841
4 0.42874845105328374 0.4923547400611621 0.015489467162329617 0.022935779816513763
23 0.7171623296158612 0.6200305810397554 0.017967781908302356 0.02599388379204893
4 0.33674101610904583 0.45565749235474007 0.015489467162329617 0.03363914373088685
4 0.3107187112763321 0.44495412844036697 0.014250309789343246 0.024464831804281346
4 0.2930607187112763 0.43730886850152906 0.0161090458488228 0.024464831804281346
4 0.9563197026022305 0.7262996941896025 0.012391573729863693 0.047400611620795105
4 0.919454770755886 0.713302752293578 0.016728624535315983 0.053516819571865444
23 0.662639405204461 0.6055045871559633 0.019206939281288724 0.0290519877675841
23 0.07280049566294919 0.36009174311926606 0.015489467162329617 0.04892966360856269
23 0.679368029739777 0.6238532110091743 0.01486988847583643 0.03058103975535168
23 0.8026641883519207 0.6804281345565749 0.01982651796778191 0.03363914373088685
23 0.09758364312267657 0.3730886850152905 0.011152416356877323 0.05198776758409786
23 0.1366171003717472 0.39067278287461776 0.012391573729863693 0.05045871559633028
23 0.8392193308550185 0.6964831804281345 0.016728624535315983 0.024464831804281346
23 0.08612143742255267 0.36926605504587157 0.013630731102850062 0.047400611620795105
23 0.10997521685254028 0.37996941896024466 0.011152416356877323 0.053516819571865444
23 0.8215613382899628 0.6903669724770642 0.01858736059479554 0.027522935779816515
23 0.12112763320941759 0.386085626911315 0.016728624535315983 0.05198776758409786
23 0.661090458488228 0.6284403669724771 0.01982651796778191 0.03211009174311927
23 0.8543990086741016 0.7178899082568807 0.0161090458488228 0.05657492354740061
23 0.6787484510532837 0.6475535168195719 0.01858736059479554 0.03058103975535168
4 0.961276332094176 0.7714067278287462 0.021065675340768277 0.03669724770642202
23 0.05328376703841388 0.37844036697247707 0.013011152416356878 0.047400611620795105
4 0.1725526641883519 0.4319571865443425 0.012391573729863693 0.045871559633027525
23 0.04151177199504337 0.37920489296636084 0.011152416356877323 0.04128440366972477
23 0.659541511771995 0.650611620795107 0.020446096654275093 0.03211009174311927
4 0.9349442379182156 0.77217125382263 0.01486988847583643 0.045871559633027525
23 0.9460966542750929 0.7782874617737003 0.012391573729863693 0.045871559633027525
4 0.7453531598513011 0.6941896024464832 0.020446096654275093 0.04434250764525994
4 0.7633209417596035 0.7033639143730887 0.016728624535315983 0.0382262996941896
23 0.6775092936802974 0.668960244648318 0.017967781908302356 0.0290519877675841
4 0.9591078066914498 0.7920489296636085 0.019206939281288724 0.03058103975535168
4 0.07125154894671623 0.40672782874617736 0.02292441140024783 0.04281345565749235
4 0.40675340768277574 0.558868501529052 0.017967781908302356 0.0290519877675841
4 0.1449814126394052 0.4487767584097859 0.012391573729863693 0.04281345565749235
23 0.6573729863692689 0.676605504587156 0.020446096654275093 0.035168195718654434
23 0.40582403965303593 0.5825688073394495 0.019206939281288724 0.0290519877675841
23 0.020755885997521685 0.41590214067278286 0.011771995043370507 0.05045871559633028
23 0.9107806691449815 0.8042813455657493 0.01486988847583643 0.05198776758409786
23 0.15923172242874845 0.47782874617737003 0.010532837670384139 0.04281345565749235
4 0.9618959107806692 0.8318042813455657 0.012391573729863693 0.04434250764525994
23 0.6552044609665427 0.6980122324159022 0.020446096654275093 0.035168195718654434
23 0.17007434944237917 0.4877675840978593 0.014250309789343246 0.05198776758409786
23 0.11369268897149938 0.46406727828746175 0.013011152416356878 0.05198776758409786
23 0.952912019826518 0.8302752293577982 0.009913258983890954 0.05045871559633028
23 0.6741016109045849 0.7171253822629969 0.01734820322180917 0.0290519877675841
23 0.14250309789343246 0.49923547400611623 0.015489467162329617 0.05504587155963303
4 0.3999380421313507 0.6131498470948012 0.011771995043370507 0.04434250764525994
23 0.6558240396530359 0.7247706422018348 0.01734820322180917 0.022935779816513763
23 0.03500619578686493 0.45565749235474007 0.022304832713754646 0.03669724770642202
23 0.9213135068153655 0.845565749235474 0.023543990086741014 0.04281345565749235
23 0.6716232961586122 0.7377675840978594 0.017967781908302356 0.03363914373088685
23 0.12732342007434944 0.5015290519877675 0.021065675340768277 0.035168195718654434
23 0.6539653035935564 0.7438837920489296 0.01734820322180917 0.03363914373088685
4 0.05607187112763321 0.48394495412844035 0.02292441140024783 0.0382262996941896
4 0.15272614622057 0.5282874617737003 0.013011152416356878 0.05198776758409786
4 0.8683395291201983 0.8394495412844036 0.0322180916976456 0.05045871559633028
4 0.10099132589838909 0.5061162079510704 0.030978934324659233 0.04128440366972477
4 0.38940520446096655 0.632262996941896 0.014250309789343246 0.022935779816513763
23 0.6697645600991325 0.7614678899082569 0.01486988847583643 0.0290519877675841
4 0.7695167286245354 0.8058103975535168 0.03283767038413878 0.04434250764525994
23 0.12422552664188352 0.5305810397553516 0.01858736059479554 0.03363914373088685
4 0.38940520446096655 0.6475535168195719 0.016728624535315983 0.021406727828746176
4 0.03066914498141264 0.49159021406727826 0.0322180916976456 0.04128440366972477
4 0.9761462205700124 0.904434250764526 0.006815365551425031 0.05045871559633028
4 0.9417596034696406 0.8922018348623854 0.013630731102850062 0.04281345565749235
23 0.6521065675340768 0.7698776758409785 0.019206939281288724 0.03211009174311927
4 0.36369268897149937 0.6467889908256881 0.024163568773234202 0.04128440366972477
4 0.9089219330855018 0.8845565749235474 0.013630731102850062 0.053516819571865444
4 0.8664807930607187 0.8723241590214067 0.0322180916976456 0.045871559633027525
4 0.38630731102850063 0.6643730886850153 0.01734820322180917 0.0290519877675841
4 0.7673482032218092 0.8432721712538226 0.03345724907063197 0.05198776758409786
4 0.2955390334572491 0.654434250764526 0.020446096654275093 0.03669724770642202
4 0.2707558859975217 0.6437308868501529 0.017967781908302356 0.0290519877675841
4 0.8643122676579925 0.9097859327217125 0.03407682775712516 0.05504587155963303
4 0.3652416356877323 0.6934250764525994 0.009913258983890954 0.047400611620795105
4 0.3748451053283767 0.6987767584097859 0.015489467162329617 0.05504587155963303
4 0.35315985130111527 0.6941896024464832 0.01734820322180917 0.06116207951070336
23 0.04120198265179678 0.6032110091743119 0.019206939281288724 0.07186544342507645
4 0.05978934324659232 0.6414373088685015 0.014250309789343246 0.05198776758409786
4 0.10687732342007435 0.6972477064220184 0.024163568773234202 0.04128440366972477
7 0.10161090458488228 0.7828746177370031 0.16294919454770757 0.1636085626911315
7 0.6784386617100372 0.9755351681957186 0.16852540272614622 0.045871559633027525
7 0.31474597273853777 0.8830275229357798 0.1623296158612144 0.14220183486238533
23 0.49783147459727384 0.05963302752293578 0.009913258983890954 0.04281345565749235
23 0.5266418835192069 0.07262996941896024 0.010532837670384139 0.04281345565749235
23 0.5185873605947955 0.06957186544342507 0.011152416356877323 0.045871559633027525
23 0.4879182156133829 0.0581039755351682 0.013011152416356878 0.05045871559633028
23 0.5065055762081785 0.06651376146788991 0.013630731102850062 0.04892966360856269