23 0.5024141630901288 0.7735404896421846 0.019313304721030045 0.017890772128060263
4 0.5209227467811158 0.7787193973634652 0.016630901287553648 0.021657250470809793
23 0.7958690987124464 0.8455743879472694 0.021995708154506438 0.01977401129943503
23 0.7706545064377682 0.839924670433145 0.023068669527896997 0.021657250470809793
23 0.46620171673819744 0.7754237288135594 0.01984978540772532 0.018832391713747645
23 0.4857832618025751 0.7796610169491526 0.01555793991416309 0.02071563088512241
4 0.42650214592274677 0.7707156308851224 0.0407725321888412 0.0583804143126177
23 0.5533798283261803 0.8102636534839924 0.022532188841201718 0.017890772128060263
23 0.5734978540772532 0.815442561205273 0.0203862660944206 0.018832391713747645
23 0.533530042918455 0.8069679849340866 0.023068669527896997 0.02448210922787194
23 0.5533798283261803 0.8272128060263654 0.02092274678111588 0.022598870056497175
4 0.008851931330472103 0.7123352165725048 0.017703862660944206 0.025423728813559324
23 0.5748390557939914 0.8347457627118644 0.021995708154506438 0.025423728813559324
23 0.533530042918455 0.8258003766478342 0.02092274678111588 0.02071563088512241
23 0.026555793991416308 0.7175141242937854 0.0203862660944206 0.026365348399246705
23 0.816255364806867 0.8945386064030132 0.01984978540772532 0.01694915254237288
4 0.8744635193133047 0.9260828625235404 0.0536480686695279 0.08662900188323917
4 0.007778969957081545 0.7396421845574388 0.01555793991416309 0.027306967984934087
23 0.02601931330472103 0.7462335216572504 0.022532188841201718 0.018832391713747645
23 0.5793991416309013 0.871939736346516 0.013412017167381975 0.035781544256120526
23 0.1174892703862661 0.777306967984934 0.013948497854077254 0.031073446327683617
4 0.5383583690987125 0.870527306967985 0.04130901287553648 0.060263653483992465
23 0.022532188841201718 0.7669491525423728 0.016094420600858368 0.02071563088512241
23 0.5584763948497854 0.885593220338983 0.01072961373390558 0.032015065913371
23 0.13492489270386265 0.7951977401129944 0.01984978540772532 0.02071563088512241
4 0.0075107296137339056 0.7688323917137476 0.015021459227467811 0.027306967984934087
4 0.09388412017167382 0.788135593220339 0.018776824034334765 0.021657250470809793
4 0.27762875536480686 0.8427495291902072 0.013412017167381975 0.035781544256120526
4 0.6260729613733905 0.9218455743879472 0.013948497854077254 0.03483992467043315
23 0.13224248927038626 0.8182674199623352 0.017703862660944206 0.018832391713747645
23 0.02145922746781116 0.7951977401129944 0.015021459227467811 0.02448210922787194
15 0.5976394849785408 0.9213747645951036 0.05150214592274678 0.05084745762711865
4 0.005633047210300429 0.7947269303201506 0.011266094420600859 0.026365348399246705
23 0.7803111587982833 0.9750470809792844 0.01555793991416309 0.03483992467043315
23 0.5506974248927039 0.9256120527306968 0.017703862660944206 0.017890772128060263
4 0.5034871244635193 0.9218455743879472 0.008583690987124463 0.027306967984934087
23 0.490343347639485 0.9227871939736346 0.011802575107296138 0.03672316384180791
23 0.020118025751072962 0.8234463276836158 0.017703862660944206 0.01977401129943503
23 0.13143776824034334 0.847457627118644 0.01984978540772532 0.017890772128060263
4 0.004828326180257511 0.8206214689265536 0.009656652360515022 0.027306967984934087
23 0.2057403433476395 0.8653483992467044 0.019313304721030045 0.018832391713747645
23 0.5901287553648069 0.9500941619585688 0.021995708154506438 0.023540489642184557
4 0.8564914163090128 0.9844632768361582 0.03487124463519313 0.02919020715630885
15 0.24892703862660945 0.8822975517890772 0.05042918454935622 0.11770244821092278
23 0.7757510729613734 0.9957627118644068 0.015021459227467811 0.006591337099811676
4 0.004828326180257511 0.8451035781544256 0.009656652360515022 0.025423728813559324
23 0.018776824034334765 0.8498116760828626 0.018776824034334765 0.021657250470809793
15 0.08100858369098712 0.8629943502824858 0.048283261802575105 0.1016949152542373
4 0.6614806866952789 0.9778719397363466 0.055793991416309016 0.0423728813559322
23 0.20332618025751073 0.8931261770244822 0.018776824034334765 0.023540489642184557
23 0.12687768240343347 0.8950094161958568 0.01984978540772532 0.023540489642184557
4 0.29721030042918456 0.931261770244821 0.05633047210300429 0.06685499058380415
4 0.0029506437768240345 0.8714689265536724 0.005901287553648069 0.02919020715630885
23 0.01582618025751073 0.8757062146892656 0.017167381974248927 0.022598870056497175
4 0.002682403433476395 0.8898305084745762 0.00536480686695279 0.013182674199623353
23 0.01582618025751073 0.8959510357815442 0.01984978540772532 0.00847457627118644
23 0.11051502145922747 0.9152542372881356 0.012339055793991416 0.010357815442561206
4 0.7655579399141631 0.12005649717514125 0.0407725321888412 0.062146892655367235
4 0.3382510729613734 0.02871939736346516 0.013412017167381975 0.030131826741996232
4 0.796137339055794 0.13041431261770245 0.017703862660944206 0.03766478342749529
4 0.35354077253218885 0.03483992467043315 0.012339055793991416 0.031073446327683617
4 0.325912017167382 0.059322033898305086 0.04667381974248927 0.0800376647834275
15 0.7878218884120172 0.16337099811676084 0.03701716738197425 0.05273069679849341
15 0.3511266094420601 0.0696798493408663 0.023605150214592276 0.03954802259887006
23 0.7647532188841202 0.20056497175141244 0.013412017167381975 0.035781544256120526
23 0.3251072961373391 0.11958568738229755 0.011266094420600859 0.03672316384180791
4 0.8755364806866953 0.2537664783427495 0.15504291845493562 0.2806026365348399
4 0.4313304721030043 0.1605461393596987 0.1657725321888412 0.2984934086629002
15 0.7132510729613734 0.22551789077212805 0.12392703862660945 0.17702448210922786
15 0.27145922746781115 0.13465160075329566 0.11158798283261803 0.16290018832391714
4 0.11266094420600858 0.11016949152542373 0.08047210300429185 0.18455743879472694
23 0.2800429184549356 0.23069679849340866 0.02467811158798283 0.02919020715630885
23 0.27682403433476394 0.2678907721280603 0.0203862660944206 0.027306967984934087
15 0.8570278969957081 0.4119585687382298 0.03111587982832618 0.03954802259887006
4 0.8342274678111588 0.4981167608286252 0.032188841201716736 0.062146892655367235
23 0.8100858369098712 0.5098870056497176 0.02092274678111588 0.018832391713747645
23 0.953862660944206 0.557909604519774 0.02145922746781116 0.017890772128060263
4 0.5780579399141631 0.4901129943502825 0.03111587982832618 0.051789077212806026
4 0.5281652360515021 0.4825800376647834 0.034334763948497854 0.051789077212806026
23 0.8870708154506438 0.562617702448211 0.01984978540772532 0.02071563088512241
4 0.6274141630901288 0.5094161958568738 0.04774678111587983 0.0847457627118644
23 0.941255364806867 0.5819209039548022 0.04881974248927039 0.03954802259887006
4 0.21620171673819744 0.4369114877589454 0.05150214592274678 0.08286252354048965
4 0.12580472103004292 0.4185499058380414 0.030042918454935622 0.05084745762711865
23 0.6773068669527897 0.5390772128060264 0.04774678111587983 0.03766478342749529
4 0.7196888412017167 0.557909604519774 0.02736051502145923 0.04331450094161959
4 0.16416309012875535 0.4392655367231638 0.03540772532188841 0.062146892655367235
4 0.022532188841201718 0.4157250470809793 0.045064377682403435 0.16666666666666666
23 0.8090128755364807 0.6045197740112994 0.019313304721030045 0.01977401129943503
23 0.6604077253218884 0.5847457627118644 0.0203862660944206 0.02448210922787194
23 0.6405579399141631 0.5861581920903954 0.02092274678111588 0.018832391713747645
23 0.8725858369098712 0.6506591337099812 0.024141630901287552 0.08851224105461393
23 0.20761802575107297 0.5070621468926554 0.012339055793991416 0.03672316384180791
15 0.13143776824034334 0.4976459510357815 0.03111587982832618 0.04519774011299435
15 0.17516094420600858 0.5080037664783428 0.05633047210300429 0.06591337099811675
15 0.08208154506437768 0.5 0.03165236051502146 0.04048964218455744
4 0.6877682403433476 0.6431261770244822 0.03862660944206009 0.06497175141242938
4 0.18025751072961374 0.5428436911487758 0.03862660944206009 0.07156308851224105
15 0.6582618025751072 0.647834274952919 0.03862660944206009 0.096045197740113
4 0.9490343347639485 0.7189265536723164 0.07242489270386267 0.11299435028248588
4 0.0101931330472103 0.527306967984934 0.0203862660944206 0.07532956685499058
4 0.06652360515021459 0.5461393596986818 0.033261802575107295 0.0480225988700565
4 0.125 0.5682674199623352 0.027896995708154508 0.0423728813559322
23 0.22156652360515022 0.6153483992467044 0.0203862660944206 0.018832391713747645
4 0.2486587982832618 0.623352165725047 0.032188841201716736 0.08757062146892655
23 0.16067596566523606 0.6054613935969868 0.0203862660944206 0.018832391713747645
23 0.09978540772532189 0.5969868173258004 0.01984978540772532 0.02071563088512241
4 0.06545064377682404 0.591337099811676 0.021995708154506438 0.017890772128060263
4 0.1848175965665236 0.617231638418079 0.01984978540772532 0.021657250470809793
23 0.037285407725321885 0.5861581920903954 0.018240343347639486 0.021657250470809793
4 0.1255364806866953 0.6064030131826742 0.017167381974248927 0.02448210922787194
15 0.4208690987124464 0.673728813559322 0.03540772532188841 0.0856873822975518
23 0.27896995708154504 0.6450094161958568 0.022532188841201718 0.021657250470809793
23 0.2770922746781116 0.6727871939736346 0.01984978540772532 0.017890772128060263
4 0.47585836909871243 0.7198681732580038 0.03594420600858369 0.06685499058380415
4 0.4423283261802575 0.7151600753295668 0.022532188841201718 0.02448210922787194
4 0.5869098712446352 0.7551789077212806 0.07778969957081545 0.12429378531073447
23 0.5048283261802575 0.7382297551789078 0.015021459227467811 0.03483992467043315
23 0.4951716738197425 0.7401129943502824 0.013412017167381975 0.035781544256120526
15 0.05257510729613734 0.646421845574388 0.045064377682403435 0.0800376647834275
15 0.23685622317596566 0.685969868173258 0.04721030042918455 0.08380414312617702
23 0.868293991416309 0.8229755178907722 0.02575107296137339 0.0847457627118644
15 0.17489270386266095 0.673728813559322 0.04935622317596566 0.08851224105461393
15 0.11453862660944206 0.661487758945386 0.04667381974248927 0.08380414312617702
23 0.27682403433476394 0.7005649717514124 0.018776824034334765 0.01977401129943503
4 0.7542918454935622 0.8041431261770244 0.03862660944206009 0.06497175141242938
23 0.44340128755364805 0.7382297551789078 0.02145922746781116 0.018832391713747645
23 0.8782188841201717 0.8328625235404896 0.02092274678111588 0.06591337099811675
4 0.41067596566523606 0.7330508474576272 0.02145922746781116 0.021657250470809793
4 0.5375536480686696 0.7603578154425612 0.016094420600858368 0.03483992467043315
4 0.3782188841201717 0.7344632768361582 0.04774678111587983 0.07909604519774012
23 0.27467811158798283 0.722693032015066 0.01984978540772532 0.021657250470809793