23 0.5648751357220413 0.708969465648855 0.02008686210640608 0.02099236641221374
4 0.5833333333333334 0.7022900763358778 0.017915309446254073 0.02480916030534351
23 0.8577633007600435 0.5987595419847328 0.02280130293159609 0.022900763358778626
23 0.8330618892508144 0.6087786259541985 0.023887079261672096 0.025763358778625955
23 0.5304017372421281 0.7323473282442748 0.02062975027144408 0.02194656488549618
23 0.5502171552660152 0.7247137404580153 0.016829533116178068 0.02385496183206107
4 0.49185667752442996 0.7519083969465649 0.04343105320304017 0.0648854961832061
23 0.6205211726384365 0.7127862595419847 0.023344191096634093 0.02194656488549618
23 0.6406080347448425 0.7051526717557252 0.021172638436482084 0.022900763358778626
23 0.6009771986970684 0.7213740458015268 0.024429967426710098 0.02862595419847328
23 0.6237785016286646 0.7290076335877863 0.02225841476655809 0.026717557251908396
23 0.061074918566775244 0.958969465648855 0.02225841476655809 0.026717557251908396
4 0.08089033659066232 0.9522900763358778 0.023344191096634093 0.02767175572519084
23 0.6457654723127035 0.7228053435114504 0.02280130293159609 0.029580152671755726
23 0.6045059717698155 0.7395038167938931 0.021715526601520086 0.02480916030534351
23 0.10097719869706841 0.9451335877862596 0.021715526601520086 0.029580152671755726
23 0.8868078175895765 0.6331106870229007 0.02062975027144408 0.02099236641221374
4 0.9484256243213898 0.6273854961832062 0.05808903365906623 0.09541984732824428
23 0.06758957654723127 0.9842557251908397 0.023344191096634093 0.029580152671755726
4 0.08550488599348534 0.978530534351145 0.021172638436482084 0.029580152671755726
23 0.10613463626492943 0.9723282442748091 0.02280130293159609 0.022900763358778626
23 0.6571661237785016 0.7552480916030534 0.015743756786102063 0.03816793893129771
23 0.1992399565689468 0.9460877862595419 0.01520086862106406 0.033396946564885496
4 0.6180781758957655 0.7791030534351145 0.04451682953311618 0.06774809160305344
23 0.10722041259500543 0.9904580152671756 0.017915309446254073 0.01717557251908397
23 0.6400651465798045 0.7810114503816794 0.01248642779587405 0.033396946564885496
23 0.21959826275787186 0.9527671755725191 0.02062975027144408 0.02385496183206107
4 0.08903365906623235 0.995706106870229 0.023887079261672096 0.006679389312977099
4 0.1791530944625407 0.9708969465648855 0.019543973941368076 0.02480916030534351
4 0.36454940282301845 0.9112595419847328 0.015743756786102063 0.03816793893129771
4 0.7114549402823018 0.7743320610687023 0.015743756786102063 0.03721374045801527
23 0.22149837133550487 0.976145038167939 0.018458197611292075 0.02194656488549618
15 0.6843105320304017 0.7915076335877863 0.053203040173724216 0.05916030534351145
23 0.8686210640608035 0.7313931297709924 0.01737242128121607 0.03721374045801527
23 0.6406080347448425 0.8239503816793893 0.018458197611292075 0.02099236641221374
4 0.5950054288816504 0.8492366412213741 0.01031487513572204 0.02862595419847328
23 0.5827904451682954 0.8583015267175572 0.014115092290988056 0.03816793893129771
23 0.2263843648208469 0.9966603053435115 0.02062975027144408 0.004770992366412214
23 0.3007600434310532 0.9766221374045801 0.02008686210640608 0.02194656488549618
23 0.6829533116178067 0.8234732824427481 0.02280130293159609 0.026717557251908396
4 0.9484256243213898 0.7204198473282443 0.03908794788273615 0.08969465648854962
15 0.34500542888165037 0.9513358778625954 0.057003257328990226 0.09541984732824428
23 0.8710640608034745 0.7666984732824428 0.016286644951140065 0.03435114503816794
4 0.758686210640608 0.8191793893129771 0.05808903365906623 0.07824427480916031
23 0.30401737242128124 0.9952290076335878 0.02062975027144408 0.007633587786259542
4 0.9201954397394136 0.7633587786259542 0.05646036916395222 0.08492366412213741
4 0.4006514657980456 0.9723282442748091 0.05971769815418024 0.05343511450381679
4 0.8699782844733985 0.8062977099236641 0.019001085776330078 0.042938931297709926
4 0.26194353963083605 0.09923664122137404 0.01520086862106406 0.03244274809160305
4 0.2774158523344191 0.0958969465648855 0.013572204125950055 0.03244274809160305
4 0.255971769815418 0.1359732824427481 0.050488599348534204 0.08778625954198473
15 0.28203040173724214 0.13024809160305342 0.025515743756786103 0.042938931297709926
23 0.7014115092290988 0.011450381679389313 0.016286644951140065 0.022900763358778626
23 0.2671009771986971 0.1941793893129771 0.013572204125950055 0.03816793893129771
4 0.8178610206297503 0.07013358778625954 0.16992399565689467 0.14026717557251908
4 0.3770358306188925 0.17223282442748092 0.18023887079261672 0.31679389312977096
15 0.6571661237785016 0.07872137404580153 0.13300760043431054 0.15744274809160305
15 0.21905537459283386 0.2409351145038168 0.11943539630836048 0.18129770992366412
4 0.06324647122692725 0.3139312977099237 0.09066232356134636 0.1965648854961832
23 0.24592833876221498 0.3268129770992366 0.026058631921824105 0.033396946564885496
23 0.250271444082519 0.36450381679389315 0.021715526601520086 0.030534351145038167
15 0.8303474484256244 0.14837786259541985 0.03311617806731813 0.04484732824427481
4 0.8257328990228013 0.24427480916030533 0.03528773072747014 0.06679389312977099
23 0.8053745928338762 0.2705152671755725 0.021715526601520086 0.022900763358778626
23 0.9514115092290988 0.22853053435114504 0.02225841476655809 0.02099236641221374
4 0.5806188925081434 0.3926526717557252 0.033659066232356136 0.05629770992366412
4 0.5317589576547231 0.4155534351145038 0.03691639522258415 0.05725190839694656
23 0.8887079261672095 0.2738549618320611 0.02062975027144408 0.02385496183206107
4 0.6313789359391965 0.3812022900763359 0.05211726384364821 0.09255725190839695
23 0.9440825190010858 0.25906488549618323 0.050488599348534204 0.04866412213740458
4 0.2261129207383279 0.5620229007633588 0.05537459283387622 0.0916030534351145
4 0.13653637350705755 0.5997137404580153 0.03257328990228013 0.05534351145038168
23 0.6845819761129207 0.3788167938931298 0.0494028230184582 0.046755725190839696
4 0.7288273615635179 0.37070610687022904 0.029315960912052116 0.04770992366412214
4 0.1772529858849077 0.5958969465648855 0.03854505971769816 0.06774809160305344
4 0.03257328990228013 0.6626908396946565 0.06514657980456026 0.1765267175572519
23 0.8227470141150923 0.36116412213740456 0.02008686210640608 0.022900763358778626
23 0.6777958740499457 0.4327290076335878 0.021715526601520086 0.02862595419847328
23 0.6590662323561346 0.446087786259542 0.021715526601520086 0.022900763358778626
23 0.8925081433224755 0.366412213740458 0.029315960912052116 0.0916030534351145
23 0.23181324647122692 0.6340648854961832 0.014657980456026058 0.03816793893129771
15 0.15743756786102062 0.6712786259541985 0.03311617806731813 0.05057251908396947
15 0.2011400651465798 0.6545801526717557 0.05971769815418024 0.07538167938931298
15 0.11102062975027144 0.7037213740458015 0.033659066232356136 0.04580152671755725
4 0.7152551574375678 0.4713740458015267 0.041802388707926165 0.0715648854961832
4 0.21281216069489686 0.6851145038167938 0.04234527687296417 0.07824427480916031
15 0.6881107491856677 0.49427480916030536 0.043973941368078175 0.10114503816793893
4 0.9693268186753529 0.38883587786259544 0.06026058631921824 0.12118320610687022
4 0.039902280130293157 0.7776717557251909 0.04017372421281216 0.08110687022900763
4 0.10532030401737243 0.7571564885496184 0.03528773072747014 0.05343511450381679
4 0.16530944625407165 0.7423664122137404 0.03040173724212812 0.046755725190839696
23 0.2665580890336591 0.7290076335877863 0.021172638436482084 0.022900763358778626
4 0.2937024972855592 0.7199427480916031 0.03745928338762215 0.09255725190839695
23 0.20656894679695983 0.7562022900763359 0.021172638436482084 0.022900763358778626
23 0.1468512486427796 0.7853053435114504 0.02062975027144408 0.02385496183206107
4 0.11319218241042345 0.8010496183206107 0.02280130293159609 0.02194656488549618
4 0.23181324647122692 0.7528625954198473 0.02062975027144408 0.02480916030534351
23 0.08550488599348534 0.8129770992366412 0.019001085776330078 0.02480916030534351
4 0.1731813246471227 0.7786259541984732 0.017915309446254073 0.02767175572519084
15 0.46742671009771986 0.6631679389312977 0.04017372421281216 0.09064885496183206
23 0.3268186753528773 0.7218511450381679 0.023344191096634093 0.025763358778625955
23 0.3306188925081433 0.75 0.02008686210640608 0.02099236641221374
4 0.5287730727470141 0.6731870229007634 0.039630836047774155 0.07251908396946564
4 0.495928338762215 0.6898854961832062 0.023887079261672096 0.02767175572519084
4 0.6414223669923995 0.6393129770992366 0.08414766558089033 0.13740458015267176
23 0.5599891422366993 0.6736641221374046 0.016829533116178068 0.03721374045801527
23 0.5510314875135722 0.6808206106870229 0.015743756786102063 0.03816793893129771
15 0.11183496199782844 0.8611641221374046 0.048859934853420196 0.0868320610687023
15 0.2947882736156352 0.7867366412213741 0.05157437567861021 0.0916030534351145
23 0.9223669923995657 0.5333969465648855 0.03040173724212812 0.08778625954198473
15 0.23344191096634093 0.8129770992366412 0.05374592833876222 0.09637404580152671
15 0.1739956568946797 0.8377862595419847 0.051031487513572206 0.09064885496183206
23 0.3357763300760043 0.7762404580152672 0.019543973941368076 0.022900763358778626
4 0.8102605863192183 0.5844465648854962 0.041802388707926165 0.0715648854961832
23 0.501628664495114 0.7108778625954199 0.021715526601520086 0.02194656488549618
23 0.9337676438653637 0.5362595419847328 0.024429967426710098 0.06870229007633588
4 0.46959826275787186 0.7256679389312977 0.02225841476655809 0.025763358778625955
4 0.5952768729641694 0.674618320610687 0.017915309446254073 0.03721374045801527
4 0.43892508143322473 0.7471374045801527 0.05157437567861021 0.0868320610687023
23 0.33821932681867534 0.7986641221374046 0.02062975027144408 0.02480916030534351