23 0.6036501377410468 0.9132379248658319 0.06198347107438017 0.050983899821109124
23 0.7114325068870524 0.964221824686941 0.07162534435261708 0.04830053667262969
15 0.7090220385674931 0.9852415026833632 0.08608815426997245 0.027728085867620753
4 0.4283746556473829 0.9548300536672629 0.048898071625344354 0.07871198568872988
4 0.38636363636363635 0.9414132379248659 0.05234159779614325 0.08318425760286226
4 0.5547520661157025 0.12432915921288014 0.049586776859504134 0.09033989266547406
7 0.10365013774104684 0.026386404293381037 0.07782369146005509 0.052772808586762074
4 0.9331955922865014 0.2441860465116279 0.07988980716253444 0.10465116279069768
4 0.9831267217630854 0.26475849731663686 0.03236914600550964 0.09123434704830054
4 0.709366391184573 0.21914132379248658 0.07920110192837465 0.09123434704830054
4 0.5265151515151515 0.1721824686940966 0.05509641873278237 0.09033989266547406
4 0.30647382920110194 0.15652951699463327 0.07851239669421488 0.09838998211091235
4 0.10709366391184573 0.10644007155635063 0.05027548209366391 0.09660107334525939
4 0.9214876033057852 0.33273703041144903 0.0743801652892562 0.09302325581395349
7 0.07059228650137742 0.10196779964221825 0.044765840220385676 0.0885509838998211
23 0.9366391184573003 0.40250447227191416 0.08608815426997245 0.0626118067978533
30 0.31232782369146006 0.2370304114490161 0.04132231404958678 0.07602862254025045
4 0.665633608815427 0.3434704830053667 0.07162534435261708 0.10644007155635063
30 0.4962121212121212 0.024150268336314847 0.03787878787878788 0.04830053667262969
4 0.9073691460055097 0.5026833631484794 0.07644628099173553 0.11001788908765653
4 0.6253443526170799 0.0626118067978533 0.10743801652892562 0.10107334525939177
4 0.04648760330578512 0.39937388193202145 0.04338842975206612 0.07871198568872988
4 0.7844352617079889 0.6149373881932021 0.07920110192837465 0.12701252236135957
4 0.42665289256198347 0.5313059033989267 0.2830578512396694 0.22808586762075134
7 0.023415977961432508 0.47093023255813954 0.046831955922865015 0.09212880143112702
7 0.026515151515151516 0.4776386404293381 0.05303030303030303 0.09302325581395349
4 0.4900137741046832 0.697227191413238 0.03443526170798898 0.05456171735241502
7 0.02203856749311295 0.5661896243291592 0.0440771349862259 0.08586762075134168
7 0.01790633608815427 0.5760286225402504 0.03581267217630854 0.09660107334525939
4 0.03133608815426997 0.5854203935599285 0.045454545454545456 0.07602862254025045
4 0.6084710743801653 0.766994633273703 0.03925619834710744 0.07692307692307693
23 0.22141873278236915 0.6855992844364938 0.07231404958677685 0.05366726296958855
4 0.8285123966942148 0.8881932021466905 0.05509641873278237 0.10196779964221825
23 0.5148071625344353 0.8041144901610018 0.0440771349862259 0.08676207513416816
23 0.6487603305785123 0.8443649373881932 0.081267217630854 0.05813953488372093
23 0.5337465564738292 0.8126118067978533 0.04132231404958678 0.08050089445438283
23 0.4941460055096419 0.806350626118068 0.040633608815427 0.11091234347048301
4 0.23002754820936638 0.7410554561717353 0.12396694214876033 0.09838998211091235
4 0.6911157024793388 0.8846153846153846 0.048898071625344354 0.0742397137745975
23 0.6222451790633609 0.872093023255814 0.09917355371900827 0.06887298747763863