23 0.6982189973614775 0.8304794520547946 0.05738786279683377 0.04195205479452055
23 0.8077176781002638 0.8356164383561644 0.06728232189973615 0.03767123287671233
15 0.8192612137203166 0.8934075342465754 0.07651715039577836 0.0958904109589041
4 0.5484828496042217 0.942208904109589 0.04221635883905013 0.0839041095890411
4 0.5072559366754618 0.9499143835616438 0.04551451187335093 0.09332191780821918
4 0.47394459102902375 0.13142123287671234 0.04155672823218998 0.08304794520547945
7 0.03529023746701847 0.19777397260273974 0.07058047493403694 0.08904109589041095
4 0.8456464379947229 0.09503424657534247 0.07058047493403694 0.09246575342465753
4 0.9139182058047494 0.08690068493150685 0.06398416886543536 0.08047945205479452
4 0.6362137203166227 0.1583904109589041 0.0712401055408971 0.07962328767123288
4 0.45910290237467016 0.1857876712328767 0.047493403693931395 0.0821917808219178
4 0.25494722955145116 0.2559931506849315 0.06992084432717678 0.08732876712328767
4 0.06200527704485488 0.2868150684931507 0.04221635883905013 0.08904109589041095
4 0.8552110817941952 0.18022260273972604 0.06596306068601583 0.0821917808219178
7 0.02341688654353562 0.2992294520547945 0.04683377308707124 0.08647260273972603
23 0.8852242744063324 0.238013698630137 0.08047493403693931 0.04965753424657534
30 0.27869393139841686 0.3270547945205479 0.03430079155672823 0.0702054794520548
4 0.6246701846965699 0.2880993150684932 0.06200527704485488 0.0958904109589041
30 0.2183377308707124 0.07106164383561644 0.044854881266490766 0.03424657534246575
30 0.3954485488126649 0.05008561643835616 0.0316622691292876 0.06763698630136987
4 0.8809366754617414 0.3403253424657534 0.06662269129287599 0.09845890410958905
4 0.5237467018469657 0.04580479452054795 0.10026385224274406 0.0916095890410959
4 0.07354881266490765 0.5766267123287672 0.036939313984168866 0.07191780821917808
4 0.7948548812664907 0.4897260273972603 0.06860158311345646 0.11558219178082192
4 0.449868073878628 0.5513698630136986 0.2631926121372032 0.18664383561643835
7 0.047493403693931395 0.6553938356164384 0.08113456464379948 0.08647260273972603
7 0.05178100263852243 0.6605308219178082 0.08839050131926121 0.08732876712328767
4 0.5455145118733509 0.677654109589041 0.029683377308707123 0.0488013698630137
7 0.061675461741424804 0.745291095890411 0.09366754617414248 0.07962328767123288
7 0.05870712401055409 0.7559931506849316 0.0870712401055409 0.0898972602739726
4 0.10191292875989445 0.7521404109589042 0.03891820580474934 0.06934931506849315
4 0.6691952506596306 0.6960616438356164 0.032981530343007916 0.07106164383561644
23 0.29815303430079154 0.7705479452054794 0.06728232189973615 0.04366438356164384
4 0.8970976253298153 0.7217465753424658 0.04617414248021108 0.09417808219178082
23 0.5923482849604221 0.7658390410958904 0.036279683377308705 0.08047945205479452
23 0.7232849604221636 0.7508561643835616 0.07651715039577836 0.046232876712328765
23 0.6114775725593667 0.7658390410958904 0.03430079155672823 0.07448630136986302
23 0.5738786279683378 0.7752568493150684 0.03100263852242744 0.1053082191780822
4 0.3186015831134565 0.817208904109589 0.11543535620052771 0.07962328767123288
4 0.052110817941952506 0.13741438356164384 0.032981530343007916 0.059931506849315065
4 0.771108179419525 0.771404109589041 0.04287598944591029 0.06678082191780822
23 0.7058047493403694 0.7863869863013698 0.09300791556728233 0.0547945205479452