23 0.7664538310412574 0.6136363636363636 0.004911591355599214 0.010625737898465172
23 0.7600687622789783 0.6124557260920898 0.0044204322200392925 0.010035419126328217
23 0.7730844793713163 0.6154073199527745 0.00343811394891945 0.010035419126328217
23 0.7536836935166994 0.6118654073199528 0.003929273084479371 0.010625737898465172
23 0.04494106090373281 0.49291617473435656 0.009332023575638507 0.006493506493506494
23 0.8440569744597249 0.6337072018890201 0.008349705304518664 0.006493506493506494
30 0.8278487229862476 0.6322314049586777 0.014734774066797643 0.01829988193624557
4 0.5338899803536346 0.5826446280991735 0.012278978388998035 0.009445100354191263
4 0.5081041257367387 0.5782172373081464 0.010805500982318271 0.007674144037780401
23 0.5213654223968566 0.5811688311688312 0.01031434184675835 0.008264462809917356
23 0.04420432220039293 0.500590318772137 0.01031434184675835 0.008264462809917356
30 0.6957269155206287 0.6171782762691853 0.018172888015717092 0.018890200708382526
23 0.8435658153241651 0.6419716646989374 0.009332023575638507 0.005312868949232586
23 0.7519646365422397 0.6272136953955135 0.0044204322200392925 0.011216056670602124
4 0.5331532416502947 0.5903187721369539 0.011296660117878193 0.007674144037780401
23 0.7649803536345776 0.6295749704840614 0.0044204322200392925 0.010625737898465172
23 0.7581041257367387 0.6289846517119244 0.0044204322200392925 0.010625737898465172
23 0.5203831041257367 0.588547815820543 0.011787819253438114 0.008264462809917356
23 0.7713654223968566 0.6310507674144038 0.0044204322200392925 0.010625737898465172
4 0.5071218074656189 0.5870720188902007 0.01031434184675835 0.008264462809917356
23 0.043713163064833006 0.5088547815820543 0.009332023575638507 0.006493506493506494
23 0.9430255402750491 0.6652892561983471 0.0044204322200392925 0.010035419126328217
23 0.9219056974459725 0.6623376623376623 0.003929273084479371 0.011216056670602124
30 0.9550589390962672 0.6679456906729634 0.016208251473477406 0.021251475796930343
30 0.931483300589391 0.6646989374262101 0.015717092337917484 0.021251475796930343
30 0.9101178781925344 0.6611570247933884 0.016208251473477406 0.017119244391971666
23 0.8425834970530451 0.6496458087367178 0.009332023575638507 0.0059031877213695395
23 0.5321709233791748 0.5988783943329398 0.008840864440078585 0.0070838252656434475
23 0.5194007858546169 0.5968122786304605 0.01031434184675835 0.007674144037780401
23 0.04273084479371316 0.5162337662337663 0.008840864440078585 0.006493506493506494
4 0.5058939096267191 0.5944510035419126 0.011296660117878193 0.008264462809917356
23 0.8420923379174853 0.6579102715466352 0.009823182711198428 0.006493506493506494
4 0.531679764243615 0.6059622195985832 0.011296660117878193 0.00885478158205431
4 0.5058939096267191 0.6024203069657615 0.010805500982318271 0.008264462809917356
23 0.5179273084479371 0.6044864226682408 0.010805500982318271 0.008264462809917356
4 0.04174852652259332 0.5244982290436836 0.010805500982318271 0.008264462809917356
23 0.8894891944990176 0.6694214876033058 0.004911591355599214 0.012396694214876033
23 0.881139489194499 0.6685360094451004 0.008349705304518664 0.014167650531286895
23 0.9020137524557956 0.6753246753246753 0.007858546168958742 0.005312868949232586
23 0.5302062868369352 0.6142266824085005 0.011296660117878193 0.00885478158205431
4 0.5049115913555993 0.6097992916174735 0.011296660117878193 0.007674144037780401
23 0.5176817288801572 0.6127508854781583 0.010805500982318271 0.008264462809917356
23 0.04076620825147348 0.5327626918536009 0.009332023575638507 0.0059031877213695395
4 0.5302062868369352 0.622491145218418 0.012278978388998035 0.009445100354191263
4 0.5034381139489195 0.6180637544273908 0.011296660117878193 0.007674144037780401
23 0.040520628683693515 0.5398465171192444 0.009823182711198428 0.0070838252656434475
23 0.5171905697445972 0.6210153482880756 0.011296660117878193 0.00885478158205431
23 0.5294695481335953 0.6301652892561983 0.011296660117878193 0.00885478158205431
23 0.03953831041257368 0.5487012987012987 0.008840864440078585 0.0059031877213695395
23 0.03855599214145383 0.5560802833530106 0.009332023575638507 0.006493506493506494
4 0.5162082514734774 0.6422668240850059 0.011787819253438114 0.008264462809917356
23 0.03757367387033399 0.564344746162928 0.009823182711198428 0.006493506493506494
23 0.8256385068762279 0.698051948051948 0.004911591355599214 0.010035419126328217
4 0.5157170923379175 0.6499409681227863 0.011787819253438114 0.00885478158205431
23 0.036345776031434185 0.5720188902007084 0.009332023575638507 0.006493506493506494
23 0.824656188605108 0.7134002361275088 0.0044204322200392925 0.00885478158205431
4 0.03511787819253438 0.5912042502951594 0.010805500982318271 0.00885478158205431
23 0.026522593320235755 0.6047815820543093 0.01031434184675835 0.0070838252656434475
23 0.6046168958742633 0.7042502951593861 0.0068762278978389 0.011806375442739079
23 0.5982318271119843 0.7030696576151122 0.005893909626719057 0.012396694214876033
23 0.6308939096267191 0.7086776859504132 0.0063850687622789785 0.012396694214876033
23 0.5913555992141454 0.7018890200708382 0.005893909626719057 0.012396694214876033
23 0.6176326129666012 0.7066115702479339 0.005893909626719057 0.012396694214876033
23 0.6112475442043221 0.706021251475797 0.0068762278978389 0.012987012987012988
23 0.5849705304518664 0.7015938606847698 0.0063850687622789785 0.011806375442739079
23 0.6240176817288802 0.7080873671782763 0.005893909626719057 0.014167650531286895
23 0.6468565815324165 0.7154663518299882 0.0063850687622789785 0.012396694214876033
23 0.6404715127701375 0.7145808736717828 0.005893909626719057 0.011806375442739079
23 0.025540275049115914 0.6124557260920898 0.01031434184675835 0.007674144037780401
23 0.01743614931237721 0.685655253837072 0.010805500982318271 0.00885478158205431
23 0.01719056974459725 0.6933293978748524 0.011296660117878193 0.007674144037780401
23 0.016208251473477406 0.7018890200708382 0.01031434184675835 0.007674144037780401
23 0.012278978388998035 0.7352420306965761 0.009332023575638507 0.0070838252656434475
23 0.912328094302554 0.8887249114521841 0.0054027504911591355 0.012396694214876033
4 0.8988212180746562 0.8863636363636364 0.005893909626719057 0.012396694214876033
23 0.9049607072691552 0.8872491145218417 0.0054027504911591355 0.012396694214876033
4 0.918713163064833 0.8902007083825265 0.004911591355599214 0.011806375442739079
23 0.011296660117878193 0.7470484061393152 0.009823182711198428 0.008264462809917356
23 0.009577603143418467 0.7570838252656434 0.01031434184675835 0.008264462809917356
23 0.008349705304518664 0.7650531286894924 0.01031434184675835 0.008264462809917356
4 0.009332023575638507 0.7730224321133412 0.012278978388998035 0.008264462809917356
23 0.00712180746561886 0.7880755608028335 0.010805500982318271 0.007674144037780401
4 0.004911591355599214 0.7966351829988194 0.009823182711198428 0.007674144037780401
4 0.005157170923379175 0.8046044864226682 0.01031434184675835 0.008264462809917356
23 0.003929273084479371 0.8128689492325856 0.007858546168958742 0.0059031877213695395
23 0.2772593320235756 0.8600944510035419 0.0044204322200392925 0.008264462809917356
23 0.2973968565815324 0.8633412042502951 0.00343811394891945 0.0070838252656434475
23 0.2836444007858546 0.8615702479338843 0.003929273084479371 0.008264462809917356
23 0.27087426326129665 0.859504132231405 0.003929273084479371 0.009445100354191263
23 0.2450884086444008 0.8550767414403778 0.003929273084479371 0.009445100354191263
23 0.25098231827111983 0.8568476977567887 0.003929273084479371 0.00885478158205431
23 0.2639980353634578 0.858913813459268 0.004911591355599214 0.00885478158205431
23 0.25785854616895876 0.8580283353010626 0.0044204322200392925 0.00885478158205431
23 0.2907662082514735 0.8633412042502951 0.003929273084479371 0.008264462809917356
23 0.22470530451866405 0.8524203069657615 0.003929273084479371 0.00885478158205431
23 0.23772102161100198 0.8544864226682408 0.0044204322200392925 0.008264462809917356
23 0.231335952848723 0.8538961038961039 0.0044204322200392925 0.008264462809917356
23 0.21144400785854617 0.8506493506493507 0.0044204322200392925 0.008264462809917356
23 0.21832023575638507 0.8518299881936245 0.0054027504911591355 0.00885478158205431
4 0.4349214145383104 0.8907910271546635 0.0054027504911591355 0.011806375442739079
4 0.42853634577603145 0.8896103896103896 0.005893909626719057 0.012396694214876033
4 0.4219056974459725 0.8887249114521841 0.0054027504911591355 0.012396694214876033
30 0.019400785854616895 0.8229043683589138 0.01719056974459725 0.01829988193624557
23 0.0036836935166994107 0.8202479338842975 0.0073673870333988214 0.005312868949232586
4 0.6976915520628684 0.9386068476977568 0.008349705304518664 0.005312868949232586
4 0.6844302554027505 0.9365407319952774 0.008349705304518664 0.0059031877213695395
4 0.5496070726915521 0.9149940968122786 0.009823182711198428 0.0070838252656434475
15 0.5331532416502947 0.9120425029515938 0.012278978388998035 0.00885478158205431
23 0.032907662082514735 0.8288075560802833 0.008840864440078585 0.005312868949232586
4 0.10830058939096267 0.8456316410861865 0.0054027504911591355 0.012396694214876033
4 0.0029469548133595285 0.8285123966942148 0.005893909626719057 0.006493506493506494
23 0.6836935166994106 0.9442148760330579 0.007858546168958742 0.005312868949232586
23 0.6967092337917485 0.9468713105076741 0.008349705304518664 0.0059031877213695395
23 0.7949410609037328 0.9645808736717828 0.01031434184675835 0.007674144037780401
23 0.032170923379174855 0.8394332939787486 0.009332023575638507 0.0059031877213695395
23 0.0027013752455795677 0.8358913813459268 0.0054027504911591355 0.0059031877213695395
23 0.6957269155206287 0.9545454545454546 0.008349705304518664 0.005312868949232586
23 0.6827111984282908 0.9521841794569067 0.008349705304518664 0.005312868949232586
23 0.6267190569744597 0.9427390791027155 0.008840864440078585 0.005312868949232586
23 0.6397347740667977 0.9456906729634003 0.008840864440078585 0.004722550177095631
4 0.7949410609037328 0.9719598583234947 0.01031434184675835 0.0059031877213695395
15 0.016453831041257368 0.8426800472255017 0.016208251473477406 0.01829988193624557
23 0.03192534381139489 0.8471074380165289 0.008349705304518664 0.005312868949232586
15 0.32269155206286837 0.8969893742621016 0.02504911591355599 0.03659976387249114
23 0.0022102161100196463 0.8447461629279811 0.0044204322200392925 0.004722550177095631
15 0.3889980353634578 0.9146989374262101 0.03339882121807466 0.05548996458087367
23 0.1043713163064833 0.8665879574970484 0.008349705304518664 0.005312868949232586
23 0.6218074656188605 0.9545454545454546 0.0068762278978389 0.0059031877213695395
30 0.6962180746561886 0.96900826446281 0.015225933202357564 0.021251475796930343
30 0.680992141453831 0.9663518299881936 0.01669941060903733 0.02066115702479339
23 0.04199410609037328 0.8583234946871311 0.007858546168958742 0.005312868949232586
23 0.0019646365422396855 0.852125147579693 0.003929273084479371 0.005312868949232586
30 0.6579076620825147 0.9642857142857143 0.01768172888015717 0.01770956316410862
15 0.6365422396856582 0.9619244391971665 0.01768172888015717 0.01948051948051948
23 0.0550098231827112 0.8648170011806375 0.008840864440078585 0.0059031877213695395
23 0.6210707269155207 0.961629279811098 0.0073673870333988214 0.0059031877213695395
23 0.10412573673870335 0.8748524203069658 0.008840864440078585 0.004722550177095631
30 0.605844793713163 0.9601534828807556 0.01424361493123772 0.020070838252656435
23 0.029960707269155205 0.8630460448642266 0.008840864440078585 0.0059031877213695395
4 0.0012278978388998035 0.8592089728453365 0.002455795677799607 0.006493506493506494
30 0.01424361493123772 0.8627508854781583 0.01719056974459725 0.01829988193624557
15 0.07883104125736738 0.8742621015348289 0.04076620825147348 0.043683589138134596
23 0.054027504911591355 0.8730814639905549 0.008840864440078585 0.0059031877213695395
23 0.19327111984282908 0.8963990554899646 0.004911591355599214 0.011216056670602124
23 0.1805009823182711 0.8949232585596222 0.0044204322200392925 0.010625737898465172
23 0.16011787819253437 0.8913813459268005 0.0054027504911591355 0.010035419126328217
23 0.1736247544204322 0.8937426210153483 0.004911591355599214 0.011216056670602124
23 0.1868860510805501 0.8961038961038961 0.0044204322200392925 0.010625737898465172
23 0.1537328094302554 0.890495867768595 0.004911591355599214 0.010625737898465172
23 0.16699410609037327 0.8925619834710744 0.004911591355599214 0.010625737898465172
23 0.14734774066797643 0.8899055489964581 0.004911591355599214 0.011806375442739079
23 0.694007858546169 0.9822904368358913 0.008840864440078585 0.0059031877213695395
4 0.14047151277013753 0.8887249114521841 0.005893909626719057 0.011806375442739079
23 0.1031434184675835 0.8825265643447462 0.009332023575638507 0.005312868949232586
23 0.6795186640471512 0.9799291617473436 0.008349705304518664 0.005312868949232586
23 0.6200884086444007 0.9710743801652892 0.008349705304518664 0.005312868949232586
23 0.040520628683693515 0.8748524203069658 0.008840864440078585 0.005312868949232586
4 0.0012278978388998035 0.8698347107438017 0.002455795677799607 0.006493506493506494
4 0.05279960707269155 0.8804604486422668 0.009823182711198428 0.006493506493506494
30 0.6552062868369352 0.9840613931523022 0.018664047151277015 0.01948051948051948
23 0.10265225933202357 0.8907910271546635 0.008840864440078585 0.0059031877213695395
30 0.6338408644400786 0.9805194805194806 0.01719056974459725 0.01829988193624557
23 0.6195972495088409 0.9787485242030697 0.008349705304518664 0.005312868949232586
23 0.6051080550098232 0.9760920897284534 0.008840864440078585 0.005312868949232586
23 0.1787819253438114 0.9105667060212514 0.004911591355599214 0.011216056670602124
4 0.15913555992141454 0.9073199527744983 0.0054027504911591355 0.011806375442739079
23 0.16552062868369352 0.9085005903187722 0.004911591355599214 0.011216056670602124
23 0.1525049115913556 0.9061393152302243 0.004911591355599214 0.011216056670602124
23 0.1392436149312377 0.904073199527745 0.004911591355599214 0.010625737898465172
23 0.1456286836935167 0.9058441558441559 0.004911591355599214 0.010625737898465172
23 0.19228880157170924 0.9135182998819362 0.0054027504911591355 0.012396694214876033
23 0.1719056974459725 0.910271546635183 0.004911591355599214 0.010625737898465172
23 0.6036345776031434 0.9837662337662337 0.009332023575638507 0.0059031877213695395
4 0.618614931237721 0.9867178276269185 0.009823182711198428 0.0070838252656434475
4 0.50049115913556 0.9675324675324676 0.0044204322200392925 0.010625737898465172
4 0.5071218074656189 0.9693034238488784 0.0044204322200392925 0.010625737898465172
23 0.6173870333988212 0.994391971664699 0.007858546168958742 0.004722550177095631
23 0.12131630648330059 0.9135182998819362 0.0044204322200392925 0.011216056670602124
23 0.11296660117878192 0.9126328217237308 0.003929273084479371 0.010035419126328217
30 0.6019155206286837 0.994391971664699 0.01424361493123772 0.010035419126328217
4 0.49803536345776034 0.9843565525383707 0.004911591355599214 0.010625737898465172
4 0.5046660117878192 0.9861275088547816 0.005893909626719057 0.011806375442739079
7 0.3973477406679764 0.9731404958677686 0.112475442043222 0.045454545454545456
7 0.2111984282907662 0.9421487603305785 0.13654223968565815 0.048996458087367176
4 0.8651768172888016 0.1770956316410862 0.005893909626719057 0.011806375442739079
23 0.8587917485265226 0.17621015348288074 0.0063850687622789785 0.010625737898465172
23 0.8524066797642437 0.1756198347107438 0.0054027504911591355 0.010625737898465172
23 0.8450392927308448 0.17443919716646988 0.0068762278978389 0.011216056670602124
23 0.8386542239685658 0.17384887839433294 0.0063850687622789785 0.011216056670602124
4 0.7973968565815324 0.16706021251475797 0.0068762278978389 0.011806375442739079
23 0.8104125736738703 0.1691263282172373 0.005893909626719057 0.012396694214876033
23 0.818762278978389 0.1706021251475797 0.005893909626719057 0.011216056670602124
4 0.8317779960707269 0.17266824085005902 0.0063850687622789785 0.011806375442739079
23 0.8040275049115914 0.16853600944510036 0.004911591355599214 0.010625737898465172
23 0.7841355599214146 0.1652892561983471 0.004911591355599214 0.010625737898465172
23 0.7777504911591355 0.1641086186540732 0.005893909626719057 0.012396694214876033
23 0.8506876227897839 0.19037780401416765 0.0063850687622789785 0.011806375442739079
23 0.856335952848723 0.19185360094451004 0.005893909626719057 0.010625737898465172
4 0.8632121807465619 0.1936245572609209 0.0068762278978389 0.012987012987012988
4 0.8985756385068763 0.2346517119244392 0.007858546168958742 0.0059031877213695395
4 0.8833497053045186 0.23258559622195984 0.008349705304518664 0.006493506493506494
4 0.5149803536345776 0.17355371900826447 0.01031434184675835 0.0070838252656434475
4 0.487475442043222 0.16942148760330578 0.010805500982318271 0.00885478158205431
4 0.5336444007858546 0.17768595041322313 0.01031434184675835 0.0070838252656434475
23 0.27603143418467585 0.13783943329397874 0.010805500982318271 0.009445100354191263
4 0.5245579567779961 0.1797520661157025 0.005893909626719057 0.014167650531286895
23 0.4869842829076621 0.17768595041322313 0.01031434184675835 0.007674144037780401
4 0.9413064833005894 0.25560802833530105 0.0054027504911591355 0.010625737898465172
23 0.931483300589391 0.2538370720188902 0.0044204322200392925 0.011216056670602124
4 0.9120825147347741 0.2511806375442739 0.0054027504911591355 0.011806375442739079
23 0.9246070726915521 0.2535419126328217 0.004911591355599214 0.010035419126328217
23 0.918713163064833 0.25236127508854783 0.0044204322200392925 0.010625737898465172
23 0.27455795677799605 0.14551357733175915 0.009332023575638507 0.006493506493506494
4 0.8956286836935167 0.2585596221959858 0.007858546168958742 0.006493506493506494
4 0.8816306483300589 0.256198347107438 0.008840864440078585 0.0070838252656434475
4 0.46611001964636545 0.18831168831168832 0.011296660117878193 0.008264462809917356
4 0.32637524557956776 0.16558441558441558 0.0073673870333988214 0.012987012987012988
4 0.293713163064833 0.16056670602125148 0.0063850687622789785 0.014167650531286895
23 0.9351669941060904 0.2694805194805195 0.008349705304518664 0.0059031877213695395
4 0.5324165029469549 0.20631641086186542 0.0063850687622789785 0.011806375442739079
23 0.4518664047151277 0.19391971664698937 0.01031434184675835 0.007674144037780401
4 0.46414538310412573 0.1959858323494687 0.011296660117878193 0.007674144037780401
4 0.39710216110019647 0.1844746162927981 0.010805500982318271 0.00885478158205431
23 0.9344302554027505 0.2765643447461629 0.0073673870333988214 0.005312868949232586
4 0.4636542239685658 0.20365997638724911 0.01031434184675835 0.007674144037780401
4 0.39710216110019647 0.19303423848878395 0.010805500982318271 0.008264462809917356
23 0.9332023575638507 0.28512396694214875 0.0068762278978389 0.004722550177095631
4 0.8784381139489195 0.2795159386068477 0.008349705304518664 0.0059031877213695395
4 0.8934184675834971 0.2827626918536009 0.01031434184675835 0.007674144037780401
4 0.46218074656188607 0.211629279811098 0.010805500982318271 0.0070838252656434475
23 0.4506385068762279 0.20956316410861867 0.010805500982318271 0.0070838252656434475
23 0.9324656188605108 0.29279811097992914 0.0073673870333988214 0.005312868949232586
4 0.4491650294695481 0.21723730814639905 0.01031434184675835 0.007674144037780401
4 0.46144400785854617 0.21930342384887838 0.009823182711198428 0.0070838252656434475
23 0.931483300589391 0.3004722550177096 0.008349705304518664 0.005312868949232586
4 0.28953831041257366 0.19569067296340023 0.0063850687622789785 0.015348288075560802
4 0.32220039292730845 0.20159386068476978 0.0063850687622789785 0.014167650531286895
4 0.5292239685658153 0.23789846517119245 0.0054027504911591355 0.011216056670602124
4 0.46144400785854617 0.22756788665879574 0.010805500982318271 0.00885478158205431
23 0.9305009823182712 0.3087367178276269 0.0068762278978389 0.004132231404958678
4 0.8757367387033399 0.30165289256198347 0.009332023575638507 0.006493506493506494
4 0.8909626719056974 0.30430932703659974 0.009823182711198428 0.006493506493506494
23 0.9290275049115914 0.3167060212514758 0.0073673870333988214 0.004722550177095631
23 0.9287819253438114 0.32378984651711923 0.007858546168958742 0.005312868949232586
4 0.4611984282907662 0.24675324675324675 0.010805500982318271 0.01770956316410862
4 0.5103143418467584 0.25560802833530105 0.005893909626719057 0.012396694214876033
4 0.47077603143418467 0.24881936245572608 0.005893909626719057 0.01357733175914994
4 0.45088408644400785 0.24557260920897284 0.010805500982318271 0.01770956316410862
4 0.5039292730844793 0.25442739079102716 0.0068762278978389 0.011806375442739079
4 0.49705304518664045 0.2538370720188902 0.005893909626719057 0.012396694214876033
4 0.4776522593320236 0.25059031877213694 0.0068762278978389 0.012987012987012988
23 0.8649312377210217 0.32792207792207795 0.004911591355599214 0.011216056670602124
4 0.31704322200392926 0.2485242030696576 0.008349705304518664 0.01357733175914994
4 0.28388998035363455 0.2435064935064935 0.0073673870333988214 0.012987012987012988
4 0.5412573673870335 0.2922077922077922 0.01031434184675835 0.007674144037780401
23 0.8622298624754421 0.3500590318772137 0.004911591355599214 0.009445100354191263
4 0.5397838899803536 0.3004722550177096 0.010805500982318271 0.0070838252656434475
4 0.4494106090373281 0.2874852420306966 0.011296660117878193 0.007674144037780401
4 0.5388015717092338 0.30814639905548996 0.009332023575638507 0.0070838252656434475
4 0.5198919449901768 0.3054899645808737 0.010805500982318271 0.009445100354191263
4 0.31335952848722987 0.2765643447461629 0.008349705304518664 0.015938606847697757
4 0.5383104125736738 0.31641086186540734 0.009823182711198428 0.0070838252656434475
4 0.5189096267190569 0.31316410861865407 0.01031434184675835 0.0070838252656434475
4 0.4474459724950884 0.3040141676505313 0.01031434184675835 0.008264462809917356
7 0.9616895874263262 0.3937426210153483 0.04518664047151277 0.07024793388429752
4 0.28020628683693516 0.2792207792207792 0.008349705304518664 0.012987012987012988
23 0.8673870333988212 0.37839433293978747 0.007858546168958742 0.0059031877213695395
4 0.5179273084479371 0.320543093270366 0.009823182711198428 0.0070838252656434475
4 0.537573673870334 0.32378984651711923 0.01031434184675835 0.007674144037780401
4 0.5370825147347741 0.33146399055489967 0.01031434184675835 0.0070838252656434475
4 0.5169449901768173 0.32880755608028334 0.009823182711198428 0.0070838252656434475
23 0.8654223968565815 0.39433293978748524 0.007858546168958742 0.004722550177095631
4 0.5162082514734774 0.3358913813459268 0.010805500982318271 0.008264462809917356
4 0.5361001964636543 0.339728453364817 0.009823182711198428 0.007674144037780401
4 0.5157170923379175 0.34415584415584416 0.011296660117878193 0.006493506493506494
4 0.5351178781925344 0.3479929161747344 0.011296660117878193 0.008264462809917356
23 0.8637033398821218 0.4099763872491145 0.0068762278978389 0.005312868949232586
4 0.5144891944990176 0.3550767414403778 0.01031434184675835 0.006493506493506494
4 0.48354616895874264 0.3654073199527745 0.0063850687622789785 0.012987012987012988
4 0.4960707269155206 0.3674734356552538 0.0073673870333988214 0.01357733175914994
4 0.4899312377210216 0.3665879574970484 0.0054027504911591355 0.012396694214876033
4 0.5024557956777996 0.3692443919716647 0.005893909626719057 0.011806375442739079
23 0.8538801571709234 0.4309327036599764 0.003929273084479371 0.010625737898465172
4 0.4548133595284872 0.36481700118063753 0.008349705304518664 0.017119244391971666
4 0.5198919449901768 0.3757378984651712 0.008840864440078585 0.017119244391971666
4 0.5302062868369352 0.3775088547815821 0.008349705304518664 0.015938606847697757
4 0.44106090373280943 0.3630460448642267 0.007858546168958742 0.01652892561983471
4 0.47421414538310414 0.36865407319952775 0.008840864440078585 0.015938606847697757
4 0.8514243614931237 0.4459858323494687 0.004911591355599214 0.012396694214876033
4 0.4712671905697446 0.39728453364817 0.009823182711198428 0.015348288075560802
23 0.850196463654224 0.46192443919716647 0.003929273084479371 0.010625737898465172
4 0.48280943025540274 0.3999409681227863 0.01031434184675835 0.01652892561983471
23 0.462426326129666 0.4023022432113341 0.005893909626719057 0.012987012987012988
4 0.4491650294695481 0.4002361275088548 0.0073673870333988214 0.014167650531286895
23 0.45579567779960706 0.4020070838252656 0.0063850687622789785 0.012987012987012988
7 0.9508840864440079 0.48789846517119245 0.0550098231827112 0.11688311688311688
23 0.49828094302554027 0.42591499409681227 0.005893909626719057 0.01357733175914994
23 0.6974459724950884 0.4666469893742621 0.008840864440078585 0.0059031877213695395
23 0.6964636542239686 0.47461629279811096 0.008840864440078585 0.0059031877213695395
23 0.6954813359528488 0.4822904368358914 0.007858546168958742 0.006493506493506494
23 0.8578094302554028 0.5115112160566706 0.01031434184675835 0.006493506493506494
23 0.6944990176817288 0.4899645808736718 0.008349705304518664 0.006493506493506494
30 0.8406188605108055 0.5171192443919717 0.015225933202357564 0.02066115702479339
4 0.856335952848723 0.5197756788665879 0.009332023575638507 0.0059031877213695395
23 0.693762278978389 0.49763872491145217 0.008349705304518664 0.005312868949232586
4 0.6603634577603144 0.49439197166469895 0.012770137524557957 0.024793388429752067
4 0.6510314341846758 0.493211334120425 0.007858546168958742 0.01475796930342385
23 0.6927799607072691 0.505608028335301 0.007858546168958742 0.0059031877213695395
23 0.6922888015717092 0.5132821723730815 0.0073673870333988214 0.006493506493506494
4 0.8541257367387033 0.5430932703659976 0.008840864440078585 0.006493506493506494
23 0.9491650294695482 0.5610979929161747 0.009823182711198428 0.006493506493506494
23 0.8435658153241651 0.5436835891381346 0.004911591355599214 0.010625737898465172
23 0.6908153241650294 0.5215466351829988 0.008349705304518664 0.006493506493506494
4 0.5302062868369352 0.49557260920897284 0.010805500982318271 0.006493506493506494
23 0.543467583497053 0.49793388429752067 0.01031434184675835 0.007674144037780401
23 0.8531434184675835 0.551357733175915 0.007858546168958742 0.0059031877213695395
4 0.9489194499017681 0.5681818181818182 0.01031434184675835 0.0070838252656434475
30 0.9209233791748527 0.5652302243211335 0.018172888015717092 0.01829988193624557
23 0.6905697445972495 0.5298110979929161 0.008840864440078585 0.005312868949232586
23 0.5424852652259332 0.5053128689492326 0.009823182711198428 0.007674144037780401
4 0.5292239685658153 0.5038370720188902 0.010805500982318271 0.00885478158205431
23 0.9474459724950884 0.5761511216056671 0.008840864440078585 0.0059031877213695395
4 0.9356581532416502 0.5740850059031877 0.009332023575638507 0.0070838252656434475
23 0.8519155206286837 0.5610979929161747 0.007858546168958742 0.005312868949232586
23 0.6895874263261297 0.5368949232585596 0.008349705304518664 0.0059031877213695395
4 0.5294695481335953 0.5115112160566706 0.010805500982318271 0.007674144037780401
23 0.5415029469548134 0.51357733175915 0.009823182711198428 0.00885478158205431
23 0.8509332023575639 0.5687721369539551 0.007858546168958742 0.0059031877213695395
30 0.918713163064833 0.5832349468713105 0.018172888015717092 0.01948051948051948
23 0.6890962671905697 0.5457497048406139 0.007858546168958742 0.0059031877213695395
4 0.5279960707269156 0.5194805194805194 0.011296660117878193 0.008264462809917356
23 0.5410117878192534 0.5218417945690673 0.01031434184675835 0.007674144037780401
30 0.8366895874263262 0.5723140495867769 0.015717092337917484 0.02243211334120425
23 0.8506876227897839 0.5770365997638724 0.008840864440078585 0.006493506493506494
23 0.7566306483300589 0.5616883116883117 0.008349705304518664 0.0070838252656434475
23 0.68762278978389 0.5531286894923259 0.007858546168958742 0.005312868949232586
4 0.5265225933202358 0.5271546635182999 0.011296660117878193 0.0070838252656434475
23 0.5402750491159135 0.5295159386068476 0.010805500982318271 0.0070838252656434475
23 0.850196463654224 0.5853010625737899 0.009823182711198428 0.0070838252656434475
23 0.755648330058939 0.569952774498229 0.007858546168958742 0.0059031877213695395
4 0.9219056974459725 0.5985832349468713 0.008840864440078585 0.006493506493506494
23 0.9103634577603144 0.5968122786304605 0.007858546168958742 0.0059031877213695395
23 0.6868860510805501 0.5608028335301063 0.008840864440078585 0.006493506493506494
23 0.5392927308447937 0.5374852420306966 0.010805500982318271 0.007674144037780401
4 0.5265225933202358 0.5360094451003542 0.010805500982318271 0.007674144037780401
4 0.8492141453831041 0.5929752066115702 0.008840864440078585 0.0070838252656434475
23 0.7551571709233792 0.5782172373081464 0.008840864440078585 0.0070838252656434475
23 0.6859037328094303 0.5690672963400236 0.007858546168958742 0.006493506493506494
23 0.5388015717092338 0.5454545454545454 0.010805500982318271 0.008264462809917356
4 0.524803536345776 0.5427981109799291 0.009823182711198428 0.008264462809917356
30 0.9155206286836935 0.6118654073199528 0.01768172888015717 0.018890200708382526
23 0.6849214145383105 0.5764462809917356 0.008840864440078585 0.006493506493506494
4 0.5243123772102161 0.5504722550177096 0.01031434184675835 0.007674144037780401
4 0.5370825147347741 0.556965761511216 0.011296660117878193 0.008264462809917356
30 0.7733300589390962 0.5968122786304605 0.015225933202357564 0.021251475796930343
30 0.7573673870333988 0.5941558441558441 0.015717092337917484 0.021841794569067298
23 0.8465127701375246 0.6109799291617474 0.008840864440078585 0.0059031877213695395
23 0.6844302554027505 0.5847107438016529 0.007858546168958742 0.0059031877213695395
30 0.8303045186640472 0.609504132231405 0.01424361493123772 0.01948051948051948
23 0.0469056974459725 0.47756788665879574 0.010805500982318271 0.008264462809917356
4 0.5100687622789783 0.5584415584415584 0.009823182711198428 0.008264462809917356
4 0.5225933202357563 0.5605076741440378 0.011296660117878193 0.00885478158205431
23 0.045923379174852653 0.4852420306965762 0.01031434184675835 0.007674144037780401
30 0.6974459724950884 0.5976977567886659 0.018664047151277015 0.018890200708382526
4 0.5351178781925344 0.5726092089728453 0.01031434184675835 0.008264462809917356
23 0.5218565815324165 0.5711334120425029 0.009823182711198428 0.008264462809917356
4 0.5088408644400786 0.5687721369539551 0.011296660117878193 0.008264462809917356