30 0.43068535825545173 0.7356589147286822 0.021806853582554516 0.024031007751937984
23 0.308411214953271 0.7275193798449613 0.009345794392523364 0.01627906976744186
23 0.20794392523364486 0.7213178294573643 0.007009345794392523 0.018604651162790697
23 0.3263239875389408 0.7310077519379845 0.00778816199376947 0.013953488372093023
30 0.2570093457943925 0.7325581395348837 0.019470404984423675 0.021705426356589147
23 0.12149532710280374 0.012403100775193798 0.014797507788161994 0.0069767441860465115
30 0.5128504672897196 0.7534883720930232 0.017133956386292833 0.020155038759689922
30 0.47468847352024923 0.7546511627906977 0.027258566978193146 0.024031007751937984
23 0.4369158878504673 0.7565891472868217 0.01791277258566978 0.0069767441860465115
23 0.14641744548286603 0.016666666666666666 0.007009345794392523 0.014728682170542635
23 0.4898753894080997 0.775968992248062 0.010124610591900311 0.014728682170542635
23 0.49883177570093457 0.7779069767441861 0.005451713395638629 0.010077519379844961
23 0.06736760124610591 0.011627906976744186 0.014018691588785047 0.006201550387596899
23 0.13590342679127726 0.017054263565891473 0.007009345794392523 0.014728682170542635
4 0.2757009345794392 0.02751937984496124 0.006230529595015576 0.017054263565891473
4 0.32009345794392524 0.031395348837209305 0.00778816199376947 0.014728682170542635
23 0.2866043613707165 0.02945736434108527 0.002336448598130841 0.010852713178294573
23 0.5003894080996885 0.8069767441860465 0.005451713395638629 0.014728682170542635
4 0.3088006230529595 0.031395348837209305 0.005451713395638629 0.01937984496124031
23 0.29750778816199375 0.031395348837209305 0.007009345794392523 0.01627906976744186
23 0.09890965732087227 0.01821705426356589 0.0132398753894081 0.007751937984496124
23 0.6592679127725857 0.9038759689922481 0.005451713395638629 0.013953488372093023
30 0.19976635514018692 0.8724806201550388 0.019470404984423675 0.024806201550387597
30 0.4957165109034268 0.8930232558139535 0.018691588785046728 0.02558139534883721
4 0.6709501557632399 0.9065891472868217 0.006230529595015576 0.01317829457364341
23 0.522196261682243 0.8965116279069767 0.010124610591900311 0.02558139534883721
4 0.6378504672897196 0.9042635658914728 0.004672897196261682 0.011627906976744186
23 0.6479750778816199 0.9050387596899225 0.008566978193146417 0.014728682170542635
23 0.26635514018691586 0.8806201550387597 0.011682242990654205 0.02558139534883721
30 0.32009345794392524 0.8860465116279069 0.020249221183800622 0.02248062015503876
30 0.7242990654205608 0.9155038759689923 0.019470404984423675 0.02248062015503876
23 0.42017133956386293 0.8949612403100775 0.009345794392523364 0.017829457364341085
30 0.39641744548286606 0.8941860465116279 0.020249221183800622 0.02635658914728682
23 0.7492211838006231 0.9275193798449612 0.00778816199376947 0.010077519379844961
23 0.815809968847352 0.9333333333333333 0.004672897196261682 0.011627906976744186
23 0.7601246105919003 0.9310077519379845 0.005451713395638629 0.009302325581395349
23 0.8002336448598131 0.9348837209302325 0.008566978193146417 0.01317829457364341
23 0.8574766355140186 0.9422480620155039 0.009345794392523364 0.023255813953488372
23 0.8843457943925234 0.9496124031007752 0.005451713395638629 0.011627906976744186
4 0.8718847352024922 0.9488372093023256 0.006230529595015576 0.012403100775193798
23 0.7940031152647975 0.9573643410852714 0.003115264797507788 0.010077519379844961
4 0.8049065420560748 0.9593023255813954 0.006230529595015576 0.011627906976744186
30 0.11954828660436137 0.03178294573643411 0.018691588785046728 0.023255813953488372
23 0.09774143302180685 0.031007751937984496 0.0132398753894081 0.005426356589147287
4 0.596183800623053 0.07751937984496124 0.03582554517133956 0.03875968992248062
4 0.3477414330218069 0.06395348837209303 0.0381619937694704 0.04496124031007752
23 0.08333333333333333 0.04573643410852713 0.00778816199376947 0.013953488372093023
23 0.09462616822429906 0.046511627906976744 0.003894080996884735 0.01317829457364341
4 0.6483644859813084 0.08682170542635659 0.0381619937694704 0.03798449612403101
4 0.5338785046728972 0.07906976744186046 0.04984423676012461 0.05581395348837209
4 0.39291277258566976 0.0748062015503876 0.01791277258566978 0.0069767441860465115
4 0.2908878504672897 0.07170542635658915 0.04127725856697819 0.04186046511627907
4 0.06580996884735202 0.05736434108527132 0.005451713395638629 0.011627906976744186
4 0.2589563862928349 0.07209302325581396 0.007009345794392523 0.01317829457364341
23 0.05412772585669782 0.05813953488372093 0.005451713395638629 0.012403100775193798
4 0.38979750778816197 0.08449612403100776 0.016355140186915886 0.006201550387596899
4 0.08683800623052959 0.0755813953488372 0.016355140186915886 0.03255813953488372
4 0.12071651090342679 0.07945736434108527 0.028037383177570093 0.03178294573643411
4 0.3212616822429907 0.10232558139534884 0.011682242990654205 0.008527131782945736
4 0.6339563862928349 0.12441860465116279 0.014018691588785047 0.010852713178294573
23 0.30062305295950154 0.11550387596899225 0.005451713395638629 0.011627906976744186
4 0.6300623052959502 0.13837209302325582 0.014018691588785047 0.009302325581395349
4 0.03699376947040498 0.09806201550387597 0.022585669781931463 0.03565891472868217
4 0.3711059190031153 0.12209302325581395 0.04127725856697819 0.04186046511627907
30 0.3267133956386293 0.12403100775193798 0.02102803738317757 0.020930232558139535
30 0.2807632398753894 0.12131782945736434 0.021806853582554516 0.024031007751937984
4 0.1958722741433022 0.12713178294573643 0.008566978193146417 0.017054263565891473
23 0.29945482866043616 0.13449612403100775 0.003115264797507788 0.010077519379844961
4 0.09345794392523364 0.12403100775193798 0.031931464174454825 0.03255813953488372
4 0.1822429906542056 0.14728682170542637 0.004672897196261682 0.017829457364341085
4 0.9750778816199377 0.20271317829457364 0.011682242990654205 0.023255813953488372
4 0.6238317757009346 0.17945736434108528 0.01557632398753894 0.03565891472868217
4 0.5868380062305296 0.1810077519379845 0.037383177570093455 0.03798449612403101
4 0.03115264797507788 0.1558139534883721 0.018691588785046728 0.03488372093023256
4 0.4766355140186916 0.1868217054263566 0.04361370716510903 0.04263565891472868
4 0.05646417445482866 0.15852713178294572 0.00778816199376947 0.015503875968992248
4 0.5323208722741433 0.19224806201550387 0.035046728971962614 0.037209302325581395
4 0.9750778816199377 0.22364341085271316 0.01791277258566978 0.012403100775193798
23 0.29283489096573206 0.18604651162790697 0.012461059190031152 0.009302325581395349
23 0.23169781931464176 0.18604651162790697 0.010124610591900311 0.006201550387596899
4 0.9735202492211839 0.23837209302325582 0.01791277258566978 0.010077519379844961
4 0.08489096573208722 0.18023255813953487 0.027258566978193146 0.03255813953488372
4 0.4158878504672897 0.2189922480620155 0.0264797507788162 0.021705426356589147
4 0.05218068535825545 0.19573643410852712 0.006230529595015576 0.014728682170542635
4 0.5050623052959502 0.22868217054263565 0.007009345794392523 0.01317829457364341
4 0.9466510903426791 0.2934108527131783 0.037383177570093455 0.03643410852713178
4 0.4863707165109034 0.2686046511627907 0.05529595015576324 0.050387596899224806
15 0.4232866043613707 0.27054263565891473 0.030373831775700934 0.04263565891472868
23 0.5432242990654206 0.2833333333333333 0.011682242990654205 0.007751937984496124
23 0.5475077881619937 0.29534883720930233 0.012461059190031152 0.008527131782945736
23 0.5412772585669782 0.30426356589147285 0.012461059190031152 0.007751937984496124
30 0.9906542056074766 0.34186046511627904 0.017133956386292833 0.024806201550387597
23 0.5412772585669782 0.31511627906976747 0.010124610591900311 0.007751937984496124
4 0.5210280373831776 0.33178294573643413 0.006230529595015576 0.010852713178294573
15 0.4182242990654206 0.3248062015503876 0.048286604361370715 0.02868217054263566
30 0.9883177570093458 0.37209302325581395 0.021806853582554516 0.023255813953488372
4 0.4929906542056075 0.33992248062015507 0.03271028037383177 0.03255813953488372
4 0.963006230529595 0.37751937984496126 0.0132398753894081 0.017054263565891473
30 0.41394080996884736 0.3686046511627907 0.02102803738317757 0.02248062015503876
30 0.38901869158878505 0.3682170542635659 0.02336448598130841 0.030232558139534883
4 0.5003894080996885 0.3767441860465116 0.011682242990654205 0.006201550387596899
4 0.9338006230529595 0.40813953488372096 0.0397196261682243 0.04108527131782946
4 0.977803738317757 0.41434108527131785 0.024143302180685357 0.02868217054263566
4 0.8862928348909658 0.41007751937984493 0.0264797507788162 0.03333333333333333
4 0.49961059190031154 0.3872093023255814 0.010903426791277258 0.006201550387596899
15 0.2398753894080997 0.3868217054263566 0.21261682242990654 0.21395348837209302
4 0.4100467289719626 0.40232558139534885 0.014018691588785047 0.02558139534883721
4 0.43730529595015577 0.4054263565891473 0.012461059190031152 0.02248062015503876
30 0.4832554517133956 0.41007751937984493 0.02570093457943925 0.027906976744186046
4 0.4591121495327103 0.41007751937984493 0.010903426791277258 0.021705426356589147
23 0.4719626168224299 0.4313953488372093 0.006230529595015576 0.010852713178294573
23 0.48753894080996885 0.43333333333333335 0.007009345794392523 0.015503875968992248
23 0.09890965732087227 0.4065891472868217 0.010124610591900311 0.005426356589147287
4 0.09774143302180685 0.4189922480620155 0.011682242990654205 0.0069767441860465115
23 0.09657320872274143 0.4298449612403101 0.008566978193146417 0.005426356589147287
30 0.47741433021806856 0.4569767441860465 0.021806853582554516 0.024806201550387597
4 0.4310747663551402 0.4538759689922481 0.011682242990654205 0.02635658914728682
4 0.40420560747663553 0.45193798449612405 0.014797507788161994 0.027906976744186046
4 0.45404984423676015 0.45775193798449615 0.011682242990654205 0.024806201550387597
4 0.06658878504672897 0.43682170542635657 0.017133956386292833 0.007751937984496124
4 0.027258566978193146 0.43449612403100774 0.014797507788161994 0.010852713178294573
23 0.09501557632398754 0.43992248062015504 0.009345794392523364 0.005426356589147287
23 0.09462616822429906 0.4503875968992248 0.009345794392523364 0.005426356589147287
23 0.46845794392523366 0.47945736434108527 0.005451713395638629 0.012403100775193798
23 0.48169781931464173 0.4810077519379845 0.004672897196261682 0.010852713178294573
23 0.09462616822429906 0.45813953488372094 0.009345794392523364 0.004651162790697674
23 0.04088785046728972 0.47364341085271316 0.004672897196261682 0.010077519379844961
23 0.003115264797507788 0.4720930232558139 0.005451713395638629 0.014728682170542635
23 0.06230529595015576 0.47674418604651164 0.004672897196261682 0.011627906976744186
23 0.0514018691588785 0.47635658914728685 0.005451713395638629 0.010852713178294573
4 0.2546728971962617 0.5197674418604651 0.00778816199376947 0.01627906976744186
4 0.2901090342679128 0.524031007751938 0.006230529595015576 0.011627906976744186
4 0.27764797507788164 0.5236434108527132 0.00778816199376947 0.012403100775193798
4 0.3652647975077882 0.5317829457364341 0.037383177570093455 0.03643410852713178
23 0.16238317757009346 0.5217054263565891 0.004672897196261682 0.012403100775193798
23 0.1826323987538941 0.524031007751938 0.004672897196261682 0.01317829457364341
23 0.17328660436137072 0.5232558139534884 0.006230529595015576 0.01317829457364341
23 0.19158878504672897 0.5248062015503876 0.00778816199376947 0.011627906976744186
23 0.20171339563862928 0.5255813953488372 0.005451713395638629 0.010852713178294573
23 0.21144859813084113 0.5267441860465116 0.00778816199376947 0.013953488372093023
23 0.220404984423676 0.5279069767441861 0.006230529595015576 0.010077519379844961
23 0.2309190031152648 0.5290697674418605 0.007009345794392523 0.010077519379844961
23 0.11993769470404984 0.5372093023255814 0.00778816199376947 0.012403100775193798
23 0.13006230529595014 0.537984496124031 0.005451713395638629 0.011627906976744186
23 0.14057632398753894 0.5403100775193799 0.007009345794392523 0.011627906976744186
23 0.29789719626168226 0.5608527131782945 0.008566978193146417 0.003875968992248062
23 0.31697819314641745 0.5627906976744186 0.0132398753894081 0.0069767441860465115
4 0.4100467289719626 0.5767441860465117 0.0397196261682243 0.037209302325581395
23 0.29789719626168226 0.5701550387596899 0.010124610591900311 0.006201550387596899
23 0.3161993769470405 0.5724806201550388 0.011682242990654205 0.0069767441860465115
15 0.35514018691588783 0.5775193798449613 0.03582554517133956 0.03565891472868217
4 0.019470404984423675 0.5542635658914729 0.011682242990654205 0.027906976744186046
4 0.4657320872274143 0.5856589147286821 0.04127725856697819 0.03875968992248062
4 0.000778816199376947 0.5534883720930233 0.001557632398753894 0.02945736434108527
4 0.5144080996884736 0.5961240310077519 0.009345794392523364 0.005426356589147287
4 0.6662772585669782 0.612015503875969 0.005451713395638629 0.011627906976744186
23 0.6869158878504673 0.6139534883720931 0.004672897196261682 0.010852713178294573
23 0.6764018691588785 0.6135658914728682 0.005451713395638629 0.010852713178294573
23 0.7161214953271028 0.6162790697674418 0.004672897196261682 0.008527131782945736
4 0.6966510903426791 0.6151162790697674 0.004672897196261682 0.011627906976744186
4 0.29127725856697817 0.5868217054263566 0.005451713395638629 0.010077519379844961
4 0.7262461059190031 0.6182170542635659 0.005451713395638629 0.009302325581395349
23 0.7071651090342679 0.6170542635658914 0.003894080996884735 0.008527131782945736
23 0.7464953271028038 0.6197674418604651 0.004672897196261682 0.010077519379844961
30 0.24260124610591902 0.5852713178294574 0.02336448598130841 0.017829457364341085
23 0.7363707165109035 0.6197674418604651 0.005451713395638629 0.008527131782945736
30 0.1806853582554517 0.5821705426356589 0.024922118380062305 0.024806201550387597
30 0.2091121495327103 0.5844961240310077 0.022585669781931463 0.021705426356589147
4 0.32009345794392524 0.5926356589147287 0.004672897196261682 0.013953488372093023
4 0.5128504672897196 0.6077519379844961 0.0132398753894081 0.007751937984496124
30 0.26947040498442365 0.5910852713178295 0.021806853582554516 0.01627906976744186
4 0.07126168224299065 0.0015503875968992248 0.007009345794392523 0.0031007751937984496
15 0.5541277258566978 0.6178294573643411 0.053738317757009345 0.04573643410852713
23 0.5132398753894081 0.6182170542635659 0.011682242990654205 0.004651162790697674
23 0.11292834890965732 0.002325581395348837 0.00778816199376947 0.004651162790697674
30 0.67601246105919 0.6368217054263566 0.019470404984423675 0.02558139534883721
30 0.29517133956386293 0.6139534883720931 0.018691588785046728 0.01937984496124031
30 0.7036604361370716 0.6426356589147287 0.02102803738317757 0.024031007751937984
23 0.41627725856697817 0.6236434108527131 0.007009345794392523 0.013953488372093023
30 0.7305295950155763 0.6457364341085271 0.021806853582554516 0.02558139534883721
23 0.4295171339563863 0.6251937984496124 0.006230529595015576 0.009302325581395349
30 0.19314641744548286 0.6089147286821706 0.024143302180685357 0.020155038759689922
23 0.45482866043613707 0.6275193798449612 0.004672897196261682 0.012403100775193798
23 0.46690031152647976 0.6290697674418605 0.007009345794392523 0.010852713178294573
30 0.16199376947040497 0.608139534883721 0.02102803738317757 0.017829457364341085
30 0.25038940809968846 0.6139534883720931 0.02570093457943925 0.021705426356589147
30 0.2207943925233645 0.6124031007751938 0.02102803738317757 0.017054263565891473
4 0.5105140186915887 0.6356589147286822 0.010903426791277258 0.008527131782945736
30 0.6503115264797508 0.6468992248062015 0.02102803738317757 0.024031007751937984
23 0.764797507788162 0.6600775193798449 0.006230529595015576 0.01627906976744186
23 0.7749221183800623 0.662015503875969 0.00778816199376947 0.015503875968992248
4 0.43730529595015577 0.023255813953488372 0.016355140186915886 0.007751937984496124
30 0.09306853582554517 0.006201550387596899 0.027258566978193146 0.012403100775193798
15 0.4797507788161994 0.029844961240310077 0.0381619937694704 0.024031007751937984
4 0.594626168224299 0.03992248062015504 0.014797507788161994 0.006201550387596899