23 0.8687888198757764 0.44250985545335086 0.004658385093167702 0.011826544021024968
30 0.018115942028985508 0.5068988173455979 0.036231884057971016 0.03745072273324573
4 0.08954451345755693 0.5121550591327201 0.004658385093167702 0.011169513797634692
23 0.10947204968944099 0.5180683311432326 0.008281573498964804 0.003942181340341655
23 0.08954451345755693 0.5246386333771353 0.0036231884057971015 0.010512483574244415
23 0.10973084886128365 0.5239816031537451 0.008281573498964804 0.005256241787122208
4 0.0986024844720497 0.5318659658344284 0.008281573498964804 0.005913272010512484
30 0.017857142857142856 0.5407358738501971 0.03467908902691511 0.02956636005256242
23 0.053830227743271224 0.538107752956636 0.013457556935817806 0.00788436268068331
4 0.712991718426501 0.0016425755584756898 0.008799171842650104 0.0032851511169513796
4 0.6964285714285714 0.0022996057818659658 0.008799171842650104 0.0045992115637319315
7 0.6195652173913043 0.5085413929040736 0.04813664596273292 0.39421813403416556
23 0.05150103519668737 0.5469776609724047 0.009834368530020704 0.005913272010512484
23 0.09135610766045549 0.547634691195795 0.0036231884057971015 0.011826544021024968
23 0.007763975155279503 0.5650459921156373 0.011387163561076604 0.007227332457293035
30 0.05201863354037267 0.5712877792378449 0.028467908902691512 0.052562417871222074
4 0.11542443064182195 0.6031537450722734 0.007246376811594203 0.022996057818659658
23 0.05952380952380952 0.05026281208935611 0.007763975155279503 0.005256241787122208
23 0.06935817805383022 0.6294349540078844 0.014492753623188406 0.00788436268068331
7 0.7626811594202898 0.5995400788436268 0.06055900621118013 0.37056504599211565
7 0.9710144927536232 0.5860709592641261 0.056935817805383024 0.37582128777923784
7 0.6935817805383023 0.6054533508541393 0.052795031055900624 0.37253613666228647
7 0.8315217391304348 0.5962549277266754 0.05745341614906832 0.3823915900131406
7 0.8998447204968945 0.5919842312746386 0.05538302277432712 0.3823915900131406
4 0.5701345755693582 0.6149802890932983 0.009316770186335404 0.006570302233902759
23 0.37836438923395443 0.6291064388961892 0.008799171842650104 0.006570302233902759
23 0.5996376811594203 0.6274638633377135 0.004658385093167702 0.009198423127463863
23 0.059782608695652176 0.054862023653088045 0.007763975155279503 0.0045992115637319315
23 0.6001552795031055 0.6399474375821288 0.0036231884057971015 0.009198423127463863
4 0.5320910973084886 0.6504599211563732 0.005175983436853002 0.011169513797634692
4 0.5263975155279503 0.6514454664914586 0.005175983436853002 0.011826544021024968
23 0.08410973084886128 0.6862680683311432 0.004658385093167702 0.011169513797634692
23 0.07996894409937888 0.6865965834428384 0.004658385093167702 0.011169513797634692
23 0.09006211180124224 0.6865965834428384 0.006211180124223602 0.017082785808147174
23 0.657608695652174 0.650131406044678 0.009316770186335404 0.005256241787122208
23 0.657608695652174 0.65473061760841 0.009834368530020704 0.005913272010512484
23 0.5010351966873706 0.6731274638633377 0.008799171842650104 0.005913272010512484
23 0.009834368530020704 0.7102496714848883 0.004140786749482402 0.018396846254927726
23 0.7370600414078675 0.015111695137976347 0.005175983436853002 0.011826544021024968
23 0.024844720496894408 0.7151773981603153 0.008281573498964804 0.005913272010512484
4 0.432712215320911 0.03613666228646518 0.009316770186335404 0.006570302233902759
4 0.44565217391304346 0.03515111695137976 0.009316770186335404 0.007227332457293035
4 0.33695652173913043 0.7049934296977661 0.017080745341614908 0.00985545335085414
4 0.41873706004140787 0.03777923784494087 0.008281573498964804 0.006570302233902759
4 0.38354037267080743 0.7049934296977661 0.004658385093167702 0.011826544021024968
4 0.39233954451345754 0.03942181340341656 0.009834368530020704 0.005913272010512484
4 0.4057971014492754 0.039093298291721416 0.008799171842650104 0.006570302233902759
4 0.37836438923395443 0.04106438896189225 0.008281573498964804 0.005913272010512484
4 0.04813664596273292 0.06307490144546649 0.007763975155279503 0.005256241787122208
4 0.36490683229813664 0.04172141918528252 0.008799171842650104 0.005913272010512484
4 0.35093167701863354 0.04336399474375821 0.008799171842650104 0.005913272010512484
4 0.3382505175983437 0.044349540078843626 0.008281573498964804 0.005913272010512484
4 0.3247929606625259 0.04533508541392904 0.009316770186335404 0.005913272010512484
15 0.022256728778467908 0.06636005256241786 0.044513457556935816 0.045992115637319315
4 0.3817287784679089 0.7230617608409987 0.008799171842650104 0.005913272010512484
4 0.31185300207039335 0.04664914586070959 0.009316770186335404 0.005256241787122208
4 0.2994306418219462 0.047634691195795005 0.008799171842650104 0.006570302233902759
4 0.24404761904761904 0.0519053876478318 0.009834368530020704 0.006570302233902759
4 0.38198757763975155 0.730946123521682 0.008281573498964804 0.005913272010512484
4 0.29011387163561075 0.738173455978975 0.017080745341614908 0.009198423127463863
4 0.30460662525879917 0.7394875164257556 0.008799171842650104 0.0045992115637319315
4 0.25750517598343686 0.050919842312746384 0.009834368530020704 0.006570302233902759
4 0.2168737060041408 0.05420499342969776 0.008799171842650104 0.005256241787122208
23 0.27898550724637683 0.7444152431011827 0.004140786749482402 0.009198423127463863
4 0.2391304347826087 0.7477003942181341 0.018115942028985508 0.00985545335085414
4 0.21169772256728778 0.7493429697766097 0.018115942028985508 0.009198423127463863
4 0.23059006211180125 0.05354796320630749 0.009834368530020704 0.006570302233902759
4 0.20341614906832298 0.05519053876478318 0.008799171842650104 0.006570302233902759
23 0.723343685300207 0.021353482260183968 0.008281573498964804 0.005913272010512484
4 0.17650103519668736 0.05781865965834428 0.008799171842650104 0.006570302233902759
4 0.18995859213250518 0.05683311432325887 0.009316770186335404 0.005256241787122208
4 0.16304347826086957 0.05847568988173456 0.008799171842650104 0.005913272010512484
4 0.27976190476190477 0.7542706964520368 0.008281573498964804 0.005256241787122208
4 0.14906832298136646 0.06011826544021025 0.009834368530020704 0.007227332457293035
4 0.12163561076604555 0.06208935611038108 0.008799171842650104 0.005913272010512484
4 0.13509316770186336 0.06110381077529566 0.008281573498964804 0.005913272010512484
4 0.29606625258799174 0.7549277266754271 0.007763975155279503 0.021681997371879105
4 0.6200828157349897 0.735545335085414 0.008799171842650104 0.005913272010512484
4 0.09213250517598344 0.06406044678055191 0.008799171842650104 0.005256241787122208
4 0.10817805383022774 0.06340341655716163 0.009316770186335404 0.005913272010512484
23 0.28183229813664595 0.761826544021025 0.0036231884057971015 0.00985545335085414
23 0.2776915113871636 0.7628120893561103 0.004140786749482402 0.00985545335085414
4 0.07996894409937888 0.06537450722733246 0.008799171842650104 0.006570302233902759
4 0.06392339544513458 0.06701708278580815 0.008799171842650104 0.005913272010512484
23 0.20471014492753623 0.7782522996057819 0.008799171842650104 0.005913272010512484
4 0.04891304347826087 0.06865965834428384 0.008281573498964804 0.005256241787122208
4 0.4834368530020704 0.7634691195795007 0.004658385093167702 0.011826544021024968
23 0.5527950310559007 0.7601839684625493 0.008799171842650104 0.005256241787122208
23 0.21997929606625258 0.7825229960578186 0.006728778467908903 0.017082785808147174
23 0.15916149068322982 0.7923784494086727 0.006211180124223602 0.018396846254927726
23 0.9021739130434783 0.012812089356110381 0.005175983436853002 0.010512483574244415
4 0.3022774327122153 0.7841655716162943 0.007763975155279503 0.022339027595269383
23 0.9065734989648033 0.013140604467805518 0.004658385093167702 0.010512483574244415
30 0.2039337474120083 0.8005913272010512 0.027950310559006212 0.0519053876478318
30 0.1777950310559006 0.8042049934296978 0.024844720496894408 0.054533508541392904
4 0.16019668737060042 0.8074901445466491 0.004140786749482402 0.011169513797634692
4 0.9767080745341615 0.00985545335085414 0.005175983436853002 0.011826544021024968
15 0.6172360248447205 0.7910643889618922 0.06521739130434782 0.10446780551905388
15 0.535455486542443 0.8081471747700394 0.06780538302277432 0.09461235216819974
23 0.45781573498964806 0.8199737187910644 0.008281573498964804 0.005913272010512484
23 0.7903726708074534 0.8012483574244416 0.008281573498964804 0.005913272010512484
23 0.7629399585921325 0.027266754270696452 0.004658385093167702 0.010512483574244415
23 0.7375776397515528 0.02890932982917214 0.004658385093167702 0.011169513797634692
23 0.7908902691511387 0.8061760840998686 0.008799171842650104 0.005913272010512484
23 0.7670807453416149 0.02759526938239159 0.004658385093167702 0.00985545335085414
4 0.4583333333333333 0.8363994743758213 0.009834368530020704 0.005913272010512484
4 0.6565734989648033 0.8245729303547963 0.008281573498964804 0.005913272010512484
4 0.37888198757763975 0.8455978975032852 0.0036231884057971015 0.00985545335085414
4 0.3724120082815735 0.8465834428383706 0.0036231884057971015 0.010512483574244415
4 0.3620600414078675 0.8485545335085414 0.0036231884057971015 0.00985545335085414
4 0.3667184265010352 0.8482260183968463 0.0036231884057971015 0.00985545335085414
23 0.9865424430641822 0.8091327201051248 0.004140786749482402 0.011169513797634692
23 0.5802277432712215 0.8386990801576872 0.008281573498964804 0.005913272010512484
4 0.9257246376811594 0.8176741130091985 0.005175983436853002 0.011826544021024968
4 0.6462215320910973 0.03745072273324573 0.010351966873706004 0.007227332457293035
23 0.21040372670807453 0.8672798948751642 0.013457556935817806 0.008541392904073587
23 0.7937370600414079 0.8344283837056504 0.008281573498964804 0.006570302233902759
23 0.46868530020703936 0.8613666228646518 0.004140786749482402 0.011826544021024968
23 0.47334368530020704 0.8616951379763469 0.005175983436853002 0.011169513797634692
23 0.5804865424430642 0.8564388961892248 0.008281573498964804 0.005256241787122208
23 0.5903209109730849 0.8557818659658344 0.008281573498964804 0.0045992115637319315
4 0.8038302277432712 0.842969776609724 0.008799171842650104 0.005256241787122208
23 0.9518633540372671 0.8337713534822602 0.004658385093167702 0.010512483574244415
4 0.42080745341614906 0.8692509855453351 0.005175983436853002 0.009198423127463863
23 0.9337474120082816 0.8350854139290408 0.004140786749482402 0.010512483574244415
23 0.9384057971014492 0.8354139290407359 0.004140786749482402 0.010512483574244415
4 0.9446169772256728 0.8347568988173456 0.004140786749482402 0.011169513797634692
23 0.6130952380952381 0.857095926412615 0.005175983436853002 0.010512483574244415
23 0.6177536231884058 0.8567674113009198 0.004140786749482402 0.011826544021024968
4 0.6066252587991718 0.8587385019710907 0.006211180124223602 0.013140604467805518
23 0.5905797101449275 0.8623521681997371 0.008799171842650104 0.005256241787122208
4 0.5802277432712215 0.8636662286465178 0.009316770186335404 0.005256241787122208
4 0.8046066252587992 0.8488830486202366 0.009834368530020704 0.006570302233902759
4 0.09834368530020704 0.9011169513797634 0.006728778467908903 0.0045992115637319315
4 0.702639751552795 0.8610381077529566 0.009316770186335404 0.00788436268068331
23 0.30357142857142855 0.8892904073587385 0.0036231884057971015 0.010512483574244415
23 0.42365424430641824 0.8827201051248358 0.007763975155279503 0.0045992115637319315
4 0.6480331262939959 0.871222076215506 0.009316770186335404 0.005913272010512484
23 0.32919254658385094 0.8922470433639947 0.0036231884057971015 0.011169513797634692
23 0.3188405797101449 0.8935611038107752 0.004140786749482402 0.010512483574244415
23 0.31262939958592134 0.8942181340341656 0.004658385093167702 0.00985545335085414
23 0.32349896480331264 0.8932325886990802 0.004140786749482402 0.010512483574244415
23 0.4241718426501035 0.8879763469119579 0.008799171842650104 0.005256241787122208
4 0.20419254658385094 0.9034165571616294 0.004658385093167702 0.011826544021024968
4 0.20936853002070394 0.9027595269382391 0.004658385093167702 0.011826544021024968
4 0.18090062111801242 0.9053876478318003 0.004140786749482402 0.011169513797634692
4 0.24197722567287785 0.9021024967148489 0.0036231884057971015 0.010512483574244415
4 0.07401656314699794 0.9139290407358739 0.004658385093167702 0.011169513797634692
4 0.06418219461697723 0.9145860709592641 0.004140786749482402 0.010512483574244415
23 0.06935817805383022 0.9149145860709592 0.004658385093167702 0.00985545335085414
4 0.9094202898550725 0.8616951379763469 0.008281573498964804 0.0045992115637319315
23 0.4272774327122153 0.8955321944809461 0.008799171842650104 0.005913272010512484
4 0.8051242236024845 0.8718791064388962 0.009834368530020704 0.005256241787122208
23 0.30175983436853004 0.9073587385019711 0.0036231884057971015 0.010512483574244415
4 0.9096790890269151 0.8676084099868594 0.008281573498964804 0.0045992115637319315
23 0.42675983436853004 0.9007884362680684 0.008281573498964804 0.005256241787122208
4 0.8059006211180124 0.8777923784494087 0.008799171842650104 0.006570302233902759
4 0.962991718426501 0.8672798948751642 0.010351966873706004 0.006570302233902759
23 0.28390269151138714 0.9136005256241787 0.008281573498964804 0.005913272010512484
15 0.9384057971014492 0.871550591327201 0.03985507246376811 0.05059132720105125
4 0.910455486542443 0.8735216819973719 0.008281573498964804 0.005256241787122208
23 0.6482919254658385 0.8915900131406045 0.010351966873706004 0.005913272010512484
4 0.9632505175983437 0.873850197109067 0.009316770186335404 0.005256241787122208
23 0.04632505175983437 0.9349540078843627 0.004658385093167702 0.011169513797634692
23 0.02613871635610766 0.9362680683311432 0.004140786749482402 0.00985545335085414
23 0.03597308488612837 0.9362680683311432 0.004658385093167702 0.012483574244415242
23 0.041666666666666664 0.9359395532194481 0.005175983436853002 0.011169513797634692
23 0.03183229813664596 0.9362680683311432 0.005693581780538302 0.011826544021024968
15 0.6790890269151139 0.8938896189224704 0.04399585921325052 0.0735873850197109
4 0.9107142857142857 0.8800919842312747 0.008799171842650104 0.003942181340341655
4 0.650103519668737 0.8978318002628121 0.010351966873706004 0.007227332457293035
4 0.9635093167701864 0.8797634691195795 0.008281573498964804 0.005913272010512484
4 0.9109730848861284 0.8866622864651774 0.008281573498964804 0.005256241787122208
4 0.6097308488612836 0.9086727989487516 0.008799171842650104 0.006570302233902759
4 0.2696687370600414 0.9349540078843627 0.0036231884057971015 0.010512483574244415
4 0.9112318840579711 0.8922470433639947 0.008799171842650104 0.005256241787122208
4 0.7039337474120083 0.9067017082785808 0.008799171842650104 0.005256241787122208
4 0.650103519668737 0.9109724047306176 0.009834368530020704 0.006570302233902759
4 0.024844720496894408 0.9526938239159002 0.009316770186335404 0.005913272010512484
4 0.6099896480331263 0.9168856767411301 0.008799171842650104 0.005913272010512484
4 0.912008281573499 0.8981603153745072 0.008281573498964804 0.005913272010512484
23 0.9277950310559007 0.026938239159001315 0.007763975155279503 0.0045992115637319315
23 0.2696687370600414 0.9487516425755584 0.004658385093167702 0.00985545335085414
4 0.6506211180124224 0.9241130091984231 0.010351966873706004 0.005913272010512484
4 0.92675983436853 0.9063731931668857 0.004658385093167702 0.00985545335085414
23 0.9309006211180124 0.907030223390276 0.0036231884057971015 0.010512483574244415
23 0.9702380952380952 0.9044021024967148 0.004140786749482402 0.011826544021024968
4 0.9350414078674948 0.9067017082785808 0.004658385093167702 0.010512483574244415
4 0.9402173913043478 0.9063731931668857 0.004658385093167702 0.010512483574244415
4 0.9091614906832298 0.9090013140604468 0.004658385093167702 0.010512483574244415
4 0.9221014492753623 0.9080157687253614 0.004140786749482402 0.011826544021024968
4 0.9780020703933747 0.024638633377135347 0.005693581780538302 0.012483574244415242
23 0.9723084886128365 0.025295663600525625 0.004140786749482402 0.010512483574244415
7 0.37991718426501037 0.9359395532194481 0.08074534161490683 0.12680683311432325
4 0.6557971014492754 0.9342969776609724 0.008799171842650104 0.005913272010512484
4 0.6780538302277432 0.9329829172141918 0.008799171842650104 0.005913272010512484
4 0.6651138716356108 0.9342969776609724 0.009316770186335404 0.00788436268068331
23 0.27070393374741203 0.9612352168199737 0.004658385093167702 0.010512483574244415
4 0.05020703933747412 0.08705650459921156 0.007763975155279503 0.005256241787122208
7 0.5160455486542443 0.94053876478318 0.06314699792960662 0.1176084099868594
4 0.5665113871635611 0.9448094612352168 0.008281573498964804 0.006570302233902759
23 0.5566770186335404 0.9461235216819974 0.008281573498964804 0.005913272010512484
7 0.4451345755693582 0.9533508541392904 0.048654244306418216 0.09198423127463863
7 0.30408902691511386 0.9582785808147175 0.06159420289855073 0.0821287779237845
7 0.14673913043478262 0.9605781865965834 0.20341614906832298 0.07752956636005257
23 0.6726190476190477 0.04894875164257556 0.004658385093167702 0.011826544021024968
23 0.6679606625258799 0.049277266754270695 0.004658385093167702 0.011169513797634692
23 0.7393892339544513 0.04730617608409987 0.004140786749482402 0.011169513797634692
23 0.6459627329192547 0.05354796320630749 0.010351966873706004 0.006570302233902759
15 0.900103519668737 0.03712220762155059 0.034161490683229816 0.03942181340341656
15 0.9469461697722568 0.03679369250985545 0.028467908902691512 0.04336399474375821
23 0.8103002070393375 0.046320630749014456 0.008281573498964804 0.005913272010512484
7 0.2668219461697723 0.08771353482260184 0.4880952380952381 0.05913272010512484
23 0.8118530020703933 0.054862023653088045 0.008799171842650104 0.005256241787122208
4 0.9743788819875776 0.05059132720105125 0.005693581780538302 0.012483574244415242
23 0.912008281573499 0.06208935611038108 0.004140786749482402 0.00985545335085414
23 0.8843167701863354 0.06438896189224705 0.005175983436853002 0.00985545335085414
23 0.9034679089026915 0.06340341655716163 0.004140786749482402 0.011169513797634692
23 0.8941511387163561 0.06373193166885677 0.004658385093167702 0.010512483574244415
23 0.907608695652174 0.06307490144546649 0.004658385093167702 0.011169513797634692
23 0.917184265010352 0.06241787122207622 0.0036231884057971015 0.010512483574244415
23 0.8268633540372671 0.07095926412614981 0.004658385093167702 0.011826544021024968
7 0.275879917184265 0.11892247043363995 0.4886128364389234 0.07227332457293036
4 0.6425983436853002 0.09888304862023653 0.0036231884057971015 0.011169513797634692
23 0.8289337474120083 0.09329829172141918 0.007763975155279503 0.0045992115637319315
15 0.9019151138716356 0.09034165571616294 0.032091097308488616 0.03613666228646518
23 0.8286749482401656 0.09855453350854139 0.008799171842650104 0.005256241787122208
15 0.9497929606625258 0.09494086727989487 0.028985507246376812 0.04336399474375821
23 0.8294513457556936 0.10446780551905388 0.008799171842650104 0.005913272010512484
4 0.42624223602484473 0.13370565045992117 0.008799171842650104 0.006570302233902759
4 0.452639751552795 0.13206307490144548 0.009316770186335404 0.005913272010512484
23 0.47903726708074534 0.13107752956636004 0.009834368530020704 0.005256241787122208
4 0.34265010351966874 0.14060446780551905 0.010351966873706004 0.006570302233902759
4 0.31832298136645965 0.14224704336399474 0.009316770186335404 0.007227332457293035
4 0.25491718426501037 0.1478318002628121 0.009316770186335404 0.006570302233902759
4 0.1570910973084886 0.1557161629434954 0.008799171842650104 0.005913272010512484
4 0.18711180124223603 0.15374507227332457 0.008799171842650104 0.005913272010512484
4 0.10714285714285714 0.15965834428383704 0.007763975155279503 0.005256241787122208
23 0.6477743271221532 0.1245072273324573 0.009316770186335404 0.005256241787122208
4 0.08022774327122154 0.16195795006570302 0.007763975155279503 0.005913272010512484
23 0.8297101449275363 0.11300919842312747 0.008281573498964804 0.005256241787122208
4 0.06055900621118013 0.1645860709592641 0.008799171842650104 0.005913272010512484
23 0.06858178053830227 0.16688567674113008 0.004140786749482402 0.00985545335085414
23 0.07324016563146998 0.16655716162943496 0.004140786749482402 0.00985545335085414
23 0.6858178053830227 0.12779237844940866 0.008281573498964804 0.005913272010512484
23 0.6475155279503105 0.13107752956636004 0.009316770186335404 0.0045992115637319315
4 0.060817805383022776 0.16984231274638634 0.007763975155279503 0.0045992115637319315
23 0.8304865424430642 0.11957950065703023 0.008799171842650104 0.005256241787122208
23 0.9824016563146998 0.11005256241787122 0.0036231884057971015 0.006570302233902759
23 0.8931159420289855 0.11596583442838371 0.004658385093167702 0.00985545335085414
23 0.8977743271221532 0.11563731931668857 0.0036231884057971015 0.00985545335085414
23 0.906055900621118 0.11563731931668857 0.004140786749482402 0.011169513797634692
23 0.9101966873706004 0.11530880420499343 0.004140786749482402 0.010512483574244415
23 0.9148550724637681 0.11530880420499343 0.004140786749482402 0.00985545335085414
23 0.9019151138716356 0.11596583442838371 0.004658385093167702 0.011169513797634692
23 0.9189958592132506 0.11498028909329829 0.004140786749482402 0.00985545335085414
23 0.6860766045548654 0.13370565045992117 0.008799171842650104 0.005256241787122208
23 0.8302277432712215 0.12746386333771353 0.008799171842650104 0.005256241787122208
4 0.9342650103519669 0.1245072273324573 0.004658385093167702 0.011169513797634692
23 0.8874223602484472 0.12812089356110382 0.008799171842650104 0.005913272010512484
23 0.8304865424430642 0.133377135348226 0.008799171842650104 0.005256241787122208
23 0.6865942028985508 0.14553219448094612 0.008799171842650104 0.006570302233902759
4 0.6746894409937888 0.14816031537450722 0.009316770186335404 0.0045992115637319315
23 0.9156314699792961 0.1340341655716163 0.004140786749482402 0.010512483574244415
23 0.9197722567287785 0.13469119579500657 0.004658385093167702 0.011169513797634692
23 0.979296066252588 0.13469119579500657 0.004140786749482402 0.00985545335085414
23 0.9831780538302277 0.13534822601839686 0.004140786749482402 0.011169513797634692
4 0.45962732919254656 0.17247043363994743 0.008799171842650104 0.006570302233902759
4 0.432712215320911 0.17411300919842312 0.008799171842650104 0.006570302233902759
4 0.4192546583850932 0.17509855453350853 0.008799171842650104 0.005913272010512484
4 0.44616977225672877 0.17345597897503284 0.009316770186335404 0.005913272010512484
4 0.40165631469979296 0.17706964520367938 0.008799171842650104 0.005256241787122208
4 0.36076604554865427 0.18035479632063076 0.008799171842650104 0.005913272010512484
4 0.3747412008281574 0.17936925098554535 0.009316770186335404 0.005256241787122208
4 0.38819875776397517 0.1783837056504599 0.009316770186335404 0.005256241787122208
4 0.3333333333333333 0.18199737187910645 0.009316770186335404 0.006570302233902759
4 0.3196169772256729 0.18298291721419185 0.008281573498964804 0.005913272010512484
4 0.3470496894409938 0.18199737187910645 0.009316770186335404 0.005913272010512484
4 0.3051242236024845 0.18462549277266754 0.009316770186335404 0.005913272010512484
4 0.2911490683229814 0.18561103810775295 0.008799171842650104 0.005913272010512484
4 0.879399585921325 0.14651773981603153 0.004140786749482402 0.00985545335085414
4 0.24818840579710144 0.18922470433639949 0.008281573498964804 0.005913272010512484
4 0.23421325051759834 0.19053876478318002 0.008799171842650104 0.005913272010512484
4 0.20626293995859213 0.19250985545335086 0.008281573498964804 0.005913272010512484
4 0.17908902691511386 0.19448094612352168 0.009316770186335404 0.005256241787122208
4 0.22023809523809523 0.19152431011826543 0.007763975155279503 0.005256241787122208
4 0.19358178053830227 0.19349540078843627 0.008281573498964804 0.006570302233902759
4 0.11024844720496894 0.19973718791064388 0.008799171842650104 0.005256241787122208
4 0.16614906832298137 0.19579500657030224 0.008281573498964804 0.005913272010512484
4 0.13871635610766045 0.19776609724047306 0.008281573498964804 0.006570302233902759
4 0.12474120082815734 0.19875164257555847 0.008799171842650104 0.005256241787122208
4 0.08229813664596274 0.20137976346911957 0.008799171842650104 0.005256241787122208
4 0.06987577639751552 0.202365308804205 0.007763975155279503 0.0045992115637319315
4 0.09627329192546584 0.20039421813403416 0.009316770186335404 0.005256241787122208
4 0.15217391304347827 0.19678055190538765 0.008281573498964804 0.005913272010512484
23 0.060817805383022776 0.20433639947437582 0.004140786749482402 0.011169513797634692
23 0.8405797101449275 0.16031537450722733 0.008799171842650104 0.006570302233902759
23 0.8530020703933747 0.1599868593955322 0.008799171842650104 0.006570302233902759
4 0.056677018633540376 0.21813403416557162 0.004140786749482402 0.00788436268068331
23 0.8413561076604554 0.16885676741130093 0.007246376811594203 0.005256241787122208
23 0.8532608695652174 0.1678712220762155 0.008281573498964804 0.005256241787122208
7 0.2753623188405797 0.21747700394218134 0.4751552795031056 0.06898817345597898
23 0.6842650103519669 0.20630749014454666 0.009316770186335404 0.007227332457293035
4 0.6969461697722568 0.2086070959264126 0.009834368530020704 0.005256241787122208
4 0.7060041407867494 0.21649145860709593 0.004658385093167702 0.010512483574244415
23 0.7644927536231884 0.21517739816031536 0.004658385093167702 0.012483574244415242
23 0.7831262939958592 0.21550591327201052 0.004140786749482402 0.011826544021024968
7 0.2598343685300207 0.01971090670170828 0.2039337474120083 0.022339027595269383
7 0.275879917184265 0.2555847568988173 0.4730848861283644 0.06898817345597898
4 0.6076604554865425 0.23423127463863339 0.009834368530020704 0.005913272010512484
23 0.765527950310559 0.22963206307490144 0.006211180124223602 0.013797634691195795
23 0.7883022774327122 0.22963206307490144 0.004658385093167702 0.012483574244415242
4 0.36024844720496896 0.2756241787122208 0.005175983436853002 0.011169513797634692
4 0.31780538302277433 0.27989487516425754 0.004658385093167702 0.012483574244415242
4 0.39648033126293997 0.27463863337713534 0.005175983436853002 0.012483574244415242
4 0.2888198757763975 0.2818659658344284 0.005693581780538302 0.011826544021024968
4 0.23162525879917184 0.28613666228646517 0.004658385093167702 0.011169513797634692
4 0.19746376811594202 0.2890932982917214 0.005175983436853002 0.011826544021024968
4 0.1317287784679089 0.29369250985545337 0.004658385093167702 0.011826544021024968
4 0.1130952380952381 0.29533508541392905 0.006211180124223602 0.012483574244415242
4 0.08850931677018634 0.297634691195795 0.005175983436853002 0.013140604467805518
4 0.07246376811594203 0.2996057818659658 0.004658385093167702 0.010512483574244415
23 0.06780538302277432 0.299934296977661 0.004140786749482402 0.011169513797634692
23 0.039337474120082816 0.30420499342969776 0.013457556935817806 0.00788436268068331
4 0.02096273291925466 0.30946123521681995 0.004140786749482402 0.011169513797634692
23 0.0010351966873706005 0.3107752956636005 0.002070393374741201 0.011826544021024968
4 0.030279503105590064 0.3088042049934297 0.004140786749482402 0.009198423127463863
23 0.004399585921325052 0.3104467805519054 0.0036231884057971015 0.00985545335085414
23 0.9407349896480331 0.25229960578186594 0.008281573498964804 0.005913272010512484
4 0.9340062111801242 0.2532851511169514 0.004658385093167702 0.012483574244415242
23 0.9283126293995859 0.2542706964520368 0.004658385093167702 0.011169513797634692
23 0.7831262939958592 0.2647831800262812 0.009316770186335404 0.005913272010512484
4 0.03571428571428571 0.314388961892247 0.004658385093167702 0.010512483574244415
23 0.044513457556935816 0.32490144546649147 0.013457556935817806 0.006570302233902759
4 0.5861801242236024 0.29106438896189224 0.009316770186335404 0.006570302233902759
4 0.8307453416149069 0.2759526938239159 0.009834368530020704 0.00788436268068331
23 0.9782608695652174 0.26938239159001315 0.007246376811594203 0.005256241787122208
4 0.05460662525879917 0.3321287779237845 0.009316770186335404 0.005256241787122208
23 0.9790372670807453 0.27463863337713534 0.007246376811594203 0.005256241787122208
4 0.047619047619047616 0.34132720105124836 0.004140786749482402 0.00985545335085414
15 0.02199792960662526 0.34494086727989487 0.043478260869565216 0.053219448094612355
23 0.06262939958592133 0.35019710906701706 0.013457556935817806 0.00788436268068331
23 0.979296066252588 0.29369250985545337 0.008799171842650104 0.005256241787122208
4 0.04943064182194617 0.35775295663600526 0.008281573498964804 0.005256241787122208
23 0.06288819875776397 0.35939553219448095 0.013975155279503106 0.00788436268068331
23 0.9795548654244306 0.2996057818659658 0.007763975155279503 0.005256241787122208
4 0.049689440993788817 0.36300919842312745 0.007763975155279503 0.005256241787122208
4 0.6865942028985508 0.32457293035479634 0.004140786749482402 0.011169513797634692
23 0.6622670807453416 0.32654402102496716 0.008281573498964804 0.005256241787122208
4 0.05046583850931677 0.36859395532194483 0.008799171842650104 0.005256241787122208
23 0.06340579710144928 0.36859395532194483 0.012422360248447204 0.007227332457293035
4 0.7052277432712215 0.32654402102496716 0.008281573498964804 0.005256241787122208
23 0.7202380952380952 0.3255584756898817 0.007763975155279503 0.005256241787122208
23 0.6625258799171843 0.3331143232588699 0.008799171842650104 0.005256241787122208
23 0.7334368530020704 0.32982917214191854 0.007763975155279503 0.005256241787122208
4 0.6622670807453416 0.338042049934297 0.007246376811594203 0.005256241787122208
23 0.03157349896480331 0.3804204993429698 0.0036231884057971015 0.00985545335085414
4 0.04943064182194617 0.38140604467805517 0.004658385093167702 0.010512483574244415
23 0.04321946169772257 0.38173455978975035 0.006211180124223602 0.017739816031537452
23 0.7217908902691511 0.33705650459921155 0.008799171842650104 0.005913272010512484
23 0.6625258799171843 0.3436268068331143 0.007763975155279503 0.0045992115637319315
23 0.7210144927536232 0.3432982917214192 0.009834368530020704 0.0045992115637319315
4 0.9619565217391305 0.3291721419185282 0.009316770186335404 0.006570302233902759
4 0.7212732919254659 0.3485545335085414 0.007246376811594203 0.005256241787122208
4 0.6635610766045549 0.3580814717477004 0.008281573498964804 0.005256241787122208
4 0.6423395445134575 0.3597240473061761 0.008281573498964804 0.005913272010512484
23 0.1337991718426501 0.3955321944809461 0.0036231884057971015 0.010512483574244415
23 0.1638198757763975 0.39421813403416556 0.007763975155279503 0.003942181340341655
23 0.6638198757763976 0.36530880420499345 0.007246376811594203 0.005256241787122208
23 0.15087991718426502 0.40473061760841 0.004658385093167702 0.011826544021024968
23 0.6648550724637681 0.37253613666228647 0.007763975155279503 0.0045992115637319315
4 0.7228260869565217 0.37253613666228647 0.008281573498964804 0.005256241787122208
23 0.6648550724637681 0.37779237844940866 0.007246376811594203 0.0045992115637319315
4 0.8936335403726708 0.36662286465177396 0.009834368530020704 0.005256241787122208
4 0.6645962732919255 0.38370565045992117 0.007246376811594203 0.005256241787122208
4 0.008799171842650104 0.03613666228646518 0.004658385093167702 0.008541392904073587
4 0.019409937888198756 0.03646517739816032 0.005175983436853002 0.010512483574244415
4 0.12525879917184266 0.421484888304862 0.004140786749482402 0.011826544021024968
23 0.1653726708074534 0.4195137976346912 0.009316770186335404 0.005913272010512484
23 0.10662525879917184 0.42411300919842315 0.004140786749482402 0.012483574244415242
23 0.12060041407867494 0.4231274638633377 0.004140786749482402 0.015111695137976347
23 0.15217391304347827 0.42181340341655715 0.005175983436853002 0.011826544021024968
23 0.6653726708074534 0.38896189224704336 0.007763975155279503 0.005256241787122208
4 0.11438923395445134 0.4264126149802891 0.008281573498964804 0.022339027595269383
23 0.17857142857142858 0.4221419185282523 0.004140786749482402 0.011169513797634692
23 0.16563146997929606 0.42542706964520366 0.009316770186335404 0.005913272010512484
23 0.6651138716356108 0.39487516425755587 0.007763975155279503 0.006570302233902759
4 0.7236024844720497 0.3915900131406045 0.008281573498964804 0.0045992115637319315
23 0.21557971014492755 0.4280551905387648 0.005175983436853002 0.011169513797634692
23 0.20678053830227744 0.42936925098554535 0.004658385093167702 0.011169513797634692
23 0.20263975155279504 0.4296977660972405 0.004658385093167702 0.010512483574244415
23 0.21143892339544512 0.4290407358738502 0.004140786749482402 0.011169513797634692
23 0.22230848861283645 0.4290407358738502 0.004140786749482402 0.011826544021024968
23 0.16097308488612835 0.4336399474375821 0.008799171842650104 0.005913272010512484
23 0.6653726708074534 0.40013140604467806 0.008281573498964804 0.005913272010512484
23 0.12577639751552794 0.4359395532194481 0.004140786749482402 0.013797634691195795
23 0.12991718426501034 0.4359395532194481 0.0036231884057971015 0.011169513797634692
23 0.12163561076604555 0.4369250985545335 0.0036231884057971015 0.011169513797634692
23 0.13405797101449277 0.4369250985545335 0.004658385093167702 0.011826544021024968
23 0.7259316770186336 0.39947437582128775 0.007246376811594203 0.005913272010512484
23 0.16252587991718426 0.43889618922470436 0.008799171842650104 0.005256241787122208
4 0.6656314699792961 0.4060446780551905 0.007246376811594203 0.0045992115637319315
23 0.6894409937888198 0.4063731931668857 0.008281573498964804 0.005256241787122208
23 0.7261904761904762 0.4040735873850197 0.007763975155279503 0.005913272010512484
23 0.697463768115942 0.40932982917214195 0.004658385093167702 0.00985545335085414
23 0.7264492753623188 0.40932982917214195 0.007763975155279503 0.005913272010512484
23 0.7083333333333334 0.41130091984231276 0.008281573498964804 0.005256241787122208
23 0.7261904761904762 0.4152431011826544 0.008281573498964804 0.005256241787122208
23 0.009575569358178054 0.48455978975032854 0.014492753623188406 0.009198423127463863