4 0.6175496688741722 0.8986486486486487 0.020695364238410598 0.026126126126126126
4 0.45364238410596025 0.8635135135135135 0.016556291390728478 0.02702702702702703
4 0.46978476821192056 0.868018018018018 0.0173841059602649 0.023423423423423424
4 0.43915562913907286 0.8617117117117117 0.01903973509933775 0.026126126126126126
4 0.15314569536423842 0.7959459459459459 0.016556291390728478 0.02702702702702703
4 0.09809602649006623 0.7855855855855856 0.014900662251655629 0.026126126126126126
4 0.13658940397350994 0.7945945945945946 0.014900662251655629 0.02702702702702703
4 0.2326158940397351 0.8171171171171171 0.016556291390728478 0.023423423423423424
4 0.06705298013245033 0.7792792792792793 0.0173841059602649 0.027927927927927927
4 0.2677980132450331 0.8265765765765766 0.015728476821192054 0.02702702702702703
4 0.5144867549668874 0.9004504504504505 0.024006622516556293 0.023423423423423424
4 0.492135761589404 0.8954954954954955 0.026490066225165563 0.02252252252252252
4 0.2297185430463576 0.8684684684684685 0.046357615894039736 0.055855855855855854
4 0.12665562913907286 0.8468468468468469 0.048841059602649006 0.05765765765765766
4 0.0695364238410596 0.8337837837837838 0.052152317880794705 0.06396396396396396
15 0.2847682119205298 0.8981981981981982 0.07698675496688742 0.07657657657657657
4 0.3265728476821192 0.9306306306306307 0.027317880794701987 0.023423423423423424
15 0.08112582781456953 0.28153153153153154 0.057119205298013245 0.06936936936936937
4 0.08981788079470199 0.32657657657657657 0.016556291390728478 0.025225225225225224
4 0.06001655629139073 0.31981981981981983 0.0173841059602649 0.026126126126126126
4 0.06622516556291391 0.3567567567567568 0.050496688741721855 0.051351351351351354
23 0.5757450331125827 0.5405405405405406 0.018211920529801324 0.03153153153153153
23 0.5198675496688742 0.5364864864864864 0.009105960264900662 0.018018018018018018
23 0.5347682119205298 0.5414414414414415 0.014900662251655629 0.018018018018018018
23 0.4552980132450331 0.5234234234234234 0.01076158940397351 0.021621621621621623
4 0.3990066225165563 0.5112612612612613 0.018211920529801324 0.023423423423423424
23 0.4416390728476821 0.5216216216216216 0.009105960264900662 0.01891891891891892
23 0.5066225165562914 0.5373873873873873 0.018211920529801324 0.026126126126126126
23 0.5521523178807947 0.5481981981981981 0.016556291390728478 0.02252252252252252
4 0.49379139072847683 0.5346846846846847 0.0173841059602649 0.026126126126126126
4 0.42549668874172186 0.518918918918919 0.018211920529801324 0.025225225225225224
4 0.4689569536423841 0.5315315315315315 0.018211920529801324 0.02882882882882883
4 0.5682947019867549 0.5720720720720721 0.016556291390728478 0.02252252252252252
4 0.5355960264900662 0.5648648648648649 0.024834437086092714 0.016216216216216217
23 0.609271523178808 0.5882882882882883 0.016556291390728478 0.025225225225225224
23 0.03435430463576159 0.45675675675675675 0.0173841059602649 0.025225225225225224
4 0.23054635761589404 0.5036036036036036 0.018211920529801324 0.02702702702702703
4 0.6999172185430463 0.6121621621621621 0.015728476821192054 0.026126126126126126
23 0.6879139072847682 0.6094594594594595 0.014072847682119206 0.02252252252252252
4 0.050496688741721855 0.46216216216216216 0.01903973509933775 0.02702702702702703
4 0.6548013245033113 0.6022522522522522 0.012417218543046357 0.02252252252252252
23 0.671771523178808 0.6063063063063063 0.022350993377483443 0.027927927927927927
4 0.25579470198675497 0.5103603603603604 0.02566225165562914 0.027927927927927927
4 0.1668046357615894 0.49099099099099097 0.014900662251655629 0.026126126126126126
23 0.06705298013245033 0.48018018018018016 0.014900662251655629 0.024324324324324326
23 0.1072019867549669 0.4981981981981982 0.015728476821192054 0.02252252252252252
23 0.06415562913907284 0.5027027027027027 0.013245033112582781 0.02072072072072072
4 0.37665562913907286 0.5801801801801801 0.02152317880794702 0.01891891891891892
23 0.5906456953642384 0.6373873873873874 0.020695364238410598 0.03153153153153153
23 0.6051324503311258 0.640990990990991 0.02152317880794702 0.02972972972972973
23 0.5749172185430463 0.6355855855855855 0.015728476821192054 0.02972972972972973
23 0.10099337748344371 0.5333333333333333 0.016556291390728478 0.02702702702702703
4 0.0591887417218543 0.5292792792792793 0.01903973509933775 0.02882882882882883
23 0.6808774834437086 0.6743243243243243 0.020695364238410598 0.01891891891891892
23 0.6531456953642384 0.668918918918919 0.024006622516556293 0.016216216216216217
23 0.6018211920529801 0.6662162162162162 0.0173841059602649 0.03063063063063063
23 0.4908940397350993 0.6418918918918919 0.014900662251655629 0.024324324324324326
23 0.5852649006622517 0.663963963963964 0.0173841059602649 0.02702702702702703
23 0.5422185430463576 0.654054054054054 0.0173841059602649 0.023423423423423424
4 0.6154801324503312 0.6711711711711712 0.014900662251655629 0.01891891891891892
23 0.5206953642384106 0.6495495495495496 0.0173841059602649 0.02072072072072072
23 0.5724337748344371 0.6617117117117117 0.016556291390728478 0.024324324324324326
23 0.5567052980132451 0.6581081081081082 0.014900662251655629 0.023423423423423424
4 0.3667218543046358 0.6184684684684685 0.022350993377483443 0.01891891891891892
23 0.6783940397350994 0.6905405405405406 0.023178807947019868 0.017117117117117116
23 0.4457781456953642 0.6387387387387388 0.019867549668874173 0.013513513513513514
23 0.08195364238410596 0.5554054054054054 0.022350993377483443 0.01891891891891892
4 0.6485927152317881 0.6869369369369369 0.02152317880794702 0.014414414414414415
4 0.058774834437086095 0.5509009009009009 0.027317880794701987 0.02072072072072072
4 0.1038907284768212 0.5612612612612613 0.023178807947019868 0.01981981981981982
23 0.6754966887417219 0.704954954954955 0.020695364238410598 0.01891891891891892
4 0.10016556291390728 0.5752252252252252 0.024834437086092714 0.024324324324324326
23 0.44412251655629137 0.6558558558558558 0.023178807947019868 0.01891891891891892
4 0.056291390728476824 0.5662162162162162 0.027317880794701987 0.021621621621621623
23 0.07740066225165564 0.5738738738738739 0.02152317880794702 0.014414414414414415
23 0.4412251655629139 0.6707207207207208 0.024006622516556293 0.018018018018018018
23 0.07450331125827815 0.5896396396396396 0.018211920529801324 0.01981981981981982
4 0.05339403973509934 0.5869369369369369 0.027317880794701987 0.02252252252252252
4 0.8394039735099338 0.7855855855855856 0.018211920529801324 0.02882882882882883
23 0.06995033112582781 0.6099099099099099 0.023178807947019868 0.017117117117117116
4 0.04966887417218543 0.6058558558558559 0.023178807947019868 0.017117117117117116
4 0.35844370860927155 0.6783783783783783 0.026490066225165563 0.017117117117117116
15 0.22392384105960264 0.65 0.2947019867549669 0.3162162162162162
4 0.8638245033112583 0.8 0.041390728476821195 0.05225225225225225
23 0.4341887417218543 0.7103603603603603 0.02152317880794702 0.016216216216216217
23 0.8149834437086093 0.8009009009009009 0.018211920529801324 0.02702702702702703
4 0.04594370860927152 0.6229729729729729 0.023178807947019868 0.01981981981981982
23 0.06705298013245033 0.6301801801801802 0.02152317880794702 0.01981981981981982
4 0.04304635761589404 0.6396396396396397 0.023178807947019868 0.018018018018018018
23 0.08402317880794702 0.6522522522522523 0.024006622516556293 0.01891891891891892
23 0.8096026490066225 0.8261261261261261 0.0173841059602649 0.02702702702702703
4 0.4271523178807947 0.7382882882882883 0.026490066225165563 0.02252252252252252
15 0.535182119205298 0.7680180180180181 0.20198675496688742 0.21981981981981982
4 0.34644039735099336 0.7274774774774775 0.02566225165562914 0.021621621621621623
4 0.0802980132450331 0.6684684684684684 0.020695364238410598 0.018018018018018018
23 0.03849337748344371 0.6594594594594595 0.019867549668874173 0.016216216216216217
4 0.8253311258278145 0.8725225225225225 0.02152317880794702 0.02882882882882883
23 0.7235099337748344 0.8653153153153154 0.024834437086092714 0.017117117117117116
23 0.7193708609271523 0.881981981981982 0.02566225165562914 0.02072072072072072
23 0.7404801324503312 0.886936936936937 0.024834437086092714 0.01891891891891892
15 0.3654801324503311 0.8054054054054054 0.0935430463576159 0.08468468468468468
23 0.7847682119205298 0.9103603603603604 0.014900662251655629 0.024324324324324326
4 0.7980132450331126 0.913963963963964 0.018211920529801324 0.02702702702702703
4 0.8129139072847682 0.9175675675675675 0.014900662251655629 0.025225225225225224
4 0.4134933774834437 0.8333333333333334 0.0173841059602649 0.023423423423423424
4 0.8365066225165563 0.9364864864864865 0.037251655629139076 0.04864864864864865