30 0.4674074074074074 0.7367452135493373 0.02074074074074074 0.022827687776141383
23 0.3511111111111111 0.7452135493372607 0.008888888888888889 0.015463917525773196
23 0.25555555555555554 0.7525773195876289 0.006666666666666667 0.017673048600883652
23 0.36814814814814817 0.7459499263622975 0.007407407407407408 0.013254786450662739
30 0.302962962962963 0.7566273932253313 0.018518518518518517 0.020618556701030927
23 0.08 0.09720176730486009 0.014074074074074074 0.0066273932253313695
30 0.547037037037037 0.7426362297496318 0.016296296296296295 0.01914580265095729
30 0.5111111111111111 0.7485272459499264 0.025925925925925925 0.022827687776141383
23 0.4759259259259259 0.7555228276877761 0.017037037037037038 0.0066273932253313695
23 0.1037037037037037 0.0979381443298969 0.006666666666666667 0.013991163475699559
23 0.5285185185185185 0.7669366715758469 0.00962962962962963 0.013991163475699559
23 0.5370370370370371 0.7673048600883653 0.005185185185185185 0.009572901325478646
23 0.028888888888888888 0.10346097201767304 0.013333333333333334 0.005891016200294551
23 0.09407407407407407 0.09941089837997054 0.006666666666666667 0.013991163475699559
4 0.22703703703703704 0.09094256259204712 0.005925925925925926 0.016200294550810016
4 0.26925925925925925 0.08873343151693668 0.007407407407407408 0.013991163475699559
23 0.2374074074074074 0.09131075110456553 0.0022222222222222222 0.010309278350515464
23 0.5422222222222223 0.7945508100147275 0.005185185185185185 0.013991163475699559
4 0.2588888888888889 0.09020618556701031 0.005185185185185185 0.018409425625920472
23 0.24814814814814815 0.09167893961708394 0.006666666666666667 0.015463917525773196
23 0.05925925925925926 0.1053019145802651 0.012592592592592593 0.007363770250368188
23 0.7048148148148148 0.8648748159057438 0.005185185185185185 0.013254786450662739
30 0.2677777777777778 0.8954344624447718 0.018518518518518517 0.023564064801178203
30 0.5492592592592592 0.8762886597938144 0.017777777777777778 0.024300441826215022
4 0.7162962962962963 0.8656111929307806 0.005925925925925926 0.012518409425625921
23 0.5748148148148148 0.8755522827687776 0.00962962962962963 0.024300441826215022
4 0.6848148148148148 0.8681885125184094 0.0044444444444444444 0.011045655375552283
23 0.6944444444444444 0.8674521354933726 0.008148148148148147 0.013991163475699559
23 0.33185185185185184 0.894698085419735 0.011111111111111112 0.024300441826215022
30 0.38333333333333336 0.8924889543446245 0.01925925925925926 0.021354933726067747
30 0.7677777777777778 0.8670839469808542 0.018518518518518517 0.021354933726067747
23 0.4785185185185185 0.8880706921944035 0.008888888888888889 0.016936671575846832
30 0.4559259259259259 0.8902798232695139 0.01925925925925926 0.025036818851251842
23 0.792962962962963 0.8751840942562592 0.007407407407407408 0.009572901325478646
23 0.8562962962962963 0.8718703976435935 0.0044444444444444444 0.011045655375552283
23 0.8037037037037037 0.8770250368188512 0.005185185185185185 0.008836524300441826
23 0.8418518518518519 0.8755522827687776 0.008148148148148147 0.012518409425625921
23 0.8966666666666666 0.8748159057437408 0.008888888888888889 0.022091310751104567
23 0.922962962962963 0.8781296023564065 0.005185185185185185 0.011045655375552283
4 0.9111111111111111 0.8792341678939617 0.005925925925925926 0.011782032400589101
23 0.8388888888888889 0.8972754050073638 0.002962962962962963 0.009572901325478646
4 0.8492592592592593 0.8976435935198822 0.005925925925925926 0.011045655375552283
30 0.08074074074074074 0.11561119293078057 0.017777777777777778 0.022091310751104567
23 0.06 0.1174521354933726 0.012592592592592593 0.005154639175257732
4 0.5359259259259259 0.09572901325478646 0.034074074074074076 0.036818851251840944
4 0.29962962962962963 0.11561119293078057 0.0362962962962963 0.042709867452135494
23 0.048518518518518516 0.1332842415316642 0.007407407407407408 0.013254786450662739
23 0.058888888888888886 0.1329160530191458 0.003703703703703704 0.012518409425625921
4 0.585925925925926 0.0975699558173785 0.0362962962962963 0.03608247422680412
4 0.4774074074074074 0.1053019145802651 0.047407407407407405 0.053019145802650956
4 0.3437037037037037 0.12002945508100148 0.017037037037037038 0.0066273932253313695
4 0.2474074074074074 0.13033873343151695 0.03925925925925926 0.039764359351988215
4 0.03333333333333333 0.14653902798232696 0.005185185185185185 0.011045655375552283
4 0.21703703703703703 0.13512518409425625 0.006666666666666667 0.012518409425625921
23 0.02259259259259259 0.14911634756995581 0.005185185185185185 0.011782032400589101
4 0.34185185185185185 0.12923416789396172 0.015555555555555555 0.005891016200294551
4 0.05555555555555555 0.16089837997054493 0.015555555555555555 0.030927835051546393
4 0.08814814814814814 0.16016200294550811 0.02666666666666667 0.030191458026509573
4 0.2796296296296296 0.15537555228276878 0.011111111111111112 0.008100147275405008
4 0.5774074074074074 0.13475699558173784 0.013333333333333334 0.010309278350515464
23 0.26222222222222225 0.17010309278350516 0.005185185185185185 0.011045655375552283
4 0.5755555555555556 0.148379970544919 0.013333333333333334 0.008836524300441826
4 0.011481481481481481 0.18888070692194403 0.022962962962962963 0.03460972017673049
4 0.32925925925925925 0.16752577319587628 0.03925925925925926 0.039764359351988215
30 0.2877777777777778 0.17488954344624447 0.02 0.019882179675994108
30 0.24444444444444444 0.17820324005891017 0.02074074074074074 0.022827687776141383
4 0.16518518518518518 0.195139911634757 0.008148148148148147 0.016200294550810016
23 0.2637037037037037 0.18851251840942562 0.002962962962962963 0.009572901325478646
4 0.06814814814814815 0.20581737849779086 0.03037037037037037 0.030927835051546393
4 0.942962962962963 0.15279823269513992 0.01925925925925926 0.007363770250368188
4 0.15481481481481482 0.21575846833578793 0.0044444444444444444 0.016936671575846832
4 0.9088888888888889 0.1638438880706922 0.011111111111111112 0.022091310751104567
4 0.5751851851851851 0.18814432989690721 0.014814814814814815 0.033873343151693665
4 0.9433333333333334 0.16494845360824742 0.016296296296296295 0.008100147275405008
4 0.5407407407407407 0.19403534609720177 0.035555555555555556 0.03608247422680412
4 0.011481481481481481 0.24484536082474226 0.022962962962962963 0.03460972017673049
4 0.4374074074074074 0.21428571428571427 0.04148148148148148 0.04050073637702504
4 0.038148148148148146 0.24300441826215022 0.007407407407407408 0.014727540500736377
4 0.49074074074074076 0.21207658321060383 0.03333333333333333 0.035346097201767304
4 0.9118518518518518 0.18335787923416788 0.017037037037037038 0.011782032400589101
23 0.26407407407407407 0.23784977908689248 0.011851851851851851 0.008836524300441826
23 0.20666666666666667 0.24558173784977907 0.00962962962962963 0.005891016200294551
4 0.9125925925925926 0.19771723122238585 0.017037037037037038 0.009572901325478646
4 0.06777777777777778 0.2599410898379971 0.025925925925925925 0.030927835051546393
4 0.38481481481481483 0.25257731958762886 0.025185185185185185 0.020618556701030927
4 0.03888888888888889 0.27871870397643594 0.005925925925925926 0.013991163475699559
4 0.47 0.2496318114874816 0.006666666666666667 0.012518409425625921
4 0.8944444444444445 0.25257731958762886 0.035555555555555556 0.03460972017673049
4 0.45740740740740743 0.29013254786450665 0.052592592592592594 0.04786450662739323
15 0.3985185185185185 0.30007363770250367 0.028888888888888888 0.04050073637702504
23 0.512962962962963 0.2963917525773196 0.011111111111111112 0.007363770250368188
23 0.5185185185185185 0.3070692194403535 0.011851851851851851 0.008100147275405008
23 0.5140740740740741 0.3162739322533137 0.011851851851851851 0.007363770250368188
30 0.9448148148148148 0.2916053019145803 0.02074074074074074 0.022827687776141383
23 0.5151851851851852 0.32658321060382917 0.00962962962962963 0.007363770250368188
4 0.4985185185185185 0.3446244477172312 0.005925925925925926 0.010309278350515464
15 0.40074074074074073 0.35162002945508103 0.045925925925925926 0.027245949926362298
30 0.9455555555555556 0.32032400589101623 0.023703703703703703 0.021354933726067747
4 0.47333333333333333 0.3560382916053019 0.03111111111111111 0.030927835051546393
4 0.9207407407407407 0.32952871870397643 0.012592592592592593 0.016200294550810016
30 0.4025925925925926 0.39359351988217967 0.02 0.021354933726067747
30 0.37925925925925924 0.39653902798232693 0.022222222222222223 0.028718703976435934
4 0.48518518518518516 0.3895434462444772 0.011111111111111112 0.005891016200294551
4 0.8974074074074074 0.36229749631811486 0.03777777777777778 0.0390279823269514
4 0.94 0.36229749631811486 0.022962962962962963 0.027245949926362298
4 0.8533333333333334 0.3703976435935199 0.025185185185185185 0.03166421207658321
4 0.48592592592592593 0.39985272459499266 0.01037037037037037 0.005891016200294551
15 0.2411111111111111 0.4337260677466863 0.20222222222222222 0.203240058910162
4 0.4033333333333333 0.4256259204712813 0.013333333333333334 0.024300441826215022
4 0.4292592592592593 0.4252577319587629 0.011851851851851851 0.021354933726067747
30 0.47333333333333333 0.42341678939617083 0.024444444444444446 0.026509572901325478
4 0.4507407407407407 0.4267304860088365 0.01037037037037037 0.020618556701030927
23 0.46555555555555556 0.44477172312223856 0.005925925925925926 0.010309278350515464
23 0.48074074074074075 0.44477172312223856 0.006666666666666667 0.014727540500736377
23 0.1111111111111111 0.47091310751104565 0.00962962962962963 0.005154639175257732
4 0.11148148148148149 0.48232695139911635 0.011111111111111112 0.0066273932253313695
23 0.11185185185185186 0.49263622974963184 0.008148148148148147 0.005154639175257732
30 0.47444444444444445 0.4683357879234168 0.02074074074074074 0.023564064801178203
4 0.43 0.47128129602356406 0.011111111111111112 0.025036818851251842
4 0.4048148148148148 0.4734904270986745 0.014074074074074074 0.026509572901325478
4 0.45222222222222225 0.47201767304860087 0.011111111111111112 0.023564064801178203
4 0.08444444444444445 0.5033136966126657 0.016296296296296295 0.007363770250368188
4 0.047407407407407405 0.5066273932253313 0.014074074074074074 0.010309278350515464
23 0.11185185185185186 0.5025773195876289 0.008888888888888889 0.005154639175257732
23 0.11296296296296296 0.5125184094256259 0.008888888888888889 0.005154639175257732
23 0.4685185185185185 0.49079528718703974 0.005185185185185185 0.011782032400589101
23 0.48148148148148145 0.49042709867452133 0.0044444444444444444 0.010309278350515464
23 0.11370370370370371 0.5195139911634757 0.008888888888888889 0.004418262150220913
23 0.06555555555555556 0.5416053019145802 0.0044444444444444444 0.009572901325478646
23 0.027777777777777776 0.5449189985272459 0.008148148148148147 0.013254786450662739
23 0.08555555555555555 0.5416053019145802 0.0044444444444444444 0.011045655375552283
23 0.07555555555555556 0.5427098674521355 0.005185185185185185 0.010309278350515464
4 0.27296296296296296 0.5567010309278351 0.007407407407407408 0.015463917525773196
4 0.30666666666666664 0.5559646539027983 0.005925925925925926 0.011045655375552283
4 0.2948148148148148 0.5570692194403535 0.007407407407407408 0.011782032400589101
4 0.37851851851851853 0.5533873343151694 0.035555555555555556 0.03460972017673049
23 0.1862962962962963 0.5706921944035346 0.0044444444444444444 0.011782032400589101
23 0.20555555555555555 0.5699558173784978 0.0044444444444444444 0.012518409425625921
23 0.1962962962962963 0.5706921944035346 0.005925925925925926 0.012518409425625921
23 0.2137037037037037 0.5699558173784978 0.007407407407407408 0.011045655375552283
23 0.2237037037037037 0.569219440353461 0.005185185185185185 0.010309278350515464
23 0.23296296296296296 0.5688512518409425 0.007407407407407408 0.013254786450662739
23 0.24185185185185185 0.5688512518409425 0.005925925925925926 0.009572901325478646
23 0.2514814814814815 0.5688512518409425 0.006666666666666667 0.009572901325478646
23 0.14777777777777779 0.5909425625920471 0.007407407407407408 0.011782032400589101
23 0.15777777777777777 0.5902061855670103 0.005185185185185185 0.011045655375552283
23 0.16814814814814816 0.5913107511045655 0.006666666666666667 0.011045655375552283
23 0.31925925925925924 0.5898379970544919 0.008148148148148147 0.003681885125184094
23 0.337037037037037 0.5891016200294551 0.012592592592592593 0.0066273932253313695
4 0.4266666666666667 0.5898379970544919 0.03777777777777778 0.035346097201767304
23 0.32 0.5983063328424153 0.00962962962962963 0.005891016200294551
23 0.33740740740740743 0.5983063328424153 0.011111111111111112 0.0066273932253313695
4 0.011111111111111112 0.6226067746686303 0.00962962962962963 0.030191458026509573
15 0.3751851851851852 0.5979381443298969 0.034074074074074076 0.033873343151693665
4 0.05555555555555555 0.6200294550810015 0.011111111111111112 0.026509572901325478
4 0.4803703703703704 0.5909425625920471 0.03925925925925926 0.036818851251840944
4 0.03259259259259259 0.6222385861561119 0.01037037037037037 0.027245949926362298
4 0.5274074074074074 0.5942562592047128 0.008888888888888889 0.005154639175257732
4 0.6725925925925926 0.5894698085419735 0.005185185185185185 0.011045655375552283
23 0.6922222222222222 0.5887334315169367 0.0044444444444444444 0.010309278350515464
23 0.6825925925925926 0.5894698085419735 0.005185185185185185 0.010309278350515464
23 0.7203703703703703 0.5868924889543446 0.0044444444444444444 0.008100147275405008
4 0.7018518518518518 0.5883652430044183 0.0044444444444444444 0.011045655375552283
4 0.31592592592592594 0.6152430044182622 0.005185185185185185 0.009572901325478646
4 0.73 0.5872606774668631 0.005185185185185185 0.008836524300441826
23 0.7118518518518518 0.5887334315169367 0.003703703703703704 0.008100147275405008
23 0.7492592592592593 0.5861561119293078 0.0044444444444444444 0.009572901325478646
30 0.27037037037037037 0.6196612665684831 0.022222222222222223 0.016936671575846832
23 0.7396296296296296 0.5876288659793815 0.005185185185185185 0.008100147275405008
30 0.2114814814814815 0.6251840942562592 0.023703703703703703 0.023564064801178203
30 0.23851851851851852 0.6237113402061856 0.02148148148148148 0.020618556701030927
4 0.3440740740740741 0.6163475699558174 0.0044444444444444444 0.013254786450662739
4 0.5274074074074074 0.605301914580265 0.012592592592592593 0.007363770250368188
30 0.2962962962962963 0.6218703976435935 0.02074074074074074 0.015463917525773196
4 0.02962962962962963 0.08762886597938144 0.005925925925925926 0.013254786450662739
15 0.5677777777777778 0.6093519882179675 0.051111111111111114 0.04344624447717231
23 0.5296296296296297 0.6152430044182622 0.011111111111111112 0.004418262150220913
23 0.06962962962962962 0.08505154639175258 0.006666666666666667 0.011045655375552283
30 0.6851851851851852 0.6115611192930781 0.018518518518518517 0.024300441826215022
30 0.3233333333333333 0.6399116347569955 0.017777777777777778 0.018409425625920472
30 0.7122222222222222 0.6130338733431517 0.02 0.022827687776141383
23 0.4388888888888889 0.6332842415316642 0.006666666666666667 0.013254786450662739
30 0.7377777777777778 0.6126656848306333 0.02074074074074074 0.024300441826215022
23 0.4514814814814815 0.6329160530191458 0.005925925925925926 0.008836524300441826
30 0.2262962962962963 0.648379970544919 0.022962962962962963 0.01914580265095729
23 0.47555555555555556 0.6314432989690721 0.0044444444444444444 0.011782032400589101
23 0.48703703703703705 0.6318114874815906 0.006666666666666667 0.010309278350515464
30 0.19740740740740742 0.6516936671575847 0.02 0.016936671575846832
30 0.2814814814814815 0.6461708394698086 0.024444444444444446 0.020618556701030927
30 0.25333333333333335 0.648379970544919 0.02 0.016200294550810016
4 0.5292592592592592 0.632179675994109 0.01037037037037037 0.008100147275405008
30 0.6622222222222223 0.6244477172312224 0.02 0.022827687776141383
23 0.7718518518518519 0.6215022091310751 0.005925925925925926 0.015463917525773196
23 0.7818518518518518 0.6222385861561119 0.007407407407407408 0.014727540500736377
4 0.3788888888888889 0.06590574374079529 0.015555555555555555 0.007363770250368188
30 0.05148148148148148 0.0898379970544919 0.025185185185185185 0.021354933726067747
15 0.41962962962962963 0.0662739322533137 0.0362962962962963 0.022827687776141383
4 0.5288888888888889 0.060382916053019146 0.014074074074074074 0.005891016200294551