23 0.8358501118568232 0.0018022657054582905 0.009507829977628635 0.003604531410916581
4 0.7505592841163311 0.4701338825952626 0.0145413870246085 0.005664263645726055
23 0.5648769574944071 0.47322348094747685 0.01174496644295302 0.007723995880535531
23 0.10486577181208054 0.4848094747682801 0.011185682326621925 0.007209062821833162
23 0.5623601789709173 0.486096807415036 0.012304250559284116 0.005149330587023687
15 0.8000559284116331 0.4837796086508754 0.03691275167785235 0.06488156539649846
23 0.11409395973154363 0.505664263645726 0.012863534675615212 0.006694129763130793
15 0.16722595078299776 0.5054067971163748 0.03467561521252797 0.07209062821833162
15 0.46140939597315433 0.5030895983522142 0.036353467561521254 0.0690010298661174
15 0.2181208053691275 0.5072090628218332 0.03076062639821029 0.07260556127703399
15 0.3635346756152125 0.5054067971163748 0.035794183445190156 0.07672502574665294
15 0.41387024608501116 0.5043769309989702 0.03691275167785235 0.07466529351184346
15 0.5128635346756152 0.5033470648815654 0.0436241610738255 0.07518022657054584
15 0.31487695749440714 0.5072090628218332 0.03243847874720358 0.07518022657054584
15 0.26789709172259507 0.5082389289392379 0.03131991051454139 0.07363542739443872
23 0.8914988814317674 0.49897013388259526 0.05480984340044743 0.021112255406797117
23 0.7807606263982103 0.0033470648815653965 0.005592841163310962 0.006694129763130793
23 0.8498322147651006 0.518022657054583 0.013422818791946308 0.006179196704428424
23 0.11269574944071588 0.5411946446961895 0.006152125279642058 0.01184346035015448
4 0.7527964205816555 0.5324407826982492 0.012863534675615212 0.006179196704428424
15 0.6577181208053692 0.5355303810504635 0.13870246085011187 0.12615859938208032
4 0.5645973154362416 0.53913491246138 0.016778523489932886 0.005149330587023687
23 0.1266778523489933 0.5491761071060762 0.0039149888143176735 0.012873326467559218
23 0.17030201342281878 0.5538105046343975 0.012304250559284116 0.008238928939237899
23 0.14429530201342283 0.5550978372811535 0.012304250559284116 0.006694129763130793
23 0.19239373601789708 0.5548403707518023 0.012304250559284116 0.005664263645726055
4 0.5237695749440716 0.5507209062821833 0.015659955257270694 0.005664263645726055
23 0.8928970917225951 0.5463439752832132 0.05089485458612975 0.024716786817713696
4 0.2511185682326622 0.5576725025746653 0.0050335570469798654 0.01184346035015448
4 0.3517897091722595 0.5569001029866117 0.006152125279642058 0.013903192584963954
4 0.3987695749440716 0.5566426364572605 0.006152125279642058 0.012873326467559218
4 0.4457494407158837 0.5579299691040165 0.005592841163310962 0.013388259526261586
23 0.47259507829977626 0.55870236869207 0.006152125279642058 0.013903192584963954
23 0.5011185682326622 0.5592173017507724 0.006711409395973154 0.012873326467559218
23 0.4904921700223714 0.5594747682801235 0.005592841163310962 0.013903192584963954
23 0.45861297539149887 0.559989701338826 0.00727069351230425 0.014418125643666324
4 0.5296420581655481 0.5623069001029866 0.011185682326621925 0.006179196704428424
23 0.33165548098434006 0.5671987641606591 0.00727069351230425 0.01184346035015448
23 0.319910514541387 0.5671987641606591 0.005592841163310962 0.014933058702368692
15 0.8008948545861297 0.5605046343975283 0.04138702460850112 0.06385169927909372
23 0.5657158836689038 0.5659114315139032 0.008389261744966443 0.018022657054582905
23 0.10822147651006711 0.5792996910401648 0.003355704697986577 0.014418125643666324
4 0.43652125279642057 0.574150360453141 0.012304250559284116 0.006694129763130793
23 0.09032438478747204 0.5808444902162719 0.010626398210290829 0.005149330587023687
23 0.22958612975391499 0.581101956745623 0.007829977628635347 0.016477857878475798
15 0.4720357941834452 0.5890834191555098 0.039149888143176735 0.016992790937178166
15 0.5335570469798657 0.5885684860968075 0.035794183445190156 0.012358393408856848
23 0.06823266219239374 0.599124613800206 0.006152125279642058 0.013903192584963954
23 0.0819351230425056 0.5998970133882595 0.0050335570469798654 0.014418125643666324
23 0.10486577181208054 0.6011843460350155 0.010626398210290829 0.004634397528321318
23 0.5676733780760627 0.5952626158599382 0.007829977628635347 0.01596292481977343
23 0.8914988814317674 0.5901132852729145 0.04809843400447427 0.022142121524201853
23 0.2273489932885906 0.604788877445932 0.009507829977628635 0.013388259526261586
23 0.8475950782997763 0.5947476828012358 0.015100671140939598 0.006179196704428424
15 0.17533557046979867 0.6065911431513903 0.07829977628635347 0.06642636457260556
15 0.2670581655480984 0.6073635427394438 0.031879194630872486 0.06951596292481978
23 0.764261744966443 0.6035015447991761 0.006711409395973154 0.012873326467559218
23 0.7541946308724832 0.6035015447991761 0.005592841163310962 0.01596292481977343
23 0.8241051454138703 0.6040164778578785 0.011185682326621925 0.005149330587023687
4 0.41778523489932884 0.6114830072090628 0.01174496644295302 0.008238928939237899
15 0.35626398210290827 0.6125128733264675 0.059843400447427295 0.04479917610710608
23 0.7933445190156599 0.6065911431513903 0.01174496644295302 0.005664263645726055
23 0.8492729306487695 0.6055612770339855 0.0145413870246085 0.005149330587023687
4 0.116331096196868 0.61740473738414 0.006711409395973154 0.014418125643666324
23 0.45302013422818793 0.6166323377960865 0.006711409395973154 0.01132852729145211
23 0.4966442953020134 0.615859938208033 0.003355704697986577 0.013388259526261586
23 0.6677852348993288 0.6132852729145211 0.013982102908277404 0.006694129763130793
23 0.4658836689038031 0.6168898043254377 0.006152125279642058 0.012358393408856848
23 0.4848993288590604 0.6166323377960865 0.006711409395973154 0.012358393408856848
23 0.7007829977628636 0.6138002059732235 0.010626398210290829 0.006694129763130793
23 0.5978747203579419 0.6153450051493305 0.012304250559284116 0.005149330587023687
23 0.732662192393736 0.6138002059732235 0.012863534675615212 0.006179196704428424
23 0.6359060402684564 0.6153450051493305 0.018456375838926176 0.008238928939237899
23 0.8243847874720358 0.6153450051493305 0.010626398210290829 0.005149330587023687
23 0.8501118568232662 0.61740473738414 0.00727069351230425 0.004634397528321318
23 0.5156599552572707 0.6238414006179197 0.003355704697986577 0.01184346035015448
4 0.4172259507829978 0.6259011328527292 0.010626398210290829 0.005149330587023687
23 0.23070469798657717 0.6315653964984552 0.0050335570469798654 0.01184346035015448
4 0.6328299776286354 0.627188465499485 0.018456375838926176 0.009268795056642637
23 0.8235458612975392 0.6261585993820803 0.009507829977628635 0.005149330587023687
23 0.8492729306487695 0.6292481977342945 0.010067114093959731 0.005664263645726055
23 0.8246644295302014 0.6364572605561277 0.010626398210290829 0.004119464469618949
23 0.8942953020134228 0.638259526261586 0.05425055928411633 0.02265705458290422
23 0.6370246085011185 0.6426364572605562 0.012304250559284116 0.006694129763130793
23 0.8501118568232662 0.6416065911431514 0.011185682326621925 0.008753861997940269
23 0.11521252796420582 0.65653964984552 0.005592841163310962 0.013903192584963954
23 0.8249440715883669 0.6483007209062822 0.010626398210290829 0.006179196704428424
23 0.2609060402684564 0.6573120494335737 0.0050335570469798654 0.012873326467559218
23 0.24860178970917227 0.6580844490216272 0.006711409395973154 0.015447991761071062
23 0.2715324384787472 0.6575695159629248 0.00727069351230425 0.014418125643666324
23 0.6157718120805369 0.65216271884655 0.0044742729306487695 0.014418125643666324
23 0.22511185682326623 0.6588568486096807 0.006711409395973154 0.017507723995880537
23 0.23685682326621924 0.6598867147270855 0.006152125279642058 0.015447991761071062
4 0.28942953020134227 0.6588568486096807 0.007829977628635347 0.013388259526261586
23 0.6364653243847874 0.6534500514933058 0.011185682326621925 0.005149330587023687
23 0.17365771812080538 0.6622039134912462 0.005592841163310962 0.01132852729145211
23 0.18875838926174496 0.6627188465499485 0.0039149888143176735 0.013903192584963954
23 0.20218120805369127 0.6624613800205973 0.0039149888143176735 0.01596292481977343
23 0.15967561521252796 0.6629763130792997 0.0044742729306487695 0.012358393408856848
23 0.8498322147651006 0.6524201853759012 0.011185682326621925 0.005149330587023687
23 0.5444630872483222 0.6593717816683831 0.0044742729306487695 0.010813594232749742
4 0.5349552572706935 0.6601441812564367 0.005592841163310962 0.01184346035015448
23 0.42757270693512306 0.6629763130792997 0.0050335570469798654 0.01132852729145211
23 0.06291946308724833 0.6696704428424305 0.005592841163310962 0.012358393408856848
23 0.8252237136465325 0.6580844490216272 0.010067114093959731 0.007209062821833162
15 0.5008389261744967 0.6637487126673532 0.04753914988814318 0.035015447991761074
15 0.578579418344519 0.666065911431514 0.049217002237136466 0.032955715756951595
23 0.636744966442953 0.6673532440782698 0.011185682326621925 0.006179196704428424
4 0.825503355704698 0.6694129763130793 0.015100671140939598 0.008753861997940269
23 0.8517897091722595 0.6694129763130793 0.013422818791946308 0.006179196704428424
23 0.4608501118568233 0.6768795056642637 0.011185682326621925 0.006179196704428424
4 0.21085011185682326 0.684346035015448 0.006711409395973154 0.012358393408856848
23 0.6364653243847874 0.6781668383110195 0.012863534675615212 0.004119464469618949
23 0.43512304250559286 0.6828012358393409 0.00727069351230425 0.006694129763130793
4 0.13562639821029082 0.6882080329557158 0.010067114093959731 0.012358393408856848
23 0.5461409395973155 0.685633367662204 0.0050335570469798654 0.014418125643666324
23 0.4628076062639821 0.6874356333676622 0.006711409395973154 0.004119464469618949
23 0.8260626398210291 0.6817713697219362 0.010067114093959731 0.004634397528321318
15 0.7262304250559284 0.6853759011328527 0.11968680089485459 0.11225540679711637
4 0.852069351230425 0.6833161688980433 0.012304250559284116 0.007209062821833162
23 0.6384228187919463 0.6876930998970134 0.015659955257270694 0.005149330587023687
15 0.10095078299776286 0.6979917610710608 0.046420581655480984 0.03244078269824923
23 0.36325503355704697 0.695417095777549 0.007829977628635347 0.014418125643666324
23 0.433165548098434 0.6946446961894953 0.009507829977628635 0.006694129763130793
15 0.17337807606263983 0.7036560247167868 0.0447427293064877 0.03192584963954686
15 0.31208053691275167 0.7018537590113285 0.04586129753914989 0.03038105046343975
15 0.24440715883668904 0.7033985581874357 0.04586129753914989 0.03244078269824923
23 0.8263422818791947 0.694129763130793 0.011185682326621925 0.006179196704428424
23 0.6364653243847874 0.6987641606591143 0.012863534675615212 0.004119464469618949
4 0.8534675615212528 0.6977342945417095 0.013422818791946308 0.009783728115345005
23 0.6219239373601789 0.706745623069001 0.007829977628635347 0.018537590113285273
23 0.825503355704698 0.7033985581874357 0.010626398210290829 0.004634397528321318
23 0.6381431767337807 0.7088053553038105 0.01174496644295302 0.005149330587023687
23 0.27880313199105144 0.7162718846549948 0.008948545861297539 0.013388259526261586
23 0.8543064876957495 0.7111225540679712 0.015100671140939598 0.006694129763130793
23 0.8263422818791947 0.7162718846549948 0.013982102908277404 0.005149330587023687
23 0.5053131991051454 0.7260556127703398 0.053691275167785234 0.026776519052523172
23 0.3889821029082774 0.7283728115345005 0.06096196868008948 0.027806385169927908
15 0.8973713646532439 0.7201338825952626 0.032997762863534674 0.11277033985581875
23 0.5640380313199105 0.7270854788877446 0.053131991051454136 0.02420185375901133
23 0.4488255033557047 0.7288877445932029 0.053691275167785234 0.02729145211122554
4 0.6431767337807607 0.7330072090628218 0.013982102908277404 0.006179196704428424
23 0.20693512304250558 0.741503604531411 0.00727069351230425 0.012358393408856848
4 0.2186800894854586 0.741503604531411 0.007829977628635347 0.013903192584963954
4 0.8517897091722595 0.731719876416066 0.005592841163310962 0.010298661174047374
23 0.3104026845637584 0.7409886714727085 0.0050335570469798654 0.010298661174047374
23 0.1756152125279642 0.743048403707518 0.00727069351230425 0.010813594232749742
23 0.19239373601789708 0.7427909371781668 0.006152125279642058 0.013388259526261586
23 0.23210290827740493 0.7427909371781668 0.009507829977628635 0.01184346035015448
4 0.2930648769574944 0.7417610710607621 0.006152125279642058 0.016477857878475798
23 0.2595078299776286 0.7422760041194645 0.007829977628635347 0.013388259526261586
23 0.24552572706935122 0.7425334706488157 0.006152125279642058 0.012873326467559218
15 0.8260626398210291 0.7342945417095778 0.016778523489932886 0.01956745623069001
23 0.3344519015659955 0.7440782698249228 0.008948545861297539 0.005149330587023687
23 0.8618568232662193 0.7368692070030896 0.00727069351230425 0.013903192584963954
23 0.14737136465324385 0.7533470648815654 0.01174496644295302 0.004634397528321318
23 0.3420022371364653 0.756951596292482 0.010067114093959731 0.004634397528321318
23 0.11605145413870246 0.761071060762101 0.011185682326621925 0.006179196704428424
15 0.0743847874720358 0.765447991761071 0.036353467561521254 0.03913491246138002
23 0.1465324384787472 0.7641606591143152 0.008389261744966443 0.006179196704428424
23 0.34116331096196867 0.7672502574665293 0.011185682326621925 0.005664263645726055
23 0.7583892617449665 0.761071060762101 0.005592841163310962 0.008238928939237899
4 0.7416107382550335 0.7613285272914521 0.006711409395973154 0.01184346035015448
4 0.8534675615212528 0.7600411946446962 0.0050335570469798654 0.01184346035015448
23 0.1174496644295302 0.7718846549948507 0.010626398210290829 0.005664263645726055
23 0.7897091722595079 0.7615859938208033 0.005592841163310962 0.010813594232749742
23 0.7997762863534675 0.7618434603501545 0.006711409395973154 0.012873326467559218
4 0.7768456375838926 0.7623583934088568 0.010067114093959731 0.01184346035015448
23 0.7058165548098434 0.7644181256436663 0.00727069351230425 0.010813594232749742
15 0.825503355704698 0.7641606591143152 0.01621923937360179 0.01956745623069001
23 0.14597315436241612 0.7754891864057673 0.008389261744966443 0.005664263645726055
23 0.8646532438478747 0.7644181256436663 0.003355704697986577 0.014933058702368692
23 0.3420022371364653 0.7775489186405767 0.010626398210290829 0.004634397528321318
23 0.14625279642058164 0.7868177136972193 0.007829977628635347 0.005149330587023687
23 0.7961409395973155 0.780638516992791 0.012863534675615212 0.005664263645726055
4 0.34395973154362414 0.7909371781668383 0.012304250559284116 0.005664263645726055
4 0.8621364653243848 0.7842430484037075 0.013982102908277404 0.005149330587023687
23 0.7488814317673378 0.787590113285273 0.0039149888143176735 0.012358393408856848
23 0.7740492170022372 0.787590113285273 0.00727069351230425 0.012358393408856848
23 0.1470917225950783 0.7976313079299691 0.008389261744966443 0.005149330587023687
23 0.7600671140939598 0.787847579814624 0.0039149888143176735 0.01132852729145211
23 0.633668903803132 0.7940267765190525 0.006152125279642058 0.013903192584963954
23 0.7953020134228188 0.7935118434603502 0.011185682326621925 0.005149330587023687
23 0.8271812080536913 0.7940267765190525 0.013422818791946308 0.018537590113285273
15 0.9032438478747203 0.793254376930999 0.01901565995525727 0.01956745623069001
23 0.34116331096196867 0.8032955715756952 0.01174496644295302 0.005149330587023687
23 0.12444071588366891 0.8084449021627188 0.0044742729306487695 0.01184346035015448
23 0.37276286353467564 0.8048403707518023 0.013422818791946308 0.005664263645726055
23 0.14793064876957496 0.8105046343975283 0.008389261744966443 0.005149330587023687
23 0.8710850111856824 0.8004634397528322 0.015659955257270694 0.005149330587023687
23 0.3420022371364653 0.8135942327497425 0.009507829977628635 0.004634397528321318
23 0.3738814317673378 0.8166838311019567 0.013422818791946308 0.007723995880535531
23 0.1470917225950783 0.8202883625128733 0.010067114093959731 0.004119464469618949
23 0.5682326621923938 0.8182286302780638 0.012863534675615212 0.005664263645726055
23 0.8064876957494407 0.8153964984552008 0.011185682326621925 0.005664263645726055
23 0.691834451901566 0.8192584963954685 0.006711409395973154 0.012358393408856848
15 0.2483221476510067 0.8264675592173018 0.12751677852348994 0.12409886714727085
4 0.342841163310962 0.8259526261585994 0.010067114093959731 0.006694129763130793
23 0.6750559284116331 0.8210607621009269 0.005592841163310962 0.012873326467559218
23 0.633668903803132 0.8244078269824923 0.006711409395973154 0.013388259526261586
23 0.3769574944071588 0.8300720906282183 0.015100671140939598 0.006694129763130793
23 0.569910514541387 0.8290422245108136 0.011185682326621925 0.005149330587023687
4 0.15296420581655482 0.8362512873326468 0.006152125279642058 0.010813594232749742
23 0.34312080536912754 0.8367662203913491 0.008389261744966443 0.005664263645726055
23 0.6115771812080537 0.8354788877445932 0.012863534675615212 0.007209062821833162
23 0.375 0.8414006179196705 0.012863534675615212 0.005149330587023687
23 0.7653803131991052 0.8372811534500515 0.0044742729306487695 0.01184346035015448
4 0.5696308724832215 0.840885684860968 0.013422818791946308 0.008238928939237899
23 0.8380872483221476 0.8370236869207003 0.0039149888143176735 0.010813594232749742
23 0.6691834451901566 0.8424304840370752 0.0044742729306487695 0.009268795056642637
23 0.6814876957494407 0.842173017507724 0.00727069351230425 0.012358393408856848
23 0.3417225950782998 0.8480947476828012 0.01174496644295302 0.003089598352214212
23 0.6563199105145414 0.84346035015448 0.006711409395973154 0.01132852729145211
23 0.6988255033557047 0.8429454170957775 0.006152125279642058 0.01184346035015448
23 0.7116890380313199 0.8432028836251287 0.005592841163310962 0.010813594232749742
4 0.37527964205816555 0.8516992790937178 0.0145413870246085 0.006179196704428424
23 0.09172259507829977 0.8583934088568486 0.010067114093959731 0.006694129763130793
15 0.47706935123042504 0.8522142121524202 0.12751677852348994 0.12564366632337795
23 0.569910514541387 0.853244078269825 0.008389261744966443 0.005149330587023687
4 0.34256152125279643 0.86302780638517 0.01174496644295302 0.005149330587023687
23 0.37723713646532436 0.86302780638517 0.010067114093959731 0.005664263645726055
4 0.7116890380313199 0.8622554067971163 0.013982102908277404 0.004634397528321318
23 0.8392058165548099 0.8601956745623069 0.0044742729306487695 0.01132852729145211
4 0.6389821029082774 0.8635427394438723 0.016778523489932886 0.007209062821833162
23 0.09368008948545861 0.872811534500515 0.010626398210290829 0.007209062821833162
23 0.0673937360178971 0.875643666323378 0.012304250559284116 0.003604531410916581
23 0.7390939597315436 0.8663748712667353 0.013982102908277404 0.006694129763130793
23 0.3420022371364653 0.872811534500515 0.013422818791946308 0.007723995880535531
4 0.1563199105145414 0.8779608650875386 0.01174496644295302 0.004634397528321318
23 0.5701901565995525 0.8733264675592173 0.012304250559284116 0.006694129763130793
23 0.09563758389261745 0.8823377960865088 0.008948545861297539 0.007723995880535531
15 0.8699664429530202 0.869979402677652 0.026286353467561523 0.08084449021627188
23 0.764821029082774 0.872811534500515 0.0044742729306487695 0.01184346035015448
23 0.06935123042505593 0.8859423274974253 0.006152125279642058 0.006179196704428424
23 0.7421700223713646 0.8792481977342945 0.009507829977628635 0.004634397528321318
23 0.15771812080536912 0.8892893923789907 0.00727069351230425 0.005664263645726055
23 0.34116331096196867 0.8877445932028837 0.011185682326621925 0.005664263645726055
23 0.569351230425056 0.8846549948506695 0.008948545861297539 0.004119464469618949
23 0.09368008948545861 0.8949536560247168 0.015659955257270694 0.005149330587023687
23 0.13394854586129754 0.8946961894953656 0.007829977628635347 0.006179196704428424
23 0.9183445190156599 0.88259526261586 0.00727069351230425 0.013388259526261586
23 0.901565995525727 0.8843975283213182 0.0050335570469798654 0.01132852729145211
23 0.6143736017897091 0.891091658084449 0.010626398210290829 0.006179196704428424
23 0.7430089485458613 0.891091658084449 0.008389261744966443 0.004634397528321318
23 0.15743847874720357 0.9011328527291452 0.007829977628635347 0.004634397528321318
23 0.5696308724832215 0.8954685890834192 0.011185682326621925 0.005664263645726055
23 0.09368008948545861 0.9052523171987642 0.010626398210290829 0.006179196704428424
23 0.8403243847874721 0.896755921730175 0.005592841163310962 0.008753861997940269
23 0.741331096196868 0.9013903192584964 0.010067114093959731 0.005149330587023687
23 0.5704697986577181 0.9083419155509783 0.009507829977628635 0.005149330587023687
4 0.2936241610738255 0.9132337796086509 0.006711409395973154 0.01132852729145211
23 0.19463087248322147 0.914778578784758 0.006152125279642058 0.013903192584963954
23 0.09116331096196868 0.9165808444902163 0.009507829977628635 0.004634397528321318
4 0.2080536912751678 0.916065911431514 0.0050335570469798654 0.014418125643666324
23 0.3875838926174497 0.9137487126673532 0.006152125279642058 0.012873326467559218
23 0.18232662192393737 0.9170957775489187 0.006711409395973154 0.010813594232749742
23 0.28187919463087246 0.9155509783728115 0.006711409395973154 0.013388259526261586
23 0.2181208053691275 0.9165808444902163 0.00727069351230425 0.012873326467559218
23 0.232662192393736 0.9168383110195675 0.00727069351230425 0.012358393408856848
4 0.35514541387024606 0.9152935118434603 0.00727069351230425 0.013388259526261586
23 0.3668903803131991 0.9158084449021627 0.005592841163310962 0.014418125643666324
23 0.24552572706935122 0.917610710607621 0.005592841163310962 0.013388259526261586
23 0.2695749440715884 0.9178681771369722 0.0039149888143176735 0.01132852729145211
23 0.25782997762863535 0.918898043254377 0.008389261744966443 0.013388259526261586
4 0.15100671140939598 0.9207003089598352 0.00727069351230425 0.01184346035015448
23 0.12751677852348994 0.9209577754891864 0.0039149888143176735 0.012358393408856848
23 0.16666666666666666 0.9214727085478888 0.006152125279642058 0.010813594232749742
15 0.6756152125279642 0.9142636457260556 0.07774049217002237 0.07312049433573635
23 0.7399328859060402 0.9142636457260556 0.013422818791946308 0.006179196704428424
23 0.09368008948545861 0.9279093717816684 0.010626398210290829 0.005664263645726055
23 0.03887024608501118 0.928681771369722 0.015100671140939598 0.007209062821833162
23 0.7418903803131991 0.9250772399588053 0.012863534675615212 0.004119464469618949
23 0.09368008948545861 0.9382080329557158 0.010626398210290829 0.005149330587023687
23 0.2681767337807606 0.935890834191555 0.010626398210290829 0.010298661174047374
23 0.03970917225950783 0.9394953656024717 0.012304250559284116 0.006179196704428424
4 0.20078299776286354 0.9389804325437693 0.0044742729306487695 0.012873326467559218
23 0.22595078299776286 0.9389804325437693 0.006152125279642058 0.01184346035015448
23 0.5002796420581656 0.9351184346035015 0.005592841163310962 0.013903192584963954
23 0.21532438478747204 0.9397528321318228 0.006152125279642058 0.010813594232749742
23 0.4105145413870246 0.9366632337796087 0.005592841163310962 0.012873326467559218
23 0.24161073825503357 0.9397528321318228 0.0039149888143176735 0.013388259526261586
23 0.4222595078299776 0.9369207003089598 0.00727069351230425 0.013388259526261586
23 0.4904921700223714 0.9364057672502575 0.006711409395973154 0.014418125643666324
23 0.5128635346756152 0.935890834191555 0.007829977628635347 0.014933058702368692
23 0.25279642058165547 0.9402677651905252 0.0044742729306487695 0.013903192584963954
4 0.47874720357941836 0.9366632337796087 0.0050335570469798654 0.018537590113285273
23 0.5262863534675615 0.935890834191555 0.006152125279642058 0.014418125643666324
23 0.5385906040268457 0.9366632337796087 0.005592841163310962 0.01132852729145211
15 0.5928411633109619 0.9361483007209063 0.021252796420581657 0.01596292481977343
23 0.7427293064876958 0.9364057672502575 0.01174496644295302 0.003604531410916581
23 0.09395973154362416 0.9490216271884655 0.008389261744966443 0.005664263645726055
23 0.8159955257270693 0.940010298661174 0.006711409395973154 0.015447991761071062
23 0.46140939597315433 0.9456745623069001 0.006711409395973154 0.013388259526261586
23 0.45022371364653246 0.9472193614830072 0.003355704697986577 0.012873326467559218
23 0.43903803131991054 0.9485066941297632 0.006152125279642058 0.015447991761071062
4 0.20945190156599552 0.9582904222451082 0.013422818791946308 0.009268795056642637
15 0.17757270693512303 0.9593202883625128 0.02237136465324385 0.04016477857878476
15 0.13842281879194632 0.9606076210092688 0.02181208053691275 0.0427394438722966
15 0.7821588366890381 0.9513388259526262 0.028523489932885907 0.04170957775489186
23 0.5081096196868009 0.9572605561277034 0.006152125279642058 0.014418125643666324
23 0.520413870246085 0.9570030895983522 0.007829977628635347 0.016992790937178166
23 0.49580536912751677 0.958032955715757 0.006711409395973154 0.012358393408856848
23 0.531599552572707 0.9593202883625128 0.00727069351230425 0.013903192584963954
23 0.7424496644295302 0.958032955715757 0.012863534675615212 0.005149330587023687
23 0.23378076062639822 0.9673017507723995 0.006711409395973154 0.014418125643666324
23 0.5578859060402684 0.9631822863027807 0.0039149888143176735 0.01132852729145211
4 0.5886465324384788 0.963697219361483 0.010067114093959731 0.013388259526261586
4 0.572986577181208 0.9639546858908342 0.010067114093959731 0.017507723995880537
23 0.24496644295302014 0.9691040164778579 0.006711409395973154 0.018022657054582905
23 0.6051454138702461 0.9639546858908342 0.0050335570469798654 0.010813594232749742
23 0.8165548098434005 0.963697219361483 0.006152125279642058 0.016477857878475798
23 0.6605145413870246 0.9660144181256437 0.008389261744966443 0.005664263645726055
23 0.639261744966443 0.966529351184346 0.015100671140939598 0.005149330587023687
23 0.7086129753914989 0.9657569515962925 0.012304250559284116 0.004634397528321318
23 0.6840044742729307 0.9667868177136972 0.010626398210290829 0.005149330587023687
23 0.38870246085011184 0.971936148300721 0.013982102908277404 0.006179196704428424
23 0.7315436241610739 0.9691040164778579 0.012304250559284116 0.004634397528321318
23 0.27069351230425054 0.9770854788877446 0.01174496644295302 0.005664263645726055
23 0.2197986577181208 0.08985581874356334 0.016778523489932886 0.013903192584963954
23 0.21895973154362416 0.10169927909371781 0.012863534675615212 0.006179196704428424
15 0.17421700223713646 0.10453141091658084 0.016778523489932886 0.012358393408856848
23 0.44099552572706935 0.10427394438722966 0.012304250559284116 0.004119464469618949
23 0.5271252796420581 0.10401647785787847 0.005592841163310962 0.012358393408856848
4 0.5019574944071589 0.10453141091658084 0.006152125279642058 0.01184346035015448
23 0.514821029082774 0.10478887744593203 0.0044742729306487695 0.010813594232749742
15 0.47762863534675615 0.11148300720906282 0.017897091722595078 0.035015447991761074
4 0.22595078299776286 0.1166323377960865 0.011185682326621925 0.009783728115345005
23 0.4423937360178971 0.11354273944387229 0.008389261744966443 0.004119464469618949
23 0.09228187919463088 0.11972193614830072 0.007829977628635347 0.015447991761071062
23 0.1297539149888143 0.12178166838311019 0.008389261744966443 0.01596292481977343
23 0.5234899328859061 0.1184346035015448 0.010626398210290829 0.008238928939237899
23 0.04334451901565996 0.12873326467559218 0.006152125279642058 0.01596292481977343
23 0.24888143176733782 0.12538619979402676 0.016778523489932886 0.004634397528321318
23 0.44211409395973156 0.12538619979402676 0.009507829977628635 0.006694129763130793
23 0.50251677852349 0.12461380020597322 0.007829977628635347 0.015447991761071062
23 0.36772930648769575 0.12770339855818744 0.005592841163310962 0.01184346035015448
23 0.1814876957494407 0.131307929969104 0.0145413870246085 0.006179196704428424
23 0.3565436241610738 0.12950566426364574 0.008389261744966443 0.010813594232749742
23 0.3447986577181208 0.1300205973223481 0.007829977628635347 0.009783728115345005
23 0.5399888143176734 0.13259526261585994 0.028523489932885907 0.012358393408856848
23 0.25027964205816555 0.13774459320288363 0.008389261744966443 0.005149330587023687
4 0.7133668903803132 0.13182286302780638 0.010626398210290829 0.012358393408856848
23 0.18176733780760626 0.14160659114315138 0.012304250559284116 0.004634397528321318
23 0.44211409395973156 0.13722966014418125 0.007829977628635347 0.007209062821833162
15 0.7782438478747203 0.13439752832131824 0.07774049217002237 0.14572605561277033
23 0.8845078299776287 0.13439752832131824 0.05480984340044743 0.022142121524201853
23 0.0441834451901566 0.14881565396498456 0.003355704697986577 0.018022657054582905
23 0.2477628635346756 0.14881565396498456 0.008389261744966443 0.004119464469618949
23 0.18176733780760626 0.15242018537590113 0.010067114093959731 0.006694129763130793
23 0.4899328859060403 0.1477857878475798 0.008389261744966443 0.014933058702368692
23 0.5044742729306487 0.1477857878475798 0.006152125279642058 0.013903192584963954
4 0.3232662192393736 0.1511328527291452 0.0050335570469798654 0.012358393408856848
23 0.47874720357941836 0.14855818743563337 0.005592841163310962 0.014418125643666324
23 0.27181208053691275 0.15190525231719876 0.0050335570469798654 0.012358393408856848
23 0.2986577181208054 0.15190525231719876 0.006711409395973154 0.014933058702368692
23 0.284675615212528 0.15216271884654994 0.008389261744966443 0.014418125643666324
23 0.36073825503355705 0.1513903192584964 0.008948545861297539 0.012873326467559218
23 0.3495525727069351 0.15216271884654994 0.0039149888143176735 0.014933058702368692
23 0.39485458612975394 0.15190525231719876 0.0044742729306487695 0.013903192584963954
23 0.3104026845637584 0.15345005149330587 0.002796420581655481 0.013903192584963954
23 0.3378076062639821 0.1529351184346035 0.0050335570469798654 0.014418125643666324
4 0.3808724832214765 0.15267765190525232 0.00727069351230425 0.014933058702368692
4 0.24748322147651006 0.15756951596292482 0.012304250559284116 0.006694129763130793
15 0.2150447427293065 0.16168898043254376 0.02181208053691275 0.02059732234809475
23 0.8431208053691275 0.15242018537590113 0.012304250559284116 0.003604531410916581
23 0.18260626398210292 0.16529351184346036 0.008389261744966443 0.005664263645726055
23 0.08221476510067115 0.1725025746652935 0.0050335570469798654 0.012358393408856848
23 0.2505592841163311 0.17018537590113286 0.010067114093959731 0.004634397528321318
4 0.5875279642058165 0.16632337796086508 0.007829977628635347 0.013388259526261586
4 0.6238814317673378 0.16632337796086508 0.01174496644295302 0.014933058702368692
4 0.6065436241610739 0.16709577754891863 0.012863534675615212 0.015447991761071062
4 0.6412192393736018 0.16658084449021626 0.009507829977628635 0.015447991761071062
23 0.8461968680089486 0.16529351184346036 0.0145413870246085 0.004119464469618949
23 0.18120805369127516 0.17713697219361482 0.010067114093959731 0.004119464469618949
23 0.4133109619686801 0.17636457260556127 0.012304250559284116 0.006694129763130793
23 0.22203579418344518 0.18048403707518024 0.017337807606263984 0.009268795056642637
23 0.25 0.18202883625128732 0.00727069351230425 0.005149330587023687
23 0.8856263982102909 0.18022657054582905 0.056487695749440715 0.025231719876416064
23 0.41582774049217003 0.18872296601441813 0.008948545861297539 0.005664263645726055
23 0.18931767337807606 0.19438722966014418 0.0044742729306487695 0.01184346035015448
23 0.17757270693512303 0.19464469618949537 0.0039149888143176735 0.013388259526261586
23 0.24916107382550334 0.19541709577754893 0.010626398210290829 0.005149330587023687
4 0.8358501118568232 0.18820803295571575 0.006711409395973154 0.016477857878475798
23 0.8475950782997763 0.1889804325437693 0.006152125279642058 0.01184346035015448
23 0.4121923937360179 0.1990216271884655 0.010067114093959731 0.005664263645726055
23 0.2505592841163311 0.2072605561277034 0.013982102908277404 0.005664263645726055
23 0.18232662192393737 0.2106076210092688 0.01174496644295302 0.003604531410916581
15 0.21532438478747204 0.2121524201853759 0.015100671140939598 0.03553038105046344
23 0.4147091722595078 0.21446961894953656 0.011185682326621925 0.005149330587023687
4 0.055089485458612975 0.2203913491246138 0.012304250559284116 0.006694129763130793
23 0.25027964205816555 0.220648815653965 0.01174496644295302 0.006179196704428424
23 0.1837248322147651 0.22296601441812564 0.010067114093959731 0.003604531410916581
15 0.33361297539149887 0.2255406797116375 0.11968680089485459 0.1101956745623069
4 0.5880872483221476 0.22296601441812564 0.01174496644295302 0.014418125643666324
4 0.7486017897091722 0.22193614830072092 0.009507829977628635 0.014933058702368692
23 0.2511185682326622 0.23043254376931 0.009507829977628635 0.005664263645726055
23 0.1342281879194631 0.23300720906282182 0.012863534675615212 0.006179196704428424
15 0.09507829977628636 0.23455200823892894 0.029082774049217 0.038619979402677654
23 0.4155480984340045 0.23094747682801237 0.011185682326621925 0.007209062821833162
23 0.889821029082774 0.22502574665293512 0.053131991051454136 0.02265705458290422
23 0.13282997762863535 0.24536560247167868 0.010626398210290829 0.005664263645726055
23 0.41638702460850113 0.2433058702368692 0.008389261744966443 0.005149330587023687
23 0.19994407158836688 0.24742533470648817 0.010067114093959731 0.015447991761071062
23 0.24133109619686802 0.24716786817713698 0.007829977628635347 0.015447991761071062
4 0.23126398210290827 0.24742533470648817 0.006152125279642058 0.01184346035015448
23 0.25419463087248323 0.24742533470648817 0.006152125279642058 0.013903192584963954
23 0.18260626398210292 0.25077239958805353 0.01174496644295302 0.005149330587023687
15 0.6680648769574944 0.24948506694129763 0.13646532438478748 0.06488156539649846
15 0.5058724832214765 0.25257466529351186 0.1331096196868009 0.061277033985581875
23 0.4175055928411633 0.25514933058702366 0.008389261744966443 0.005664263645726055
15 0.7955816554809844 0.25 0.03467561521252797 0.06591143151390319
23 0.18176733780760626 0.262615859938208 0.008948545861297539 0.005149330587023687
4 0.7508389261744967 0.25386199794026776 0.009507829977628635 0.016992790937178166
23 0.24888143176733782 0.262615859938208 0.011185682326621925 0.006694129763130793
23 0.15436241610738255 0.2680226570545829 0.0044742729306487695 0.010298661174047374
23 0.13534675615212527 0.26905252317198763 0.007829977628635347 0.004634397528321318
23 0.16554809843400448 0.26853759011328526 0.0050335570469798654 0.013388259526261586
23 0.41498881431767337 0.2659629248197734 0.008389261744966443 0.004634397528321318
23 0.18232662192393737 0.272399588053553 0.010626398210290829 0.005149330587023687
23 0.25083892617449666 0.2762615859938208 0.012304250559284116 0.004634397528321318
4 0.13562639821029082 0.28038105046343975 0.008948545861297539 0.005664263645726055
23 0.41694630872483224 0.2762615859938208 0.008948545861297539 0.004119464469618949
23 0.8873042505592841 0.26930998970133885 0.05480984340044743 0.026776519052523172
15 0.09256152125279642 0.2860453141091658 0.027404921700223715 0.03759011328527292
15 0.21728187919463088 0.2847579814624099 0.02069351230425056 0.03810504634397528
23 0.18260626398210292 0.286302780638517 0.007829977628635347 0.005664263645726055
4 0.5903243847874721 0.2796086508753862 0.0050335570469798654 0.012358393408856848
4 0.7513982102908278 0.27909371781668385 0.007829977628635347 0.012358393408856848
23 0.1546420581655481 0.28861997940267764 0.0050335570469798654 0.01596292481977343
23 0.25139821029082776 0.2870751802265705 0.015659955257270694 0.007723995880535531
23 0.16610738255033558 0.2896498455200824 0.003355704697986577 0.012873326467559218
23 0.13814317673378076 0.2909371781668383 0.010626398210290829 0.007209062821833162
23 0.8406040268456376 0.28398558187435635 0.013422818791946308 0.006179196704428424
23 0.18512304250559283 0.296086508753862 0.012304250559284116 0.003604531410916581
23 0.3104026845637584 0.2945417095777549 0.015659955257270694 0.005149330587023687
23 0.28635346756152125 0.29582904222451084 0.015100671140939598 0.005664263645726055
23 0.2516778523489933 0.29840370751802264 0.010626398210290829 0.005149330587023687
4 0.38534675615212527 0.30149330587023687 0.006711409395973154 0.014933058702368692
4 0.1814876957494407 0.3079299691040165 0.012304250559284116 0.007723995880535531
4 0.7508389261744967 0.30329557157569514 0.010067114093959731 0.016992790937178166
4 0.5903243847874721 0.3074150360453141 0.008389261744966443 0.013388259526261586
23 0.18120805369127516 0.31874356333676623 0.017337807606263984 0.006179196704428424
23 0.2757270693512304 0.32286302780638515 0.005592841163310962 0.013903192584963954
23 0.2511185682326622 0.3241503604531411 0.0145413870246085 0.006694129763130793
23 0.8887024608501118 0.31513903192584963 0.05201342281879195 0.025231719876416064
23 0.12863534675615212 0.3303295571575695 0.0050335570469798654 0.012358393408856848
23 0.14821029082774048 0.3311019567456231 0.006711409395973154 0.013903192584963954
23 0.15827740492170023 0.3308444902162719 0.0044742729306487695 0.012873326467559218
15 0.2181208053691275 0.33135942327497425 0.01901565995525727 0.03398558187435633
15 0.5095078299776287 0.32981462409886714 0.13814317673378076 0.07003089598352215
23 0.1814876957494407 0.33779608650875387 0.012304250559284116 0.005664263645726055
15 0.799496644295302 0.3287847579814624 0.03523489932885906 0.07518022657054584
15 0.33305369127516776 0.3372811534500515 0.0743847874720358 0.057157569515962924
15 0.6725391498881432 0.33290422245108137 0.13590604026845637 0.061277033985581875
4 0.3895413870246085 0.3385684860968074 0.012304250559284116 0.005664263645726055
23 0.25083892617449666 0.342173017507724 0.010626398210290829 0.004119464469618949
23 0.42197986577181207 0.3406282183316169 0.013982102908277404 0.004634397528321318
4 0.18400447427293065 0.34809474768280124 0.010067114093959731 0.005664263645726055
4 0.7536353467561522 0.34243048403707516 0.012863534675615212 0.004119464469618949
23 0.10458612975391499 0.3571060762100927 0.00727069351230425 0.012358393408856848
23 0.4228187919463087 0.351956745623069 0.008389261744966443 0.004119464469618949
23 0.07997762863534676 0.35787847579814624 0.0050335570469798654 0.01184346035015448
23 0.24217002237136465 0.35993820803295573 0.008389261744966443 0.007723995880535531
23 0.19267337807606263 0.3638002059732235 0.008389261744966443 0.015447991761071062
23 0.17869127516778524 0.364572605561277 0.008948545861297539 0.01596292481977343
23 0.27936241610738255 0.36405767250257465 0.006152125279642058 0.015447991761071062
23 0.4230984340044743 0.36277033985581875 0.012304250559284116 0.006179196704428424
4 0.5914429530201343 0.3630278063851699 0.007829977628635347 0.010298661174047374
23 0.39793064876957496 0.3666323377960865 0.0050335570469798654 0.012873326467559218
23 0.38730425055928414 0.3684346035015448 0.005592841163310962 0.013903192584963954
4 0.75251677852349 0.3630278063851699 0.005592841163310962 0.013903192584963954
23 0.2430089485458613 0.37126673532440785 0.011185682326621925 0.005149330587023687
23 0.8447986577181208 0.3630278063851699 0.016778523489932886 0.005149330587023687
23 0.8878635346756152 0.3630278063851699 0.05536912751677853 0.02420185375901133
23 0.42393736017897093 0.37615859938208035 0.013422818791946308 0.006179196704428424
23 0.13087248322147652 0.3849124613800206 0.006711409395973154 0.014418125643666324
23 0.15548098434004473 0.38439752832131824 0.003355704697986577 0.012358393408856848
23 0.14205816554809844 0.38568486096807414 0.006152125279642058 0.01184346035015448
23 0.37080536912751677 0.38259526261585997 0.01621923937360179 0.007723995880535531
23 0.3434004474272931 0.38362512873326465 0.012863534675615212 0.005664263645726055
23 0.3931767337807606 0.3828527291452111 0.01621923937360179 0.006694129763130793
23 0.5341163310961968 0.3805355303810505 0.013422818791946308 0.005664263645726055
23 0.5100671140939598 0.381307929969104 0.015659955257270694 0.006694129763130793
23 0.47651006711409394 0.38233779608650875 0.011185682326621925 0.004634397528321318
23 0.44742729306487694 0.385427394438723 0.010067114093959731 0.005149330587023687
23 0.5889261744966443 0.38362512873326465 0.016778523489932886 0.006179196704428424
23 0.4228187919463087 0.38748712667353247 0.012863534675615212 0.006694129763130793
23 0.11213646532438479 0.393923789907312 0.012863534675615212 0.005664263645726055
4 0.2402125279642058 0.39907312049433574 0.013982102908277404 0.005664263645726055
4 0.3313758389261745 0.39752832131822863 0.007829977628635347 0.004119464469618949
4 0.5545302013422819 0.3946961894953656 0.010626398210290829 0.006179196704428424
23 0.4499440715883669 0.39727085478887747 0.008948545861297539 0.007209062821833162
23 0.4225391498881432 0.39778578784757984 0.011185682326621925 0.003604531410916581
23 0.66582774049217 0.3944387229660144 0.01901565995525727 0.026261585993820804
23 0.14569351230425057 0.40525231719876414 0.01174496644295302 0.005149330587023687
23 0.6881991051454138 0.39701338825952626 0.010626398210290829 0.008753861997940269
23 0.7609060402684564 0.40061791967044286 0.007829977628635347 0.015447991761071062
23 0.07270693512304251 0.41220391349124613 0.0044742729306487695 0.01132852729145211
23 0.44966442953020136 0.40602471678681773 0.00727069351230425 0.004634397528321318
23 0.42393736017897093 0.4070545829042225 0.010626398210290829 0.005664263645726055
4 0.33053691275167785 0.4091143151390319 0.007829977628635347 0.004634397528321318
23 0.10626398210290827 0.4127188465499485 0.0044742729306487695 0.014418125643666324
23 0.1180089485458613 0.4129763130792997 0.0044742729306487695 0.012873326467559218
4 0.535234899328859 0.40679711637487126 0.013982102908277404 0.005664263645726055
15 0.28691275167785235 0.4111740473738414 0.03467561521252797 0.06488156539649846
15 0.19686800894854586 0.4132337796086509 0.03523489932885906 0.0705458290422245
15 0.8008948545861297 0.40550978372811536 0.03467561521252797 0.06591143151390319
23 0.1470917225950783 0.41709577754891863 0.007829977628635347 0.003089598352214212
23 0.889261744966443 0.407826982492276 0.052572706935123045 0.021112255406797117
23 0.44910514541387025 0.41735324407826985 0.00727069351230425 0.006179196704428424
23 0.32941834451901564 0.41992790937178165 0.013982102908277404 0.007723995880535531
15 0.7298657718120806 0.41349124613800203 0.032997762863534674 0.03913491246138002
23 0.42449664429530204 0.4194129763130793 0.011185682326621925 0.006694129763130793
23 0.5508948545861297 0.41735324407826985 0.012304250559284116 0.005149330587023687
15 0.5995525727069351 0.417610710607621 0.056487695749440715 0.03141091658084449
23 0.08976510067114093 0.4294541709577755 0.009507829977628635 0.004119464469618949
23 0.14904921700223714 0.42842430484037075 0.012304250559284116 0.005149330587023687
23 0.1115771812080537 0.4294541709577755 0.012304250559284116 0.006179196704428424
15 0.3789149888143177 0.4253347064881565 0.04586129753914989 0.06848609680741503
15 0.491331096196868 0.42481977342945415 0.03859060402684564 0.06848609680741503
23 0.45050335570469796 0.4261071060762101 0.00727069351230425 0.006179196704428424
23 0.42477628635346754 0.4286817713697219 0.008389261744966443 0.004119464469618949
4 0.6837248322147651 0.42481977342945415 0.010067114093959731 0.003604531410916581
23 0.5500559284116331 0.4291967044284243 0.0145413870246085 0.005149330587023687
23 0.1493288590604027 0.4407826982492276 0.010626398210290829 0.006179196704428424
23 0.45022371364653246 0.43846549948506697 0.007829977628635347 0.004119464469618949
4 0.4228187919463087 0.4420700308959835 0.011185682326621925 0.005664263645726055
23 0.552013422818792 0.44104016477857877 0.01174496644295302 0.006179196704428424
23 0.1493288590604027 0.451081359423275 0.01174496644295302 0.005149330587023687
23 0.8467561521252797 0.4407826982492276 0.016778523489932886 0.006179196704428424
23 0.639261744966443 0.44464469618949537 0.0050335570469798654 0.01184346035015448
23 0.45022371364653246 0.4477342945417096 0.010626398210290829 0.007209062821833162
23 0.3291387024608501 0.4503089598352214 0.01174496644295302 0.005664263645726055
4 0.651565995525727 0.44515962924819774 0.008389261744966443 0.014418125643666324
23 0.6778523489932886 0.44515962924819774 0.009507829977628635 0.014418125643666324
23 0.7567114093959731 0.44438722966014416 0.011185682326621925 0.007209062821833162
23 0.6655480984340044 0.44593202883625127 0.008389261744966443 0.013903192584963954
23 0.3296979865771812 0.4600926879505664 0.012863534675615212 0.006179196704428424
23 0.42197986577181207 0.45854788877445934 0.007829977628635347 0.004634397528321318
23 0.14681208053691275 0.4629248197734295 0.010067114093959731 0.006179196704428424
23 0.8901006711409396 0.45159629248197736 0.053131991051454136 0.025231719876416064
23 0.5355145413870246 0.45777548918640576 0.011185682326621925 0.003604531410916581
23 0.8025727069351231 0.0012873326467559218 0.005592841163310962 0.0025746652935118436
23 0.4471476510067114 0.45957775489186403 0.01621923937360179 0.006179196704428424
23 0.1040268456375839 0.467816683831102 0.00727069351230425 0.005664263645726055