23 0.4398843930635838 0.1517094017094017 0.011560693641618497 0.045584045584045586
4 0.22514450867052024 0.11538461538461539 0.021965317919075144 0.02564102564102564
4 0.1884393063583815 0.11467236467236468 0.017341040462427744 0.08262108262108261
4 0.6927745664739884 0.2022792022792023 0.010982658959537572 0.039886039886039885
23 0.6835260115606936 0.20085470085470086 0.012138728323699421 0.04700854700854701
4 0.17023121387283238 0.11467236467236468 0.017919075144508672 0.07692307692307693
23 0.08670520231213873 0.11253561253561253 0.023121387283236993 0.042735042735042736
23 0.5095375722543353 0.18874643874643873 0.017341040462427744 0.024216524216524215
23 0.02601156069364162 0.10612535612535613 0.02716763005780347 0.039886039886039885
23 0.5265895953757226 0.19373219373219372 0.018497109826589597 0.021367521367521368
4 0.22658959537572254 0.14458689458689458 0.027745664739884393 0.03418803418803419
23 0.5002890173410405 0.2094017094017094 0.017341040462427744 0.02849002849002849
23 0.5156069364161849 0.21225071225071226 0.018497109826589597 0.024216524216524215
23 0.5338150289017342 0.21652421652421652 0.01560693641618497 0.027065527065527065
23 0.4184971098265896 0.21296296296296297 0.019653179190751446 0.027065527065527065
4 0.5823699421965318 0.24786324786324787 0.010404624277456647 0.04131054131054131
23 0.5924855491329479 0.25 0.008670520231213872 0.04131054131054131
4 0.5367052023121387 0.2556980056980057 0.008670520231213872 0.037037037037037035
4 0.3494219653179191 0.22364672364672364 0.010982658959537572 0.0584045584045584
4 0.3627167630057804 0.2272079772079772 0.012716763005780347 0.06837606837606838
23 0.4352601156069364 0.24002849002849003 0.017341040462427744 0.02564102564102564
23 0.45 0.2443019943019943 0.006936416184971098 0.03133903133903134
23 0.6950867052023122 0.28703703703703703 0.017919075144508672 0.027065527065527065
4 0.3265895953757225 0.22435897435897437 0.013294797687861272 0.05128205128205128
23 0.45635838150289015 0.24715099715099714 0.008092485549132947 0.03418803418803419
4 0.0815028901734104 0.1908831908831909 0.031791907514450865 0.045584045584045586
23 0.49682080924855493 0.26353276353276356 0.006936416184971098 0.037037037037037035
4 0.6809248554913295 0.2984330484330484 0.009248554913294798 0.04131054131054131
4 0.5797687861271676 0.2841880341880342 0.008092485549132947 0.029914529914529916
4 0.6109826589595375 0.2898860398860399 0.017341040462427744 0.02849002849002849
23 0.41791907514450866 0.25925925925925924 0.014450867052023121 0.024216524216524215
4 0.6947976878612717 0.31196581196581197 0.017919075144508672 0.024216524216524215
4 0.5919075144508671 0.2984330484330484 0.006936416184971098 0.03133903133903134
23 0.1598265895953757 0.22934472934472935 0.013872832369942197 0.04843304843304843
23 0.6323699421965318 0.3126780626780627 0.01676300578034682 0.022792022792022793
23 0.21676300578034682 0.24287749287749288 0.0005780346820809249 0.0014245014245014246
4 0.3982658959537572 0.27635327635327633 0.012716763005780347 0.017094017094017096
4 0.650578034682081 0.3247863247863248 0.01676300578034682 0.022792022792022793
23 0.4130057803468208 0.2849002849002849 0.012716763005780347 0.022792022792022793
4 0.04450867052023121 0.2215099715099715 0.035838150289017344 0.04415954415954416
4 0.3222543352601156 0.2720797720797721 0.01560693641618497 0.02564102564102564
4 0.29884393063583814 0.26851851851851855 0.01560693641618497 0.022792022792022793
4 0.2815028901734104 0.2670940170940171 0.016184971098265895 0.02564102564102564
23 0.6320809248554913 0.33262108262108264 0.018497109826589597 0.022792022792022793
23 0.3991329479768786 0.29415954415954415 0.012138728323699421 0.017094017094017096
4 0.10722543352601156 0.24358974358974358 0.016184971098265895 0.02564102564102564
4 0.08034682080924856 0.24216524216524216 0.028901734104046242 0.04131054131054131
23 0.7161849710982658 0.35185185185185186 0.010982658959537572 0.04843304843304843
23 0.7054913294797688 0.35113960113960113 0.010404624277456647 0.04415954415954416
23 0.4121387283236994 0.3034188034188034 0.012138728323699421 0.017094017094017096
23 0.6497109826589595 0.34615384615384615 0.01676300578034682 0.022792022792022793
23 0.39797687861271674 0.3084045584045584 0.012138728323699421 0.019943019943019943
23 0.6309248554913295 0.3525641025641026 0.01907514450867052 0.02564102564102564
4 0.34508670520231216 0.3041310541310541 0.010982658959537572 0.0584045584045584
4 0.8630057803468208 0.39672364672364674 0.012138728323699421 0.05982905982905983
4 0.3667630057803468 0.3148148148148148 0.015028901734104046 0.06125356125356125
4 0.9026011560693642 0.4081196581196581 0.011560693641618497 0.0584045584045584
4 0.8508670520231214 0.3995726495726496 0.012138728323699421 0.06267806267806268
4 0.8904624277456648 0.4066951566951567 0.013294797687861272 0.05982905982905983
4 0.8786127167630058 0.405982905982906 0.012138728323699421 0.05413105413105413
23 0.10606936416184971 0.2727920227920228 0.018497109826589597 0.02564102564102564
23 0.6482658959537573 0.3668091168091168 0.01560693641618497 0.02564102564102564
4 0.8395953757225434 0.40028490028490027 0.012138728323699421 0.0584045584045584
23 0.9127167630057803 0.4131054131054131 0.009248554913294798 0.04700854700854701
4 0.4106936416184971 0.33404558404558404 0.015028901734104046 0.018518518518518517
23 0.6317919075144509 0.37535612535612534 0.018497109826589597 0.02564102564102564
23 0.048843930635838154 0.28062678062678065 0.006936416184971098 0.04131054131054131
23 0.06098265895953757 0.28561253561253563 0.008670520231213872 0.04131054131054131
23 0.6479768786127168 0.38817663817663817 0.014450867052023121 0.027065527065527065
23 0.08959537572254335 0.29415954415954415 0.008092485549132947 0.03276353276353276
23 0.63121387283237 0.39886039886039887 0.017341040462427744 0.02564102564102564
23 0.6485549132947976 0.40954415954415957 0.017919075144508672 0.03133903133903134
23 0.6297687861271676 0.42094017094017094 0.017341040462427744 0.022792022792022793
23 0.06329479768786127 0.32407407407407407 0.01560693641618497 0.027065527065527065
4 0.08352601156069364 0.32834757834757833 0.016184971098265895 0.02564102564102564
4 0.8531791907514451 0.4658119658119658 0.01560693641618497 0.02849002849002849
23 0.10404624277456648 0.33760683760683763 0.015028901734104046 0.02849002849002849
23 0.6465317919075144 0.43304843304843305 0.017919075144508672 0.022792022792022793
23 0.17023121387283238 0.35185185185185186 0.01907514450867052 0.03418803418803419
23 0.04826589595375722 0.33547008547008544 0.009248554913294798 0.04131054131054131
4 0.9823699421965318 0.49786324786324787 0.015028901734104046 0.027065527065527065
4 0.8309248554913294 0.4722222222222222 0.009826589595375723 0.037037037037037035
23 0.1546242774566474 0.3561253561253561 0.009826589595375723 0.039886039886039885
4 0.4078034682080925 0.4024216524216524 0.012716763005780347 0.021367521367521368
23 0.6291907514450867 0.4415954415954416 0.01560693641618497 0.021367521367521368
23 0.1416184971098266 0.35826210826210825 0.012138728323699421 0.045584045584045586
4 0.8531791907514451 0.48361823361823364 0.013294797687861272 0.019943019943019943
23 0.969364161849711 0.5049857549857549 0.008092485549132947 0.039886039886039885
4 0.9592485549132947 0.5071225071225072 0.012138728323699421 0.045584045584045586
23 0.6456647398843931 0.4537037037037037 0.015028901734104046 0.029914529914529916
4 0.9127167630057803 0.5028490028490028 0.02023121387283237 0.02849002849002849
23 0.07052023121387284 0.3611111111111111 0.008092485549132947 0.045584045584045586
23 0.05953757225433526 0.358974358974359 0.010404624277456647 0.045584045584045586
4 0.7950867052023122 0.48575498575498577 0.01676300578034682 0.07264957264957266
23 0.1684971098265896 0.38105413105413105 0.015028901734104046 0.03133903133903134
4 0.9832369942196532 0.5220797720797721 0.013294797687861272 0.022792022792022793
23 0.7780346820809249 0.48717948717948717 0.01907514450867052 0.02849002849002849
4 0.8895953757225433 0.5078347578347578 0.009826589595375723 0.039886039886039885
23 0.6283236994219653 0.46296296296296297 0.01560693641618497 0.022792022792022793
23 0.8985549132947976 0.5128205128205128 0.011560693641618497 0.042735042735042736
23 0.8101156069364162 0.5064102564102564 0.013872832369942197 0.05413105413105413
23 0.6447976878612717 0.4793447293447293 0.01676300578034682 0.022792022792022793
4 0.8589595375722543 0.5163817663817664 0.008092485549132947 0.037037037037037035
4 0.9124277456647398 0.5270655270655271 0.01676300578034682 0.029914529914529916
23 0.8491329479768787 0.5220797720797721 0.009248554913294798 0.04131054131054131
23 0.9395953757225434 0.5391737891737892 0.012716763005780347 0.05270655270655271
23 0.1416184971098266 0.4024216524216524 0.009248554913294798 0.042735042735042736
23 0.15346820809248554 0.40527065527065526 0.009248554913294798 0.042735042735042736
23 0.6283236994219653 0.4878917378917379 0.01676300578034682 0.019943019943019943
4 0.2060693641618497 0.4166666666666667 0.018497109826589597 0.02564102564102564
23 0.16936416184971098 0.41239316239316237 0.01560693641618497 0.039886039886039885
4 0.9875722543352601 0.5548433048433048 0.009248554913294798 0.042735042735042736
23 0.977456647398844 0.5541310541310541 0.010404624277456647 0.042735042735042736
23 0.6456647398843931 0.5021367521367521 0.013294797687861272 0.022792022792022793
4 0.4052023121387283 0.4636752136752137 0.013872832369942197 0.019943019943019943
23 0.8690751445086705 0.5455840455840456 0.012716763005780347 0.04700854700854701
23 0.626878612716763 0.5078347578347578 0.01676300578034682 0.024216524216524215
23 0.7511560693641619 0.5306267806267806 0.010404624277456647 0.04415954415954416
4 0.04797687861271676 0.41239316239316237 0.008670520231213872 0.038461538461538464
4 0.9164739884393064 0.5626780626780626 0.010404624277456647 0.042735042735042736
23 0.9069364161849711 0.561965811965812 0.010404624277456647 0.04131054131054131
23 0.05953757225433526 0.41737891737891736 0.008670520231213872 0.039886039886039885
23 0.8236994219653179 0.5505698005698005 0.02254335260115607 0.02849002849002849
23 0.6436416184971099 0.5213675213675214 0.015028901734104046 0.02564102564102564
4 0.203757225433526 0.4458689458689459 0.023699421965317918 0.03418803418803419
4 0.2930635838150289 0.4672364672364672 0.013294797687861272 0.019943019943019943
4 0.2751445086705202 0.46438746438746437 0.012716763005780347 0.019943019943019943
23 0.9523121387283237 0.5811965811965812 0.019653179190751446 0.02849002849002849
4 0.146242774566474 0.4465811965811966 0.019653179190751446 0.03133903133903134
23 0.626878612716763 0.5299145299145299 0.017341040462427744 0.022792022792022793
23 0.1699421965317919 0.4551282051282051 0.012716763005780347 0.04985754985754986
4 0.7687861271676301 0.5633903133903134 0.019653179190751446 0.029914529914529916
23 0.6427745664739885 0.542022792022792 0.015028901734104046 0.021367521367521368
23 0.0800578034682081 0.4458689458689459 0.012138728323699421 0.04985754985754986
23 0.8820809248554913 0.5847578347578347 0.018497109826589597 0.029914529914529916
23 0.6748554913294798 0.5491452991452992 0.019653179190751446 0.024216524216524215
4 0.10346820809248555 0.45085470085470086 0.008092485549132947 0.039886039886039885
23 0.11416184971098266 0.4537037037037037 0.010404624277456647 0.045584045584045586
4 0.9375722543352601 0.5954415954415955 0.010982658959537572 0.04415954415954416
23 0.09161849710982659 0.45014245014245013 0.010982658959537572 0.042735042735042736
23 0.1260115606936416 0.457977207977208 0.010404624277456647 0.037037037037037035
4 0.8404624277456647 0.5861823361823362 0.011560693641618497 0.04700854700854701
23 0.6257225433526011 0.5512820512820513 0.013294797687861272 0.022792022792022793
4 0.8089595375722544 0.584045584045584 0.012716763005780347 0.045584045584045586
23 0.750578034682081 0.5747863247863247 0.010404624277456647 0.04415954415954416
23 0.05722543352601156 0.46082621082621084 0.009248554913294798 0.04415954415954416
23 0.046242774566473986 0.4601139601139601 0.012138728323699421 0.04700854700854701
23 0.641907514450867 0.5648148148148148 0.012716763005780347 0.021367521367521368
4 0.9679190751445087 0.6225071225071225 0.015028901734104046 0.04843304843304843
23 0.792485549132948 0.5925925925925926 0.016184971098265895 0.029914529914529916
23 0.7745664739884393 0.5897435897435898 0.016184971098265895 0.024216524216524215
4 0.40260115606936414 0.5256410256410257 0.013872832369942197 0.018518518518518517
23 0.6751445086705202 0.5754985754985755 0.01676300578034682 0.021367521367521368
4 0.315606936416185 0.5135327635327636 0.013294797687861272 0.02849002849002849
4 0.29104046242774567 0.50997150997151 0.012716763005780347 0.019943019943019943
4 0.27427745664739883 0.5078347578347578 0.015028901734104046 0.019943019943019943
4 0.9011560693641618 0.6160968660968661 0.009826589595375723 0.042735042735042736
4 0.8664739884393063 0.6132478632478633 0.013872832369942197 0.04700854700854701
23 0.6239884393063584 0.5747863247863247 0.017341040462427744 0.024216524216524215
23 0.06705202312138728 0.4886039886039886 0.012716763005780347 0.04415954415954416
23 0.6401734104046243 0.5876068376068376 0.013294797687861272 0.02564102564102564
23 0.7569364161849711 0.6103988603988604 0.017919075144508672 0.027065527065527065
23 0.09046242774566474 0.49572649572649574 0.008670520231213872 0.04700854700854701
23 0.12745664739884394 0.5021367521367521 0.009826589595375723 0.045584045584045586
23 0.7913294797687861 0.6168091168091168 0.015028901734104046 0.018518518518518517
23 0.07947976878612717 0.4943019943019943 0.010982658959537572 0.042735042735042736
23 0.10202312138728324 0.4985754985754986 0.008092485549132947 0.04843304843304843
23 0.7748554913294797 0.6153846153846154 0.01676300578034682 0.022792022792022793
23 0.11271676300578035 0.5014245014245015 0.013872832369942197 0.045584045584045586
23 0.6234104046242774 0.5968660968660968 0.017341040462427744 0.02564102564102564
23 0.8063583815028902 0.6324786324786325 0.013294797687861272 0.05128205128205128
4 0.977456647398844 0.6645299145299145 0.013872832369942197 0.02564102564102564
23 0.6404624277456648 0.6096866096866097 0.01676300578034682 0.024216524216524215
4 0.9078034682080924 0.6566951566951567 0.01907514450867052 0.029914529914529916
23 0.04971098265895954 0.5106837606837606 0.010404624277456647 0.042735042735042736
4 0.1624277456647399 0.532051282051282 0.009826589595375723 0.039886039886039885
23 0.965028901734104 0.6730769230769231 0.010982658959537572 0.03561253561253561
23 0.03872832369942197 0.5142450142450142 0.008670520231213872 0.037037037037037035
4 0.9540462427745665 0.6737891737891738 0.012138728323699421 0.04415954415954416
23 0.6228323699421965 0.6175213675213675 0.018497109826589597 0.02564102564102564
4 0.8829479768786127 0.6638176638176638 0.012138728323699421 0.039886039886039885
23 0.8936416184971099 0.6666666666666666 0.010404624277456647 0.039886039886039885
4 0.7040462427745665 0.6367521367521367 0.017341040462427744 0.037037037037037035
4 0.7210982658959537 0.6417378917378918 0.014450867052023121 0.03276353276353276
4 0.9771676300578035 0.6873219373219374 0.014450867052023121 0.024216524216524215
23 0.6401734104046243 0.6303418803418803 0.016184971098265895 0.024216524216524215
4 0.9063583815028902 0.6766381766381766 0.017341040462427744 0.02564102564102564
4 0.06734104046242774 0.532051282051282 0.02023121387283237 0.03561253561253561
4 0.3846820809248555 0.5925925925925926 0.016184971098265895 0.024216524216524215
4 0.1375722543352601 0.5534188034188035 0.010404624277456647 0.037037037037037035
23 0.6219653179190752 0.6417378917378918 0.018497109826589597 0.02849002849002849
23 0.934971098265896 0.7037037037037037 0.013294797687861272 0.045584045584045586
23 0.3846820809248555 0.6153846153846154 0.017341040462427744 0.022792022792022793
23 0.021098265895953757 0.5534188034188035 0.009248554913294798 0.045584045584045586
23 0.861849710982659 0.6994301994301995 0.012138728323699421 0.045584045584045586
23 0.15173410404624277 0.5776353276353277 0.008092485549132947 0.038461538461538464
4 0.9826589595375722 0.7207977207977208 0.012716763005780347 0.04700854700854701
23 0.9725433526011561 0.7215099715099715 0.010404624277456647 0.04843304843304843
4 0.9106936416184971 0.7122507122507122 0.010404624277456647 0.038461538461538464
23 0.6208092485549133 0.6623931623931624 0.017919075144508672 0.02849002849002849
23 0.1621387283236994 0.584045584045584 0.011560693641618497 0.04700854700854701
23 0.10895953757225434 0.5754985754985755 0.010404624277456647 0.04700854700854701
23 0.9023121387283237 0.7129629629629629 0.007514450867052023 0.045584045584045586
23 0.638728323699422 0.6752136752136753 0.01560693641618497 0.024216524216524215
23 0.13728323699421965 0.6011396011396012 0.012716763005780347 0.04985754985754986
4 0.380635838150289 0.6445868945868946 0.009248554913294798 0.038461538461538464
23 0.6222543352601156 0.6866096866096866 0.01560693641618497 0.017094017094017096
23 0.03554913294797688 0.5861823361823362 0.019653179190751446 0.029914529914529916
23 0.9485549132947977 0.7464387464387464 0.02023121387283237 0.03418803418803419
23 0.8734104046242774 0.7350427350427351 0.020809248554913295 0.03418803418803419
23 0.6375722543352601 0.6951566951566952 0.016184971098265895 0.02849002849002849
23 0.12312138728323699 0.6075498575498576 0.018497109826589597 0.02849002849002849
23 0.6213872832369942 0.7051282051282052 0.01560693641618497 0.027065527065527065
4 0.05635838150289017 0.6075498575498576 0.02023121387283237 0.03133903133903134
4 0.14797687861271677 0.6253561253561254 0.010404624277456647 0.04700854700854701
4 0.8239884393063583 0.7421652421652422 0.028901734104046242 0.04131054131054131
4 0.09884393063583816 0.6175213675213675 0.028323699421965318 0.03276353276353276
4 0.3713872832369942 0.6652421652421653 0.012716763005780347 0.018518518518518517
23 0.6367052023121387 0.7172364672364673 0.012716763005780347 0.024216524216524215
4 0.7309248554913295 0.7350427350427351 0.029479768786127167 0.03418803418803419
23 0.12138728323699421 0.6346153846153846 0.01676300578034682 0.027065527065527065
4 0.37196531791907517 0.6794871794871795 0.015028901734104046 0.017094017094017096
4 0.033236994219653176 0.6210826210826211 0.029479768786127167 0.03276353276353276
4 0.9309248554913295 0.7763532763532763 0.012716763005780347 0.045584045584045586
4 0.8942196531791907 0.7727920227920227 0.010982658959537572 0.037037037037037035
4 0.965028901734104 0.7870370370370371 0.010404624277456647 0.04131054131054131
23 0.6208092485549133 0.7293447293447294 0.017341040462427744 0.02564102564102564
4 0.34826589595375723 0.6851851851851852 0.02138728323699422 0.03418803418803419
4 0.8635838150289017 0.7742165242165242 0.010982658959537572 0.04843304843304843
4 0.8234104046242775 0.7727920227920227 0.028901734104046242 0.03561253561253561
4 0.3699421965317919 0.6958689458689459 0.015028901734104046 0.024216524216524215
4 0.730635838150289 0.76994301994302 0.03005780346820809 0.04131054131054131
4 0.2852601156069364 0.707977207977208 0.017919075144508672 0.029914529914529916
4 0.26184971098265897 0.7044159544159544 0.016184971098265895 0.022792022792022793
4 0.823121387283237 0.8084045584045584 0.030635838150289016 0.04415954415954416
23 0.9554913294797688 0.8311965811965812 0.024277456647398842 0.037037037037037035
4 0.3514450867052023 0.7272079772079773 0.007514450867052023 0.042735042735042736
4 0.3606936416184971 0.73005698005698 0.012716763005780347 0.04843304843304843
4 0.3401734104046243 0.7307692307692307 0.014450867052023121 0.05413105413105413
23 0.047398843930635835 0.7222222222222222 0.01560693641618497 0.0641025641025641
4 0.06589595375722543 0.7528490028490028 0.011560693641618497 0.04700854700854701
4 0.11184971098265896 0.7934472934472935 0.02138728323699422 0.03276353276353276
4 0.8664739884393063 0.9287749287749287 0.012716763005780347 0.04415954415954416
4 0.9187861271676301 0.9401709401709402 0.01676300578034682 0.02849002849002849
23 0.17138728323699423 0.03205128205128205 0.010982658959537572 0.04700854700854701
7 0.11011560693641619 0.8760683760683761 0.14971098265895955 0.11823361823361823
7 0.6554913294797687 0.9558404558404558 0.15491329479768787 0.08831908831908832
7 0.31184971098265896 0.9152421652421653 0.15028901734104047 0.09544159544159544
7 0.8615606936416185 0.9750712250712251 0.1508670520231214 0.04985754985754986
23 0.44942196531791906 0.10897435897435898 0.007514450867052023 0.038461538461538464
23 0.47658959537572254 0.11324786324786325 0.008670520231213872 0.038461538461538464
23 0.4690751445086705 0.11253561253561253 0.008670520231213872 0.04131054131054131
23 0.44017341040462427 0.10897435897435898 0.010404624277456647 0.045584045584045586
23 0.4578034682080925 0.11324786324786325 0.010982658959537572 0.042735042735042736
4 0.24421965317919075 0.07692307692307693 0.013294797687861272 0.05698005698005698
4 0.22514450867052024 0.08903133903133903 0.02023121387283237 0.029914529914529916