23 0.8708791208791209 0.6237762237762238 0.004273504273504274 0.011888111888111888
4 0.24725274725274726 0.6888111888111889 0.01098901098901099 0.006993006993006993
23 0.4365079365079365 0.66993006993007 0.006105006105006105 0.002797202797202797
30 0.8852258852258852 0.6265734265734266 0.014652014652014652 0.016783216783216783
23 0.45146520146520147 0.6702797202797203 0.007936507936507936 0.0034965034965034965
23 0.47374847374847373 0.6692307692307692 0.007936507936507936 0.005594405594405594
23 0.9111721611721612 0.6269230769230769 0.006105006105006105 0.013986013986013986
4 0.24694749694749696 0.6975524475524476 0.01098901098901099 0.007692307692307693
23 0.45146520146520147 0.6783216783216783 0.010378510378510378 0.006293706293706294
23 0.4358974358974359 0.6807692307692308 0.007936507936507936 0.004195804195804196
4 0.7402319902319903 0.6538461538461539 0.008547008547008548 0.016083916083916083
4 0.040903540903540904 0.7269230769230769 0.004273504273504274 0.012587412587412588
4 0.24816849816849818 0.706993006993007 0.0115995115995116 0.006993006993006993
4 0.4551282051282051 0.6884615384615385 0.01098901098901099 0.006993006993006993
4 0.4368131868131868 0.6905594405594405 0.008547008547008548 0.0048951048951048955
30 0.6614774114774115 0.672027972027972 0.018315018315018316 0.024475524475524476
30 0.6349206349206349 0.6765734265734266 0.014041514041514042 0.021678321678321677
23 0.6758241758241759 0.6734265734265734 0.0030525030525030525 0.011188811188811189
23 0.43833943833943834 0.6993006993006993 0.010378510378510378 0.006293706293706294
23 0.6465201465201466 0.6786713286713286 0.006105006105006105 0.01818181818181818
23 0.45604395604395603 0.6979020979020979 0.009768009768009768 0.006293706293706294
4 0.04242979242979243 0.7454545454545455 0.004273504273504274 0.012587412587412588
4 0.24786324786324787 0.7255244755244755 0.015262515262515262 0.007692307692307693
23 0.43833943833943834 0.7094405594405594 0.01098901098901099 0.005594405594405594
23 0.45634920634920634 0.708041958041958 0.010378510378510378 0.006293706293706294
23 0.43803418803418803 0.7185314685314685 0.009157509157509158 0.005594405594405594
23 0.45604395604395603 0.7185314685314685 0.007936507936507936 0.0048951048951048955
23 0.6480463980463981 0.7020979020979021 0.006715506715506716 0.013286713286713287
23 0.6800976800976801 0.6993006993006993 0.003663003663003663 0.016083916083916083
30 0.6343101343101343 0.7055944055944056 0.01098901098901099 0.014685314685314685
23 0.5790598290598291 0.7115384615384616 0.007936507936507936 0.014685314685314685
30 0.6651404151404151 0.7034965034965035 0.01221001221001221 0.017482517482517484
4 0.44047619047619047 0.7297202797202798 0.008547008547008548 0.0048951048951048955
23 0.06135531135531135 0.7681818181818182 0.005494505494505495 0.013986013986013986
23 0.07112332112332112 0.7678321678321678 0.004273504273504274 0.011188811188811189
4 0.05616605616605617 0.76993006993007 0.004273504273504274 0.015384615384615385
23 0.08821733821733822 0.7678321678321678 0.004884004884004884 0.011888111888111888
23 0.09584859584859586 0.7674825174825175 0.004884004884004884 0.011188811188811189
23 0.07905982905982906 0.7695804195804196 0.003663003663003663 0.013286713286713287
15 0.34615384615384615 0.7465034965034965 0.13553113553113552 0.14895104895104896
4 0.44017094017094016 0.7423076923076923 0.01221001221001221 0.007692307692307693
4 0.6742979242979243 0.7248251748251748 0.006105006105006105 0.016083916083916083
4 0.6834554334554335 0.7237762237762237 0.006105006105006105 0.012587412587412588
23 0.6932234432234432 0.7230769230769231 0.004884004884004884 0.013986013986013986
23 0.6666666666666666 0.7258741258741259 0.004884004884004884 0.012587412587412588
23 0.7005494505494505 0.7234265734265735 0.004884004884004884 0.012587412587412588
23 0.6602564102564102 0.7276223776223776 0.005494505494505495 0.013986013986013986
23 0.8827838827838828 0.705944055944056 0.01221001221001221 0.007692307692307693
23 0.8632478632478633 0.7090909090909091 0.009768009768009768 0.006993006993006993
4 0.2564102564102564 0.7702797202797202 0.01221001221001221 0.008391608391608392
23 0.08424908424908426 0.7895104895104895 0.006105006105006105 0.013286713286713287
30 0.06776556776556776 0.793006993006993 0.015873015873015872 0.02027972027972028
30 0.8647741147741148 0.727972027972028 0.0115995115995116 0.021678321678321677
23 0.5695970695970696 0.7583916083916084 0.01098901098901099 0.006293706293706294
23 0.08699633699633699 0.8090909090909091 0.005494505494505495 0.011188811188811189
23 0.07051282051282051 0.8125874125874126 0.014041514041514042 0.006993006993006993
23 0.5860805860805861 0.7625874125874126 0.006105006105006105 0.016783216783216783
15 0.7387057387057387 0.7538461538461538 0.019536019536019536 0.023076923076923078
23 0.8647741147741148 0.7461538461538462 0.01221001221001221 0.0048951048951048955
23 0.8876678876678876 0.7437062937062937 0.009768009768009768 0.0048951048951048955
4 0.06471306471306472 0.8293706293706293 0.004884004884004884 0.012587412587412588
30 0.5702075702075702 0.7804195804195804 0.014041514041514042 0.01888111888111888
30 0.5500610500610501 0.7825174825174825 0.01221001221001221 0.017482517482517484
23 0.07295482295482296 0.8304195804195804 0.006105006105006105 0.014685314685314685
23 0.586996336996337 0.7835664335664335 0.003663003663003663 0.012587412587412588
23 0.5943223443223443 0.7828671328671328 0.005494505494505495 0.013286713286713287
23 0.6028693528693528 0.7821678321678321 0.003663003663003663 0.013286713286713287
23 0.6105006105006106 0.7814685314685315 0.005494505494505495 0.013986013986013986
23 0.8876678876678876 0.7541958041958042 0.010378510378510378 0.005594405594405594
23 0.8879731379731379 0.762937062937063 0.01098901098901099 0.006993006993006993
4 0.2625152625152625 0.8332167832167832 0.006715506715506716 0.011888111888111888
4 0.44963369963369965 0.8160839160839161 0.01098901098901099 0.01048951048951049
23 0.8901098901098901 0.7744755244755245 0.009768009768009768 0.004195804195804196
23 0.5668498168498168 0.8083916083916084 0.004884004884004884 0.011888111888111888
4 0.583943833943834 0.806993006993007 0.006105006105006105 0.012587412587412588
23 0.5747863247863247 0.8090909090909091 0.006105006105006105 0.011188811188811189
4 0.5592185592185592 0.8104895104895105 0.005494505494505495 0.013986013986013986
23 0.2698412698412698 0.843006993006993 0.005494505494505495 0.008391608391608392
15 0.6156898656898657 0.8111888111888111 0.026862026862026864 0.027972027972027972
23 0.8891941391941391 0.7842657342657343 0.0115995115995116 0.004195804195804196
23 0.27533577533577536 0.8482517482517482 0.002442002442002442 0.011888111888111888
15 0.07905982905982906 0.8744755244755245 0.02197802197802198 0.03076923076923077
4 0.891941391941392 0.794055944055944 0.010378510378510378 0.006293706293706294
4 0.28296703296703296 0.8562937062937063 0.005494505494505495 0.012587412587412588
23 0.4172771672771673 0.8444055944055944 0.009768009768009768 0.011188811188811189
30 0.8721001221001221 0.8006993006993007 0.01282051282051282 0.021678321678321677
23 0.8910256410256411 0.8031468531468532 0.0115995115995116 0.0048951048951048955
30 0.10286935286935286 0.8860139860139861 0.0115995115995116 0.021678321678321677
4 0.4081196581196581 0.858041958041958 0.009157509157509158 0.009790209790209791
4 0.42948717948717946 0.8566433566433567 0.010378510378510378 0.011188811188811189
23 0.8922466422466423 0.8122377622377622 0.01098901098901099 0.006293706293706294
23 0.891941391941392 0.8220279720279721 0.01098901098901099 0.006293706293706294
23 0.3086080586080586 0.8856643356643357 0.004273504273504274 0.014685314685314685
23 0.8940781440781441 0.8311188811188811 0.009157509157509158 0.005594405594405594
4 0.08821733821733822 0.9136363636363637 0.004884004884004884 0.013286713286713287
23 0.07203907203907203 0.9157342657342658 0.004884004884004884 0.013286713286713287
23 0.07967032967032966 0.9150349650349651 0.004273504273504274 0.01048951048951049
15 0.7448107448107448 0.8496503496503497 0.022588522588522588 0.023776223776223775
4 0.362026862026862 0.8933566433566433 0.005494505494505495 0.016083916083916083
30 0.1047008547008547 0.9248251748251748 0.0115995115995116 0.017482517482517484
4 0.768925518925519 0.8660839160839161 0.006105006105006105 0.015384615384615385
23 0.08882783882783883 0.9346153846153846 0.004273504273504274 0.016083916083916083
23 0.32844932844932845 0.9146853146853147 0.004884004884004884 0.015384615384615385
4 0.7225274725274725 0.8765734265734266 0.005494505494505495 0.008391608391608392
4 0.36507936507936506 0.9129370629370629 0.004884004884004884 0.011188811188811189
4 0.7051282051282052 0.8814685314685314 0.006105006105006105 0.016083916083916083
23 0.7148962148962149 0.8804195804195805 0.002442002442002442 0.013286713286713287
23 0.6971916971916972 0.8828671328671329 0.004884004884004884 0.014685314685314685
23 0.10622710622710622 0.9426573426573427 0.007936507936507936 0.005594405594405594
23 0.5558608058608059 0.8989510489510489 0.005494505494505495 0.013286713286713287
23 0.6153846153846154 0.8933566433566433 0.003663003663003663 0.013286713286713287
4 0.6242368742368742 0.8926573426573426 0.004884004884004884 0.013286713286713287
23 0.6062271062271062 0.8944055944055944 0.004884004884004884 0.011888111888111888
15 0.43253968253968256 0.9132867132867133 0.11843711843711843 0.07832167832167833
23 0.10531135531135531 0.9545454545454546 0.007326007326007326 0.0048951048951048955
4 0.7780830280830281 0.8888111888111888 0.005494505494505495 0.016783216783216783
23 0.32814407814407814 0.9353146853146853 0.005494505494505495 0.012587412587412588
4 0.36599511599511597 0.9328671328671329 0.007326007326007326 0.015384615384615385
23 0.6996336996336996 0.9027972027972028 0.004273504273504274 0.013986013986013986
23 0.7054334554334555 0.9020979020979021 0.004884004884004884 0.012587412587412588
23 0.7152014652014652 0.9027972027972028 0.005494505494505495 0.011888111888111888
23 0.6471306471306472 0.9171328671328671 0.003663003663003663 0.011188811188811189
23 0.6315628815628815 0.9192307692307692 0.005494505494505495 0.013986013986013986
23 0.6541514041514042 0.9181818181818182 0.004884004884004884 0.013986013986013986
23 0.6388888888888888 0.9202797202797203 0.004273504273504274 0.012587412587412588
23 0.3315018315018315 0.9534965034965035 0.004273504273504274 0.01048951048951049
4 0.36813186813186816 0.9503496503496504 0.005494505494505495 0.011888111888111888
4 0.05616605616605617 0.9818181818181818 0.005494505494505495 0.016083916083916083
4 0.4297924297924298 0.9685314685314685 0.01282051282051282 0.006293706293706294
23 0.6828449328449329 0.04195804195804196 0.004884004884004884 0.011188811188811189
23 0.6929181929181929 0.04125874125874126 0.004273504273504274 0.011188811188811189
23 0.6135531135531136 0.05104895104895105 0.004884004884004884 0.013986013986013986
23 0.605006105006105 0.0520979020979021 0.007326007326007326 0.014685314685314685
23 0.6938339438339438 0.05979020979020979 0.004273504273504274 0.01048951048951049
23 0.6834554334554335 0.06118881118881119 0.005494505494505495 0.014685314685314685
4 0.8983516483516484 0.04090909090909091 0.009768009768009768 0.006993006993006993
23 0.6156898656898657 0.06958041958041958 0.005494505494505495 0.012587412587412588
23 0.8650793650793651 0.044755244755244755 0.004273504273504274 0.011888111888111888
23 0.8724053724053724 0.044055944055944055 0.004884004884004884 0.012587412587412588
23 0.6056166056166056 0.07237762237762238 0.007326007326007326 0.012587412587412588
4 0.1807081807081807 0.12202797202797203 0.01098901098901099 0.006293706293706294
4 0.47466422466422464 0.0937062937062937 0.005494505494505495 0.011888111888111888
4 0.2097069597069597 0.12167832167832168 0.006105006105006105 0.014685314685314685
23 0.19230769230769232 0.12342657342657343 0.005494505494505495 0.013986013986013986
4 0.23595848595848595 0.11958041958041958 0.005494505494505495 0.013286713286713287
23 0.2268009768009768 0.12062937062937062 0.006105006105006105 0.012587412587412588
23 0.45879120879120877 0.0972027972027972 0.005494505494505495 0.014685314685314685
23 0.25213675213675213 0.11818181818181818 0.003663003663003663 0.013286713286713287
4 0.41117216117216115 0.10244755244755245 0.004273504273504274 0.011188811188811189
23 0.19993894993894995 0.12342657342657343 0.005494505494505495 0.014685314685314685
23 0.24358974358974358 0.11923076923076924 0.004884004884004884 0.014685314685314685
23 0.28998778998779 0.11538461538461539 0.004273504273504274 0.014685314685314685
23 0.4838217338217338 0.0958041958041958 0.0030525030525030525 0.011188811188811189
4 0.40231990231990233 0.1041958041958042 0.004273504273504274 0.014685314685314685
4 0.5009157509157509 0.0944055944055944 0.006715506715506716 0.013986013986013986
23 0.4645909645909646 0.0979020979020979 0.004884004884004884 0.013286713286713287
23 0.21794871794871795 0.12272727272727273 0.004884004884004884 0.013286713286713287
23 0.2982295482295482 0.11468531468531469 0.006105006105006105 0.015384615384615385
4 0.2603785103785104 0.11853146853146854 0.005494505494505495 0.013986013986013986
4 0.3052503052503053 0.11433566433566433 0.004273504273504274 0.013286713286713287
4 0.42857142857142855 0.10244755244755245 0.006105006105006105 0.012587412587412588
23 0.49145299145299143 0.0965034965034965 0.005494505494505495 0.013986013986013986
30 0.3199023199023199 0.11363636363636363 0.01098901098901099 0.024475524475524476
30 0.27503052503052505 0.11923076923076924 0.015262515262515262 0.022377622377622378
30 0.3498168498168498 0.11258741258741259 0.018315018315018316 0.023076923076923078
30 0.8192918192918193 0.06573426573426573 0.020146520146520148 0.022377622377622378
4 0.6852869352869353 0.07972027972027972 0.006715506715506716 0.013286713286713287
4 0.6944444444444444 0.07972027972027972 0.004273504273504274 0.012587412587412588
23 0.1804029304029304 0.1332167832167832 0.010378510378510378 0.006293706293706294
23 0.8064713064713065 0.07307692307692308 0.003663003663003663 0.011188811188811189
30 0.605006105006105 0.1 0.015262515262515262 0.023076923076923078
23 0.2026862026862027 0.14160839160839161 0.0030525030525030525 0.01048951048951049
23 0.23687423687423687 0.13846153846153847 0.004884004884004884 0.013986013986013986
4 0.21978021978021978 0.1402097902097902 0.004884004884004884 0.013986013986013986
23 0.22832722832722832 0.1395104895104895 0.004884004884004884 0.011888111888111888
23 0.21184371184371184 0.14125874125874127 0.003663003663003663 0.012587412587412588
23 0.2448107448107448 0.1381118881118881 0.004884004884004884 0.011888111888111888
4 0.19383394383394384 0.14335664335664336 0.005494505494505495 0.011188811188811189
23 0.25274725274725274 0.13776223776223775 0.005494505494505495 0.013986013986013986
23 0.42063492063492064 0.12132867132867133 0.004273504273504274 0.013286713286713287
23 0.18192918192918192 0.1458041958041958 0.01098901098901099 0.006993006993006993
4 0.4297924297924298 0.12202797202797203 0.004273504273504274 0.013986013986013986
30 0.8257020757020757 0.09090909090909091 0.013431013431013432 0.016083916083916083
23 0.8086080586080586 0.09335664335664336 0.004884004884004884 0.011188811188811189
4 0.7902930402930403 0.0951048951048951 0.004884004884004884 0.012587412587412588
4 0.8003663003663004 0.0951048951048951 0.004884004884004884 0.012587412587412588
23 0.7811355311355311 0.0972027972027972 0.005494505494505495 0.012587412587412588
4 0.5995115995115995 0.12552447552447552 0.005494505494505495 0.013986013986013986
30 0.6596459096459096 0.11993006993006992 0.016483516483516484 0.022377622377622378
23 0.6089743589743589 0.12517482517482517 0.006715506715506716 0.014685314685314685
23 0.6953601953601953 0.11713286713286714 0.004884004884004884 0.013286713286713287
23 0.6202686202686203 0.12482517482517483 0.004884004884004884 0.013986013986013986
4 0.6782661782661783 0.11923076923076924 0.006105006105006105 0.013286713286713287
23 0.7042124542124543 0.11678321678321678 0.006715506715506716 0.014685314685314685
23 0.6855921855921856 0.11888111888111888 0.004884004884004884 0.015384615384615385
23 0.8021978021978022 0.11258741258741259 0.004884004884004884 0.011888111888111888
23 0.8095238095238095 0.11258741258741259 0.004273504273504274 0.013286713286713287
23 0.7905982905982906 0.11503496503496503 0.004884004884004884 0.015384615384615385
23 0.7832722832722833 0.11573426573426573 0.003663003663003663 0.013286713286713287
30 0.8287545787545788 0.11398601398601399 0.01098901098901099 0.016083916083916083
23 0.7710622710622711 0.12237762237762238 0.004884004884004884 0.012587412587412588
23 0.7603785103785103 0.12342657342657343 0.004273504273504274 0.013986013986013986
23 0.7490842490842491 0.12517482517482517 0.004884004884004884 0.014685314685314685
23 0.7393162393162394 0.12727272727272726 0.005494505494505495 0.013986013986013986
23 0.056776556776556776 0.1972027972027972 0.004884004884004884 0.011888111888111888
4 0.07509157509157509 0.20909090909090908 0.015873015873015872 0.008391608391608392
23 0.73992673992674 0.1458041958041958 0.003663003663003663 0.011888111888111888
23 0.75 0.14475524475524476 0.004884004884004884 0.011188811188811189
23 0.7603785103785103 0.14440559440559442 0.003663003663003663 0.011188811188811189
23 0.7701465201465202 0.14440559440559442 0.003663003663003663 0.013286713286713287
15 0.699023199023199 0.15174825174825174 0.026862026862026864 0.022377622377622378
15 0.612942612942613 0.16118881118881118 0.033577533577533576 0.019580419580419582
30 0.6639194139194139 0.15734265734265734 0.018925518925518924 0.02027972027972028
23 0.08455433455433456 0.22517482517482518 0.006105006105006105 0.015384615384615385
23 0.05982905982905983 0.2276223776223776 0.003663003663003663 0.01048951048951049
23 0.0757020757020757 0.22622377622377624 0.003663003663003663 0.012587412587412588
4 0.06837606837606838 0.22797202797202798 0.003663003663003663 0.011188811188811189
23 0.7997557997557998 0.1618881118881119 0.005494505494505495 0.013286713286713287
4 0.6504884004884005 0.1874125874125874 0.006105006105006105 0.013286713286713287
30 0.6651404151404151 0.1874125874125874 0.016483516483516484 0.02097902097902098
4 0.681013431013431 0.18601398601398603 0.007326007326007326 0.016783216783216783
23 0.362026862026862 0.22062937062937063 0.009157509157509158 0.005594405594405594
4 0.32967032967032966 0.22447552447552446 0.009768009768009768 0.0048951048951048955
4 0.4194139194139194 0.21608391608391608 0.01221001221001221 0.005594405594405594
4 0.34523809523809523 0.22342657342657343 0.01221001221001221 0.006993006993006993
4 0.40231990231990233 0.21783216783216783 0.010378510378510378 0.004195804195804196
23 0.38003663003663 0.21993006993006994 0.009768009768009768 0.005594405594405594
23 0.4355921855921856 0.21468531468531468 0.0115995115995116 0.0048951048951048955
23 0.452991452991453 0.21328671328671328 0.009768009768009768 0.0048951048951048955
4 0.73992673992674 0.18566433566433566 0.006105006105006105 0.019580419580419582
4 0.7884615384615384 0.1839160839160839 0.005494505494505495 0.015384615384615385
23 0.06105006105006105 0.25804195804195806 0.006105006105006105 0.016783216783216783
23 0.7997557997557998 0.18461538461538463 0.004273504273504274 0.011888111888111888
4 0.8922466422466423 0.17797202797202796 0.006105006105006105 0.01818181818181818
4 0.3806471306471306 0.23006993006993007 0.0115995115995116 0.005594405594405594
23 0.4017094017094017 0.22797202797202798 0.009768009768009768 0.004195804195804196
23 0.4355921855921856 0.22447552447552446 0.01282051282051282 0.006293706293706294
23 0.34645909645909645 0.23356643356643356 0.009768009768009768 0.0034965034965034965
23 0.4194139194139194 0.22692307692307692 0.0115995115995116 0.006293706293706294
4 0.4539072039072039 0.22342657342657343 0.008547008547008548 0.005594405594405594
23 0.32967032967032966 0.23601398601398602 0.0115995115995116 0.005594405594405594
23 0.36538461538461536 0.23251748251748253 0.014041514041514042 0.005594405594405594
15 0.8507326007326007 0.18426573426573425 0.017704517704517704 0.022377622377622378
4 0.710927960927961 0.2097902097902098 0.004884004884004884 0.011188811188811189
4 0.7005494505494505 0.2111888111888112 0.006715506715506716 0.014685314685314685
23 0.8021978021978022 0.20244755244755244 0.004273504273504274 0.013286713286713287
4 0.7255799755799756 0.21048951048951048 0.004884004884004884 0.013986013986013986
4 0.7918192918192918 0.20384615384615384 0.0030525030525030525 0.013986013986013986
4 0.7338217338217338 0.21013986013986014 0.005494505494505495 0.011888111888111888
4 0.7426739926739927 0.2097902097902098 0.005494505494505495 0.011188811188811189
4 0.8943833943833944 0.206993006993007 0.005494505494505495 0.012587412587412588
4 0.641941391941392 0.2367132867132867 0.008547008547008548 0.006293706293706294
4 0.7997557997557998 0.2216783216783217 0.004884004884004884 0.011888111888111888
4 0.8159340659340659 0.22062937062937063 0.005494505494505495 0.011888111888111888
4 0.8568376068376068 0.21643356643356643 0.004273504273504274 0.011888111888111888
23 0.8504273504273504 0.21748251748251748 0.0030525030525030525 0.00909090909090909
4 0.7921245421245421 0.22377622377622378 0.006105006105006105 0.011888111888111888
4 0.7127594627594628 0.2318181818181818 0.006715506715506716 0.011188811188811189
4 0.8244810744810744 0.22062937062937063 0.003663003663003663 0.009790209790209791
4 0.7762515262515263 0.22552447552447552 0.004273504273504274 0.012587412587412588
4 0.8315018315018315 0.2202797202797203 0.002442002442002442 0.012587412587412588
4 0.7451159951159951 0.229020979020979 0.002442002442002442 0.00909090909090909
4 0.6620879120879121 0.23741258741258742 0.009768009768009768 0.004195804195804196
4 0.6804029304029304 0.23566433566433567 0.010378510378510378 0.006293706293706294
23 0.8418803418803419 0.21993006993006994 0.006715506715506716 0.012587412587412588
4 0.7380952380952381 0.2318181818181818 0.004884004884004884 0.011888111888111888
4 0.23901098901098902 0.28321678321678323 0.006715506715506716 0.01818181818181818
4 0.06379731379731379 0.3041958041958042 0.006105006105006105 0.016083916083916083
23 0.07234432234432235 0.3041958041958042 0.006715506715506716 0.013986013986013986
15 0.28174603174603174 0.2846153846153846 0.05860805860805861 0.044755244755244755
4 0.6831501831501832 0.24475524475524477 0.009768009768009768 0.005594405594405594
23 0.6657509157509157 0.2486013986013986 0.009768009768009768 0.004195804195804196
23 0.4343711843711844 0.272027972027972 0.01282051282051282 0.006993006993006993
23 0.6477411477411478 0.25104895104895103 0.007936507936507936 0.004195804195804196
15 0.1749084249084249 0.29895104895104896 0.12026862026862027 0.05104895104895105
23 0.503968253968254 0.2702797202797203 0.004884004884004884 0.013986013986013986
23 0.8501221001221001 0.23636363636363636 0.003663003663003663 0.011188811188811189
4 0.6843711843711844 0.2541958041958042 0.006715506715506716 0.005594405594405594
4 0.825091575091575 0.24020979020979022 0.003663003663003663 0.009790209790209791
23 0.8598901098901099 0.23741258741258742 0.005494505494505495 0.01048951048951049
23 0.6648351648351648 0.2573426573426573 0.009157509157509158 0.004195804195804196
4 0.8333333333333334 0.2409090909090909 0.006105006105006105 0.013986013986013986
23 0.6462148962148963 0.2597902097902098 0.009157509157509158 0.0048951048951048955
23 0.4358974358974359 0.28321678321678323 0.007936507936507936 0.0034965034965034965
23 0.07417582417582418 0.322027972027972 0.004273504273504274 0.011888111888111888
4 0.6846764346764347 0.2646853146853147 0.007936507936507936 0.004195804195804196
23 0.6654456654456654 0.2681818181818182 0.007936507936507936 0.0048951048951048955
23 0.6492673992673993 0.2699300699300699 0.007326007326007326 0.002797202797202797
23 0.4365079365079365 0.291958041958042 0.007326007326007326 0.004195804195804196
23 0.6852869352869353 0.27517482517482517 0.007936507936507936 0.0034965034965034965
23 0.6507936507936508 0.279020979020979 0.007936507936507936 0.004195804195804196
23 0.6318681318681318 0.28146853146853146 0.007326007326007326 0.004195804195804196
23 0.6672771672771672 0.2783216783216783 0.009157509157509158 0.002797202797202797
4 0.4374236874236874 0.30174825174825176 0.009768009768009768 0.0048951048951048955
4 0.07509157509157509 0.33986013986013985 0.004884004884004884 0.012587412587412588
15 0.3052503052503053 0.3213286713286713 0.017094017094017096 0.011188811188811189
23 0.6327838827838828 0.29055944055944055 0.004884004884004884 0.004195804195804196
23 0.6498778998778999 0.2891608391608392 0.005494505494505495 0.007692307692307693
4 0.6871184371184371 0.2856643356643357 0.009157509157509158 0.0048951048951048955
23 0.43772893772893773 0.31083916083916086 0.01221001221001221 0.005594405594405594
23 0.6675824175824175 0.2881118881118881 0.010378510378510378 0.004195804195804196
23 0.10531135531135531 0.34825174825174826 0.003663003663003663 0.014685314685314685
23 0.13736263736263737 0.3451048951048951 0.004884004884004884 0.014685314685314685
23 0.21275946275946275 0.33776223776223774 0.004884004884004884 0.011888111888111888
23 0.11355311355311355 0.3486013986013986 0.005494505494505495 0.013986013986013986
23 0.12087912087912088 0.3479020979020979 0.004273504273504274 0.013286713286713287
23 0.1282051282051282 0.3472027972027972 0.003663003663003663 0.013286713286713287
23 0.2045177045177045 0.3402097902097902 0.003663003663003663 0.011888111888111888
4 0.19505494505494506 0.3416083916083916 0.004884004884004884 0.011188811188811189
23 0.16697191697191696 0.34440559440559443 0.003663003663003663 0.013286713286713287
30 0.14957264957264957 0.3486013986013986 0.01282051282051282 0.021678321678321677
4 0.6862026862026862 0.29545454545454547 0.008547008547008548 0.005594405594405594
30 0.17857142857142858 0.3465034965034965 0.014041514041514042 0.01818181818181818
23 0.43803418803418803 0.32062937062937064 0.009768009768009768 0.005594405594405594
23 0.6688034188034188 0.29790209790209793 0.01221001221001221 0.0034965034965034965
23 0.6333943833943834 0.30174825174825176 0.0115995115995116 0.005594405594405594
23 0.6514041514041514 0.3020979020979021 0.007936507936507936 0.006293706293706294
23 0.06379731379731379 0.3622377622377622 0.006105006105006105 0.013986013986013986
23 0.054945054945054944 0.36363636363636365 0.007326007326007326 0.015384615384615385
23 0.6514041514041514 0.3083916083916084 0.007936507936507936 0.0048951048951048955
23 0.6669719169719169 0.3076923076923077 0.014041514041514042 0.005594405594405594
23 0.43956043956043955 0.33076923076923076 0.008547008547008548 0.0034965034965034965
4 0.6892551892551892 0.30594405594405594 0.006715506715506716 0.005594405594405594
23 0.43986568986568986 0.3388111888111888 0.008547008547008548 0.0048951048951048955
4 0.6709401709401709 0.31608391608391606 0.007326007326007326 0.0048951048951048955
4 0.6892551892551892 0.3146853146853147 0.006715506715506716 0.0048951048951048955
4 0.6556776556776557 0.3192307692307692 0.008547008547008548 0.005594405594405594
23 0.634004884004884 0.32167832167832167 0.010378510378510378 0.008391608391608392
23 0.056776556776556776 0.3821678321678322 0.003663003663003663 0.012587412587412588
23 0.0644078144078144 0.3821678321678322 0.004273504273504274 0.012587412587412588
15 0.326007326007326 0.35874125874125873 0.023809523809523808 0.019580419580419582
4 0.4410866910866911 0.34895104895104895 0.01098901098901099 0.006293706293706294
4 0.6886446886446886 0.32622377622377624 0.009768009768009768 0.006293706293706294
23 0.6510989010989011 0.3300699300699301 0.008547008547008548 0.004195804195804196
30 0.21794871794871795 0.37447552447552446 0.017094017094017096 0.022377622377622378
30 0.2490842490842491 0.3713286713286713 0.01221001221001221 0.02097902097902098
23 0.26282051282051283 0.3702797202797203 0.004273504273504274 0.012587412587412588
23 0.23351648351648352 0.3734265734265734 0.007326007326007326 0.014685314685314685
23 0.2045177045177045 0.37622377622377623 0.004884004884004884 0.013986013986013986
30 0.2774725274725275 0.37097902097902097 0.017094017094017096 0.02027972027972028
23 0.44047619047619047 0.35909090909090907 0.008547008547008548 0.004195804195804196
4 0.6886446886446886 0.3356643356643357 0.006715506715506716 0.004195804195804196
23 0.6688034188034188 0.33776223776223774 0.009768009768009768 0.006293706293706294
15 0.7796092796092796 0.3321678321678322 0.08485958485958486 0.12937062937062938
23 0.4413919413919414 0.3674825174825175 0.008547008547008548 0.006293706293706294
4 0.6904761904761905 0.343006993006993 0.009157509157509158 0.005594405594405594
15 0.4880952380952381 0.363986013986014 0.02442002442002442 0.01888111888111888
23 0.6358363858363858 0.35 0.007936507936507936 0.006993006993006993
23 0.6190476190476191 0.35174825174825175 0.007936507936507936 0.0048951048951048955
23 0.6721611721611722 0.3465034965034965 0.006715506715506716 0.004195804195804196
4 0.6544566544566545 0.34895104895104895 0.01221001221001221 0.0048951048951048955
4 0.6031746031746031 0.35524475524475524 0.0115995115995116 0.006993006993006993
4 0.8635531135531136 0.334965034965035 0.01098901098901099 0.008391608391608392
23 0.4429181929181929 0.37797202797202795 0.007326007326007326 0.0048951048951048955
4 0.8458485958485958 0.33811188811188814 0.01282051282051282 0.008391608391608392
4 0.6214896214896215 0.36153846153846153 0.010378510378510378 0.0048951048951048955
23 0.6727716727716728 0.35664335664335667 0.008547008547008548 0.005594405594405594
4 0.6553724053724054 0.3594405594405594 0.01282051282051282 0.005594405594405594
23 0.6929181929181929 0.3559440559440559 0.008547008547008548 0.006293706293706294
23 0.4426129426129426 0.38741258741258744 0.007936507936507936 0.005594405594405594
4 0.2909035409035409 0.40314685314685317 0.010378510378510378 0.006293706293706294
4 0.6053113553113553 0.3758741258741259 0.009157509157509158 0.006293706293706294
23 0.6239316239316239 0.37552447552447554 0.006715506715506716 0.0048951048951048955
4 0.6907814407814408 0.3688811188811189 0.007326007326007326 0.0048951048951048955
4 0.673992673992674 0.3713286713286713 0.006715506715506716 0.005594405594405594
23 0.4453601953601954 0.39755244755244756 0.007936507936507936 0.005594405594405594
4 0.2310744810744811 0.4195804195804196 0.0115995115995116 0.006293706293706294
23 0.24877899877899878 0.41818181818181815 0.0115995115995116 0.006293706293706294
23 0.2893772893772894 0.4143356643356643 0.010378510378510378 0.005594405594405594
23 0.3308913308913309 0.4104895104895105 0.0115995115995116 0.006993006993006993
23 0.27411477411477414 0.41643356643356644 0.01098901098901099 0.006293706293706294
30 0.31166056166056166 0.4153846153846154 0.014041514041514042 0.016783216783216783
4 0.6224053724053724 0.38461538461538464 0.008547008547008548 0.0048951048951048955
23 0.6581196581196581 0.38076923076923075 0.007936507936507936 0.0048951048951048955
23 0.6404151404151404 0.38356643356643355 0.009157509157509158 0.006293706293706294
4 0.6926129426129426 0.37902097902097903 0.007326007326007326 0.006993006993006993
23 0.24847374847374848 0.429020979020979 0.01282051282051282 0.006293706293706294
4 0.2322954822954823 0.4307692307692308 0.0115995115995116 0.006293706293706294
4 0.27594627594627597 0.4262237762237762 0.01221001221001221 0.006293706293706294
23 0.3321123321123321 0.42132867132867136 0.0115995115995116 0.005594405594405594
23 0.29242979242979245 0.42552447552447553 0.01221001221001221 0.006993006993006993
4 0.09676434676434677 0.4479020979020979 0.01282051282051282 0.007692307692307693
4 0.11477411477411477 0.4461538461538462 0.01221001221001221 0.007692307692307693
4 0.6758241758241759 0.4 0.009157509157509158 0.006293706293706294
4 0.6587301587301587 0.4020979020979021 0.010378510378510378 0.0048951048951048955
4 0.6410256410256411 0.4041958041958042 0.009157509157509158 0.0048951048951048955
4 0.6770451770451771 0.4083916083916084 0.007326007326007326 0.0034965034965034965
4 0.6407203907203908 0.4143356643356643 0.008547008547008548 0.005594405594405594
23 0.8528693528693528 0.4 0.003663003663003663 0.01048951048951049
23 0.8626373626373627 0.39895104895104894 0.003663003663003663 0.012587412587412588
23 0.8476800976800977 0.4024475524475524 0.004273504273504274 0.012587412587412588
4 0.8721001221001221 0.4 0.004884004884004884 0.016783216783216783
4 0.6804029304029304 0.4223776223776224 0.007326007326007326 0.007692307692307693
4 0.6608669108669109 0.42482517482517484 0.008547008547008548 0.0048951048951048955
4 0.6611721611721612 0.43391608391608394 0.005494505494505495 0.002797202797202797
4 0.6797924297924298 0.4318181818181818 0.008547008547008548 0.0048951048951048955
23 0.3888888888888889 0.46398601398601397 0.006715506715506716 0.012587412587412588
23 0.398046398046398 0.4632867132867133 0.006715506715506716 0.013286713286713287
23 0.3806471306471306 0.4653846153846154 0.004273504273504274 0.013986013986013986
23 0.373015873015873 0.4664335664335664 0.006715506715506716 0.014685314685314685
4 0.7026862026862026 0.43916083916083914 0.006105006105006105 0.011888111888111888
4 0.7777777777777778 0.4318181818181818 0.006715506715506716 0.015384615384615385
4 0.7136752136752137 0.43846153846153846 0.004273504273504274 0.011188811188811189
4 0.7612942612942613 0.43391608391608394 0.006715506715506716 0.012587412587412588
23 0.82997557997558 0.42727272727272725 0.003663003663003663 0.01048951048951049
4 0.7274114774114774 0.43741258741258743 0.004884004884004884 0.013286713286713287
4 0.7533577533577533 0.4353146853146853 0.004273504273504274 0.012587412587412588
4 0.7438949938949939 0.43636363636363634 0.003663003663003663 0.011188811188811189
4 0.7872405372405372 0.4318181818181818 0.003663003663003663 0.013286713286713287
4 0.8229548229548229 0.42832167832167833 0.005494505494505495 0.016083916083916083
4 0.7200854700854701 0.4388111888111888 0.004273504273504274 0.009790209790209791
4 0.7368742368742369 0.4370629370629371 0.004273504273504274 0.011888111888111888
4 0.86996336996337 0.42377622377622376 0.009157509157509158 0.006293706293706294
4 0.7704517704517705 0.4342657342657343 0.0030525030525030525 0.01048951048951049
4 0.6633089133089133 0.4451048951048951 0.006715506715506716 0.004195804195804196
4 0.6800976800976801 0.4433566433566434 0.008547008547008548 0.005594405594405594
23 0.8724053724053724 0.43391608391608394 0.009157509157509158 0.0048951048951048955
23 0.38278388278388276 0.48426573426573427 0.004884004884004884 0.012587412587412588
23 0.4007936507936508 0.4835664335664336 0.006105006105006105 0.013286713286713287
23 0.840964590964591 0.44545454545454544 0.003663003663003663 0.01048951048951049
23 0.8476800976800977 0.44475524475524475 0.004273504273504274 0.01048951048951049
4 0.8134920634920635 0.4486013986013986 0.006715506715506716 0.011888111888111888
23 0.8253968253968254 0.4479020979020979 0.0030525030525030525 0.01048951048951049
23 0.8315018315018315 0.4479020979020979 0.0030525030525030525 0.011188811188811189
23 0.8733211233211233 0.4444055944055944 0.010378510378510378 0.005594405594405594
23 0.8565323565323565 0.4479020979020979 0.006105006105006105 0.015384615384615385
23 0.8742368742368742 0.45454545454545453 0.009157509157509158 0.0034965034965034965
23 0.5924908424908425 0.48496503496503496 0.0030525030525030525 0.013986013986013986
23 0.6263736263736264 0.48146853146853147 0.005494505494505495 0.013986013986013986
4 0.604090354090354 0.48391608391608393 0.003663003663003663 0.013986013986013986
4 0.6132478632478633 0.48391608391608393 0.005494505494505495 0.015384615384615385
4 0.7625152625152625 0.47202797202797203 0.006105006105006105 0.016083916083916083
4 0.7094017094017094 0.47762237762237764 0.006715506715506716 0.016083916083916083
4 0.75 0.4734265734265734 0.004884004884004884 0.015384615384615385
4 0.6968864468864469 0.479020979020979 0.006715506715506716 0.012587412587412588
4 0.7231379731379731 0.47692307692307695 0.006105006105006105 0.016083916083916083
4 0.7802197802197802 0.47132867132867134 0.005494505494505495 0.011888111888111888
4 0.7731990231990232 0.47202797202797203 0.004273504273504274 0.011188811188811189
23 0.8754578754578755 0.46293706293706294 0.01098901098901099 0.004195804195804196
4 0.7884615384615384 0.4716783216783217 0.006715506715506716 0.012587412587412588
4 0.7384004884004884 0.47692307692307695 0.007936507936507936 0.019580419580419582
30 0.42155067155067155 0.5157342657342657 0.018315018315018316 0.024475524475524476
4 0.40293040293040294 0.5195804195804196 0.008547008547008548 0.019580419580419582
4 0.391025641025641 0.5265734265734265 0.004273504273504274 0.013286713286713287
30 0.8745421245421245 0.4818181818181818 0.017704517704517704 0.021678321678321677
15 0.8348595848595849 0.49335664335664337 0.040293040293040296 0.03636363636363636
4 0.6999389499389499 0.506993006993007 0.006715506715506716 0.013286713286713287
4 0.7118437118437119 0.506993006993007 0.004884004884004884 0.013986013986013986
15 0.5531135531135531 0.5237762237762238 0.042735042735042736 0.024475524475524476
15 0.612942612942613 0.5202797202797202 0.054334554334554336 0.023776223776223775
4 0.40445665445665446 0.55 0.005494505494505495 0.013986013986013986
4 0.39285714285714285 0.5513986013986014 0.006715506715506716 0.013286713286713287
23 0.6544566544566545 0.5300699300699301 0.01098901098901099 0.0048951048951048955
4 0.33882783882783885 0.5622377622377622 0.006715506715506716 0.012587412587412588
4 0.34645909645909645 0.5618881118881119 0.005494505494505495 0.01048951048951049
23 0.3724053724053724 0.5601398601398602 0.006105006105006105 0.015384615384615385
4 0.3830891330891331 0.5590909090909091 0.006105006105006105 0.016783216783216783
23 0.36324786324786323 0.5618881118881119 0.007936507936507936 0.013286713286713287
4 0.8754578754578755 0.5125874125874126 0.01098901098901099 0.0048951048951048955
23 0.7472527472527473 0.5321678321678321 0.009768009768009768 0.005594405594405594
23 0.8763736263736264 0.5216783216783217 0.009768009768009768 0.0048951048951048955
23 0.8772893772893773 0.5314685314685315 0.009157509157509158 0.002797202797202797
23 0.7475579975579976 0.5444055944055944 0.010378510378510378 0.004195804195804196
15 0.7799145299145299 0.5472027972027972 0.019536019536019536 0.026573426573426574
23 0.876984126984127 0.5398601398601398 0.008547008547008548 0.005594405594405594
23 0.3876678876678877 0.5895104895104896 0.004884004884004884 0.013986013986013986
23 0.3663003663003663 0.5919580419580419 0.004884004884004884 0.012587412587412588
4 0.3501221001221001 0.5937062937062937 0.004884004884004884 0.013286713286713287
4 0.34004884004884006 0.5951048951048951 0.006715506715506716 0.013986013986013986
4 0.7527472527472527 0.5538461538461539 0.017704517704517704 0.005594405594405594
23 0.4017094017094017 0.5891608391608392 0.006105006105006105 0.013986013986013986
23 0.35744810744810745 0.5944055944055944 0.004884004884004884 0.013986013986013986
23 0.876984126984127 0.5479020979020979 0.009157509157509158 0.0048951048951048955
4 0.7509157509157509 0.563986013986014 0.009768009768009768 0.0048951048951048955
30 0.6272893772893773 0.5804195804195804 0.01282051282051282 0.017482517482517484
23 0.6034798534798534 0.5853146853146853 0.003663003663003663 0.01048951048951049
23 0.6410256410256411 0.5814685314685315 0.005494505494505495 0.01048951048951049
30 0.6550671550671551 0.5804195804195804 0.010378510378510378 0.016783216783216783
23 0.8782051282051282 0.558041958041958 0.0115995115995116 0.005594405594405594
4 0.6108058608058609 0.5856643356643356 0.005494505494505495 0.013286713286713287
23 0.3772893772893773 0.6111888111888112 0.006715506715506716 0.012587412587412588
23 0.38644688644688646 0.6111888111888112 0.004884004884004884 0.013986013986013986
4 0.3501221001221001 0.615034965034965 0.004884004884004884 0.011888111888111888
4 0.3434065934065934 0.6157342657342657 0.004884004884004884 0.012587412587412588
23 0.36752136752136755 0.6136363636363636 0.004884004884004884 0.015384615384615385
23 0.40445665445665446 0.6101398601398601 0.005494505494505495 0.014685314685314685
4 0.3592796092796093 0.6153846153846154 0.006105006105006105 0.011188811188811189
23 0.8815628815628815 0.5674825174825174 0.010378510378510378 0.0034965034965034965
4 0.4722222222222222 0.6108391608391608 0.014041514041514042 0.006993006993006993
23 0.8821733821733821 0.5765734265734266 0.008547008547008548 0.0034965034965034965
4 0.14682539682539683 0.6506993006993007 0.0115995115995116 0.007692307692307693
4 0.12606837606837606 0.6527972027972028 0.017704517704517704 0.00909090909090909
4 0.3266178266178266 0.6356643356643357 0.004273504273504274 0.014685314685314685
4 0.29334554334554336 0.6395104895104895 0.006715506715506716 0.013286713286713287
23 0.30128205128205127 0.6391608391608392 0.003663003663003663 0.013986013986013986
4 0.34493284493284493 0.6353146853146853 0.006105006105006105 0.014685314685314685
4 0.31776556776556775 0.6381118881118881 0.003663003663003663 0.016083916083916083
4 0.3089133089133089 0.6395104895104895 0.006105006105006105 0.014685314685314685
4 0.4444444444444444 0.6276223776223776 0.01098901098901099 0.00909090909090909
4 0.47680097680097683 0.6244755244755245 0.015873015873015872 0.011188811188811189
4 0.641941391941392 0.608041958041958 0.004273504273504274 0.015384615384615385
30 0.5992063492063492 0.6125874125874126 0.014652014652014652 0.014685314685314685
23 0.8824786324786325 0.5842657342657342 0.010378510378510378 0.0048951048951048955
23 0.688034188034188 0.6062937062937063 0.005494505494505495 0.011888111888111888
30 0.6278998778998779 0.6125874125874126 0.009157509157509158 0.016083916083916083
23 0.6492673992673993 0.6108391608391608 0.006105006105006105 0.011188811188811189
30 0.6730769230769231 0.6087412587412587 0.015262515262515262 0.02097902097902098
4 0.14865689865689866 0.6618881118881119 0.007326007326007326 0.004195804195804196
23 0.6578144078144078 0.6115384615384616 0.003663003663003663 0.011188811188811189
23 0.43162393162393164 0.641958041958042 0.008547008547008548 0.006993006993006993
23 0.44932844932844934 0.6426573426573426 0.008547008547008548 0.005594405594405594
23 0.4703907203907204 0.6409090909090909 0.01282051282051282 0.004195804195804196
4 0.48595848595848595 0.6398601398601399 0.01282051282051282 0.006993006993006993
23 0.2454212454212454 0.666083916083916 0.01282051282051282 0.006293706293706294
4 0.8794261294261294 0.6034965034965035 0.006105006105006105 0.013286713286713287
23 0.8687423687423688 0.6052447552447553 0.005494505494505495 0.014685314685314685
23 0.8885836385836385 0.6031468531468531 0.007326007326007326 0.015384615384615385
23 0.2271062271062271 0.6695804195804196 0.0115995115995116 0.0048951048951048955
23 0.2606837606837607 0.6678321678321678 0.010378510378510378 0.006993006993006993
4 0.45024420024420025 0.6496503496503496 0.010378510378510378 0.005594405594405594
4 0.4358974358974359 0.6517482517482518 0.01098901098901099 0.004195804195804196
23 0.4719169719169719 0.651048951048951 0.007936507936507936 0.004195804195804196
23 0.24755799755799757 0.6755244755244755 0.009157509157509158 0.0034965034965034965
30 0.6587301587301587 0.6356643356643357 0.014652014652014652 0.01888111888111888
23 0.26343101343101344 0.6755244755244755 0.01221001221001221 0.0034965034965034965
23 0.6361416361416361 0.6384615384615384 0.004884004884004884 0.01048951048951049
23 0.6422466422466423 0.6381118881118881 0.004273504273504274 0.013986013986013986
30 0.6153846153846154 0.6409090909090909 0.01282051282051282 0.01818181818181818
23 0.23382173382173382 0.6793706293706294 0.015873015873015872 0.005594405594405594
23 0.6291208791208791 0.6398601398601399 0.004884004884004884 0.011188811188811189
23 0.6001221001221001 0.643006993006993 0.005494505494505495 0.013986013986013986
4 0.489010989010989 0.6576923076923077 0.007936507936507936 0.006293706293706294
23 0.43772893772893773 0.6632867132867133 0.013431013431013432 0.0048951048951048955
23 0.4706959706959707 0.6604895104895104 0.009768009768009768 0.0048951048951048955
23 0.4523809523809524 0.6622377622377622 0.010378510378510378 0.005594405594405594