23 0.5855048859934854 0.7428 0.016286644951140065 0.0088
23 0.5694896851248643 0.7464 0.01520086862106406 0.0144
23 0.47095548317046687 0.7572 0.017915309446254073 0.016
4 0.4514115092290988 0.7616 0.016286644951140065 0.0144
4 0.2890879478827362 0.7784 0.013572204125950055 0.0216
4 0.07736156351791532 0.8032 0.01520086862106406 0.016
4 0.6948968512486428 0.742 0.01520086862106406 0.0176
4 0.5855048859934854 0.7552 0.014115092290988056 0.0128
4 0.1984256243213898 0.7956 0.03637350705754615 0.052
23 0.5689467969598263 0.7584 0.01520086862106406 0.0136
4 0.3306188925081433 0.7836 0.01737242128121607 0.0176
23 0.4714983713355049 0.7724 0.016829533116178068 0.016
4 0.4533116178067318 0.7768 0.01520086862106406 0.0128
4 0.5876764386536374 0.766 0.01520086862106406 0.012
23 0.3311617806731813 0.7956 0.019001085776330078 0.016
4 0.2907166123778502 0.8016 0.016286644951140065 0.0232
4 0.4522258414766558 0.788 0.019543973941368076 0.0168
4 0.09690553745928339 0.8272 0.05646036916395222 0.0536
4 0.5871335504885994 0.7772 0.015743756786102063 0.012
23 0.4717698154180239 0.79 0.016286644951140065 0.0136
23 0.3306188925081433 0.8052 0.02008686210640608 0.0192
4 0.7174267100977199 0.7704 0.02062975027144408 0.0176
23 0.4527687296416938 0.8008 0.014657980456026058 0.012
4 0.6997828447339848 0.776 0.01248642779587405 0.0128
4 0.5876764386536374 0.7884 0.013029315960912053 0.0136
23 0.47122692725298587 0.802 0.014115092290988056 0.0136
4 0.5882193268186754 0.8004 0.013572204125950055 0.0136
23 0.33767643865363733 0.8272 0.013029315960912053 0.02
4 0.43403908794788276 0.818 0.01031487513572204 0.0192
4 0.3732356134636265 0.8244 0.01031487513572204 0.02
4 0.40743756786102064 0.8216 0.010857763300760043 0.0208
4 0.38246471226927253 0.824 0.011400651465798045 0.0224
4 0.4003800217155266 0.8224 0.011943539630836048 0.0216
23 0.4253528773072747 0.8196 0.011400651465798045 0.0208
4 0.36427795874049945 0.826 0.010857763300760043 0.0216
4 0.4172095548317047 0.8204 0.009229098805646038 0.0176
23 0.3555917480998914 0.8268 0.010857763300760043 0.02
4 0.39006514657980457 0.8232 0.011943539630836048 0.02
4 0.28040173724212814 0.84 0.04017372421281216 0.0496
4 0.15228013029315962 0.8592 0.05374592833876222 0.088
4 0.5646036916395223 0.818 0.017915309446254073 0.0184
15 0.5339305103148752 0.8276 0.03311617806731813 0.0488
4 0.3566775244299674 0.85 0.01248642779587405 0.0232
4 0.6161780673181325 0.8248 0.011400651465798045 0.0208
4 0.3735070575461455 0.85 0.011400651465798045 0.0176
23 0.6669381107491856 0.8196 0.011943539630836048 0.024
4 0.6346362649294245 0.8228 0.011400651465798045 0.0224
4 0.38382193268186754 0.8488 0.013572204125950055 0.0208
4 0.4001085776330076 0.8472 0.010857763300760043 0.0208
4 0.6058631921824105 0.8268 0.010857763300760043 0.02
4 0.6411509229098805 0.8232 0.01248642779587405 0.0256
4 0.7033116178067318 0.8168 0.011400651465798045 0.0216
4 0.39033659066232357 0.8488 0.01248642779587405 0.0208
4 0.058903365906623234 0.8832 0.057003257328990226 0.0512
4 0.42888165038002174 0.8456 0.009771986970684038 0.0184
4 0.6248642779587406 0.8256 0.010857763300760043 0.0216
4 0.3346905537459283 0.8556 0.01248642779587405 0.0208
4 0.6509229098805646 0.8228 0.009771986970684038 0.0208
4 0.6590662323561346 0.822 0.010857763300760043 0.02
4 0.4185667752442997 0.8468 0.01248642779587405 0.0216
4 0.6775244299674267 0.8208 0.01248642779587405 0.0224
23 0.40879478827361565 0.8488 0.01031487513572204 0.0208
4 0.6872964169381107 0.8224 0.01737242128121607 0.0256
4 0.11129207383279044 0.8856 0.057003257328990226 0.0632
15 0.7201411509229099 0.8292 0.026058631921824105 0.0416
15 0.24429967426710097 0.8784 0.035830618892508145 0.0472
23 0.7049402823018458 0.838 0.011943539630836048 0.0216
23 0.6156351791530945 0.8504 0.011400651465798045 0.0232
4 0.6503800217155266 0.8476 0.009771986970684038 0.02
4 0.6243213897937026 0.8504 0.008143322475570033 0.0192
23 0.6596091205211726 0.8468 0.008143322475570033 0.0192
23 0.6693811074918566 0.846 0.009229098805646038 0.0176
23 0.6411509229098805 0.8496 0.009771986970684038 0.0232
23 0.36644951140065146 0.8836 0.01031487513572204 0.0168
23 0.3935939196525516 0.8816 0.01031487513572204 0.02
23 0.3751357220412595 0.8832 0.01031487513572204 0.0192
23 0.40988056460369166 0.8808 0.009771986970684038 0.02
23 0.4017372421281216 0.8824 0.01248642779587405 0.02
23 0.38382193268186754 0.884 0.008143322475570033 0.0216
23 0.42833876221498374 0.8804 0.011400651465798045 0.02
23 0.4185667752442997 0.8828 0.011943539630836048 0.0248
23 0.5447882736156352 0.8708 0.01737242128121607 0.016
4 0.5306731813246471 0.88 0.014657980456026058 0.0216
23 0.25732899022801303 0.9116 0.02225841476655809 0.0176
23 0.6262214983713354 0.8752 0.013029315960912053 0.0208
23 0.6596091205211726 0.8724 0.013029315960912053 0.0208
23 0.6419652551574375 0.8752 0.01520086862106406 0.0232
23 0.5480456026058632 0.8928 0.016286644951140065 0.0144
23 0.06406080347448426 0.9452 0.014115092290988056 0.0264
23 0.03637350705754615 0.9488 0.015743756786102063 0.0264
23 0.07600434310532031 0.9448 0.011943539630836048 0.0224
23 0.13002171552660152 0.9392 0.013572204125950055 0.028
23 0.04777415852334419 0.9484 0.013029315960912053 0.0312
23 0.09229098805646037 0.9436 0.014115092290988056 0.024
23 0.10477741585233442 0.9424 0.01520086862106406 0.0272
23 0.11997828447339848 0.9416 0.013029315960912053 0.0256
15 0.507328990228013 0.9068 0.028773072747014114 0.0656
23 0.21172638436482086 0.9396 0.013572204125950055 0.0288
4 0.5323018458197611 0.9064 0.013572204125950055 0.0224
7 0.016286644951140065 0.1244 0.03257328990228013 0.052
23 0.22421281216069489 0.94 0.013029315960912053 0.0248
4 0.6359934853420195 0.8996 0.009229098805646038 0.0184
23 0.32247557003257327 0.9328 0.008143322475570033 0.0192
23 0.3732356134636265 0.9276 0.01031487513572204 0.0208
23 0.6099348534201955 0.9032 0.013029315960912053 0.024
4 0.6435939196525515 0.9 0.008686210640608035 0.0184
23 0.3469055374592834 0.9312 0.011400651465798045 0.02
23 0.36319218241042345 0.9296 0.009229098805646038 0.0192
4 0.6604234527687296 0.8988 0.01031487513572204 0.0216
23 0.3306188925081433 0.9336 0.008686210640608035 0.0248
23 0.3545059717698154 0.9312 0.009771986970684038 0.0192
7 0.08089033659066232 0.1172 0.0998914223669924 0.0616
4 0.248371335504886 0.9444 0.03691639522258415 0.06
4 0.48561346362649294 0.92 0.011943539630836048 0.0256
4 0.06948968512486428 0.9784 0.023887079261672096 0.0288
4 0.0998914223669924 0.9768 0.025515743756786103 0.0264
4 0.04451682953311618 0.9824 0.024429967426710098 0.0248
4 0.1267643865363735 0.9748 0.02714440825190011 0.0296
23 0.1772529858849077 0.9704 0.014657980456026058 0.028
23 0.5325732899022801 0.9336 0.013029315960912053 0.0272
23 0.6088490770901195 0.9268 0.01031487513572204 0.0232
23 0.18756786102062975 0.9708 0.011400651465798045 0.028
23 0.5874049945711184 0.9304 0.010857763300760043 0.0264
23 0.5776330076004343 0.9316 0.013029315960912053 0.024
23 0.5971769815418024 0.9304 0.013029315960912053 0.028
23 0.6199782844733985 0.928 0.011400651465798045 0.028
23 0.7136264929424538 0.9328 0.008686210640608035 0.0264
23 0.7035830618892508 0.9344 0.011943539630836048 0.0232
23 0.6938110749185668 0.9364 0.01248642779587405 0.02
23 0.5447882736156352 0.9732 0.014115092290988056 0.0256
23 0.5567318132464713 0.9728 0.013572204125950055 0.0272
4 0.5317589576547231 0.9764 0.015743756786102063 0.0296
7 0.1995114006514658 0.1412 0.07763300760043432 0.0664
7 0.3121606948968513 0.1328 0.13246471226927253 0.0848
4 0.49321389793702497 0.1148 0.15960912052117263 0.0696
4 0.023072747014115092 0.1732 0.008143322475570033 0.0272
4 0.03284473398479913 0.1728 0.009229098805646038 0.0216
4 0.041530944625407164 0.172 0.01031487513572204 0.0224
4 0.0781758957654723 0.168 0.013029315960912053 0.0224
4 0.11129207383279044 0.1656 0.010857763300760043 0.0192
4 0.058903365906623234 0.1708 0.014115092290988056 0.028
4 0.10206297502714441 0.1664 0.008143322475570033 0.024
4 0.09500542888165038 0.1672 0.01031487513572204 0.0232
4 0.06921824104234528 0.1708 0.013029315960912053 0.0208
4 0.015472312703583062 0.1764 0.015743756786102063 0.0272
4 0.08604777415852334 0.1688 0.011943539630836048 0.02
23 0.035830618892508145 0.2028 0.010857763300760043 0.024
23 0.04451682953311618 0.2028 0.01031487513572204 0.0272
30 0.6604234527687296 0.1436 0.021172638436482084 0.036
15 0.6389793702497285 0.1496 0.03203040173724213 0.0568
23 0.13273615635179153 0.2028 0.009771986970684038 0.0216
23 0.12079261672095548 0.2056 0.008686210640608035 0.0176
4 0.1457654723127036 0.2028 0.011943539630836048 0.0216
4 0.6112920738327905 0.1644 0.03854505971769816 0.0584
4 0.46254071661237783 0.1808 0.04288816503800217 0.0472
23 0.6615092290988056 0.1756 0.016829533116178068 0.0312
4 0.42779587404994573 0.2044 0.01248642779587405 0.0296
4 0.44191096634093374 0.2044 0.01248642779587405 0.0232
4 0.008686210640608035 0.2628 0.014657980456026058 0.028
15 0.02714440825190011 0.272 0.029315960912052116 0.0456
4 0.42996742671009774 0.2512 0.016286644951140065 0.0232
23 0.08197611292073832 0.2904 0.021715526601520086 0.0312
15 0.13979370249728557 0.2964 0.12269272529858849 0.1752
4 0.20521172638436483 0.2996 0.015743756786102063 0.0288
23 0.24077090119435396 0.3012 0.014115092290988056 0.0264
4 0.46226927252985883 0.2792 0.013572204125950055 0.0256
23 0.010857763300760043 0.3332 0.010857763300760043 0.028
15 0.031216069489685125 0.3372 0.02985884907709012 0.0432
4 0.4820846905537459 0.3052 0.01248642779587405 0.0296
4 0.24647122692725298 0.3384 0.04777415852334419 0.0448
23 0.024158523344191097 0.3684 0.02280130293159609 0.0192
23 0.5977198697068404 0.3128 0.008686210640608035 0.0224
23 0.6243213897937026 0.3108 0.011400651465798045 0.0256
23 0.6145494028230185 0.3124 0.01031487513572204 0.0216
23 0.6069489685124865 0.3132 0.011943539630836048 0.024
23 0.5898479913137894 0.316 0.010857763300760043 0.0224
4 0.5697611292073833 0.318 0.01520086862106406 0.0248
4 0.6330076004343105 0.3116 0.009771986970684038 0.0256
4 0.510586319218241 0.3304 0.02062975027144408 0.028
30 0.04315960912052117 0.3788 0.02985884907709012 0.0336
4 0.42833876221498374 0.342 0.014657980456026058 0.0264
4 0.4375678610206297 0.3428 0.01248642779587405 0.0232
23 0.252985884907709 0.3764 0.02008686210640608 0.0288
23 0.18621064060803474 0.3912 0.019543973941368076 0.016
23 0.0494028230184582 0.406 0.01737242128121607 0.028
23 0.15065146579804561 0.3972 0.018458197611292075 0.016
4 0.7046688382193268 0.3416 0.021172638436482084 0.0272
30 0.16775244299674266 0.4036 0.016829533116178068 0.0424
4 0.1446796959826276 0.0564 0.021172638436482084 0.0192
23 0.18593919652551574 0.4064 0.015743756786102063 0.0112
23 0.15119435396308362 0.41 0.01737242128121607 0.016
30 0.20494028230184583 0.4052 0.026058631921824105 0.0504
23 0.11400651465798045 0.426 0.014657980456026058 0.024
4 0.12866449511400652 0.4252 0.018458197611292075 0.0248
4 0.09771986970684039 0.4284 0.021715526601520086 0.0224
23 0.18702497285559175 0.4192 0.016829533116178068 0.0176
23 0.15173724212812162 0.4228 0.01737242128121607 0.0152
4 0.6207926167209555 0.3832 0.02062975027144408 0.0248
4 0.6053203040173725 0.4008 0.01737242128121607 0.0152
4 0.4196525515743757 0.4232 0.019543973941368076 0.0144
4 0.6259500542888164 0.4108 0.019001085776330078 0.0176
4 0.6053203040173725 0.4152 0.018458197611292075 0.0152
4 0.7125407166123778 0.4052 0.023887079261672096 0.024
15 0.6688382193268186 0.4104 0.06948968512486428 0.1576
4 0.2763300760043431 0.4564 0.011400651465798045 0.0248
4 0.33659066232356133 0.4504 0.016829533116178068 0.0168
23 0.26357220412595006 0.4596 0.011943539630836048 0.028
4 0.10667752442996743 0.4796 0.023344191096634093 0.0296
4 0.6256786102062974 0.4412 0.015743756786102063 0.0208
4 0.7157980456026058 0.436 0.02062975027144408 0.02
15 0.03637350705754615 0.5076 0.0727470141150923 0.092
15 0.5187296416938111 0.47 0.16069489685124863 0.232
4 0.12947882736156352 0.5108 0.039630836047774155 0.0536
4 0.42888165038002174 0.4824 0.01737242128121607 0.0152
23 0.10966340933767643 0.5176 0.02225841476655809 0.0184
15 0.3360477741585233 0.4952 0.04234527687296417 0.0608
23 0.6074918566775245 0.4704 0.016829533116178068 0.0128
4 0.15608034744842564 0.5236 0.03474484256243214 0.0528
4 0.42861020629750274 0.496 0.017915309446254073 0.0128
4 0.7144408251900108 0.4684 0.019001085776330078 0.0208
4 0.18593919652551574 0.5244 0.011943539630836048 0.0224
4 0.1764386536373507 0.5268 0.013572204125950055 0.0224
23 0.10776330076004344 0.5348 0.021715526601520086 0.0184
23 0.6085776330076005 0.4832 0.019001085776330078 0.0112
23 0.38707926167209555 0.5068 0.016829533116178068 0.0216
23 0.42969598262757874 0.5096 0.017915309446254073 0.0112
4 0.41178067318132466 0.5132 0.017915309446254073 0.0208
4 0.6093919652551575 0.4984 0.018458197611292075 0.0168
4 0.07736156351791532 0.5708 0.04288816503800217 0.044
4 0.6099348534201955 0.5248 0.019001085776330078 0.016
23 0.252442996742671 0.5672 0.014657980456026058 0.032
23 0.21661237785016288 0.5724 0.01520086862106406 0.0272
4 0.23941368078175895 0.5708 0.014115092290988056 0.0344
4 0.2263843648208469 0.574 0.013572204125950055 0.0312
4 0.43295331161780676 0.5552 0.01520086862106406 0.0264
4 0.03610206297502715 0.5968 0.019001085776330078 0.024
23 0.3477198697068404 0.5704 0.013029315960912053 0.0256
4 0.35912052117263843 0.5708 0.01031487513572204 0.0216
4 0.6867535287730727 0.5368 0.04451682953311618 0.0448
15 0.018186753528773074 0.6188 0.03040173724212812 0.0568
23 0.08360477741585233 0.6144 0.02008686210640608 0.0144
23 0.1476655808903366 0.6092 0.019001085776330078 0.016
23 0.21661237785016288 0.6044 0.014115092290988056 0.0248
23 0.36020629750271443 0.5916 0.013572204125950055 0.0224
23 0.03528773072747014 0.6256 0.01737242128121607 0.0152
23 0.24104234527687296 0.6068 0.01031487513572204 0.0288
4 0.05863192182410423 0.6256 0.039630836047774155 0.0464
23 0.23154180238870792 0.6088 0.014115092290988056 0.0272
23 0.1479370249728556 0.6276 0.017915309446254073 0.016
4 0.41123778501628666 0.602 0.03854505971769816 0.0504
23 0.03691639522258415 0.6408 0.015743756786102063 0.0176
4 0.08224755700325732 0.6392 0.030944625407166124 0.0448
4 0.11644951140065146 0.6372 0.057003257328990226 0.0552
4 0.5247014115092291 0.5952 0.011943539630836048 0.0208
4 0.5127578718783931 0.5972 0.013572204125950055 0.0232
4 0.44842562432138977 0.608 0.03691639522258415 0.0544
23 0.1984256243213898 0.6344 0.017915309446254073 0.0184
4 0.46715526601520085 0.6084 0.011943539630836048 0.0224
4 0.13680781758957655 0.6536 0.03745928338762215 0.0512
4 0.16965255157437567 0.6512 0.015743756786102063 0.0336
4 0.3789359391965255 0.6336 0.039630836047774155 0.0504
4 0.25732899022801303 0.6516 0.018458197611292075 0.0176
4 0.3944082519001086 0.6472 0.011943539630836048 0.0232
4 0.3531487513572204 0.6516 0.01520086862106406 0.0216
23 0.46688382193268185 0.6404 0.019543973941368076 0.0176
23 0.25922909880564604 0.6644 0.021172638436482084 0.0152
4 0.11617806731813246 0.68 0.035830618892508145 0.0448
23 0.4223669923995657 0.6516 0.01031487513572204 0.0216
23 0.4142236699239957 0.6532 0.010857763300760043 0.0224
23 0.40445168295331163 0.654 0.01031487513572204 0.0216
4 0.43213897937024975 0.652 0.009771986970684038 0.0248
4 0.08604777415852334 0.6904 0.03203040173724213 0.0392
23 0.44706840390879476 0.6572 0.017915309446254073 0.0168
4 0.1734527687296417 0.6852 0.02062975027144408 0.0184
23 0.46661237785016285 0.6584 0.01737242128121607 0.0152
4 0.255971769815418 0.6808 0.019001085776330078 0.0176
23 0.15092290988056462 0.6916 0.017915309446254073 0.012
23 0.2700868621064061 0.68 0.011400651465798045 0.0248
4 0.1742671009771987 0.698 0.018458197611292075 0.0104
23 0.46715526601520085 0.6692 0.017915309446254073 0.0128
4 0.25841476655808904 0.694 0.015743756786102063 0.0168
23 0.4495114006514658 0.676 0.016286644951140065 0.0152
23 0.15173724212812162 0.7084 0.01520086862106406 0.0176
23 0.6935396308360477 0.6556 0.019001085776330078 0.0184
23 0.07057546145494029 0.72 0.02008686210640608 0.0232
15 0.21579804560260588 0.7064 0.05808903365906623 0.1304
23 0.1742671009771987 0.7108 0.018458197611292075 0.0152
23 0.46742671009771986 0.6848 0.018458197611292075 0.0152
23 0.6929967426710097 0.6668 0.016286644951140065 0.0112
4 0.7109120521172638 0.666 0.019543973941368076 0.02
4 0.44815418023887077 0.6928 0.013572204125950055 0.0144
4 0.1758957654723127 0.7228 0.018458197611292075 0.0128
4 0.1237785016286645 0.728 0.03637350705754615 0.0408
23 0.46796959826275786 0.6964 0.016286644951140065 0.0136
4 0.09120521172638436 0.7372 0.03311617806731813 0.0448
4 0.26221498371335505 0.7192 0.031487513572204126 0.0224
4 0.5833333333333334 0.6872 0.01737242128121607 0.0152
23 0.30836047774158526 0.7164 0.019543973941368076 0.0168
23 0.3284473398479913 0.7148 0.019001085776330078 0.0176
4 0.1748099891422367 0.734 0.02008686210640608 0.016
4 0.09201954397394137 0.7432 0.03203040173724213 0.044
4 0.4489685124864278 0.7088 0.019001085776330078 0.0152
23 0.46878393051031486 0.7108 0.016829533116178068 0.0144
4 0.5841476655808904 0.7 0.017915309446254073 0.0112
4 0.25922909880564604 0.734 0.01737242128121607 0.0136
4 0.3279044516829533 0.7288 0.014657980456026058 0.0104
4 0.6929967426710097 0.692 0.01520086862106406 0.0152
23 0.511672095548317 0.7104 0.014115092290988056 0.024
23 0.1758957654723127 0.7476 0.01737242128121607 0.0184
4 0.5388165038002172 0.71 0.014115092290988056 0.024
23 0.5219869706840391 0.7128 0.010857763300760043 0.0208
4 0.4489685124864278 0.7224 0.014657980456026058 0.0152
4 0.5846905537459284 0.7112 0.014657980456026058 0.0128
15 0.38572204125950055 0.7324 0.08577633007600434 0.1336
4 0.15146579804560262 0.7588 0.04234527687296417 0.0632
23 0.3265472312703583 0.7416 0.016829533116178068 0.0176
4 0.26194353963083605 0.7484 0.019543973941368076 0.0168
4 0.6932681867535287 0.7056 0.018458197611292075 0.0176
4 0.5852334419109664 0.7228 0.014657980456026058 0.0136
23 0.08441910966340933 0.7772 0.019001085776330078 0.0168
4 0.11862106406080347 0.7776 0.04234527687296417 0.0528
4 0.5865906623235614 0.7324 0.01520086862106406 0.0136
23 0.47068403908794787 0.7444 0.01520086862106406 0.0128
4 0.24457111834961998 0.7692 0.019543973941368076 0.0256
4 0.4503257328990228 0.7496 0.016286644951140065 0.0168
4 0.3300760043431053 0.7636 0.016286644951140065 0.0168