4 0.49222797927461137 0.7603503184713376 0.07189119170984457 0.06687898089171974
4 0.3231865284974093 0.7082006369426752 0.06541450777202072 0.0660828025477707
23 0.37273316062176165 0.7902070063694268 0.08095854922279792 0.0517515923566879
4 0.5968264248704663 0.8988853503184714 0.09844559585492228 0.1106687898089172
4 0.21340673575129535 0.8121019108280255 0.06347150259067358 0.10589171974522293
4 0.7396373056994818 0.9745222929936306 0.07512953367875648 0.04936305732484077
7 0.7101683937823834 0.10230891719745223 0.17551813471502592 0.08996815286624203
23 0.025906735751295335 0.7651273885350318 0.05181347150259067 0.06528662420382166
7 0.9200129533678757 0.17595541401273884 0.15867875647668395 0.09394904458598727
7 0.01327720207253886 0.8109076433121019 0.02655440414507772 0.07882165605095541
4 0.49319948186528495 0.9709394904458599 0.07577720207253887 0.05652866242038217
4 0.756800518134715 0.1890923566878981 0.09844559585492228 0.11942675159235669
4 0.6366580310880829 0.15286624203821655 0.09196891191709844 0.125
4 0.4332901554404145 0.2623407643312102 0.04015544041450777 0.04856687898089172
23 0.5385362694300518 0.29936305732484075 0.09326424870466321 0.05573248407643312
23 0.5029145077720207 0.49562101910828027 0.09455958549222798 0.04617834394904458
15 0.4896373056994819 0.5366242038216561 0.1172279792746114 0.09713375796178345
4 0.38115284974093266 0.5195063694267515 0.04598445595854922 0.05652866242038217
4 0.5391839378238342 0.6114649681528662 0.03562176165803109 0.04617834394904458
4 0.2338082901554404 0.5342356687898089 0.17875647668393782 0.339171974522293
4 0.14928756476683938 0.5254777070063694 0.06735751295336788 0.11863057324840764
23 0.6201424870466321 0.6970541401273885 0.046632124352331605 0.05732484076433121
4 0.4579015544041451 0.6560509554140127 0.038860103626943004 0.04856687898089172
15 0.5119818652849741 0.6886942675159236 0.06541450777202072 0.07085987261146497
4 0.594559585492228 0.731687898089172 0.03626943005181347 0.04617834394904458