23 0.677771855010661 0.16064981949458484 0.005330490405117271 0.02707581227436823
30 0.6833688699360341 0.1651624548736462 0.0037313432835820895 0.018050541516245487
4 0.36140724946695096 0.0036101083032490976 0.005330490405117271 0.007220216606498195
23 0.35634328358208955 0.002707581227436823 0.004797441364605544 0.005415162454873646
23 0.69136460554371 0.17148014440433212 0.004797441364605544 0.02707581227436823
23 0.3715351812366738 0.00631768953068592 0.0042643923240938165 0.01263537906137184
23 0.6671108742004265 0.157942238267148 0.0026652452025586353 0.018050541516245487
23 0.3664712153518124 0.00631768953068592 0.004797441364605544 0.01263537906137184
23 0.5810234541577826 0.11552346570397112 0.0042643923240938165 0.02707581227436823
23 0.5855543710021321 0.12184115523465704 0.0026652452025586353 0.02527075812274368
4 0.39685501066098083 0.026173285198555957 0.004797441364605544 0.02527075812274368
23 0.38832622601279315 0.023465703971119134 0.0026652452025586353 0.018050541516245487
23 0.392590618336887 0.026173285198555957 0.0031982942430703624 0.019855595667870037
23 0.34994669509594883 0.005415162454873646 0.006929637526652452 0.010830324909747292
30 0.6687100213219617 0.1832129963898917 0.0037313432835820895 0.01263537906137184
23 0.6860341151385928 0.194043321299639 0.0042643923240938165 0.023465703971119134
23 0.4152452025586354 0.05054151624548736 0.0031982942430703624 0.023465703971119134
23 0.6801705756929638 0.19223826714801445 0.0042643923240938165 0.023465703971119134
23 0.3835287846481876 0.033393501805054154 0.0031982942430703624 0.021660649819494584
23 0.41044776119402987 0.04783393501805054 0.0026652452025586353 0.023465703971119134
23 0.43150319829424305 0.061371841155234655 0.0042643923240938165 0.02527075812274368
4 0.5626332622601279 0.13176895306859207 0.004797441364605544 0.02888086642599278
23 0.6761727078891258 0.19223826714801445 0.0042643923240938165 0.02888086642599278
4 0.427771855010661 0.05956678700361011 0.0026652452025586353 0.023465703971119134
4 0.5493070362473348 0.1263537906137184 0.005863539445628998 0.01263537906137184
23 0.5946162046908315 0.15072202166064982 0.0037313432835820895 0.021660649819494584
23 0.6902985074626866 0.20216606498194944 0.0037313432835820895 0.02527075812274368
23 0.5908848614072495 0.15072202166064982 0.0031982942430703624 0.019855595667870037
23 0.5855543710021321 0.14711191335740073 0.0031982942430703624 0.016245487364620937
4 0.3552771855010661 0.027978339350180504 0.0042643923240938165 0.023465703971119134
23 0.35047974413646055 0.02707581227436823 0.0037313432835820895 0.021660649819494584
23 0.345682302771855 0.024368231046931407 0.0031982942430703624 0.023465703971119134
23 0.39632196162046907 0.05144404332129964 0.0026652452025586353 0.018050541516245487
4 0.2934434968017058 0.004512635379061372 0.011194029850746268 0.009025270758122744
23 0.7009594882729211 0.21660649819494585 0.0031982942430703624 0.021660649819494584
23 0.40458422174840086 0.05956678700361011 0.0031982942430703624 0.018050541516245487
30 0.4208422174840085 0.07220216606498195 0.005330490405117271 0.010830324909747292
23 0.6668443496801706 0.20938628158844766 0.0031982942430703624 0.023465703971119134
23 0.6852345415778252 0.22111913357400723 0.0021321961620469083 0.016245487364620937
23 0.6716417910447762 0.213898916967509 0.0031982942430703624 0.019855595667870037
23 0.5530383795309168 0.14981949458483754 0.0026652452025586353 0.018050541516245487
23 0.9957356076759062 0.3871841155234657 0.0037313432835820895 0.02707581227436823
23 0.5461087420042644 0.148014440433213 0.0031982942430703624 0.019855595667870037
23 0.3824626865671642 0.06046931407942238 0.0031982942430703624 0.019855595667870037
23 0.4283049040511727 0.08483754512635379 0.007995735607675906 0.018050541516245487
23 0.6815031982942431 0.22111913357400723 0.0037313432835820895 0.019855595667870037
23 0.39072494669509594 0.06498194945848375 0.0026652452025586353 0.018050541516245487
30 0.6497867803837953 0.20577617328519857 0.004797441364605544 0.01444043321299639
23 0.6929637526652452 0.2292418772563177 0.005863539445628998 0.010830324909747292
23 0.38646055437100213 0.06407942238267147 0.0031982942430703624 0.023465703971119134
23 0.6569829424307037 0.21299638989169675 0.0031982942430703624 0.02527075812274368
4 0.30890191897654584 0.027978339350180504 0.01279317697228145 0.02888086642599278
23 0.6631130063965884 0.2184115523465704 0.005330490405117271 0.02527075812274368
23 0.24813432835820895 0.007220216606498195 0.005863539445628998 0.01444043321299639
23 0.24466950959488273 0.00631768953068592 0.0042643923240938165 0.01263537906137184
15 0.3664712153518124 0.06498194945848375 0.011727078891257996 0.0812274368231047
4 0.8446162046908315 0.3212996389891697 0.006396588486140725 0.01444043321299639
23 0.39872068230277186 0.08212996389891697 0.0037313432835820895 0.021660649819494584
23 0.39392324093816633 0.0812274368231047 0.0031982942430703624 0.021660649819494584
23 0.7044243070362474 0.24819494584837545 0.0021321961620469083 0.016245487364620937
23 0.6791044776119403 0.2364620938628159 0.005863539445628998 0.01444043321299639
23 0.40325159914712155 0.08844765342960288 0.0037313432835820895 0.023465703971119134
23 0.4096481876332623 0.09115523465703972 0.0037313432835820895 0.021660649819494584
23 0.6924307036247335 0.2490974729241877 0.006396588486140725 0.016245487364620937
23 0.4181769722814499 0.10379061371841156 0.0042643923240938165 0.02707581227436823
23 0.4240405117270789 0.10649819494584838 0.0042643923240938165 0.023465703971119134
4 0.533315565031983 0.16696750902527077 0.0037313432835820895 0.02707581227436823
23 0.47388059701492535 0.13537906137184116 0.0031982942430703624 0.019855595667870037
23 0.4853411513859275 0.14169675090252706 0.004797441364605544 0.02707581227436823
23 0.47761194029850745 0.1371841155234657 0.0031982942430703624 0.019855595667870037
23 0.5423773987206824 0.17328519855595667 0.0026652452025586353 0.018050541516245487
23 0.7092217484008528 0.26353790613718414 0.0042643923240938165 0.02527075812274368
4 0.3853944562899787 0.08935018050541517 0.0026652452025586353 0.018050541516245487
23 0.5386460554371002 0.17148014440433212 0.0042643923240938165 0.02527075812274368
23 0.6564498933901919 0.2364620938628159 0.0037313432835820895 0.016245487364620937
23 0.6521855010660981 0.23465703971119134 0.0031982942430703624 0.016245487364620937
23 0.5519722814498934 0.18231046931407943 0.0042643923240938165 0.030685920577617327
23 0.43869936034115137 0.12364620938628158 0.0026652452025586353 0.021660649819494584
23 0.44189765458422176 0.1272563176895307 0.0037313432835820895 0.021660649819494584
23 0.4466950959488273 0.1299638989169675 0.0026652452025586353 0.019855595667870037
23 0.4501599147121535 0.13357400722021662 0.0037313432835820895 0.019855595667870037
15 0.2747867803837953 0.039711191335740074 0.007995735607675906 0.03790613718411552
30 0.6012793176972282 0.2148014440433213 0.0037313432835820895 0.018050541516245487
23 0.6076759061833689 0.21931407942238268 0.005330490405117271 0.023465703971119134
23 0.6263326226012793 0.2319494584837545 0.0031982942430703624 0.023465703971119134
23 0.5463752665245203 0.18862815884476533 0.0031982942430703624 0.023465703971119134
23 0.6223347547974414 0.2292418772563177 0.0026652452025586353 0.02527075812274368
23 0.464818763326226 0.1444043321299639 0.0042643923240938165 0.021660649819494584
23 0.5927505330490405 0.213898916967509 0.0037313432835820895 0.02527075812274368
23 0.5567697228144989 0.19584837545126355 0.0037313432835820895 0.02707581227436823
23 0.613272921108742 0.22653429602888087 0.0037313432835820895 0.030685920577617327
23 0.6172707889125799 0.23014440433212996 0.0037313432835820895 0.030685920577617327
23 0.30783582089552236 0.06407942238267147 0.006396588486140725 0.01444043321299639
23 0.3328891257995736 0.07942238267148015 0.0042643923240938165 0.02888086642599278
23 0.5277185501066098 0.18592057761732853 0.0037313432835820895 0.023465703971119134
23 0.3275586353944563 0.08032490974729242 0.0037313432835820895 0.02707581227436823
23 0.4227078891257996 0.13357400722021662 0.0037313432835820895 0.02527075812274368
23 0.5322494669509595 0.194043321299639 0.0042643923240938165 0.021660649819494584
23 0.4680170575692964 0.15974729241877256 0.0042643923240938165 0.021660649819494584
23 0.6996268656716418 0.2833935018050541 0.0031982942430703624 0.021660649819494584
23 0.7073560767590619 0.2897111913357401 0.0037313432835820895 0.02707581227436823
23 0.4594882729211087 0.15613718411552346 0.0021321961620469083 0.023465703971119134
4 0.38406183368869934 0.11823104693140794 0.0026652452025586353 0.019855595667870037
23 0.6588486140724946 0.26714801444043323 0.0031982942430703624 0.021660649819494584
23 0.6545842217484008 0.26534296028880866 0.0021321961620469083 0.021660649819494584
4 0.19962686567164178 0.02075812274368231 0.004797441364605544 0.030685920577617327
30 0.6471215351812367 0.2608303249097473 0.0042643923240938165 0.01263537906137184
30 0.5850213219616205 0.2292418772563177 0.005863539445628998 0.021660649819494584
23 0.47601279317697226 0.17057761732851986 0.0037313432835820895 0.023465703971119134
23 0.3070362473347548 0.08032490974729242 0.006396588486140725 0.018050541516245487
23 0.9920042643923241 0.44765342960288806 0.0037313432835820895 0.019855595667870037
23 0.4722814498933902 0.17057761732851986 0.0031982942430703624 0.021660649819494584
30 0.15671641791044777 0.016245487364620937 0.015991471215351813 0.032490974729241874
23 0.43683368869936035 0.15162454873646208 0.0031982942430703624 0.019855595667870037
30 0.4157782515991471 0.1407942238267148 0.0037313432835820895 0.016245487364620937
23 0.44109808102345416 0.15613718411552346 0.0031982942430703624 0.019855595667870037
15 0.6775053304904051 0.2824909747292419 0.025053304904051173 0.05595667870036101
23 0.44989339019189767 0.1624548736462094 0.0031982942430703624 0.018050541516245487
30 0.22681236673773988 0.042418772563176894 0.018656716417910446 0.07942238267148015
23 0.5525053304904051 0.22111913357400723 0.0031982942430703624 0.018050541516245487
23 0.5788912579957356 0.2355595667870036 0.0031982942430703624 0.02527075812274368
4 0.7414712153518124 0.322202166064982 0.007995735607675906 0.052346570397111915
4 0.462953091684435 0.17328519855595667 0.0031982942430703624 0.021660649819494584
4 0.2891791044776119 0.08032490974729242 0.0042643923240938165 0.02888086642599278
23 0.35447761194029853 0.11462093862815885 0.009594882729211088 0.019855595667870037
23 0.2945095948827292 0.08483754512635379 0.0037313432835820895 0.023465703971119134
23 0.5482409381663113 0.22021660649819494 0.0031982942430703624 0.023465703971119134
23 0.5919509594882729 0.24368231046931407 0.0031982942430703624 0.019855595667870037
15 0.5013326226012793 0.19584837545126355 0.022388059701492536 0.08483754512635379
23 0.2843816631130064 0.07942238267148015 0.005330490405117271 0.023465703971119134
4 0.7707889125799574 0.34205776173285196 0.009594882729211088 0.05054151624548736
23 0.9954690831556503 0.4620938628158845 0.0026652452025586353 0.021660649819494584
4 0.48107675906183367 0.18682310469314078 0.0037313432835820895 0.02888086642599278
4 0.8291577825159915 0.37454873646209386 0.006929637526652452 0.04693140794223827
30 0.42803837953091683 0.15974729241877256 0.0042643923240938165 0.01444043321299639
4 0.8880597014925373 0.40703971119133575 0.007462686567164179 0.04332129963898917
4 0.8155650319829424 0.36732851985559567 0.022921108742004266 0.0740072202166065
23 0.42217484008528783 0.1588447653429603 0.0031982942430703624 0.019855595667870037
23 0.5282515991471215 0.21750902527075813 0.006396588486140725 0.01444043321299639
4 0.8752665245202559 0.40342960288808666 0.02185501066098081 0.0703971119133574
4 0.8472814498933902 0.3916967509025271 0.021321961620469083 0.06859205776173286
23 0.5980810234541578 0.2581227436823105 0.0031982942430703624 0.021660649819494584
23 0.6114072494669509 0.26534296028880866 0.0031982942430703624 0.02527075812274368
23 0.6028784648187633 0.26263537906137185 0.0026652452025586353 0.02527075812274368
23 0.6066098081023454 0.2644404332129964 0.0026652452025586353 0.02707581227436823
23 0.6974946695095949 0.3131768953068592 0.0042643923240938165 0.02527075812274368
23 0.7022921108742004 0.3176895306859206 0.0021321961620469083 0.016245487364620937
4 0.43789978678038377 0.17779783393501805 0.008528784648187633 0.023465703971119134
23 0.9901385927505331 0.47382671480144406 0.0037313432835820895 0.023465703971119134
30 0.6188699360341151 0.2770758122743682 0.0042643923240938165 0.018050541516245487
23 0.6252665245202559 0.2806859205776173 0.005330490405117271 0.02527075812274368
23 0.3302238805970149 0.12364620938628158 0.0037313432835820895 0.030685920577617327
4 0.4133795309168444 0.1723826714801444 0.004797441364605544 0.030685920577617327
23 0.3664712153518124 0.14711191335740073 0.004797441364605544 0.02527075812274368
23 0.6569829424307037 0.30415162454873645 0.0026652452025586353 0.018050541516245487
23 0.5279850746268657 0.23736462093862815 0.0026652452025586353 0.019855595667870037
23 0.5237206823027718 0.23465703971119134 0.0042643923240938165 0.02707581227436823
23 0.5327825159914712 0.24007220216606498 0.0031982942430703624 0.021660649819494584
23 0.6527185501066098 0.30595667870036103 0.0026652452025586353 0.018050541516245487
23 0.5373134328358209 0.24368231046931407 0.0037313432835820895 0.02527075812274368
23 0.2609275053304904 0.09747292418772563 0.0037313432835820895 0.02707581227436823
23 0.5421108742004265 0.24819494584837545 0.0037313432835820895 0.02707581227436823
23 0.3803304904051173 0.1615523465703971 0.0031982942430703624 0.023465703971119134
23 0.9984008528784648 0.4936823104693141 0.0021321961620469083 0.019855595667870037
23 0.3888592750533049 0.16606498194945848 0.0042643923240938165 0.02527075812274368
23 0.39339019189765456 0.17057761732851986 0.0031982942430703624 0.021660649819494584
4 0.47761194029850745 0.21750902527075813 0.006396588486140725 0.03429602888086643
4 0.4722814498933902 0.2184115523465704 0.0042643923240938165 0.02707581227436823
23 0.601545842217484 0.2915162454873646 0.0037313432835820895 0.021660649819494584
23 0.2939765458422175 0.1263537906137184 0.0026652452025586353 0.021660649819494584
23 0.298773987206823 0.13086642599277978 0.0042643923240938165 0.02888086642599278
23 0.3033049040511727 0.13537906137184116 0.0037313432835820895 0.023465703971119134
23 0.39925373134328357 0.18682310469314078 0.0031982942430703624 0.021660649819494584
23 0.6180703624733476 0.30776173285198555 0.007462686567164179 0.019855595667870037
23 0.3294243070362473 0.15433212996389892 0.0037313432835820895 0.016245487364620937
4 0.5231876332622601 0.2581227436823105 0.005863539445628998 0.01263537906137184
30 0.5535714285714286 0.27617328519855594 0.004797441364605544 0.021660649819494584
23 0.3694029850746269 0.17779783393501805 0.0042643923240938165 0.02527075812274368
23 0.5447761194029851 0.27166064981949456 0.007462686567164179 0.01444043321299639
23 0.6753731343283582 0.34205776173285196 0.004797441364605544 0.02707581227436823
4 0.6804371002132196 0.34657039711191334 0.0042643923240938165 0.02527075812274368
23 0.6852345415778252 0.3492779783393502 0.0031982942430703624 0.02707581227436823
4 0.6633795309168443 0.33935018050541516 0.004797441364605544 0.02707581227436823
23 0.5639658848614072 0.286101083032491 0.0037313432835820895 0.02888086642599278
23 0.25906183368869934 0.12545126353790614 0.0042643923240938165 0.01444043321299639
30 0.5306503198294243 0.27166064981949456 0.005330490405117271 0.018050541516245487
23 0.5597014925373134 0.2870036101083033 0.004797441364605544 0.032490974729241874
4 0.5162579957356077 0.26534296028880866 0.0031982942430703624 0.021660649819494584
4 0.7822494669509595 0.40794223826714804 0.005330490405117271 0.02707581227436823
23 0.7779850746268657 0.40613718411552346 0.0026652452025586353 0.016245487364620937
23 0.5053304904051172 0.259927797833935 0.0037313432835820895 0.02888086642599278
23 0.5114605543710021 0.26534296028880866 0.0026652452025586353 0.023465703971119134
23 0.7910447761194029 0.4151624548736462 0.0031982942430703624 0.023465703971119134
23 0.7867803837953091 0.41245487364620936 0.0037313432835820895 0.023465703971119134
23 0.9410980810234542 0.4972924187725632 0.0037313432835820895 0.019855595667870037
23 0.9363006396588486 0.49458483754512633 0.0042643923240938165 0.023465703971119134
23 0.927771855010661 0.4918772563176895 0.004797441364605544 0.021660649819494584
23 0.5229211087420043 0.2743682310469314 0.005863539445628998 0.01263537906137184
4 0.9331023454157783 0.49458483754512633 0.0042643923240938165 0.02707581227436823
23 0.9946695095948828 0.529783393501805 0.0037313432835820895 0.02527075812274368
23 0.9984008528784648 0.5324909747292419 0.0021321961620469083 0.021660649819494584
23 0.2937100213219616 0.1552346570397112 0.0042643923240938165 0.019855595667870037
23 0.7278784648187633 0.40252707581227437 0.005863539445628998 0.04332129963898917
23 0.8459488272921108 0.4684115523465704 0.0031982942430703624 0.018050541516245487
23 0.7998400852878464 0.44494584837545126 0.007995735607675906 0.04512635379061372
23 0.8408848614072495 0.4675090252707581 0.0037313432835820895 0.023465703971119134
23 0.8784648187633263 0.48736462093862815 0.007462686567164179 0.039711191335740074
23 0.9498933901918977 0.5288808664259927 0.007462686567164179 0.048736462093862815
4 0.3813965884861407 0.23014440433212996 0.005863539445628998 0.032490974729241874
23 0.38646055437100213 0.2364620938628159 0.0031982942430703624 0.019855595667870037
23 0.35767590618336886 0.22111913357400723 0.0037313432835820895 0.019855595667870037
4 0.4898720682302772 0.2915162454873646 0.005330490405117271 0.021660649819494584
4 0.4744136460554371 0.2833935018050541 0.0042643923240938165 0.02888086642599278
23 0.5239872068230277 0.3095667870036101 0.0042643923240938165 0.03429602888086643
4 0.5455756929637526 0.3231046931407942 0.004797441364605544 0.02888086642599278
23 0.4954690831556503 0.29693140794223827 0.004797441364605544 0.021660649819494584
4 0.6423240938166311 0.37725631768953066 0.006396588486140725 0.032490974729241874
4 0.5295842217484008 0.3167870036101083 0.005330490405117271 0.02888086642599278
4 0.363272921108742 0.22743682310469315 0.006396588486140725 0.032490974729241874
23 0.6353944562899787 0.37364620938628157 0.0037313432835820895 0.02888086642599278
4 0.6580490405117271 0.3871841155234657 0.007462686567164179 0.03790613718411552
4 0.726545842217484 0.44584837545126355 0.0042643923240938165 0.02888086642599278
30 0.7523987206823027 0.4602888086642599 0.013859275053304905 0.05776173285198556
30 0.904317697228145 0.5433212996389891 0.014925373134328358 0.06498194945848375
4 0.30943496801705755 0.22382671480144403 0.0031982942430703624 0.02707581227436823
23 0.31396588486140725 0.2283393501805054 0.0042643923240938165 0.02527075812274368
4 0.7969083155650319 0.48736462093862815 0.0031982942430703624 0.021660649819494584
23 0.3187633262260128 0.2328519855595668 0.0042643923240938165 0.021660649819494584
30 0.5445095948827292 0.35379061371841153 0.0031982942430703624 0.01444043321299639
4 0.9480277185501066 0.5703971119133574 0.0037313432835820895 0.02527075812274368
4 0.8763326226012793 0.5315884476534296 0.005330490405117271 0.032490974729241874
23 0.5159914712153518 0.34205776173285196 0.005330490405117271 0.032490974729241874
30 0.8251599147121536 0.5081227436823105 0.015991471215351813 0.07220216606498195
23 0.4690831556503198 0.3185920577617328 0.005863539445628998 0.036101083032490974
30 0.9754797441364605 0.5902527075812274 0.017590618336886993 0.0631768953068592
23 0.35101279317697226 0.25541516245487367 0.005863539445628998 0.039711191335740074
23 0.6300639658848614 0.4052346570397112 0.007462686567164179 0.036101083032490974
23 0.5349147121535182 0.3555956678700361 0.009594882729211088 0.019855595667870037
23 0.47787846481876334 0.32581227436823107 0.007462686567164179 0.032490974729241874
23 0.40671641791044777 0.2888086642599278 0.0037313432835820895 0.02707581227436823
23 0.43523454157782515 0.30415162454873645 0.0037313432835820895 0.023465703971119134
4 0.43097014925373134 0.30234657039711194 0.004797441364605544 0.021660649819494584
4 0.40191897654584224 0.2870036101083033 0.004797441364605544 0.02527075812274368
23 0.6479211087420043 0.42057761732851984 0.007462686567164179 0.016245487364620937
4 0.570362473347548 0.38086642599277976 0.0042643923240938165 0.02888086642599278
4 0.6023454157782516 0.398014440433213 0.0042643923240938165 0.02888086642599278
23 0.5751599147121536 0.38267148014440433 0.004797441364605544 0.02707581227436823
23 0.6071428571428571 0.4043321299638989 0.0042643923240938165 0.030685920577617327
23 0.36886993603411516 0.27978339350180503 0.008528784648187633 0.016245487364620937
15 0.2931769722814499 0.24819494584837545 0.013859275053304905 0.0740072202166065
23 0.30783582089552236 0.259927797833935 0.005330490405117271 0.02888086642599278
23 0.31236673773987206 0.2770758122743682 0.0042643923240938165 0.023465703971119134
23 0.31716417910447764 0.27978339350180503 0.0037313432835820895 0.02527075812274368
4 0.035181236673773986 0.14620938628158844 0.010660980810234541 0.05054151624548736
4 0.025053304904051173 0.1407942238267148 0.010127931769722815 0.05415162454873646
4 0.35341151385927505 0.3231046931407942 0.0037313432835820895 0.030685920577617327
23 0.3422174840085288 0.3167870036101083 0.0042643923240938165 0.02707581227436823
4 0.3270255863539446 0.30866425992779783 0.0042643923240938165 0.02707581227436823
4 0.3382196162046908 0.3140794223826715 0.004797441364605544 0.02888086642599278
23 0.3696695095948827 0.33303249097472926 0.0031982942430703624 0.019855595667870037
4 0.3734008528784648 0.3348375451263538 0.0037313432835820895 0.021660649819494584
4 0.3648720682302772 0.3303249097472924 0.0042643923240938165 0.023465703971119134
4 0.3779317697228145 0.33754512635379064 0.0037313432835820895 0.02707581227436823
23 0.40325159914712155 0.3510830324909747 0.0042643923240938165 0.023465703971119134
4 0.464818763326226 0.3844765342960289 0.0031982942430703624 0.019855595667870037
23 0.38912579957356075 0.3456678700361011 0.006396588486140725 0.032490974729241874
4 0.4123134328358209 0.3583032490974729 0.0042643923240938165 0.02888086642599278
4 0.4970682302771855 0.40342960288808666 0.004797441364605544 0.02707581227436823
4 0.458955223880597 0.38267148014440433 0.0042643923240938165 0.02527075812274368
23 0.5101279317697228 0.41064981949458484 0.0031982942430703624 0.02527075812274368
4 0.44323027718550106 0.37454873646209386 0.004797441364605544 0.02888086642599278
4 0.48001066098081024 0.39620938628158847 0.0042643923240938165 0.02527075812274368
23 0.43630063965884863 0.37274368231046934 0.005330490405117271 0.02888086642599278
4 0.4474946695095949 0.37815884476534295 0.0037313432835820895 0.02888086642599278
4 0.39738805970149255 0.351985559566787 0.005863539445628998 0.030685920577617327
4 0.56636460554371 0.44223826714801445 0.006929637526652452 0.03429602888086643
4 0.43097014925373134 0.3700361010830325 0.006396588486140725 0.02707581227436823
23 0.5716950959488273 0.44494584837545126 0.0037313432835820895 0.02888086642599278
23 0.47574626865671643 0.3935018050541516 0.0031982942430703624 0.02527075812274368
4 0.31050106609808104 0.30505415162454874 0.0037313432835820895 0.021660649819494584
23 0.4552238805970149 0.38267148014440433 0.0037313432835820895 0.02707581227436823
4 0.5141257995735607 0.41425992779783394 0.0042643923240938165 0.02707581227436823
23 0.531183368869936 0.4232851985559567 0.0031982942430703624 0.02527075812274368
23 0.3150319829424307 0.3095667870036101 0.0031982942430703624 0.021660649819494584
4 0.5199893390191898 0.4196750902527076 0.0037313432835820895 0.023465703971119134
23 0.4224413646055437 0.36732851985559567 0.006396588486140725 0.030685920577617327
4 0.5405117270788913 0.4305054151624549 0.0031982942430703624 0.023465703971119134
4 0.6036780383795309 0.463898916967509 0.005330490405117271 0.02888086642599278
4 0.525319829424307 0.4223826714801444 0.0042643923240938165 0.023465703971119134
4 0.5804904051172708 0.45216606498194944 0.005863539445628998 0.02888086642599278
23 0.5573027718550106 0.4395306859205776 0.006929637526652452 0.03429602888086643
23 0.6084754797441365 0.4666064981949459 0.0037313432835820895 0.02707581227436823
4 0.545042643923241 0.43501805054151627 0.0037313432835820895 0.02888086642599278
4 0.535181236673774 0.4296028880866426 0.0037313432835820895 0.02888086642599278
4 0.5756929637526652 0.45126353790613716 0.0031982942430703624 0.02707581227436823
23 0.6231343283582089 0.47653429602888087 0.0042643923240938165 0.02888086642599278
4 0.6324626865671642 0.48194945848375453 0.0037313432835820895 0.02888086642599278
23 0.6436567164179104 0.48736462093862815 0.0037313432835820895 0.030685920577617327
4 0.6130063965884861 0.4729241877256318 0.0042643923240938165 0.02888086642599278
4 0.6172707889125799 0.4747292418772563 0.0037313432835820895 0.02888086642599278
4 0.6377931769722814 0.48646209386281586 0.0042643923240938165 0.036101083032490974
23 0.5943496801705757 0.4648014440433213 0.007462686567164179 0.036101083032490974
4 0.6276652452025586 0.48285198555956677 0.004797441364605544 0.032490974729241874
4 0.6487206823027718 0.4936823104693141 0.0037313432835820895 0.02888086642599278
4 0.9952025586353944 0.6868231046931408 0.005330490405117271 0.04512635379061372
23 0.601545842217484 0.09386281588447654 0.005863539445628998 0.016245487364620937
23 0.5999466950959488 0.10740072202166065 0.006396588486140725 0.01444043321299639
23 0.6724413646055437 0.148014440433213 0.0042643923240938165 0.02707581227436823
30 0.6612473347547975 0.14259927797833935 0.0037313432835820895 0.023465703971119134