4 0.9482581967213115 0.49916943521594687 0.10245901639344263 0.20431893687707642
4 0.7013319672131147 0.5560631229235881 0.05635245901639344 0.08305647840531562
4 0.2021004098360656 0.09717607973421927 0.02305327868852459 0.06478405315614617
4 0.24820696721311475 0.0909468438538206 0.025102459016393443 0.06561461794019934
4 0.3790983606557377 0.7022425249169435 0.050204918032786885 0.08305647840531562
4 0.6913422131147541 0.6416112956810631 0.05584016393442623 0.07724252491694353
4 0.2771516393442623 0.08762458471760798 0.02151639344262295 0.059800664451827246
4 0.3265881147540984 0.7520764119601329 0.035860655737704916 0.05564784053156146
23 0.8652663934426229 0.646594684385382 0.025614754098360656 0.03820598006644518
4 0.2336065573770492 0.7857142857142857 0.02920081967213115 0.04817275747508306
4 0.5363729508196722 0.7346345514950167 0.03125 0.11627906976744186
4 0.6160348360655737 0.7304817275747508 0.04969262295081967 0.07890365448504984
4 0.39702868852459017 0.7749169435215947 0.04969262295081967 0.0755813953488372
23 0.6662397540983607 0.7379568106312292 0.016905737704918034 0.07059800664451828
4 0.7113217213114754 0.7400332225913622 0.03790983606557377 0.046511627906976744
4 0.9597848360655737 0.6918604651162791 0.07940573770491803 0.20431893687707642
23 0.765625 0.7350498338870431 0.024077868852459015 0.044850498338870434
23 0.5699282786885246 0.776578073089701 0.0235655737704918 0.05149501661129568
23 0.8286372950819673 0.7308970099667774 0.027663934426229508 0.04568106312292359
4 0.09964139344262295 0.9119601328903655 0.022028688524590164 0.029900332225913623
4 0.1990266393442623 0.9431063122923588 0.03432377049180328 0.04817275747508306
23 0.5917008196721312 0.08845514950166113 0.028688524590163935 0.02159468438538206
4 0.9100922131147541 0.059385382059800665 0.020491803278688523 0.029069767441860465
23 0.09246926229508197 0.26578073089701 0.03381147540983607 0.026578073089700997
23 0.1255122950819672 0.2840531561461794 0.03637295081967213 0.029069767441860465
4 0.2023565573770492 0.4804817275747508 0.030737704918032786 0.04235880398671096
4 0.3250512295081967 0.4738372093023256 0.020491803278688523 0.023255813953488372
4 0.22899590163934427 0.5062292358803987 0.03125 0.049003322259136214
4 0.6436987704918032 0.4688538205980066 0.025102459016393443 0.054817275747508304