23 0.6858178053830227 0.24561403508771928 0.005693581780538302 0.028070175438596492
30 0.6909937888198758 0.2517543859649123 0.004140786749482402 0.017543859649122806
23 0.6984989648033126 0.26052631578947366 0.005175983436853002 0.02631578947368421
23 0.6754658385093167 0.2394736842105263 0.003105590062111801 0.017543859649122806
23 0.5936853002070394 0.1692982456140351 0.004658385093167702 0.02631578947368421
23 0.5978260869565217 0.1763157894736842 0.0036231884057971015 0.02456140350877193
4 0.41847826086956524 0.01929824561403509 0.005175983436853002 0.02456140350877193
23 0.41045548654244307 0.013157894736842105 0.002587991718426501 0.017543859649122806
23 0.4143374741200828 0.017543859649122806 0.0036231884057971015 0.021052631578947368
30 0.6762422360248447 0.26403508771929823 0.0036231884057971015 0.012280701754385965
23 0.6925465838509317 0.2807017543859649 0.004658385093167702 0.02280701754385965
23 0.4355590062111801 0.04912280701754386 0.0036231884057971015 0.02456140350877193
23 0.6868530020703933 0.2771929824561403 0.004658385093167702 0.02280701754385965
23 0.4055383022774327 0.021929824561403508 0.0036231884057971015 0.02280701754385965
23 0.4309006211180124 0.04473684210526316 0.003105590062111801 0.02280701754385965
23 0.4508281573498965 0.06491228070175438 0.004658385093167702 0.02456140350877193
4 0.5753105590062112 0.1780701754385965 0.005693581780538302 0.028070175438596492
23 0.6832298136645962 0.27631578947368424 0.005175983436853002 0.028070175438596492
4 0.4472049689440994 0.06140350877192982 0.003105590062111801 0.02280701754385965
4 0.5626293995859213 0.16842105263157894 0.005693581780538302 0.014035087719298246
23 0.6055900621118012 0.20701754385964913 0.004140786749482402 0.021052631578947368
23 0.6966873706004141 0.29035087719298247 0.004140786749482402 0.02456140350877193
23 0.6019668737060041 0.20614035087719298 0.003105590062111801 0.01929824561403509
23 0.5970496894409938 0.20087719298245615 0.0036231884057971015 0.015789473684210527
4 0.37836438923395443 0.009649122807017544 0.005175983436853002 0.01929824561403509
23 0.3739648033126294 0.007894736842105263 0.004658385093167702 0.015789473684210527
23 0.36904761904761907 0.007017543859649123 0.004140786749482402 0.014035087719298246
23 0.41718426501035194 0.04298245614035088 0.003105590062111801 0.017543859649122806
23 0.7065217391304348 0.3078947368421053 0.0036231884057971015 0.02280701754385965
23 0.4249482401656315 0.054385964912280704 0.0036231884057971015 0.017543859649122806
23 0.9984472049689441 0.5771929824561404 0.002070393374741201 0.028070175438596492
30 0.44021739130434784 0.07105263157894737 0.005175983436853002 0.012280701754385965
23 0.6736542443064182 0.2894736842105263 0.0036231884057971015 0.02456140350877193
23 0.6909937888198758 0.30701754385964913 0.002587991718426501 0.015789473684210527
23 0.6780538302277432 0.29473684210526313 0.0036231884057971015 0.021052631578947368
23 0.5654761904761905 0.19298245614035087 0.003105590062111801 0.017543859649122806
23 0.9860248447204969 0.5745614035087719 0.004140786749482402 0.02631578947368421
23 0.5590062111801242 0.18859649122807018 0.003105590062111801 0.01929824561403509
23 0.4034679089026915 0.04736842105263158 0.0036231884057971015 0.021052631578947368
23 0.4469461697722567 0.0868421052631579 0.008281573498964804 0.01929824561403509
23 0.6873706004140787 0.30526315789473685 0.004140786749482402 0.01929824561403509
23 0.4114906832298137 0.054385964912280704 0.003105590062111801 0.017543859649122806
30 0.6573498964803313 0.27982456140350875 0.005175983436853002 0.015789473684210527
23 0.69824016563147 0.31666666666666665 0.005693581780538302 0.010526315789473684
23 0.40734989648033126 0.05263157894736842 0.0036231884057971015 0.02456140350877193
23 0.6640786749482401 0.2894736842105263 0.0036231884057971015 0.02631578947368421
4 0.3333333333333333 0.0043859649122807015 0.013457556935817806 0.008771929824561403
23 0.6697722567287785 0.2964912280701754 0.005693581780538302 0.02631578947368421
15 0.3879399585921325 0.0456140350877193 0.013457556935817806 0.07894736842105263
4 0.8418737060041408 0.45789473684210524 0.006211180124223602 0.015789473684210527
23 0.41847826086956524 0.07368421052631578 0.004140786749482402 0.021052631578947368
23 0.4138198757763975 0.07105263157894737 0.0036231884057971015 0.02280701754385965
23 0.7088509316770186 0.3394736842105263 0.002587991718426501 0.015789473684210527
23 0.9979296066252588 0.6035087719298246 0.003105590062111801 0.021052631578947368
23 0.6847826086956522 0.3192982456140351 0.005693581780538302 0.015789473684210527
23 0.4226190476190476 0.08070175438596491 0.004140786749482402 0.02280701754385965
23 0.42883022774327123 0.0868421052631579 0.004140786749482402 0.021052631578947368
23 0.6972049689440993 0.33596491228070174 0.006211180124223602 0.017543859649122806
23 0.4365942028985507 0.10087719298245613 0.004658385093167702 0.02631578947368421
23 0.442287784679089 0.10614035087719298 0.004658385093167702 0.02280701754385965
4 0.5460662525879917 0.20175438596491227 0.004140786749482402 0.02631578947368421
23 0.489648033126294 0.15087719298245614 0.003105590062111801 0.01929824561403509
23 0.5005175983436853 0.16052631578947368 0.005175983436853002 0.02631578947368421
23 0.49301242236024845 0.1543859649122807 0.0036231884057971015 0.021052631578947368
23 0.5543478260869565 0.21140350877192982 0.002587991718426501 0.017543859649122806
23 0.712991718426501 0.35526315789473684 0.004658385093167702 0.02456140350877193
4 0.4055383022774327 0.07631578947368421 0.003105590062111801 0.017543859649122806
23 0.5509834368530021 0.20877192982456141 0.004658385093167702 0.02456140350877193
23 0.9912008281573499 0.6105263157894737 0.004658385093167702 0.02280701754385965
23 0.6627846790890269 0.31140350877192985 0.004140786749482402 0.015789473684210527
23 0.6586438923395446 0.3078947368421053 0.0036231884057971015 0.015789473684210527
23 0.5636645962732919 0.2236842105263158 0.005175983436853002 0.02982456140350877
23 0.4560041407867495 0.1280701754385965 0.003105590062111801 0.021052631578947368
23 0.4588509316770186 0.1324561403508772 0.004140786749482402 0.021052631578947368
23 0.4635093167701863 0.13596491228070176 0.003105590062111801 0.01929824561403509
23 0.4668737060041408 0.1412280701754386 0.0036231884057971015 0.01929824561403509
15 0.3002070393374741 0.0043859649122807015 0.009316770186335404 0.008771929824561403
30 0.610248447204969 0.2710526315789474 0.004140786749482402 0.017543859649122806
23 0.6162008281573499 0.2789473684210526 0.005693581780538302 0.02456140350877193
23 0.6340579710144928 0.2964912280701754 0.0036231884057971015 0.02456140350877193
23 0.5579710144927537 0.22719298245614036 0.0036231884057971015 0.02456140350877193
23 0.6299171842650103 0.2929824561403509 0.0036231884057971015 0.02456140350877193
23 0.4805900621118012 0.1570175438596491 0.004658385093167702 0.021052631578947368
23 0.6019668737060041 0.2675438596491228 0.004140786749482402 0.02456140350877193
23 0.5678053830227743 0.23859649122807017 0.004140786749482402 0.02631578947368421
23 0.6213768115942029 0.2868421052631579 0.004140786749482402 0.02982456140350877
23 0.6252587991718427 0.29210526315789476 0.004140786749482402 0.02982456140350877
23 0.33126293995859213 0.02543859649122807 0.006211180124223602 0.015789473684210527
23 0.35507246376811596 0.04912280701754386 0.005175983436853002 0.028070175438596492
23 0.5398550724637681 0.21842105263157896 0.004140786749482402 0.02280701754385965
23 0.3498964803312629 0.04736842105263158 0.004140786749482402 0.02631578947368421
23 0.9963768115942029 0.6350877192982456 0.002070393374741201 0.015789473684210527
23 0.44021739130434784 0.13157894736842105 0.004140786749482402 0.02456140350877193
23 0.5439958592132506 0.22719298245614036 0.004658385093167702 0.021052631578947368
23 0.4829192546583851 0.17192982456140352 0.004658385093167702 0.021052631578947368
23 0.7031573498964804 0.3719298245614035 0.0036231884057971015 0.02280701754385965
23 0.7104037267080745 0.38070175438596493 0.004140786749482402 0.02631578947368421
23 0.4748964803312629 0.16666666666666666 0.002587991718426501 0.02280701754385965
23 0.9989648033126294 0.6464912280701754 0.0010351966873706005 0.02631578947368421
4 0.40320910973084884 0.10350877192982456 0.003105590062111801 0.01929824561403509
23 0.6640786749482401 0.34210526315789475 0.0036231884057971015 0.02280701754385965
23 0.6601966873706004 0.3385964912280702 0.002587991718426501 0.021052631578947368
30 0.6532091097308489 0.33245614035087717 0.004140786749482402 0.014035087719298246
30 0.593944099378882 0.27982456140350875 0.006211180124223602 0.02280701754385965
23 0.49042443064182195 0.18596491228070175 0.004140786749482402 0.02280701754385965
23 0.3299689440993789 0.04035087719298246 0.006728778467908903 0.01929824561403509
23 0.9805900621118012 0.631578947368421 0.0036231884057971015 0.01929824561403509
23 0.48680124223602483 0.1850877192982456 0.0036231884057971015 0.02280701754385965
23 0.453416149068323 0.1543859649122807 0.0036231884057971015 0.021052631578947368
30 0.4334886128364389 0.13596491228070176 0.004140786749482402 0.015789473684210527
23 0.45729813664596275 0.15964912280701754 0.0036231884057971015 0.021052631578947368
15 0.6816770186335404 0.3631578947368421 0.025362318840579712 0.06140350877192982
23 0.46557971014492755 0.1692982456140351 0.0036231884057971015 0.017543859649122806
30 0.25388198757763975 0.008771929824561403 0.020186335403726708 0.017543859649122806
23 0.562888198757764 0.2614035087719298 0.0036231884057971015 0.017543859649122806
23 0.5877329192546584 0.2833333333333333 0.0036231884057971015 0.02631578947368421
4 0.7422360248447205 0.4236842105263158 0.009316770186335404 0.05263157894736842
4 0.4777432712215321 0.18421052631578946 0.0036231884057971015 0.02280701754385965
4 0.31288819875776397 0.034210526315789476 0.005175983436853002 0.028070175438596492
23 0.3747412008281574 0.09035087719298246 0.009316770186335404 0.021052631578947368
23 0.31780538302277433 0.04035087719298246 0.004140786749482402 0.02280701754385965
23 0.5587474120082816 0.25877192982456143 0.0036231884057971015 0.02456140350877193
23 0.6001552795031055 0.2964912280701754 0.0036231884057971015 0.021052631578947368
15 0.5142339544513458 0.21842105263157896 0.023809523809523808 0.08771929824561403
23 0.3082298136645963 0.031578947368421054 0.005693581780538302 0.02456140350877193
4 0.769927536231884 0.45263157894736844 0.010351966873706004 0.05087719298245614
23 0.9834368530020704 0.6464912280701754 0.003105590062111801 0.021052631578947368
4 0.49508281573498963 0.20350877192982456 0.004658385093167702 0.028070175438596492
4 0.8253105590062112 0.5052631578947369 0.007763975155279503 0.0456140350877193
30 0.4443581780538302 0.1587719298245614 0.004658385093167702 0.015789473684210527
4 0.8814699792960663 0.5561403508771929 0.008799171842650104 0.043859649122807015
4 0.8123706004140787 0.49298245614035086 0.023809523809523808 0.07719298245614035
23 0.4389233954451346 0.15526315789473685 0.0036231884057971015 0.021052631578947368
23 0.5395962732919255 0.24912280701754386 0.006211180124223602 0.015789473684210527
4 0.8690476190476191 0.5482456140350878 0.022774327122153208 0.07368421052631578
4 0.842391304347826 0.5271929824561403 0.021739130434782608 0.07192982456140351
23 0.6058488612836439 0.3131578947368421 0.0036231884057971015 0.02280701754385965
23 0.6182712215320911 0.32456140350877194 0.0036231884057971015 0.02631578947368421
23 0.610248447204969 0.31842105263157894 0.0036231884057971015 0.02456140350877193
23 0.6138716356107661 0.3219298245614035 0.0036231884057971015 0.02631578947368421
23 0.7003105590062112 0.4 0.004658385093167702 0.02456140350877193
23 0.7047101449275363 0.40614035087719297 0.002587991718426501 0.015789473684210527
4 0.453416149068323 0.17982456140350878 0.008281573498964804 0.02456140350877193
23 0.9780020703933747 0.656140350877193 0.004140786749482402 0.02280701754385965
23 0.9984472049689441 0.6771929824561403 0.002070393374741201 0.03508771929824561
30 0.6252587991718427 0.33771929824561403 0.004658385093167702 0.01929824561403509
23 0.6314699792960663 0.3429824561403509 0.005693581780538302 0.02631578947368421
23 0.35119047619047616 0.09035087719298246 0.004658385093167702 0.02982456140350877
4 0.4298654244306418 0.16578947368421051 0.005693581780538302 0.02982456140350877
23 0.385351966873706 0.12543859649122807 0.005175983436853002 0.02456140350877193
23 0.6612318840579711 0.3780701754385965 0.003105590062111801 0.017543859649122806
23 0.5388198757763976 0.26842105263157895 0.003105590062111801 0.01929824561403509
23 0.5346790890269151 0.2649122807017544 0.004658385093167702 0.02631578947368421
23 0.5432194616977226 0.2719298245614035 0.0036231884057971015 0.02280701754385965
23 0.6570910973084886 0.37719298245614036 0.002587991718426501 0.017543859649122806
23 0.5476190476190477 0.27807017543859647 0.004140786749482402 0.02456140350877193
23 0.28493788819875776 0.0412280701754386 0.004140786749482402 0.02631578947368421
23 0.5520186335403726 0.28421052631578947 0.004140786749482402 0.02631578947368421
23 0.39855072463768115 0.14473684210526316 0.0036231884057971015 0.02456140350877193
23 0.9857660455486542 0.6780701754385965 0.002587991718426501 0.017543859649122806
23 0.40631469979296064 0.15175438596491228 0.004658385093167702 0.02456140350877193
23 0.4107142857142857 0.1570175438596491 0.0036231884057971015 0.02280701754385965
23 0.989648033126294 0.6833333333333333 0.003105590062111801 0.017543859649122806
4 0.4906832298136646 0.23157894736842105 0.006728778467908903 0.03508771929824561
4 0.4855072463768116 0.2307017543859649 0.004658385093167702 0.02631578947368421
23 0.6081780538302277 0.3456140350877193 0.004140786749482402 0.021052631578947368
23 0.3162525879917184 0.08070175438596491 0.003105590062111801 0.021052631578947368
23 0.32039337474120083 0.08596491228070176 0.005175983436853002 0.028070175438596492
23 0.3247929606625259 0.09210526315789473 0.004140786749482402 0.02280701754385965
23 0.4158902691511387 0.17456140350877192 0.0036231884057971015 0.02280701754385965
23 0.6237060041407867 0.36666666666666664 0.007763975155279503 0.021052631578947368
23 0.34937888198757766 0.12017543859649123 0.004140786749482402 0.015789473684210527
4 0.5333850931677019 0.2868421052631579 0.005693581780538302 0.014035087719298246
30 0.5623706004140787 0.31491228070175437 0.005175983436853002 0.021052631578947368
23 0.38742236024844723 0.156140350877193 0.004658385093167702 0.02456140350877193
23 0.5538302277432712 0.30701754385964913 0.007246376811594203 0.015789473684210527
23 0.6777950310559007 0.4201754385964912 0.005175983436853002 0.02631578947368421
4 0.682712215320911 0.4263157894736842 0.004658385093167702 0.02456140350877193
23 0.687111801242236 0.4298245614035088 0.004140786749482402 0.028070175438596492
4 0.6666666666666666 0.4131578947368421 0.005175983436853002 0.02631578947368421
23 0.5719461697722568 0.32719298245614037 0.004658385093167702 0.028070175438596492
23 0.28234989648033126 0.06842105263157895 0.004658385093167702 0.015789473684210527
30 0.5403726708074534 0.3026315789473684 0.005693581780538302 0.01929824561403509
23 0.5678053830227743 0.32719298245614037 0.005175983436853002 0.031578947368421054
4 0.526656314699793 0.29210526315789476 0.0036231884057971015 0.02280701754385965
4 0.7792443064182195 0.5210526315789473 0.005693581780538302 0.028070175438596492
23 0.775103519668737 0.5175438596491229 0.003105590062111801 0.015789473684210527
23 0.5160455486542443 0.2824561403508772 0.004658385093167702 0.028070175438596492
23 0.5219979296066253 0.2894736842105263 0.003105590062111801 0.02280701754385965
23 0.7875258799171843 0.5307017543859649 0.0036231884057971015 0.02456140350877193
23 0.7833850931677019 0.5271929824561403 0.004140786749482402 0.02280701754385965
23 0.9298654244306418 0.6614035087719298 0.0036231884057971015 0.01929824561403509
23 0.9254658385093167 0.6570175438596492 0.004658385093167702 0.02280701754385965
23 0.917184265010352 0.6517543859649123 0.005175983436853002 0.021052631578947368
23 0.5328674948240165 0.3026315789473684 0.005693581780538302 0.012280701754385965
4 0.9221014492753623 0.656140350877193 0.004658385093167702 0.02631578947368421
23 0.9805900621118012 0.7114035087719298 0.004140786749482402 0.02456140350877193
23 0.9849896480331263 0.7149122807017544 0.0036231884057971015 0.01929824561403509
23 0.31495859213250516 0.10877192982456141 0.004658385093167702 0.01929824561403509
23 0.9961180124223602 0.730701754385965 0.005175983436853002 0.03859649122807018
23 0.7269668737060041 0.49736842105263157 0.007246376811594203 0.042105263157894736
23 0.8387681159420289 0.6008771929824561 0.0036231884057971015 0.017543859649122806
23 0.7950310559006211 0.5631578947368421 0.009316770186335404 0.043859649122807015
23 0.8341097308488613 0.5982456140350877 0.004140786749482402 0.02280701754385965
23 0.8695652173913043 0.6307017543859649 0.008281573498964804 0.04035087719298246
23 0.9373706004140787 0.6956140350877194 0.008281573498964804 0.04912280701754386
4 0.39751552795031053 0.21052631578947367 0.006211180124223602 0.031578947368421054
23 0.40217391304347827 0.21842105263157896 0.0036231884057971015 0.021052631578947368
23 0.3747412008281574 0.193859649122807 0.0036231884057971015 0.01929824561403509
4 0.5002587991718427 0.3078947368421053 0.005693581780538302 0.02280701754385965
4 0.48576604554865427 0.29473684210526313 0.005175983436853002 0.028070175438596492
23 0.532608695652174 0.3368421052631579 0.004658385093167702 0.03333333333333333
4 0.5530538302277432 0.35789473684210527 0.005693581780538302 0.028070175438596492
23 0.5056935817805382 0.3140350877192982 0.005175983436853002 0.021052631578947368
4 0.644927536231884 0.44298245614035087 0.006728778467908903 0.03333333333333333
4 0.5380434782608695 0.3456140350877193 0.006211180124223602 0.02982456140350877
4 0.37991718426501037 0.20175438596491227 0.006728778467908903 0.03333333333333333
23 0.6384575569358178 0.4368421052631579 0.004658385093167702 0.028070175438596492
4 0.6596790890269151 0.45789473684210524 0.008281573498964804 0.03859649122807018
4 0.724120082815735 0.5385964912280702 0.005175983436853002 0.028070175438596492
30 0.7487060041407867 0.5605263157894737 0.015010351966873706 0.05964912280701754
30 0.8931159420289855 0.6938596491228071 0.016045548654244308 0.06666666666666667
4 0.3281573498964803 0.18070175438596492 0.004140786749482402 0.028070175438596492
23 0.3325569358178054 0.18596491228070175 0.004658385093167702 0.02456140350877193
4 0.7908902691511387 0.6026315789473684 0.0036231884057971015 0.02280701754385965
23 0.3366977225672878 0.19210526315789472 0.004658385093167702 0.021052631578947368
30 0.5512422360248447 0.3868421052631579 0.0036231884057971015 0.014035087719298246
4 0.9342650103519669 0.7342105263157894 0.004140786749482402 0.02456140350877193
4 0.8662008281573499 0.6728070175438596 0.005693581780538302 0.031578947368421054
23 0.5240683229813664 0.36578947368421055 0.005693581780538302 0.031578947368421054
30 0.8175465838509317 0.6324561403508772 0.017598343685300208 0.07368421052631578
23 0.47929606625258797 0.32719298245614037 0.006728778467908903 0.03508771929824561
30 0.9604037267080745 0.7640350877192983 0.018633540372670808 0.06491228070175438
23 0.36749482401656314 0.22543859649122808 0.006728778467908903 0.03859649122807018
23 0.6325051759834368 0.46578947368421053 0.008281573498964804 0.03684210526315789
23 0.5416666666666666 0.3850877192982456 0.009316770186335404 0.021052631578947368
23 0.48783643892339545 0.33596491228070174 0.008281573498964804 0.03333333333333333
23 0.4200310559006211 0.27631578947368424 0.004140786749482402 0.02631578947368421
23 0.4472049689440994 0.30087719298245613 0.004140786749482402 0.02280701754385965
4 0.44306418219461696 0.29736842105263156 0.005175983436853002 0.021052631578947368
4 0.41563146997929606 0.27280701754385966 0.005175983436853002 0.02456140350877193
23 0.6490683229813664 0.48596491228070177 0.007246376811594203 0.017543859649122806
4 0.5753105590062112 0.42105263157894735 0.005175983436853002 0.028070175438596492
4 0.6058488612836439 0.44912280701754387 0.005175983436853002 0.028070175438596492
23 0.5799689440993789 0.42543859649122806 0.005175983436853002 0.02631578947368421
23 0.6099896480331263 0.45614035087719296 0.005175983436853002 0.02982456140350877
23 0.3837991718426501 0.2543859649122807 0.008281573498964804 0.01929824561403509
15 0.3115942028985507 0.19824561403508772 0.015010351966873706 0.07368421052631578
23 0.3253105590062112 0.21403508771929824 0.006211180124223602 0.02982456140350877
23 0.32919254658385094 0.2324561403508772 0.004658385093167702 0.02280701754385965
23 0.3338509316770186 0.23684210526315788 0.004140786749482402 0.02456140350877193
4 0.06547619047619048 0.018421052631578946 0.011904761904761904 0.03684210526315789
4 0.05615942028985507 0.015789473684210527 0.011904761904761904 0.031578947368421054
4 0.36749482401656314 0.29035087719298247 0.004140786749482402 0.02982456140350877
23 0.35714285714285715 0.28157894736842104 0.004658385093167702 0.02631578947368421
4 0.34265010351966874 0.26842105263157895 0.004658385093167702 0.02631578947368421
4 0.3530020703933747 0.2771929824561403 0.005693581780538302 0.028070175438596492
23 0.3830227743271222 0.306140350877193 0.003105590062111801 0.01929824561403509
4 0.3863871635610766 0.30964912280701756 0.004140786749482402 0.021052631578947368
4 0.37836438923395443 0.3026315789473684 0.004658385093167702 0.02280701754385965
4 0.3910455486542443 0.3140350877192982 0.004140786749482402 0.02631578947368421
23 0.4148550724637681 0.33596491228070174 0.004658385093167702 0.02280701754385965
4 0.47334368530020704 0.38859649122807016 0.0036231884057971015 0.021052631578947368
23 0.40139751552795033 0.32456140350877194 0.006728778467908903 0.03333333333333333
4 0.42339544513457555 0.3447368421052632 0.005175983436853002 0.028070175438596492
4 0.5038819875776398 0.41842105263157897 0.005175983436853002 0.02631578947368421
4 0.46790890269151136 0.3850877192982456 0.004658385093167702 0.02456140350877193
23 0.5163043478260869 0.4298245614035088 0.0036231884057971015 0.02631578947368421
4 0.4528985507246377 0.3719298245614035 0.005693581780538302 0.028070175438596492
4 0.48757763975155277 0.4052631578947368 0.004658385093167702 0.02456140350877193
23 0.44616977225672877 0.3675438596491228 0.006211180124223602 0.02982456140350877
4 0.45678053830227744 0.37719298245614036 0.004658385093167702 0.028070175438596492
4 0.4091614906832298 0.33421052631578946 0.006728778467908903 0.031578947368421054
4 0.5696169772256728 0.47982456140350876 0.007246376811594203 0.03508771929824561
4 0.4412525879917184 0.3631578947368421 0.006728778467908903 0.028070175438596492
23 0.5745341614906833 0.4842105263157895 0.004658385093167702 0.028070175438596492
23 0.483695652173913 0.4017543859649123 0.0036231884057971015 0.02631578947368421
4 0.32660455486542445 0.25877192982456143 0.004140786749482402 0.021052631578947368
23 0.4642857142857143 0.38421052631578945 0.004140786749482402 0.02631578947368421
4 0.5201863354037267 0.43508771929824563 0.004658385093167702 0.02631578947368421
23 0.5362318840579711 0.44912280701754387 0.0036231884057971015 0.02631578947368421
23 0.3310041407867495 0.2649122807017544 0.0036231884057971015 0.02280701754385965
4 0.5256211180124224 0.4412280701754386 0.004140786749482402 0.02280701754385965
23 0.4329710144927536 0.3570175438596491 0.007246376811594203 0.031578947368421054
4 0.5450310559006211 0.4587719298245614 0.0036231884057971015 0.02456140350877193
4 0.605072463768116 0.5140350877192983 0.006211180124223602 0.02982456140350877
4 0.5305383022774327 0.4456140350877193 0.004658385093167702 0.02280701754385965
4 0.5830745341614907 0.493859649122807 0.006728778467908903 0.02982456140350877
23 0.5610766045548654 0.47368421052631576 0.007246376811594203 0.03508771929824561
23 0.609472049689441 0.5175438596491229 0.004140786749482402 0.02631578947368421
4 0.5494306418219461 0.4649122807017544 0.004658385093167702 0.028070175438596492
4 0.5398550724637681 0.45614035087719296 0.004658385093167702 0.028070175438596492
4 0.578416149068323 0.49122807017543857 0.004140786749482402 0.028070175438596492
23 0.6234472049689441 0.5324561403508772 0.005175983436853002 0.028070175438596492
4 0.6325051759834368 0.5403508771929825 0.004658385093167702 0.028070175438596492
23 0.6428571428571429 0.55 0.004658385093167702 0.02982456140350877
4 0.6138716356107661 0.525438596491228 0.005175983436853002 0.028070175438596492
4 0.6177536231884058 0.5289473684210526 0.004658385093167702 0.028070175438596492
4 0.6371635610766045 0.5464912280701755 0.005175983436853002 0.03508771929824561
23 0.5960144927536232 0.5114035087719299 0.008281573498964804 0.03684210526315789
4 0.6275879917184265 0.5394736842105263 0.005175983436853002 0.031578947368421054
4 0.6475155279503105 0.5578947368421052 0.004658385093167702 0.028070175438596492
4 0.9774844720496895 0.8649122807017544 0.008281573498964804 0.043859649122807015
4 0.985248447204969 0.874561403508772 0.007246376811594203 0.0456140350877193
23 0.6141304347826086 0.15526315789473685 0.006211180124223602 0.017543859649122806
23 0.6120600414078675 0.1675438596491228 0.006211180124223602 0.015789473684210527
23 0.6809006211180124 0.23157894736842105 0.004658385093167702 0.02631578947368421
30 0.6702898550724637 0.22280701754385965 0.004140786749482402 0.02280701754385965