4 0.9418125643666323 0.7061769616026711 0.1035015447991761 0.20617696160267113
4 0.6949021627188465 0.6498330550918197 0.05818743563336766 0.08597662771285476
4 0.2909371781668383 0.007929883138564273 0.024716786817713696 0.015859766277128547
4 0.3367662203913491 0.015442404006677797 0.026776519052523172 0.030884808013355594
4 0.3583934088568486 0.6460767946577629 0.052008238928939236 0.08597662771285476
4 0.6707003089598352 0.7278797996661102 0.057157569515962924 0.08013355592654424
4 0.3653450051493306 0.018781302170283808 0.023171987641606592 0.037562604340567615
4 0.29917610710607623 0.6707011686143572 0.037075180226570546 0.05759599332220367
23 0.8377960865087538 0.8105175292153589 0.026261585993820804 0.04006677796327212
4 0.20365602471678682 0.6615191986644408 0.03038105046343975 0.049248747913188645
4 0.5048918640576725 0.7479131886477463 0.03398558187435633 0.11769616026711185
4 0.5826467559217302 0.7796327212020033 0.0509783728115345 0.08180300500834725
4 0.3632852729145211 0.7245409015025042 0.05149330587023687 0.07846410684474124
23 0.629763130792997 0.8096828046744574 0.018537590113285273 0.07178631051752922
4 0.6730175077239959 0.8318030050083473 0.03913491246138002 0.048414023372287146
4 0.9268795056642637 0.8985809682804674 0.09577754891864057 0.2011686143572621
23 0.726313079299691 0.8514190317195326 0.024716786817713696 0.045909849749582635
23 0.5303810504634398 0.8034223706176962 0.024716786817713696 0.052587646076794656
23 0.7881050463439753 0.8756260434056762 0.02832131822863028 0.04757929883138564
4 0.052780638516992794 0.7232888146911519 0.02265705458290422 0.030884808013355594
4 0.14340885684860968 0.7979966611018364 0.035015447991761074 0.05008347245409015
4 0.13362512873326468 0.8714524207011686 0.03604531410916581 0.04674457429048414
23 0.668898043254377 0.14858096828046743 0.028836251287332648 0.02337228714524207
4 0.9814624098867147 0.2637729549248748 0.02059732234809475 0.03005008347245409
23 0.1562821833161689 0.09557595993322204 0.03398558187435633 0.02921535893155259
23 0.18486096807415037 0.1285475792988314 0.036560247167868175 0.030884808013355594
4 0.2255406797116375 0.3526711185308848 0.03141091658084449 0.04424040066777963
4 0.3455200823892894 0.40108514190317196 0.02059732234809475 0.024207011686143573
4 0.2469104016477858 0.3893989983305509 0.03244078269824923 0.05091819699499165
4 0.6542224510813595 0.5396494156928213 0.026261585993820804 0.055926544240400666