23 0.028688524590163935 0.5075282308657465 0.009221311475409836 0.008155583437892095
30 0.7653688524590164 0.6537013801756587 0.018442622950819672 0.02258469259723965
30 0.8486168032786885 0.671267252195734 0.01639344262295082 0.023212045169385194
23 0.7802254098360656 0.6596612296110415 0.00819672131147541 0.006900878293601004
23 0.6944159836065574 0.6455457967377666 0.00819672131147541 0.006900878293601004
23 0.027920081967213115 0.5163111668757842 0.009221311475409836 0.008155583437892095
23 0.7792008196721312 0.6678168130489335 0.009221311475409836 0.0075282308657465494
23 0.6933913934426229 0.6530740276035132 0.00973360655737705 0.008155583437892095
4 0.9672131147540983 0.7060853199498118 0.009221311475409836 0.010037641154328732
23 0.026895491803278687 0.5244667503136763 0.009221311475409836 0.008155583437892095
4 0.9149590163934426 0.6966750313676286 0.00819672131147541 0.016938519447929738
4 0.951844262295082 0.704516938519448 0.007172131147540984 0.015056461731493099
30 0.011526639344262296 0.5222710163111669 0.019979508196721313 0.02258469259723965
4 0.9334016393442623 0.701693851944793 0.022540983606557378 0.01756587202007528
23 0.7781762295081968 0.6759723964868256 0.007684426229508197 0.006900878293601004
23 0.026383196721311477 0.5326223337515684 0.00973360655737705 0.00878293601003764
30 0.7625512295081968 0.6765997490589711 0.01639344262295082 0.024466750313676285
30 0.8306864754098361 0.6904015056461732 0.017930327868852458 0.023212045169385194
30 0.8463114754098361 0.6941656210790464 0.018442622950819672 0.025094102885821833
23 0.6744364754098361 0.6634253450439147 0.012295081967213115 0.009410288582183186
23 0.7789446721311475 0.6844416562107905 0.009221311475409836 0.006900878293601004
4 0.025870901639344263 0.5407779171894604 0.012295081967213115 0.01066499372647428
30 0.00973360655737705 0.5436010037641155 0.0194672131147541 0.021957340025094103
23 0.6600922131147541 0.6693851944792973 0.00973360655737705 0.006900878293601004
23 0.025102459016393443 0.5501882057716436 0.010245901639344262 0.01066499372647428
23 0.6595799180327869 0.678168130489335 0.00973360655737705 0.006900878293601004
23 0.022540983606557378 0.5574027603513174 0.00819672131147541 0.0075282308657465494
23 0.6580430327868853 0.6863237139272271 0.009221311475409836 0.008155583437892095
23 0.022540983606557378 0.5668130489335006 0.007172131147540984 0.0075282308657465494
30 0.008709016393442622 0.564930991217064 0.017418032786885244 0.021957340025094103
23 0.657530737704918 0.6944792973651192 0.009221311475409836 0.0075282308657465494
23 0.02151639344262295 0.5749686323713927 0.009221311475409836 0.008155583437892095
23 0.02023565573770492 0.5840652446675031 0.006147540983606557 0.0075282308657465494
30 0.006915983606557377 0.5846925972396487 0.013831967213114754 0.018820577164366373
23 0.019723360655737706 0.5915934755332497 0.010245901639344262 0.00878293601003764
23 0.018442622950819672 0.6053952321204517 0.00973360655737705 0.00878293601003764
30 0.00589139344262295 0.6075909661229612 0.0117827868852459 0.02070263488080301
4 0.01639344262295082 0.613237139272271 0.011270491803278689 0.01066499372647428
23 0.008452868852459017 0.6276662484316186 0.009221311475409836 0.009410288582183186
4 0.5855532786885246 0.7415307402760352 0.007684426229508197 0.015056461731493099
4 0.592469262295082 0.7434127979924717 0.007684426229508197 0.01631116687578419
23 0.6019467213114754 0.7534504391468005 0.00973360655737705 0.008155583437892095
4 0.617827868852459 0.7565872020075283 0.010245901639344262 0.006900878293601004
4 0.6162909836065574 0.763801756587202 0.010758196721311475 0.0075282308657465494
23 0.600922131147541 0.7616060225846926 0.010758196721311475 0.008155583437892095
4 0.4882172131147541 0.7434127979924717 0.00665983606557377 0.013174404015056462
23 0.5998975409836066 0.7697616060225847 0.010758196721311475 0.008155583437892095
4 0.6155225409836066 0.7732120451693852 0.010245901639344262 0.0075282308657465494
23 0.5988729508196722 0.777603513174404 0.009221311475409836 0.0075282308657465494
4 0.6144979508196722 0.7807402760351317 0.010245901639344262 0.009410288582183186
4 0.6139856557377049 0.7895232120451694 0.008709016393442622 0.0075282308657465494
4 0.5983606557377049 0.7870138017565872 0.00973360655737705 0.006900878293601004
23 0.5970799180327869 0.7951693851944793 0.010758196721311475 0.0075282308657465494
4 0.6129610655737705 0.798306148055207 0.00973360655737705 0.006900878293601004
4 0.6114241803278688 0.8061480552070264 0.00973360655737705 0.006273525721455458
23 0.5960553278688525 0.803952321204517 0.009221311475409836 0.008155583437892095
15 0.5394467213114754 0.7936010037641155 0.08965163934426229 0.11166875784190715
4 0.6109118852459017 0.8143036386449184 0.010245901639344262 0.008155583437892095
23 0.5955430327868853 0.812107904642409 0.010245901639344262 0.009410288582183186
4 0.6091188524590164 0.8227728983688833 0.00973360655737705 0.0075282308657465494
23 0.5945184426229508 0.820577164366374 0.00973360655737705 0.00878293601003764
4 0.6086065573770492 0.831555834378921 0.008709016393442622 0.006273525721455458
23 0.5932377049180327 0.8293601003764115 0.010245901639344262 0.008155583437892095
4 0.6070696721311475 0.839711417816813 0.00819672131147541 0.006273525721455458
23 0.5922131147540983 0.8375156838143036 0.011270491803278689 0.010037641154328732
23 0.49052254098360654 0.8252823086574655 0.0117827868852459 0.008155583437892095
4 0.6063012295081968 0.8484943538268507 0.009221311475409836 0.006900878293601004
23 0.5911885245901639 0.845357590966123 0.0117827868852459 0.008155583437892095
23 0.5909323770491803 0.8522584692597239 0.010758196721311475 0.009410288582183186
4 0.6055327868852459 0.8557089084065245 0.009221311475409836 0.0075282308657465494
23 0.5901639344262295 0.8616687578419071 0.011270491803278689 0.011292346298619825
4 0.6047643442622951 0.8644918444165621 0.011270491803278689 0.0075282308657465494
23 0.5650614754098361 0.8626097867001254 0.013831967213114754 0.010037641154328732
23 0.5307377049180327 0.8566499372647428 0.010245901639344262 0.010037641154328732
23 0.5489241803278688 0.8601003764115432 0.010758196721311475 0.00878293601003764
23 0.48411885245901637 0.8475533249686323 0.010758196721311475 0.010037641154328732
23 0.5148565573770492 0.8541405269761606 0.011270491803278689 0.009410288582183186
23 0.49718237704918034 0.8506900878293601 0.008709016393442622 0.0075282308657465494
4 0.6037397540983607 0.8726474278544541 0.010245901639344262 0.006900878293601004
23 0.5888831967213115 0.8710790464240903 0.0117827868852459 0.00878293601003764
4 0.6032274590163934 0.8808030112923463 0.009221311475409836 0.0075282308657465494
23 0.5878586065573771 0.8786072772898369 0.012807377049180328 0.009410288582183186
4 0.5584016393442623 0.8739021329987453 0.008709016393442622 0.01631116687578419
4 0.5294569672131147 0.8691969887076537 0.00819672131147541 0.015056461731493099
4 0.5473872950819673 0.8723337515683814 0.00973360655737705 0.015683814303638646
4 0.5138319672131147 0.8666875784190715 0.010758196721311475 0.015056461731493099
4 0.4961577868852459 0.863237139272271 0.010758196721311475 0.015683814303638646
4 0.4823258196721312 0.8616687578419071 0.00973360655737705 0.015683814303638646
4 0.602202868852459 0.8895859473023839 0.0117827868852459 0.006900878293601004
23 0.5873463114754098 0.886762860727729 0.0117827868852459 0.00878293601003764
4 0.5860655737704918 0.9002509410288582 0.00819672131147541 0.015056461731493099
4 0.5727459016393442 0.8989962358845671 0.007172131147540984 0.012547051442910916
4 0.5391905737704918 0.89366373902133 0.010245901639344262 0.016938519447929738
4 0.5576331967213115 0.8974278544542033 0.00819672131147541 0.015683814303638646
4 0.5494364754098361 0.8964868255959849 0.009221311475409836 0.01631116687578419
4 0.5399590163934426 0.9084065244667503 0.010758196721311475 0.00878293601003764
30 0.46746926229508196 0.8958594730238394 0.013831967213114754 0.023212045169385194
23 0.5381659836065574 0.9265997490589711 0.010758196721311475 0.006900878293601004
23 0.5371413934426229 0.9347553324968633 0.0117827868852459 0.009410288582183186
15 0.5673668032786885 0.9416562107904642 0.05430327868852459 0.06649937264742785
4 0.5952868852459017 0.9629861982434128 0.010245901639344262 0.008155583437892095
4 0.5345799180327869 0.9582810539523212 0.013831967213114754 0.010037641154328732
4 0.5952868852459017 0.9708281053952321 0.010758196721311475 0.008155583437892095
4 0.024077868852459015 0.8795483061480552 0.013831967213114754 0.011292346298619825
15 0.3089139344262295 0.9366373902132998 0.050204918032786885 0.07026348808030113
4 0.022797131147540985 0.8889585947302384 0.010758196721311475 0.010037641154328732
15 0.0860655737704918 0.8974278544542033 0.04969262295081967 0.06273525721455459
15 0.008452868852459017 0.8808030112923463 0.016905737704918034 0.060225846925972396
4 0.02151639344262295 0.8980552070263488 0.012295081967213115 0.008155583437892095
4 0.41111680327868855 0.979297365119197 0.0056352459016393444 0.013174404015056462
4 0.3550204918032787 0.9720828105395232 0.00819672131147541 0.01191969887076537
30 0.7938012295081968 0.1734629861982434 0.015881147540983607 0.02132998745294856
4 0.3711577868852459 0.11606022584692598 0.007172131147540984 0.013801756587202008
4 0.3790983606557377 0.11888331242158093 0.00819672131147541 0.015683814303638646
4 0.38729508196721313 0.12045169385194479 0.007684426229508197 0.014429109159347553
4 0.6329405737704918 0.1737766624843162 0.0117827868852459 0.00878293601003764
30 0.7904713114754098 0.20639899623588456 0.01639344262295082 0.02383939774153074
4 0.6316598360655737 0.18318695106649938 0.012807377049180328 0.010037641154328732
30 0.7231045081967213 0.22302383939774154 0.012807377049180328 0.025094102885821833
30 0.8317110655737705 0.24498117942283562 0.01639344262295082 0.01944792973651192
30 0.8545081967213115 0.25 0.022028688524590164 0.016938519447929738
30 0.7369364754098361 0.22710163111668757 0.017418032786885244 0.023212045169385194
30 0.6823770491803278 0.2164366373902133 0.016905737704918034 0.024466750313676285
30 0.7051741803278688 0.22145545796737767 0.021004098360655737 0.025094102885821833
30 0.7902151639344263 0.23808030112923462 0.018442622950819672 0.02132998745294856
30 0.8114754098360656 0.24215809284818068 0.021004098360655737 0.015056461731493099
4 0.921875 0.28513174404015057 0.007684426229508197 0.013174404015056462
4 0.9203381147540983 0.3014429109159348 0.007684426229508197 0.014429109159347553
23 0.06711065573770492 0.14868255959849436 0.00973360655737705 0.008155583437892095
4 0.9177766393442623 0.3186951066499373 0.00665983606557377 0.013174404015056462
23 0.06659836065573771 0.15746549560853199 0.00973360655737705 0.0075282308657465494
15 0.4359631147540984 0.23212045169385195 0.12653688524590165 0.1273525721455458
23 0.06531762295081968 0.1668757841907152 0.00973360655737705 0.006900878293601004
4 0.9159836065573771 0.33626097867001253 0.0056352459016393444 0.01066499372647428
15 0.5263831967213115 0.35570890840652447 0.056864754098360656 0.10351317440401506
30 0.04021516393442623 0.2659974905897114 0.017930327868852458 0.02383939774153074
23 0.0545594262295082 0.28983688833124216 0.009221311475409836 0.008155583437892095
30 0.03637295081967213 0.28732747804265996 0.016905737704918034 0.023212045169385194
23 0.05353483606557377 0.2976787954830615 0.008709016393442622 0.006273525721455458
23 0.05302254098360656 0.30583437892095355 0.008709016393442622 0.006900878293601004
23 0.0353483606557377 0.30301129234629864 0.00819672131147541 0.0056461731493099125
23 0.03560450819672131 0.312107904642409 0.011270491803278689 0.006900878293601004
23 0.051485655737704916 0.3152446675031368 0.00819672131147541 0.006900878293601004
15 0.42110655737704916 0.39209535759096614 0.12397540983606557 0.15119196988707653
30 0.03381147540983607 0.32747804265997493 0.018954918032786885 0.025721455457967377
30 0.04969262295081967 0.3318695106649937 0.016905737704918034 0.023212045169385194
23 0.7136270491803278 0.49560853199498117 0.00973360655737705 0.0075282308657465494
30 0.7961065573770492 0.5122333751568381 0.01639344262295082 0.023212045169385194
23 0.6224385245901639 0.47992471769134254 0.0056352459016393444 0.011292346298619825
23 0.6162909836065574 0.479297365119197 0.0056352459016393444 0.011292346298619825
23 0.6293545081967213 0.48180677540777916 0.00665983606557377 0.01191969887076537
23 0.6027151639344263 0.4767879548306148 0.006147540983606557 0.01066499372647428
23 0.5955430327868853 0.4758469259723965 0.00665983606557377 0.011292346298619825
23 0.5888831967213115 0.47459222082810537 0.006147540983606557 0.011292346298619825
23 0.5750512295081968 0.47271016311166875 0.0056352459016393444 0.011292346298619825
23 0.6096311475409836 0.479297365119197 0.006147540983606557 0.011292346298619825
23 0.5817110655737705 0.47396486825595985 0.00665983606557377 0.011292346298619825
23 0.7131147540983607 0.5043914680050188 0.010245901639344262 0.008155583437892095
15 0.039702868852459015 0.37766624843161856 0.04764344262295082 0.07590966122961104
23 0.6370389344262295 0.4987452948557089 0.00665983606557377 0.01191969887076537
23 0.6431864754098361 0.49968632371392724 0.007172131147540984 0.01191969887076537
23 0.7110655737704918 0.5163111668757842 0.009221311475409836 0.0075282308657465494
23 0.7100409836065574 0.5247804265997491 0.00973360655737705 0.0075282308657465494
23 0.6390881147540983 0.5188205771643664 0.010245901639344262 0.008155583437892095
4 0.9375 0.581555834378921 0.00665983606557377 0.013174404015056462
23 0.7092725409836066 0.53732747804266 0.009221311475409836 0.008155583437892095
23 0.6385758196721312 0.5269761606022585 0.00973360655737705 0.0075282308657465494
23 0.7077356557377049 0.545483061480552 0.008709016393442622 0.008155583437892095
23 0.0274077868852459 0.41593475533249685 0.009221311475409836 0.008155583437892095
23 0.6385758196721312 0.5351317440401505 0.012295081967213115 0.009410288582183186
23 0.04149590163934426 0.4269134253450439 0.008709016393442622 0.005018820577164366
23 0.026895491803278687 0.4247176913425345 0.00665983606557377 0.0075282308657465494
4 0.9351946721311475 0.6010037641154329 0.00665983606557377 0.013801756587202008
23 0.6375512295081968 0.5439146800501882 0.00973360655737705 0.01066499372647428
4 0.9277663934426229 0.6006900878293601 0.007172131147540984 0.01191969887076537
23 0.7061987704918032 0.5583437892095358 0.007684426229508197 0.006900878293601004
23 0.041239754098360656 0.43444165621079045 0.008709016393442622 0.008155583437892095
23 0.02612704918032787 0.4341279799247177 0.010245901639344262 0.00878293601003764
23 0.6352459016393442 0.5523839397741531 0.010245901639344262 0.00878293601003764
23 0.7056864754098361 0.5664993726474279 0.007684426229508197 0.005018820577164366
30 0.8619364754098361 0.6044542032622334 0.01639344262295082 0.023212045169385194
23 0.6337090163934426 0.560853199498118 0.010245901639344262 0.006900878293601004
30 0.8470799180327869 0.6028858218318696 0.016905737704918034 0.020075282308657464
4 0.9372438524590164 0.6235884567126725 0.006147540983606557 0.014429109159347553
23 0.6331967213114754 0.5683814303638645 0.00973360655737705 0.008155583437892095
23 0.701844262295082 0.5831242158092849 0.006147540983606557 0.0075282308657465494
23 0.632172131147541 0.5771643663739021 0.010758196721311475 0.00878293601003764
23 0.7013319672131147 0.5912797992471769 0.008709016393442622 0.008155583437892095
23 0.6990266393442623 0.6047678795483061 0.00819672131147541 0.006273525721455458
23 0.6196209016393442 0.5906524466750314 0.012295081967213115 0.009410288582183186
23 0.7853483606557377 0.6239021329987453 0.008709016393442622 0.006273525721455458
23 0.6985143442622951 0.6129234629861983 0.007684426229508197 0.006273525721455458
23 0.6191086065573771 0.5988080301129235 0.011270491803278689 0.01066499372647428
23 0.7832991803278688 0.6317440401505646 0.007684426229508197 0.0075282308657465494
30 0.852202868852459 0.6489962358845671 0.022028688524590164 0.01631116687578419
23 0.5525102459016393 0.5915934755332497 0.007684426229508197 0.013174404015056462
23 0.5671106557377049 0.5944165621079046 0.007172131147540984 0.012547051442910916
23 0.5934938524590164 0.6000627352572145 0.007684426229508197 0.014429109159347553
23 0.5737704918032787 0.5962986198243413 0.00665983606557377 0.01191969887076537
23 0.5453381147540983 0.5906524466750314 0.007684426229508197 0.013174404015056462
23 0.5801741803278688 0.5975533249686323 0.008709016393442622 0.013174404015056462
23 0.5599385245901639 0.5934755332496863 0.008709016393442622 0.013801756587202008
23 0.5873463114754098 0.599435382685069 0.007684426229508197 0.015056461731493099
23 0.7822745901639344 0.6398996235884568 0.009221311475409836 0.006900878293601004
23 0.6969774590163934 0.625784190715182 0.008709016393442622 0.006273525721455458
23 0.695952868852459 0.632685069008783 0.00819672131147541 0.006900878293601004
30 0.013831967213114754 0.5009410288582183 0.019979508196721313 0.02258469259723965
23 0.7820184426229508 0.6499372647427855 0.009221311475409836 0.008155583437892095