23 0.6040783898305084 0.7046875 0.015889830508474576 0.01015625
23 0.5881885593220338 0.702734375 0.015360169491525424 0.015625
23 0.4925847457627119 0.683984375 0.018008474576271187 0.0171875
4 0.4735169491525424 0.682421875 0.01641949152542373 0.015625
4 0.3162076271186441 0.649609375 0.013771186440677966 0.021875
4 0.11069915254237288 0.61015625 0.015360169491525424 0.0171875
4 0.7084216101694916 0.736328125 0.015889830508474576 0.01875
4 0.602489406779661 0.716015625 0.014300847457627119 0.01328125
4 0.22722457627118645 0.6390625 0.03760593220338983 0.05390625
23 0.5860699152542372 0.714453125 0.015360169491525424 0.01484375
4 0.3551377118644068 0.6671875 0.017478813559322032 0.01875
23 0.491260593220339 0.6984375 0.01694915254237288 0.0171875
4 0.4732521186440678 0.697265625 0.015360169491525424 0.0140625
4 0.6030190677966102 0.72734375 0.015360169491525424 0.01328125
23 0.3540783898305085 0.67890625 0.019067796610169493 0.01796875
4 0.3146186440677966 0.672265625 0.01641949152542373 0.02421875
4 0.470603813559322 0.7078125 0.019597457627118644 0.01875
4 0.1263241525423729 0.638671875 0.056673728813559324 0.05703125
4 0.6009004237288136 0.737890625 0.015889830508474576 0.01328125
23 0.4891419491525424 0.715625 0.01641949152542373 0.01484375
23 0.3522245762711864 0.687890625 0.02065677966101695 0.02109375
4 0.7261652542372882 0.7703125 0.02065677966101695 0.01875
23 0.4692796610169492 0.719921875 0.014830508474576272 0.0125
4 0.7084216101694916 0.7703125 0.012711864406779662 0.0140625
4 0.5998411016949152 0.748828125 0.013241525423728813 0.0140625
23 0.4870233050847458 0.726953125 0.014300847457627119 0.0140625
4 0.598781779661017 0.76015625 0.013771186440677966 0.0140625
23 0.3559322033898305 0.710546875 0.013241525423728813 0.02109375
4 0.4491525423728814 0.730859375 0.01059322033898305 0.01953125
4 0.3903601694915254 0.71875 0.01059322033898305 0.0203125
4 0.4234639830508475 0.726171875 0.011122881355932203 0.02109375
4 0.3990995762711864 0.721484375 0.012182203389830509 0.02265625
4 0.4165783898305085 0.725 0.012182203389830509 0.02265625
23 0.4406779661016949 0.730078125 0.011652542372881356 0.02109375
4 0.3813559322033898 0.717578125 0.011122881355932203 0.021875
4 0.4327330508474576 0.728125 0.010063559322033898 0.01796875
23 0.3728813559322034 0.716015625 0.011122881355932203 0.0203125
4 0.4065148305084746 0.72265625 0.012182203389830509 0.02109375
4 0.2995233050847458 0.70625 0.04078389830508475 0.0515625
4 0.17478813559322035 0.6859375 0.05614406779661017 0.090625
4 0.5736228813559322 0.769921875 0.018538135593220338 0.01953125
15 0.543167372881356 0.769921875 0.03389830508474576 0.05
4 0.3707627118644068 0.73828125 0.013241525423728813 0.02421875
4 0.621822033898305 0.791796875 0.011652542372881356 0.02109375
4 0.3869173728813559 0.743359375 0.012182203389830509 0.01875
23 0.6713453389830508 0.80234375 0.012711864406779662 0.025
4 0.6398305084745762 0.795703125 0.012182203389830509 0.02265625
4 0.3969809322033898 0.7453125 0.013771186440677966 0.02109375
4 0.4126059322033898 0.7484375 0.011122881355932203 0.02109375
4 0.6120233050847458 0.790625 0.011122881355932203 0.0203125
4 0.6459216101694916 0.79765625 0.013241525423728813 0.0265625
4 0.706302966101695 0.81015625 0.011652542372881356 0.021875
4 0.4030720338983051 0.747265625 0.012711864406779662 0.021875
4 0.08209745762711865 0.680859375 0.057203389830508475 0.05546875
4 0.4404131355932203 0.755859375 0.01059322033898305 0.01875
4 0.6302966101694916 0.7953125 0.011122881355932203 0.021875
4 0.3490466101694915 0.737109375 0.012711864406779662 0.021875
4 0.6554555084745762 0.800390625 0.010063559322033898 0.02109375
4 0.663135593220339 0.801953125 0.011122881355932203 0.0203125
4 0.4303495762711864 0.75390625 0.012711864406779662 0.02265625
4 0.6808792372881356 0.806640625 0.013241525423728813 0.0234375
23 0.4208156779661017 0.752734375 0.01059322033898305 0.02109375
4 0.6901483050847458 0.8109375 0.018008474576271187 0.0265625
4 0.131885593220339 0.698828125 0.057733050847457626 0.06640625
15 0.720603813559322 0.82734375 0.02701271186440678 0.04296875
15 0.2597987288135593 0.731640625 0.036546610169491525 0.04921875
23 0.704978813559322 0.83125 0.012182203389830509 0.02265625
23 0.618114406779661 0.81640625 0.012182203389830509 0.0234375
4 0.6514830508474576 0.82421875 0.010063559322033898 0.0203125
4 0.6263241525423728 0.81875 0.00847457627118644 0.01953125
23 0.6604872881355932 0.82578125 0.00847457627118644 0.01953125
23 0.6697563559322034 0.827734375 0.010063559322033898 0.01796875
23 0.642478813559322 0.823046875 0.01059322033898305 0.0234375
23 0.3755296610169492 0.773046875 0.011122881355932203 0.0171875
23 0.4017478813559322 0.779296875 0.01059322033898305 0.0203125
23 0.383739406779661 0.77578125 0.01059322033898305 0.01953125
23 0.4173728813559322 0.78359375 0.010063559322033898 0.0203125
23 0.4094279661016949 0.782421875 0.012711864406779662 0.02109375
23 0.3922139830508475 0.77890625 0.00847457627118644 0.021875
23 0.4351165254237288 0.788671875 0.011652542372881356 0.0203125
23 0.4255826271186441 0.78828125 0.012711864406779662 0.025
23 0.5476694915254238 0.814453125 0.017478813559322032 0.0171875
4 0.5325741525423728 0.819140625 0.014830508474576272 0.021875
23 0.267478813559322 0.7671875 0.022245762711864406 0.01875
23 0.6244703389830508 0.84296875 0.013241525423728813 0.021875
23 0.6570444915254238 0.850390625 0.013241525423728813 0.021875
23 0.6395656779661016 0.84765625 0.015889830508474576 0.0234375
23 0.5476694915254238 0.836328125 0.01641949152542373 0.015625
23 0.07838983050847458 0.741796875 0.014830508474576272 0.0265625
23 0.051641949152542374 0.73671875 0.01641949152542373 0.0265625
23 0.09004237288135593 0.744921875 0.012711864406779662 0.0234375
23 0.14247881355932204 0.75546875 0.014300847457627119 0.028125
23 0.0625 0.73984375 0.013771186440677966 0.03203125
23 0.10566737288135593 0.748828125 0.014830508474576272 0.02421875
23 0.11758474576271187 0.751171875 0.015889830508474576 0.02734375
23 0.13241525423728814 0.755078125 0.013771186440677966 0.0265625
15 0.506885593220339 0.8375 0.03125 0.06640625
23 0.22033898305084745 0.78046875 0.014830508474576272 0.02890625
4 0.5307203389830508 0.844921875 0.013771186440677966 0.02265625
23 0.2322563559322034 0.784375 0.013771186440677966 0.02578125
4 0.6305614406779662 0.86953125 0.010063559322033898 0.01875
23 0.3268008474576271 0.807421875 0.00847457627118644 0.01953125
23 0.3760593220338983 0.817578125 0.01059322033898305 0.02109375
23 0.6054025423728814 0.86484375 0.013771186440677966 0.025
4 0.6379766949152542 0.871875 0.009533898305084746 0.01875
23 0.3503707627118644 0.812890625 0.011652542372881356 0.0203125
23 0.3659957627118644 0.81640625 0.009533898305084746 0.01953125
4 0.6541313559322034 0.87578125 0.01059322033898305 0.021875
23 0.3344809322033898 0.810546875 0.009533898305084746 0.025
23 0.357521186440678 0.815234375 0.010063559322033898 0.01953125
4 0.2545021186440678 0.79609375 0.038135593220338986 0.06171875
4 0.484375 0.84375 0.012711864406779662 0.02578125
4 0.0791843220338983 0.775 0.024364406779661018 0.03046875
4 0.1083156779661017 0.782421875 0.025953389830508475 0.028125
4 0.05481991525423729 0.771484375 0.024364406779661018 0.0265625
4 0.13453389830508475 0.788671875 0.02754237288135593 0.03125
23 0.1832627118644068 0.799609375 0.015360169491525424 0.028125
23 0.5272775423728814 0.87109375 0.013771186440677966 0.028125
23 0.6011652542372882 0.887109375 0.011122881355932203 0.0234375
23 0.1930614406779661 0.803125 0.012711864406779662 0.028125
23 0.579978813559322 0.884375 0.011652542372881356 0.0265625
23 0.5704449152542372 0.882421875 0.013771186440677966 0.025
23 0.5892478813559322 0.887109375 0.014300847457627119 0.02890625
23 0.6114936440677966 0.89140625 0.012711864406779662 0.028125
23 0.7002118644067796 0.92421875 0.009533898305084746 0.0265625
23 0.6901483050847458 0.923046875 0.012711864406779662 0.02421875
23 0.680614406779661 0.921484375 0.012711864406779662 0.02109375
23 0.02754237288135593 0.805078125 0.014300847457627119 0.025
23 0.015360169491525424 0.803515625 0.015360169491525424 0.02734375
23 0.5333686440677966 0.9125 0.014830508474576272 0.02578125
23 0.545021186440678 0.915625 0.014300847457627119 0.02734375
4 0.520656779661017 0.911328125 0.01694915254237288 0.0296875
4 0.1909427966101695 0.84765625 0.013241525423728813 0.02578125
4 0.1673728813559322 0.8484375 0.03389830508474576 0.04609375
4 0.06011652542372881 0.826953125 0.04290254237288135 0.08671875
15 0.09216101694915255 0.862109375 0.03972457627118644 0.07109375
15 0.018538135593220338 0.84765625 0.037076271186440676 0.046875
4 0.17664194915254236 0.890625 0.04343220338983051 0.065625
23 0.1281779661016949 0.88359375 0.013771186440677966 0.02734375
23 0.11573093220338983 0.88359375 0.013771186440677966 0.025
23 0.5005296610169492 0.9671875 0.01641949152542373 0.02890625
23 0.5111228813559322 0.97265625 0.015360169491525424 0.028125
4 0.4123411016949153 0.954296875 0.015889830508474576 0.0328125
4 0.3916843220338983 0.964453125 0.019067796610169493 0.02734375
23 0.3744703389830508 0.96328125 0.024364406779661018 0.02578125
7 0.3183262711864407 0.025390625 0.07838983050847458 0.05078125
7 0.4271716101694915 0.044140625 0.131885593220339 0.08828125
4 0.6022245762711864 0.076953125 0.1573093220338983 0.08359375
4 0.14565677966101695 0.002734375 0.009533898305084746 0.00546875
4 0.1549258474576271 0.003125 0.010063559322033898 0.00625
4 0.16366525423728814 0.004296875 0.011652542372881356 0.00859375
4 0.19941737288135594 0.008203125 0.014300847457627119 0.01640625
4 0.2309322033898305 0.0109375 0.011122881355932203 0.01953125
4 0.18034957627118645 0.007421875 0.015360169491525424 0.01484375
4 0.22245762711864406 0.0109375 0.009533898305084746 0.021875
4 0.2155720338983051 0.01015625 0.011652542372881356 0.0203125
4 0.19014830508474576 0.007421875 0.013771186440677966 0.01484375
4 0.1382415254237288 0.003515625 0.01694915254237288 0.00703125
4 0.2065677966101695 0.008984375 0.012711864406779662 0.01796875
23 0.1538665254237288 0.02421875 0.011652542372881356 0.02421875
23 0.1620762711864407 0.026953125 0.011122881355932203 0.02734375
30 0.7582097457627118 0.154296875 0.022245762711864406 0.0375
15 0.7367584745762712 0.15390625 0.03336864406779661 0.0578125
23 0.24629237288135594 0.053125 0.010063559322033898 0.021875
23 0.2346398305084746 0.051953125 0.009533898305084746 0.01796875
4 0.258739406779661 0.05703125 0.012182203389830509 0.02265625
4 0.7084216101694916 0.159765625 0.03972457627118644 0.0609375
4 0.5640889830508474 0.13046875 0.04343220338983051 0.05
23 0.7547669491525424 0.18515625 0.017478813559322032 0.03203125
4 0.527542372881356 0.14296875 0.013771186440677966 0.03046875
4 0.5410487288135594 0.147265625 0.013241525423728813 0.02421875
4 0.11970338983050847 0.0734375 0.015360169491525424 0.028125
7 0.06011652542372881 0.065625 0.05455508474576271 0.09921875
15 0.1361228813559322 0.0875 0.030190677966101694 0.046875
4 0.5233050847457628 0.18828125 0.01641949152542373 0.02421875
23 0.18564618644067796 0.121484375 0.022775423728813558 0.03203125
15 0.2402012711864407 0.144921875 0.1260593220338983 0.18203125
4 0.3021716101694915 0.1671875 0.01641949152542373 0.02890625
23 0.3358050847457627 0.1796875 0.014830508474576272 0.0265625
4 0.5503177966101694 0.225 0.014300847457627119 0.02578125
23 0.11228813559322035 0.141015625 0.012182203389830509 0.028125
15 0.13109110169491525 0.151171875 0.03072033898305085 0.04453125
4 0.5654131355932204 0.25546875 0.013771186440677966 0.03046875
4 0.3360699152542373 0.216796875 0.048199152542372885 0.04765625
23 0.11970338983050847 0.17890625 0.023305084745762712 0.02109375
23 0.675052966101695 0.297265625 0.009533898305084746 0.02265625
23 0.7004766949152542 0.303515625 0.012182203389830509 0.02578125
23 0.691207627118644 0.301953125 0.01059322033898305 0.021875
23 0.683792372881356 0.30078125 0.012711864406779662 0.025
23 0.666843220338983 0.298046875 0.011652542372881356 0.02265625
4 0.647510593220339 0.29375 0.015889830508474576 0.025
4 0.7089512711864406 0.306640625 0.01059322033898305 0.02578125
4 0.5892478813559322 0.28828125 0.0211864406779661 0.0296875
30 0.13665254237288135 0.194140625 0.030190677966101694 0.03515625
4 0.5092690677966102 0.274609375 0.015360169491525424 0.0265625
4 0.5180084745762712 0.278125 0.013241525423728813 0.02421875
23 0.3371292372881356 0.2546875 0.02065677966101695 0.03046875
23 0.2714512711864407 0.24921875 0.019597457627118644 0.01796875
23 0.13877118644067796 0.222265625 0.018008474576271187 0.02890625
23 0.2364936440677966 0.244140625 0.018538135593220338 0.0171875
4 0.7730402542372882 0.35703125 0.021716101694915255 0.028125
30 0.2521186440677966 0.25546875 0.018538135593220338 0.0421875
23 0.2690677966101695 0.263671875 0.015360169491525424 0.0125
23 0.2354343220338983 0.256640625 0.017478813559322032 0.0171875
30 0.2873411016949153 0.26796875 0.02754237288135593 0.0515625
7 0.042108050847457626 0.2203125 0.057733050847457626 0.2046875
23 0.1975635593220339 0.260546875 0.015360169491525424 0.02421875
4 0.21159957627118645 0.264453125 0.019067796610169493 0.02578125
4 0.1816737288135593 0.258203125 0.021716101694915255 0.0234375
23 0.2682733050847458 0.276171875 0.01694915254237288 0.01875
23 0.234375 0.269140625 0.017478813559322032 0.01640625
4 0.6872351694915254 0.371484375 0.0211864406779661 0.0265625
4 0.670021186440678 0.38359375 0.017478813559322032 0.01640625
4 0.4896716101694915 0.349609375 0.019597457627118644 0.01640625
4 0.6882944915254238 0.39921875 0.019067796610169493 0.01953125
4 0.668167372881356 0.39765625 0.018538135593220338 0.01640625
4 0.7719809322033898 0.419921875 0.023834745762711863 0.02578125
15 0.729343220338983 0.41171875 0.07415254237288135 0.15859375
4 0.3485169491525424 0.33828125 0.012182203389830509 0.025
4 0.4067796610169492 0.350390625 0.01694915254237288 0.01796875
23 0.3358050847457627 0.3375 0.013241525423728813 0.028125
4 0.1832627118644068 0.309765625 0.023834745762711863 0.03046875
4 0.683792372881356 0.428515625 0.015889830508474576 0.021875
4 0.770656779661017 0.450390625 0.02065677966101695 0.021875
15 0.10540254237288135 0.31328125 0.08686440677966102 0.096875
15 0.5778601694915254 0.423828125 0.16578389830508475 0.23984375
4 0.2007415254237288 0.346484375 0.04078389830508475 0.05546875
4 0.4904661016949153 0.408984375 0.017478813559322032 0.01640625
23 0.1808792372881356 0.346875 0.022245762711864406 0.01953125
15 0.3998940677966102 0.393359375 0.04343220338983051 0.0625
23 0.6623411016949152 0.45078125 0.01694915254237288 0.0140625
4 0.2243114406779661 0.36640625 0.036016949152542374 0.0546875
4 0.4880826271186441 0.421875 0.018008474576271187 0.0140625
4 0.7650953389830508 0.480859375 0.019067796610169493 0.021875
4 0.2529131355932203 0.376171875 0.012711864406779662 0.0234375
4 0.2433792372881356 0.37578125 0.013771186440677966 0.02265625
23 0.17664194915254236 0.362890625 0.021716101694915255 0.01953125
23 0.6618114406779662 0.46328125 0.018538135593220338 0.01328125
23 0.4472987288135593 0.41953125 0.01694915254237288 0.02265625
23 0.4875529661016949 0.43515625 0.017478813559322032 0.0125
4 0.4700741525423729 0.433203125 0.018008474576271187 0.021875
4 0.6604872881355932 0.478125 0.018538135593220338 0.01796875
4 0.1427436440677966 0.387890625 0.04343220338983051 0.046875
4 0.6575741525423728 0.503515625 0.019067796610169493 0.01796875
23 0.3101165254237288 0.437109375 0.015360169491525424 0.03203125
23 0.2754237288135593 0.43125 0.015889830508474576 0.02734375
4 0.2974046610169492 0.43671875 0.014830508474576272 0.034375
4 0.2846927966101695 0.435546875 0.014300847457627119 0.03203125
4 0.484375 0.479296875 0.015889830508474576 0.0265625
4 0.09984110169491525 0.400390625 0.019597457627118644 0.025
23 0.4009533898305085 0.468359375 0.013771186440677966 0.0265625
4 0.4118114406779661 0.472265625 0.01059322033898305 0.021875
4 0.7290783898305084 0.537890625 0.045021186440677964 0.04765625
15 0.07335805084745763 0.41484375 0.04449152542372881 0.06015625
23 0.1427436440677966 0.431640625 0.020127118644067795 0.01640625
23 0.2044491525423729 0.445703125 0.019067796610169493 0.01796875
23 0.2709216101694915 0.462109375 0.014830508474576272 0.025
23 0.4096927966101695 0.4921875 0.013771186440677966 0.02265625
23 0.09507415254237288 0.427734375 0.017478813559322032 0.01640625
23 0.2942266949152542 0.471484375 0.011652542372881356 0.02890625
4 0.1173199152542373 0.434765625 0.04025423728813559 0.0484375
23 0.2846927966101695 0.4703125 0.014830508474576272 0.02734375
23 0.20233050847457626 0.463671875 0.018008474576271187 0.0171875
4 0.4570974576271186 0.51796875 0.03919491525423729 0.05234375
23 0.09454449152542373 0.44296875 0.01641949152542373 0.01875
4 0.13797669491525424 0.455078125 0.0323093220338983 0.04609375
4 0.1708156779661017 0.46328125 0.057733050847457626 0.05859375
4 0.566207627118644 0.5453125 0.012182203389830509 0.021875
4 0.5545550847457628 0.54375 0.014300847457627119 0.0234375
4 0.4917902542372881 0.534765625 0.038135593220338986 0.05625
23 0.24947033898305085 0.48515625 0.018538135593220338 0.01953125
4 0.5095338983050848 0.540625 0.012711864406779662 0.0234375
4 0.18802966101694915 0.48515625 0.03866525423728814 0.053125
4 0.2198093220338983 0.492578125 0.01641949152542373 0.03359375
4 0.421875 0.53828125 0.04025423728813559 0.05234375
4 0.3034957627118644 0.519140625 0.018538135593220338 0.01875
4 0.4348516949152542 0.555859375 0.012711864406779662 0.02421875
4 0.3948622881355932 0.54765625 0.015360169491525424 0.021875
23 0.505031779661017 0.57109375 0.019597457627118644 0.01953125
23 0.3032309322033898 0.531640625 0.0211864406779661 0.01640625
4 0.16472457627118645 0.50390625 0.037076271186440676 0.046875
23 0.4608050847457627 0.568359375 0.01059322033898305 0.021875
23 0.4528601694915254 0.567578125 0.011652542372881356 0.02265625
23 0.4435911016949153 0.565625 0.01059322033898305 0.021875
4 0.4700741525423729 0.571875 0.01059322033898305 0.025
4 0.1347987288135593 0.5046875 0.03283898305084746 0.040625
23 0.4838453389830508 0.580859375 0.018008474576271187 0.01796875
4 0.21875 0.526171875 0.02065677966101695 0.01953125
23 0.5023834745762712 0.587890625 0.017478813559322032 0.01640625
4 0.2981991525423729 0.546484375 0.019067796610169493 0.01953125
23 0.1965042372881356 0.525390625 0.017478813559322032 0.01328125
23 0.3117055084745763 0.55 0.012182203389830509 0.025
4 0.2176906779661017 0.538671875 0.018008474576271187 0.01171875
23 0.5013241525423728 0.598828125 0.018008474576271187 0.0140625
4 0.2984639830508475 0.56015625 0.015889830508474576 0.01796875
23 0.4835805084745763 0.6 0.01641949152542373 0.01640625
23 0.19491525423728814 0.541796875 0.015889830508474576 0.01875
23 0.7190148305084746 0.653515625 0.019597457627118644 0.0203125
23 0.1159957627118644 0.528515625 0.020127118644067795 0.025
15 0.2563559322033898 0.558984375 0.06197033898305085 0.13203125
23 0.21583686440677965 0.55078125 0.018538135593220338 0.01640625
23 0.4994703389830508 0.61328125 0.018538135593220338 0.01640625
23 0.7171610169491526 0.6640625 0.015889830508474576 0.0125
4 0.734375 0.668359375 0.019597457627118644 0.021875
4 0.4798728813559322 0.615625 0.013771186440677966 0.01484375
4 0.21583686440677965 0.5625 0.018538135593220338 0.0140625
4 0.16551906779661016 0.55234375 0.037076271186440676 0.04296875
23 0.498146186440678 0.625 0.01641949152542373 0.01484375
4 0.1329449152542373 0.55078125 0.034427966101694914 0.046875
4 0.298728813559322 0.58515625 0.03125 0.025
4 0.6096398305084746 0.650390625 0.017478813559322032 0.01640625
23 0.3432203389830508 0.59609375 0.019597457627118644 0.01875
23 0.3625529661016949 0.60078125 0.019067796610169493 0.01953125
4 0.2131885593220339 0.573046875 0.020127118644067795 0.01796875
4 0.1329449152542373 0.557421875 0.03336864406779661 0.0453125
4 0.4782838983050847 0.63125 0.019067796610169493 0.0171875
23 0.4968220338983051 0.6390625 0.01694915254237288 0.015625
4 0.6085805084745762 0.662890625 0.017478813559322032 0.0125
4 0.2936970338983051 0.5984375 0.017478813559322032 0.01484375
4 0.3601694915254237 0.613671875 0.014300847457627119 0.01171875
4 0.713718220338983 0.687890625 0.015360169491525424 0.01640625
23 0.5378707627118644 0.6515625 0.014830508474576272 0.02421875
23 0.21265889830508475 0.586328125 0.018008474576271187 0.01953125
4 0.5640889830508474 0.659375 0.014830508474576272 0.02421875
23 0.5476694915254238 0.656640625 0.011122881355932203 0.02109375
4 0.4766949152542373 0.644140625 0.014830508474576272 0.015625
4 0.607521186440678 0.673828125 0.014830508474576272 0.01328125
15 0.414989406779661 0.634765625 0.08845338983050847 0.1375
4 0.1875 0.58984375 0.04396186440677966 0.06484375
23 0.3569915254237288 0.62578125 0.01694915254237288 0.01875
4 0.2944915254237288 0.612890625 0.019597457627118644 0.01875
4 0.711864406779661 0.70078125 0.018538135593220338 0.01875
4 0.6064618644067796 0.685546875 0.014830508474576272 0.0140625
23 0.12102754237288135 0.587109375 0.019067796610169493 0.01875
4 0.15360169491525424 0.59765625 0.04343220338983051 0.05546875
4 0.6064618644067796 0.694921875 0.015360169491525424 0.01484375
23 0.4944385593220339 0.671484375 0.015360169491525424 0.0140625
4 0.2748940677966102 0.627734375 0.020127118644067795 0.0265625
4 0.4740466101694915 0.670703125 0.01641949152542373 0.01796875
4 0.357521186440678 0.648046875 0.01641949152542373 0.01796875