4 0.7133479212253829 0.25 0.06783369803063458 0.06
4 0.26805251641137856 0.105 0.09846827133479212 0.21
4 0.4666301969365427 0.1675 0.09518599562363239 0.19
4 0.5355579868708972 0.1925 0.06673960612691467 0.23
4 0.9852297592997812 0.3625 0.022975929978118162 0.11
4 0.9677242888402626 0.35875 0.024070021881838075 0.1025
23 0.5760393873085339 0.23125 0.03172866520787746 0.0375
23 0.6887308533916849 0.295 0.0175054704595186 0.07
23 0.6340262582056893 0.275 0.02188183807439825 0.0775
23 0.649890590809628 0.28375 0.020787746170678335 0.08
33 0.3544857768052516 0.18375 0.0962800875273523 0.2675
23 0.574398249452954 0.2675 0.02954048140043764 0.04
23 0.7702407002188184 0.36875 0.016411378555798686 0.07
23 0.7861050328227571 0.38125 0.0175054704595186 0.0775
4 0.4655361050328228 0.26625 0.06673960612691467 0.0625
4 0.5853391684901532 0.36 0.019693654266958426 0.085
4 0.6241794310722101 0.3825 0.018599562363238512 0.075
23 0.6849015317286652 0.40625 0.016411378555798686 0.075
23 0.6542669584245077 0.39625 0.016411378555798686 0.0775
23 0.6684901531728665 0.40125 0.012035010940919038 0.0575
23 0.637855579868709 0.3925 0.014223194748358862 0.07
23 0.8391684901531729 0.4675 0.030634573304157548 0.0525
23 0.7549234135667396 0.47 0.019693654266958426 0.075
4 0.7713347921225383 0.4775 0.01312910284463895 0.0725
23 0.263129102844639 0.31625 0.03172866520787746 0.065
4 0.29540481400437635 0.3425 0.036105032822757115 0.055
4 0.38840262582056895 0.39 0.10393873085339168 0.1775
23 0.8320568927789934 0.5675 0.03938730853391685 0.0975
4 0.7439824945295405 0.5425 0.04157549234135667 0.0475
23 0.5295404814004376 0.47125 0.04048140043763676 0.0575
33 0.2724288840262582 0.405 0.11050328227571116 0.135
4 0.7417943107221007 0.585 0.037199124726477024 0.05
23 0.526258205689278 0.5175 0.04266958424507659 0.0575
23 0.8211159737417943 0.6725 0.03172866520787746 0.0475
15 0.62472647702407 0.605 0.16083150984682712 0.3525
4 0.7363238512035011 0.64625 0.0437636761487965 0.06
4 0.524070021881838 0.5825 0.044857768052516414 0.07
4 0.3550328227571116 0.53375 0.08643326039387308 0.175
4 0.41849015317286653 0.5775 0.0525164113785558 0.0775
23 0.05798687089715536 0.4625 0.03282275711159737 0.0575
23 0.09245076586433261 0.4775 0.03391684901531729 0.0625
23 0.8522975929978118 0.7775 0.0350109409190372 0.0425
4 0.2713347921225383 0.5725 0.10175054704595186 0.225
4 0.5257111597374179 0.665 0.022975929978118162 0.0875
4 0.9015317286652079 0.81375 0.037199124726477024 0.055
33 0.1422319474835886 0.55625 0.0700218818380744 0.205
23 0.3583150984682713 0.635 0.02188183807439825 0.09
4 0.1739606126914661 0.57 0.02188183807439825 0.08
4 0.18927789934354486 0.57625 0.0175054704595186 0.0825
23 0.37636761487964987 0.645 0.020787746170678335 0.09
4 0.20568927789934355 0.585 0.0175054704595186 0.085
33 0.42560175054704596 0.695 0.07986870897155361 0.195
4 0.08698030634573305 0.59375 0.03172866520787746 0.0525
23 0.8451859956236324 0.87125 0.03172866520787746 0.035
4 0.6307439824945296 0.81625 0.022975929978118162 0.085
23 0.5596280087527352 0.79375 0.016411378555798686 0.0775
23 0.6055798687089715 0.8125 0.014223194748358862 0.07
4 0.5919037199124726 0.8075 0.015317286652078774 0.075
4 0.725382932166302 0.85625 0.019693654266958426 0.0925
23 0.6843544857768052 0.8425 0.019693654266958426 0.085
23 0.9431072210065645 0.175 0.03172866520787746 0.0525
23 0.5016411378555798 0.77875 0.02516411378555799 0.0875
4 0.526258205689278 0.7875 0.02954048140043764 0.09
23 0.5754923413566739 0.80625 0.020787746170678335 0.075
4 0.6477024070021882 0.8325 0.018599562363238512 0.085
23 0.5454048140043763 0.79625 0.01312910284463895 0.0625
23 0.7045951859956237 0.85375 0.02188183807439825 0.0925
4 0.6646608315098468 0.84375 0.018599562363238512 0.0825
4 0.10722100656455143 0.665 0.028446389496717725 0.0425
4 0.17560175054704596 0.69 0.0350109409190372 0.055
4 0.13676148796498905 0.70625 0.0350109409190372 0.05
23 0.6334792122538293 0.8975 0.03391684901531729 0.0575
4 0.6012035010940919 0.88625 0.03172866520787746 0.05
4 0.6646608315098468 0.91375 0.0350109409190372 0.05
23 0.5536105032822757 0.89375 0.0175054704595186 0.0775
23 0.13347921225382933 0.74375 0.037199124726477024 0.0625
4 0.5382932166301969 0.89125 0.0175054704595186 0.0875
23 0.5700218818380745 0.90375 0.018599562363238512 0.0725
30 0.7182713347921226 0.15125 0.12253829321663019 0.195
4 0.3238512035010941 0.02375 0.030634573304157548 0.0475
23 0.5929978118161926 0.12875 0.0437636761487965 0.08
4 0.6394967177242888 0.15 0.02735229759299781 0.0875
23 0.9316192560175055 0.26 0.03938730853391685 0.0575