4 0.6486146095717884 0.9964859437751004 0.03526448362720403 0.0050200803212851405
4 0.19836272040302266 0.007028112449799197 0.04408060453400504 0.014056224899598393
4 0.19269521410579346 0.021586345381526106 0.037783375314861464 0.01606425702811245
4 0.18513853904282115 0.03965863453815261 0.036523929471032744 0.018072289156626505
4 0.7122166246851386 0.15160642570281124 0.03904282115869018 0.02208835341365462
4 0.8066750629722922 0.17118473895582328 0.042821158690176324 0.02108433734939759
4 0.8696473551637279 0.18323293172690763 0.04030226700251889 0.02208835341365462
4 0.181360201511335 0.05773092369477912 0.03904282115869018 0.019076305220883535
23 0.4792191435768262 0.11696787148594377 0.022670025188916875 0.029116465863453816
23 0.4420654911838791 0.11094377510040161 0.022670025188916875 0.025100401606425703
23 0.4596977329974811 0.11495983935742972 0.02392947103274559 0.029116465863453816
4 0.5384130982367759 0.13052208835341367 0.03904282115869018 0.02208835341365462
4 0.5806045340050378 0.1390562248995984 0.042821158690176324 0.024096385542168676
23 0.49622166246851385 0.12399598393574297 0.02518891687657431 0.03413654618473896
4 0.6272040302267002 0.14859437751004015 0.04534005037783375 0.025100401606425703
4 0.9351385390428212 0.24146586345381527 0.041561712846347604 0.02108433734939759
23 0.818639798488665 0.22590361445783133 0.02518891687657431 0.029116465863453816
23 0.8350125944584383 0.22941767068273092 0.02392947103274559 0.030120481927710843
4 0.6416876574307305 0.19528112449799198 0.02518891687657431 0.030120481927710843
23 0.6788413098236776 0.20230923694779115 0.02392947103274559 0.028112449799196786
23 0.7437027707808564 0.2143574297188755 0.027707808564231738 0.03313253012048193
23 0.6612090680100756 0.1992971887550201 0.02392947103274559 0.02710843373493976
4 0.7172544080604534 0.20983935742971888 0.031486146095717885 0.030120481927710843
4 0.7903022670025189 0.22339357429718876 0.030226700251889168 0.0321285140562249
23 0.8872795969773299 0.2419678714859438 0.02518891687657431 0.03112449799196787
4 0.8652392947103275 0.23795180722891565 0.02644836272040302 0.03313253012048193
23 0.7613350125944585 0.21887550200803213 0.027707808564231738 0.03313253012048193
23 0.9030226700251889 0.24497991967871485 0.02518891687657431 0.03112449799196787
23 0.4256926952141058 0.17771084337349397 0.022670025188916875 0.029116465863453816
23 0.4445843828715365 0.18122489959839358 0.02518891687657431 0.03112449799196787
23 0.5617128463476071 0.2043172690763052 0.04030226700251889 0.025100401606425703
23 0.603904282115869 0.21234939759036145 0.036523929471032744 0.02208835341365462
23 0.5195214105793451 0.19678714859437751 0.04030226700251889 0.02108433734939759
23 0.34697732997481107 0.19377510040160642 0.02392947103274559 0.028112449799196786
4 0.30037783375314864 0.20532128514056225 0.02392947103274559 0.030120481927710843
23 0.2827455919395466 0.2033132530120482 0.02392947103274559 0.029116465863453816
4 0.3198992443324937 0.21084337349397592 0.02518891687657431 0.030120481927710843
23 0.1668765743073048 0.1857429718875502 0.020151133501259445 0.02610441767068273
23 0.21977329974811083 0.196285140562249 0.02644836272040302 0.029116465863453816
23 0.20214105793450882 0.1932730923694779 0.02392947103274559 0.030120481927710843
23 0.1845088161209068 0.19026104417670683 0.022670025188916875 0.029116465863453816
4 0.889168765743073 0.33082329317269077 0.03526448362720403 0.019076305220883535
23 0.7770780856423174 0.3157630522088353 0.02392947103274559 0.029116465863453816
15 0.8293450881612091 0.3288152610441767 0.07808564231738035 0.050200803212851405
15 0.948992443324937 0.3514056224899598 0.08564231738035265 0.05220883534136546
23 0.2903022670025189 0.22991967871485944 0.03904282115869018 0.020080321285140562
23 0.8860201511335013 0.3453815261044177 0.036523929471032744 0.019076305220883535
23 0.2607052896725441 0.232429718875502 0.02518891687657431 0.028112449799196786
23 0.11649874055415617 0.2113453815261044 0.022670025188916875 0.02610441767068273
23 0.19143576826196473 0.22640562248995985 0.022670025188916875 0.028112449799196786
23 0.17506297229219145 0.22339357429718876 0.021410579345088162 0.02710843373493976
4 0.8809823677581864 0.35993975903614456 0.037783375314861464 0.02208835341365462
23 0.8079345088161209 0.3634538152610442 0.036523929471032744 0.020080321285140562
4 0.2884130982367758 0.2761044176706827 0.04030226700251889 0.023092369477911646
4 0.3331234256926952 0.285140562248996 0.036523929471032744 0.02208835341365462
4 0.3709068010075567 0.2921686746987952 0.03904282115869018 0.02108433734939759
4 0.802896725440806 0.3790160642570281 0.03526448362720403 0.019076305220883535
23 0.41876574307304787 0.3092369477911647 0.02518891687657431 0.0321285140562249
23 0.07241813602015114 0.25853413654618473 0.022670025188916875 0.028112449799196786
23 0.09130982367758186 0.26305220883534136 0.02644836272040302 0.030120481927710843
23 0.11146095717884132 0.26706827309236947 0.02644836272040302 0.030120481927710843
23 0.25818639798488663 0.29467871485943775 0.02392947103274559 0.029116465863453816
23 0.2783375314861461 0.29819277108433734 0.022670025188916875 0.02710843373493976
23 0.35579345088161207 0.31275100401606426 0.02392947103274559 0.02710843373493976
23 0.7984886649874056 0.39407630522088355 0.03400503778337532 0.018072289156626505
23 0.2978589420654912 0.30220883534136544 0.02518891687657431 0.028112449799196786
23 0.336272040302267 0.3092369477911647 0.022670025188916875 0.028112449799196786
23 0.31801007556675065 0.30672690763052207 0.022670025188916875 0.028112449799196786
23 0.37468513853904284 0.3177710843373494 0.02644836272040302 0.030120481927710843
4 0.43198992443324935 0.34186746987951805 0.027707808564231738 0.03112449799196787
4 0.4704030226700252 0.3498995983935743 0.02644836272040302 0.030120481927710843
4 0.7940806045340051 0.4106425702811245 0.036523929471032744 0.019076305220883535
4 0.4080604534005038 0.3413654618473896 0.027707808564231738 0.029116465863453816
15 0.2084382871536524 0.30823293172690763 0.0654911838790932 0.06526104417670683
4 0.3879093198992443 0.3453815261044177 0.02392947103274559 0.029116465863453816
4 0.2688916876574307 0.3278112449799197 0.02644836272040302 0.030120481927710843
4 0.24874055415617127 0.32429718875502006 0.02518891687657431 0.029116465863453816
30 0.0906801007556675 0.2961847389558233 0.04030226700251889 0.03714859437751004
4 0.32682619647355166 0.339859437751004 0.027707808564231738 0.0321285140562249
4 0.2890428211586902 0.3328313253012048 0.02518891687657431 0.030120481927710843
4 0.3060453400503778 0.33634538152610444 0.02518891687657431 0.028112449799196786
30 0.05919395465994962 0.29116465863453816 0.030226700251889168 0.03313253012048193
4 0.34697732997481107 0.34437751004016065 0.02392947103274559 0.029116465863453816
4 0.36649874055415615 0.34839357429718876 0.02518891687657431 0.029116465863453816
4 0.595088161209068 0.3990963855421687 0.037783375314861464 0.019076305220883535
23 0.06863979848866499 0.33433734939759036 0.022670025188916875 0.025100401606425703
23 0.16435768261964737 0.3534136546184739 0.020151133501259445 0.02610441767068273
23 0.04974811083123426 0.33232931726907633 0.022670025188916875 0.02610441767068273
23 0.14924433249370278 0.35040160642570284 0.02518891687657431 0.029116465863453816
23 0.181360201511335 0.35642570281124497 0.022670025188916875 0.029116465863453816
23 0.2128463476070529 0.36244979919678716 0.02392947103274559 0.03112449799196787
23 0.19710327455919396 0.35993975903614456 0.021410579345088162 0.029116465863453816
23 0.10894206549118388 0.34387550200803213 0.02518891687657431 0.029116465863453816
23 0.08879093198992444 0.34036144578313254 0.02392947103274559 0.028112449799196786
23 0.12846347607052896 0.34789156626506024 0.021410579345088162 0.02710843373493976
4 0.2531486146095718 0.37349397590361444 0.037783375314861464 0.020080321285140562
4 0.5125944584382871 0.4292168674698795 0.03904282115869018 0.02208835341365462
4 0.24748110831234257 0.392570281124498 0.03526448362720403 0.020080321285140562
4 0.5081863979848866 0.44779116465863456 0.04030226700251889 0.020080321285140562
23 0.13790931989924432 0.3815261044176707 0.02644836272040302 0.0321285140562249
30 0.03904282115869018 0.3669678714859438 0.03400503778337532 0.03313253012048193
4 0.5031486146095718 0.4643574297188755 0.037783375314861464 0.02108433734939759
23 0.2367758186397985 0.4171686746987952 0.037783375314861464 0.02108433734939759
4 0.1996221662468514 0.4106425702811245 0.03526448362720403 0.02208835341365462
4 0.7934508816120907 0.5256024096385542 0.03904282115869018 0.02208835341365462
23 0.1681360201511335 0.4246987951807229 0.037783375314861464 0.020080321285140562
23 0.03589420654911839 0.4036144578313253 0.02392947103274559 0.03112449799196787
23 0.020151133501259445 0.4011044176706827 0.0163727959697733 0.029116465863453816
23 0.22984886649874056 0.4407630522088353 0.037783375314861464 0.019076305220883535
23 0.9162468513853904 0.5773092369477911 0.036523929471032744 0.02108433734939759
4 0.1070528967254408 0.43022088353413657 0.04030226700251889 0.02108433734939759
4 0.49307304785894207 0.5020080321285141 0.03400503778337532 0.02108433734939759
23 0.1618387909319899 0.44126506024096385 0.03400503778337532 0.019076305220883535
4 0.22795969773299748 0.4568273092369478 0.03526448362720403 0.02108433734939759
15 0.35579345088161207 0.4839357429718876 0.2594458438287154 0.2469879518072289
23 0.5636020151133502 0.5261044176706827 0.022670025188916875 0.029116465863453816
23 0.14546599496221663 0.45331325301204817 0.03526448362720403 0.018072289156626505
4 0.4892947103274559 0.5180722891566265 0.036523929471032744 0.019076305220883535
4 0.10075566750629723 0.44779116465863456 0.03904282115869018 0.02208835341365462
23 0.010075566750629723 0.4347389558232932 0.0163727959697733 0.02710843373493976
23 0.02455919395465995 0.43724899598393574 0.02392947103274559 0.029116465863453816
4 0.21914357682619648 0.4743975903614458 0.037783375314861464 0.019076305220883535
30 0.904911838790932 0.6004016064257028 0.041561712846347604 0.040160642570281124
4 0.5831234256926953 0.5471887550200804 0.0327455919395466 0.019076305220883535
4 0.14042821158690177 0.46987951807228917 0.03904282115869018 0.02208835341365462
4 0.09571788413098237 0.46536144578313254 0.041561712846347604 0.023092369477911646
23 0.5799748110831234 0.5627510040160643 0.03400503778337532 0.01706827309236948
23 0.13350125944584382 0.4864457831325301 0.036523929471032744 0.018072289156626505
4 0.4716624685138539 0.5517068273092369 0.03904282115869018 0.02208835341365462
4 0.2128463476070529 0.5045180722891566 0.031486146095717885 0.01706827309236948
4 0.681360201511335 0.5913654618473896 0.03904282115869018 0.02108433734939759
4 0.09130982367758186 0.48343373493975905 0.03526448362720403 0.02108433734939759
4 0.7688916876574308 0.6079317269076305 0.03526448362720403 0.02108433734939759
30 0.8772040302267002 0.6325301204819277 0.03904282115869018 0.03614457831325301
4 0.5881612090680101 0.5798192771084337 0.036523929471032744 0.020080321285140562
4 0.9036523929471033 0.6385542168674698 0.027707808564231738 0.030120481927710843
23 0.1297229219143577 0.5020080321285141 0.037783375314861464 0.019076305220883535
4 0.20654911838790932 0.5240963855421686 0.03526448362720403 0.020080321285140562
4 0.12405541561712846 0.5180722891566265 0.03526448362720403 0.019076305220883535
7 0.9357682619647355 0.6691767068273092 0.08690176322418136 0.13353413654618473
23 0.4527707808564232 0.5833333333333334 0.02518891687657431 0.030120481927710843
4 0.896095717884131 0.6691767068273092 0.022670025188916875 0.029116465863453816
23 0.8589420654911839 0.6636546184738956 0.02518891687657431 0.028112449799196786
23 0.8772040302267002 0.6671686746987951 0.021410579345088162 0.02710843373493976
23 0.44269521410579343 0.6184738955823293 0.02518891687657431 0.030120481927710843
4 0.8696473551637279 0.697289156626506 0.022670025188916875 0.02710843373493976
23 0.8501259445843828 0.6942771084337349 0.02518891687657431 0.03112449799196787
4 0.8885390428211587 0.7018072289156626 0.02392947103274559 0.028112449799196786
4 0.4061712846347607 0.6194779116465864 0.02644836272040302 0.0321285140562249
4 0.24244332493702772 0.6049196787148594 0.02644836272040302 0.02710843373493976
4 0.3047858942065491 0.6179718875502008 0.027707808564231738 0.0321285140562249
4 0.3255667506297229 0.6219879518072289 0.028967254408060455 0.03313253012048193
4 0.37468513853904284 0.6310240963855421 0.027707808564231738 0.03112449799196787
23 0.7877833753148614 0.7530120481927711 0.03526448362720403 0.020080321285140562
4 0.00818639798488665 0.6099397590361446 0.0163727959697733 0.05923694779116466
23 0.6763224181360201 0.7404618473895582 0.02392947103274559 0.028112449799196786
23 0.6580604534005038 0.7374497991967871 0.02392947103274559 0.02710843373493976
30 0.8236775818639799 0.7690763052208835 0.042821158690176324 0.03313253012048193
4 0.7544080604534005 0.7580321285140562 0.027707808564231738 0.0321285140562249
23 0.783375314861461 0.7695783132530121 0.03526448362720403 0.020080321285140562
4 0.5604534005037783 0.731425702811245 0.022670025188916875 0.02610441767068273
4 0.5403022670025189 0.7304216867469879 0.02518891687657431 0.03112449799196787
23 0.01322418136020151 0.6340361445783133 0.02392947103274559 0.030120481927710843
15 0.7122166246851386 0.7635542168674698 0.06926952141057935 0.07228915662650602
7 0.9055415617128464 0.8007028112449799 0.07178841309823678 0.12951807228915663
23 0.7783375314861462 0.7846385542168675 0.0327455919395466 0.01706827309236948
23 0.5724181360201511 0.7494979919678715 0.02644836272040302 0.03112449799196787
23 0.6693954659949622 0.7690763052208835 0.027707808564231738 0.03112449799196787
23 0.6303526448362721 0.7620481927710844 0.02392947103274559 0.029116465863453816
23 0.6505037783375315 0.7660642570281124 0.02392947103274559 0.029116465863453816
30 0.603904282115869 0.7590361445783133 0.042821158690176324 0.03815261044176707
30 0.8167506297229219 0.7996987951807228 0.04030226700251889 0.03112449799196787
23 0.5409319899244333 0.7505020080321285 0.036523929471032744 0.018072289156626505
4 0.7455919395465995 0.7891566265060241 0.02518891687657431 0.030120481927710843
23 0.77455919395466 0.8007028112449799 0.036523929471032744 0.019076305220883535
4 0.012594458438287154 0.6681726907630522 0.02518891687657431 0.035140562248995984
23 0.5919395465994962 0.7826305220883534 0.031486146095717885 0.01606425702811245
4 0.586272040302267 0.7991967871485943 0.03400503778337532 0.019076305220883535
15 0.5390428211586902 0.7951807228915663 0.07178841309823678 0.07028112449799197
23 0.5824937027707808 0.8137550200803213 0.03400503778337532 0.01706827309236948
23 0.5780856423173804 0.8273092369477911 0.03526448362720403 0.02108433734939759
23 0.5730478589420654 0.8423694779116466 0.03400503778337532 0.020080321285140562
23 0.4892947103274559 0.8393574297188755 0.022670025188916875 0.02710843373493976
23 0.5056675062972292 0.8433734939759037 0.021410579345088162 0.029116465863453816
30 0.5321158690176322 0.8478915662650602 0.03904282115869018 0.03614457831325301
4 0.5680100755667506 0.858433734939759 0.037783375314861464 0.020080321285140562
15 0.7052896725440806 0.9036144578313253 0.2216624685138539 0.17771084337349397
4 0.5579345088161209 0.8870481927710844 0.037783375314861464 0.020080321285140562
23 0.5516372795969773 0.9041164658634538 0.0327455919395466 0.01606425702811245
23 0.5132241813602015 0.9252008032128514 0.022670025188916875 0.02710843373493976
23 0.5472292191435768 0.9598393574297188 0.020151133501259445 0.025100401606425703
23 0.5062972292191436 0.9523092369477911 0.020151133501259445 0.02610441767068273
23 0.5258186397984886 0.9558232931726908 0.020151133501259445 0.025100401606425703