23 0.3824823943661972 0.1399548532731377 0.01584507042253521 0.034988713318284424
4 0.4498239436619718 0.1275395033860045 0.023767605633802816 0.019187358916478554
23 0.09022887323943662 0.23476297968397292 0.022887323943661973 0.01805869074492099
7 0.0721830985915493 0.12923250564334085 0.1443661971830986 0.07110609480812641
4 0.414612676056338 0.14051918735891647 0.03345070422535211 0.022573363431151242
4 0.5580985915492958 0.10270880361173815 0.023767605633802816 0.050790067720090294
4 0.5369718309859155 0.10948081264108352 0.023767605633802816 0.05191873589164785
15 0.125 0.23589164785553046 0.04225352112676056 0.04401805869074492
23 0.09242957746478873 0.24604966139954854 0.025528169014084508 0.01805869074492099
23 0.4529049295774648 0.13939051918735892 0.02112676056338028 0.01580135440180587
4 0.4837147887323944 0.011286681715575621 0.04137323943661972 0.022573363431151242
23 0.007922535211267605 0.2770880361173815 0.014084507042253521 0.03160270880361174
23 0.09507042253521127 0.2584650112866817 0.02464788732394366 0.01805869074492099
4 0.18970070422535212 0.23363431151241534 0.023767605633802816 0.016930022573363433
4 0.6553697183098591 0.09706546275395034 0.032570422535211266 0.025959367945823927
23 0.684419014084507 0.08860045146726862 0.023767605633802816 0.020316027088036117
4 0.25044014084507044 0.2172686230248307 0.023767605633802816 0.020316027088036117
4 0.05545774647887324 0.27765237020316025 0.014084507042253521 0.030474040632054177
4 0.6109154929577465 0.11399548532731377 0.029049295774647887 0.055304740406320545
4 0.4841549295774648 0.15293453724604966 0.023767605633802816 0.019187358916478554
23 0.09727112676056338 0.2708803611738149 0.023767605633802816 0.019187358916478554
4 0.1932218309859155 0.24717832957110608 0.04137323943661972 0.024830699774266364
7 0.3701584507042254 0.04345372460496614 0.11883802816901408 0.06772009029345373
23 0.14656690140845072 0.26580135440180586 0.014964788732394365 0.03160270880361174
23 0.09991197183098592 0.28442437923250563 0.023767605633802816 0.019187358916478554
4 0.48811619718309857 0.1698645598194131 0.022007042253521125 0.016930022573363433
23 0.7544014084507042 0.09255079006772009 0.011443661971830986 0.029345372460496615
4 0.7438380281690141 0.09593679458239278 0.014084507042253521 0.030474040632054177
23 0.6888204225352113 0.113431151241535 0.025528169014084508 0.019187358916478554
4 0.6602112676056338 0.12246049661399548 0.03433098591549296 0.028216704288939052
23 0.1311619718309859 0.2793453724604966 0.025528169014084508 0.01805869074492099
4 0.10211267605633803 0.2974040632054176 0.022007042253521125 0.016930022573363433
23 0.49119718309859156 0.1873589164785553 0.025528169014084508 0.02144469525959368
4 0.5136443661971831 0.18171557562076748 0.014964788732394365 0.0327313769751693
4 0.7147887323943662 0.1252821670428894 0.014084507042253521 0.030474040632054177
23 0.6399647887323944 0.14785553047404063 0.01584507042253521 0.0327313769751693
4 0.6650528169014085 0.14503386004514673 0.035211267605633804 0.029345372460496615
23 0.6936619718309859 0.136568848758465 0.02464788732394366 0.019187358916478554
7 0.8961267605633803 0.10327313769751693 0.0880281690140845 0.20654627539503387
30 0.2632042253521127 0.26918735891647855 0.03169014084507042 0.04853273137697517
4 0.4942781690140845 0.208803611738149 0.022887323943661973 0.01805869074492099
4 0.5699823943661971 0.19582392776523702 0.02640845070422535 0.01805869074492099
23 0.5462147887323944 0.20316027088036118 0.02112676056338028 0.016930022573363433
23 0.5933098591549296 0.18961625282167044 0.02464788732394366 0.019187358916478554
4 0.5233274647887324 0.2110609480812641 0.022887323943661973 0.01805869074492099
23 0.5721830985915493 0.20936794582392776 0.025528169014084508 0.02144469525959368
23 0.5475352112676056 0.2172686230248307 0.02464788732394366 0.01805869074492099
4 0.6615316901408451 0.18510158013544017 0.023767605633802816 0.022573363431151242
23 0.6650528169014085 0.2025959367945824 0.025528169014084508 0.020316027088036117
23 0.47579225352112675 0.26693002257336346 0.014084507042253521 0.03160270880361174
23 0.4850352112676056 0.2646726862302483 0.013204225352112676 0.0327313769751693
23 0.49383802816901406 0.26297968397291194 0.014084507042253521 0.03160270880361174
23 0.7860915492957746 0.18623024830699775 0.01584507042253521 0.033860045146726865
4 0.7742077464788732 0.1969525959367946 0.020246478873239437 0.045146726862302484
23 0.3494718309859155 0.3306997742663657 0.013204225352112676 0.029345372460496615
23 0.3314260563380282 0.3363431151241535 0.013204225352112676 0.03160270880361174
23 0.34066901408450706 0.3335214446952596 0.01232394366197183 0.030474040632054177
4 0.795774647887324 0.20654627539503387 0.022887323943661973 0.01805869074492099
4 0.8116197183098591 0.2172686230248307 0.02640845070422535 0.02144469525959368
4 0.792693661971831 0.23306997742663657 0.014084507042253521 0.03160270880361174
23 0.78125 0.2375846501128668 0.01584507042253521 0.03160270880361174
4 0.5338908450704225 0.014672686230248307 0.014964788732394365 0.029345372460496615
15 0.727112676056338 0.27257336343115124 0.09419014084507042 0.0835214446952596
4 0.5237676056338029 0.01580135440180587 0.01232394366197183 0.028216704288939052
4 0.514524647887324 0.019187358916478554 0.013204225352112676 0.03160270880361174
4 0.9027288732394366 0.22855530474040633 0.035211267605633804 0.023702031602708805
4 0.6786971830985915 0.3036117381489842 0.01232394366197183 0.029345372460496615
15 0.17165492957746478 0.45598194130925507 0.09330985915492958 0.08803611738148984
23 0.304137323943662 0.4193002257336343 0.020246478873239437 0.016930022573363433
23 0.9014084507042254 0.2443566591422122 0.023767605633802816 0.019187358916478554
23 0.3067781690140845 0.43115124153498874 0.02112676056338028 0.01580135440180587
15 0.8477112676056338 0.27595936794582393 0.08362676056338028 0.12076749435665914
4 0.3085387323943662 0.4435665914221219 0.022007042253521125 0.016930022573363433
4 0.061179577464788734 0.5225733634311512 0.01232394366197183 0.030474040632054177
15 0.10211267605633803 0.5146726862302483 0.06778169014084508 0.1162528216704289
4 0.9286971830985915 0.2748306997742664 0.03961267605633803 0.04288939051918736
4 0.4537852112676056 0.04345372460496614 0.028169014084507043 0.05417607223476298
30 0.6852992957746479 0.3606094808126411 0.035211267605633804 0.03837471783295711
23 0.27992957746478875 0.4813769751693002 0.023767605633802816 0.016930022573363433
23 0.24339788732394366 0.5118510158013544 0.022887323943661973 0.019187358916478554
23 0.2834507042253521 0.5022573363431151 0.022887323943661973 0.019187358916478554
23 0.31866197183098594 0.49548532731376976 0.023767605633802816 0.01805869074492099
4 0.2262323943661972 0.5253950338600452 0.014084507042253521 0.03160270880361174
23 0.2460387323943662 0.5259593679458239 0.022887323943661973 0.01805869074492099
23 0.2860915492957746 0.5146726862302483 0.022887323943661973 0.016930022573363433
23 0.32130281690140844 0.5084650112866818 0.023767605633802816 0.019187358916478554
4 0.7649647887323944 0.3871331828442438 0.01584507042253521 0.033860045146726865
4 0.7948943661971831 0.3888261851015801 0.03345070422535211 0.02144469525959368
23 0.3248239436619718 0.5287810383747178 0.023767605633802816 0.020316027088036117
4 0.05677816901408451 0.6123024830699775 0.025528169014084508 0.020316027088036117
7 0.6976232394366197 0.42494356659142213 0.04401408450704225 0.03837471783295711
23 0.04005281690140845 0.626410835214447 0.014964788732394365 0.0327313769751693
4 0.06866197183098592 0.628668171557562 0.04401408450704225 0.03611738148984198
23 0.3296654929577465 0.5547404063205418 0.023767605633802816 0.016930022573363433
23 0.2953345070422535 0.5654627539503386 0.023767605633802816 0.01805869074492099
23 0.25 0.5818284424379232 0.02464788732394366 0.020316027088036117
15 0.5180457746478874 0.5067720090293454 0.37059859154929575 0.3871331828442438
23 0.29797535211267606 0.5784424379232506 0.025528169014084508 0.020316027088036117
23 0.2522007042253521 0.5936794582392777 0.023767605633802816 0.016930022573363433
23 0.7086267605633803 0.45993227990970653 0.01584507042253521 0.033860045146726865
23 0.6976232394366197 0.4633182844243792 0.01584507042253521 0.034988713318284424
15 0.15492957746478872 0.6252821670428894 0.06602112676056338 0.10270880361173815
23 0.3336267605633803 0.5778781038374717 0.022007042253521125 0.01805869074492099
4 0.25528169014084506 0.6072234762979684 0.02464788732394366 0.019187358916478554
23 0.30149647887323944 0.5998871331828443 0.023767605633802816 0.01805869074492099
23 0.491637323943662 0.045146726862302484 0.017605633802816902 0.039503386004514675
23 0.5044014084507042 0.0417607223476298 0.01584507042253521 0.03837471783295711
23 0.3371478873239437 0.595372460496614 0.023767605633802816 0.019187358916478554
23 0.304137323943662 0.6117381489841986 0.022887323943661973 0.016930022573363433
23 0.33934859154929575 0.608352144469526 0.02464788732394366 0.01805869074492099
4 0.6971830985915493 0.5028216704288939 0.01584507042253521 0.0327313769751693
23 0.34110915492957744 0.6190744920993227 0.02464788732394366 0.016930022573363433
4 0.1329225352112676 0.15575620767494355 0.022887323943661973 0.019187358916478554
4 0.7403169014084507 0.5079006772009029 0.014964788732394365 0.03160270880361174
23 0.34375 0.6309255079006773 0.023767605633802816 0.019187358916478554
23 0.051056338028169015 0.7268623024830699 0.025528169014084508 0.05304740406320542
23 0.644806338028169 0.007900677200902935 0.025528169014084508 0.01580135440180587
23 0.6201584507042254 0.012979683972911963 0.022007042253521125 0.016930022573363433
23 0.670774647887324 0.004514672686230248 0.02464788732394366 0.009029345372460496
15 0.2579225352112676 0.6822799097065463 0.061619718309859156 0.10270880361173815
23 0.3899647887323944 0.08295711060948081 0.022887323943661973 0.016930022573363433
23 0.7345950704225352 0.5428893905191874 0.013204225352112676 0.030474040632054177
23 0.7455985915492958 0.5400677200902935 0.01584507042253521 0.0327313769751693
23 0.41329225352112675 0.077313769751693 0.025528169014084508 0.019187358916478554
15 0.19058098591549297 0.7172686230248307 0.09154929577464789 0.08239277652370203
15 0.09330985915492958 0.75 0.02640845070422535 0.0417607223476298
23 0.03125 0.19130925507900678 0.014084507042253521 0.03160270880361174
23 0.040492957746478875 0.18905191873589164 0.01232394366197183 0.028216704288939052
23 0.05985915492957746 0.18340857787810383 0.014084507042253521 0.030474040632054177
23 0.04973591549295775 0.18679458239277652 0.014084507042253521 0.029345372460496615
23 0.08846830985915492 0.1755079006772009 0.01232394366197183 0.028216704288939052
23 0.10695422535211267 0.17042889390519186 0.01232394366197183 0.02708803611738149
23 0.7112676056338029 0.585214446952596 0.02464788732394366 0.020316027088036117
15 0.8956866197183099 0.5338600451467269 0.0625 0.11399548532731377
23 0.11663732394366197 0.16760722347629797 0.011443661971830986 0.02708803611738149
23 0.07922535211267606 0.1788939051918736 0.01232394366197183 0.02708803611738149
23 0.7139084507042254 0.6032731376975169 0.023767605633802816 0.016930022573363433
23 0.35255281690140844 0.09932279909706546 0.025528169014084508 0.01805869074492099
23 0.09727112676056338 0.17494356659142213 0.01232394366197183 0.025959367945823927
23 0.05941901408450704 0.801354401805869 0.014084507042253521 0.03160270880361174
15 0.10211267605633803 0.7895033860045146 0.02640845070422535 0.040632054176072234
23 0.7161091549295775 0.6156884875846501 0.02464788732394366 0.01805869074492099
23 0.3204225352112676 0.7595936794582393 0.014084507042253521 0.030474040632054177
23 0.3107394366197183 0.7629796839729119 0.014084507042253521 0.0327313769751693
7 0.06910211267605634 0.8487584650112867 0.037852112676056336 0.06320541760722348
15 0.8014964788732394 0.6331828442437923 0.1505281690140845 0.18961625282167044
23 0.24031690140845072 0.13826185101580135 0.016725352112676055 0.0327313769751693
23 0.2834507042253521 0.12584650112866816 0.01584507042253521 0.033860045146726865
7 0.9757922535211268 0.5891647855530474 0.04665492957746479 0.18961625282167044
15 0.289612676056338 0.8002257336343115 0.05193661971830986 0.08239277652370203
23 0.25308098591549294 0.13544018058690746 0.01584507042253521 0.033860045146726865
23 0.22843309859154928 0.14277652370203162 0.01584507042253521 0.0327313769751693
23 0.21170774647887325 0.14785553047404063 0.01584507042253521 0.03160270880361174
23 0.2706866197183099 0.1309255079006772 0.016725352112676055 0.03611738148984198
23 0.3261443661971831 0.8171557562076749 0.014964788732394365 0.033860045146726865
15 0.9163732394366197 0.6461625282167043 0.06426056338028169 0.12189616252821671
4 0.6294014084507042 0.7387133182844243 0.013204225352112676 0.029345372460496615
23 0.6205985915492958 0.7420993227990971 0.014084507042253521 0.03160270880361174
23 0.610475352112676 0.7454853273137697 0.014964788732394365 0.0327313769751693
23 0.43309859154929575 0.8002257336343115 0.023767605633802816 0.01805869074492099
23 0.3965669014084507 0.8115124153498872 0.022887323943661973 0.01805869074492099
23 0.14392605633802816 0.17325056433408578 0.03873239436619718 0.029345372460496615
23 0.3032570422535211 0.8498871331828443 0.030809859154929578 0.02144469525959368
15 0.2363556338028169 0.8696388261851016 0.03873239436619718 0.03837471783295711
23 0.4269366197183099 0.8487584650112867 0.022887323943661973 0.01580135440180587
4 0.4639084507042254 0.8380361173814899 0.025528169014084508 0.01805869074492099
4 0.394806338028169 0.858352144469526 0.022007042253521125 0.01580135440180587
4 0.12323943661971831 0.9413092550790068 0.023767605633802816 0.01805869074492099
4 0.8912852112676056 0.7178329571106095 0.014964788732394365 0.03160270880361174
4 0.8745598591549296 0.7257336343115124 0.02464788732394366 0.019187358916478554
7 0.09419014084507042 0.940744920993228 0.06866197183098592 0.11851015801354402
4 0.8472711267605634 0.7370203160270881 0.013204225352112676 0.028216704288939052
23 0.827024647887324 0.7437923250564334 0.013204225352112676 0.028216704288939052
4 0.8371478873239436 0.7409706546275395 0.014964788732394365 0.029345372460496615
23 0.7900528169014085 0.755079006772009 0.014084507042253521 0.030474040632054177
4 0.8177816901408451 0.7471783295711061 0.013204225352112676 0.029345372460496615
4 0.7803697183098591 0.7590293453724605 0.013204225352112676 0.03160270880361174
4 0.8089788732394366 0.7505643340857788 0.014084507042253521 0.030474040632054177
4 0.7715669014084507 0.7618510158013544 0.014964788732394365 0.03160270880361174
4 0.7997359154929577 0.7539503386004515 0.013204225352112676 0.030474040632054177
4 0.1267605633802817 0.9604966139954854 0.022007042253521125 0.016930022573363433
4 0.7442781690140845 0.7827313769751693 0.04225352112676056 0.0327313769751693
15 0.9348591549295775 0.731941309255079 0.06778169014084508 0.07787810383747178
23 0.8393485915492958 0.7641083521444695 0.023767605633802816 0.016930022573363433
23 0.47403169014084506 0.8730248306997742 0.022007042253521125 0.014672686230248307
4 0.9867957746478874 0.7229119638826185 0.02464788732394366 0.034988713318284424
4 0.49559859154929575 0.891647855530474 0.013204225352112676 0.03160270880361174
23 0.863556338028169 0.7832957110609481 0.05017605633802817 0.03611738148984198
4 0.577024647887324 0.055869074492099324 0.013204225352112676 0.029345372460496615
4 0.46742957746478875 0.9130925507900677 0.023767605633802816 0.019187358916478554
4 0.44058098591549294 0.9221218961625283 0.023767605633802816 0.019187358916478554
23 0.4515845070422535 0.011286681715575621 0.023767605633802816 0.019187358916478554
23 0.3283450704225352 0.13148984198645597 0.01584507042253521 0.03160270880361174
4 0.7874119718309859 0.8290067720090294 0.025528169014084508 0.02144469525959368
23 0.8287852112676056 0.8261851015801355 0.014964788732394365 0.03160270880361174
23 0.8125 0.8318284424379232 0.014964788732394365 0.0327313769751693
30 0.352112676056338 0.1252821670428894 0.03873239436619718 0.04401805869074492
4 0.5946302816901409 0.05417607223476298 0.02640845070422535 0.055304740406320545
4 0.6505281690140845 0.03893905191873589 0.029049295774647887 0.056433408577878104
7 0.727112676056338 0.891647855530474 0.125 0.12866817155756208
7 0.9300176056338029 0.832392776523702 0.1382042253521127 0.136568848758465
4 0.6998239436619719 0.02708803611738149 0.02992957746478873 0.05417607223476298
4 0.679137323943662 0.03160270880361174 0.028169014084507043 0.055304740406320545
4 0.6254401408450704 0.04740406320541761 0.028169014084507043 0.055304740406320545
15 0.8301056338028169 0.8662528216704289 0.032570422535211266 0.046275395033860044
7 0.4392605633802817 0.9672686230248307 0.22359154929577466 0.0654627539503386
4 0.7988556338028169 0.012979683972911963 0.04665492957746479 0.025959367945823927
30 0.007042253521126761 0.24717832957110608 0.014084507042253521 0.04288939051918736
23 0.11047535211267606 0.21275395033860045 0.025528169014084508 0.01805869074492099