30 0.38079299691040164 0.8160919540229885 0.02059732234809475 0.03366174055829228
23 0.1727600411946447 0.8735632183908046 0.016477857878475798 0.0180623973727422
23 0.25077239958805353 0.8628899835796388 0.010298661174047374 0.025451559934318555
30 0.20108135942327499 0.8764367816091954 0.02368692070030896 0.034482758620689655
23 0.2602986611740474 0.8633004926108374 0.008238928939237899 0.026272577996715927
30 0.23480947476828012 0.8694581280788177 0.023171987641606592 0.03776683087027915
23 0.6737899073120495 0.7594417077175698 0.016992790937178166 0.018883415435139574
23 0.17481977342945418 0.888752052545156 0.016477857878475798 0.016420361247947456
23 0.5957775489186405 0.7873563218390804 0.009268795056642637 0.022988505747126436
23 0.5877960865087538 0.7902298850574713 0.007723995880535531 0.024630541871921183
23 0.6320803295571575 0.7791461412151067 0.008238928939237899 0.022988505747126436
23 0.5792996910401648 0.7935139573070608 0.01132852729145211 0.027093596059113302
23 0.6148300720906282 0.7844827586206896 0.008238928939237899 0.025451559934318555
23 0.6233264675592173 0.7820197044334976 0.010298661174047374 0.028735632183908046
23 0.6413491246138002 0.7779146141215106 0.010298661174047374 0.027093596059113302
23 0.675849639546859 0.7746305418719212 0.02008238928939238 0.0180623973727422
23 0.5468589083419155 0.8091133004926109 0.009268795056642637 0.022988505747126436
23 0.5610195674562307 0.8054187192118226 0.006694129763130793 0.020525451559934318
23 0.5687435633367662 0.8041871921182266 0.007209062821833162 0.023809523809523808
23 0.5383625128733265 0.8119868637110016 0.006694129763130793 0.022167487684729065
23 0.20648815653964986 0.9039408866995073 0.008238928939237899 0.022988505747126436
23 0.17301750772399588 0.9133825944170771 0.009783728115345005 0.023809523809523808
23 0.19747682801235839 0.9072249589490968 0.008753861997940269 0.027914614121510674
23 0.21936148300720906 0.9018883415435139 0.01132852729145211 0.028735632183908046
23 0.18151390319258495 0.9113300492610837 0.009268795056642637 0.026272577996715927
30 0.3038105046343975 0.8871100164203612 0.016477857878475798 0.029556650246305417
30 0.2368692070030896 0.9047619047619048 0.021112255406797117 0.03366174055829228
30 0.2582389289392379 0.8994252873563219 0.01905252317198764 0.03366174055829228
23 0.5911431513903193 0.819376026272578 0.008753861997940269 0.027914614121510674
23 0.5816168898043255 0.8218390804597702 0.010298661174047374 0.027093596059113302
23 0.40370751802265703 0.07142857142857142 0.008753861997940269 0.025451559934318555
23 0.39495365602471677 0.07348111658456485 0.008238928939237899 0.024630541871921183
23 0.3751287332646756 0.0784072249589491 0.007723995880535531 0.022167487684729065
23 0.38439752832131824 0.07717569786535304 0.008753861997940269 0.022167487684729065
23 0.2554067971163749 0.9293924466338259 0.009783728115345005 0.024630541871921183
23 0.29042224510813597 0.9211822660098522 0.006694129763130793 0.023809523809523808
23 0.3022657054582904 0.9183087027914614 0.010813594232749742 0.027093596059113302
23 0.3094747682801236 0.916256157635468 0.008238928939237899 0.022988505747126436
23 0.24382080329557157 0.9339080459770115 0.009268795056642637 0.024630541871921183
23 0.2749742533470649 0.9261083743842364 0.009783728115345005 0.026272577996715927
23 0.2651905252317199 0.9285714285714286 0.008753861997940269 0.024630541871921183
23 0.283470648815654 0.9236453201970444 0.009268795056642637 0.027093596059113302
23 0.23583934088568487 0.9367816091954023 0.008238928939237899 0.025451559934318555
23 0.7203913491246138 0.819376026272578 0.009268795056642637 0.024630541871921183
23 0.7015962924819773 0.8238916256157636 0.009783728115345005 0.024630541871921183
23 0.7113800205973223 0.8222495894909688 0.01184346035015448 0.027093596059113302
23 0.7378990731204943 0.8156814449917899 0.007723995880535531 0.023809523809523808
23 0.7296601441812565 0.8185550082101807 0.009268795056642637 0.026272577996715927
23 0.748712667353244 0.8152709359605911 0.01132852729145211 0.028735632183908046
15 0.6428939237899073 0.018883415435139574 0.040679711637487126 0.03776683087027915
23 0.525231719876416 0.8850574712643678 0.008238928939237899 0.022988505747126436
23 0.5339855818743563 0.8838259441707718 0.009783728115345005 0.026272577996715927
23 0.592173017507724 0.882183908045977 0.014418125643666324 0.013957307060755337
23 0.5947476828012358 0.8981937602627258 0.013388259526261586 0.017241379310344827
23 0.4801750772399588 0.9462233169129721 0.009268795056642637 0.028735632183908046
23 0.48944387229660147 0.9458128078817734 0.009783728115345005 0.029556650246305417
23 0.47167868177136973 0.9503284072249589 0.010298661174047374 0.027093596059113302
23 0.10504634397528322 0.1568144499178982 0.015447991761071062 0.014778325123152709
23 0.5169927909371782 0.9388341543513957 0.010298661174047374 0.029556650246305417
30 0.4266220391349125 0.9638752052545156 0.02420185375901133 0.034482758620689655
23 0.49948506694129763 0.9458128078817734 0.010813594232749742 0.030377668308702793
23 0.5079814624098867 0.9433497536945813 0.008753861997940269 0.027093596059113302
7 0.298918640576725 0.9568965517241379 0.2353244078269825 0.08456486042692939
15 0.20623069001029867 0.1412151067323481 0.06488156539649846 0.13136288998357964
23 0.10762100926879506 0.1720032840722496 0.014933058702368692 0.015599343185550082
23 0.417610710607621 0.12848932676518884 0.014933058702368692 0.014778325123152709
7 0.14366632337796087 0.19745484400656815 0.04376930998970134 0.10262725779967159
23 0.420442842430484 0.14039408866995073 0.014933058702368692 0.013957307060755337
23 0.035015447991761074 0.2376847290640394 0.015447991761071062 0.013957307060755337
23 0.015190525231719876 0.24343185550082103 0.013388259526261586 0.013957307060755337
23 0.016735324407826983 0.25779967159277506 0.014418125643666324 0.013136288998357963
23 0.4266220391349125 0.15517241379310345 0.016477857878475798 0.015599343185550082
23 0.0020597322348094747 0.26354679802955666 0.004119464469618949 0.011494252873563218
30 0.796086508753862 0.0636288998357964 0.02059732234809475 0.03284072249589491
23 0.4526261585993821 0.15024630541871922 0.014933058702368692 0.013957307060755337
30 0.0378475798146241 0.26108374384236455 0.02368692070030896 0.035303776683087026
23 0.42842430484037075 0.1687192118226601 0.014418125643666324 0.015599343185550082
23 0.0025746652935118436 0.28078817733990147 0.005149330587023687 0.011494252873563218
23 0.018022657054582905 0.277504105090312 0.016477857878475798 0.013957307060755337
23 0.15911431513903193 0.24876847290640394 0.015447991761071062 0.013957307060755337
4 0.14340885684860968 0.2532840722495895 0.016477857878475798 0.014778325123152709
23 0.42971163748712665 0.18185550082101806 0.013903192584963954 0.013136288998357963
15 0.37049433573635426 0.19950738916256158 0.05303810504634397 0.11330049261083744
23 0.003604531410916581 0.30008210180623973 0.007209062821833162 0.013957307060755337
23 0.019824922760041195 0.2947454844006568 0.014933058702368692 0.014778325123152709
23 0.44850669412976313 0.19047619047619047 0.014933058702368692 0.013957307060755337
23 0.4307415036045314 0.1958128078817734 0.014418125643666324 0.015599343185550082
30 0.0411946446961895 0.2959770114942529 0.02059732234809475 0.03284072249589491
23 0.0213697219361483 0.31157635467980294 0.01184346035015448 0.010673234811165846
23 0.44927909371781666 0.2044334975369458 0.015447991761071062 0.012315270935960592
4 0.004634397528321318 0.31732348111658454 0.009268795056642637 0.015599343185550082
15 0.23223480947476827 0.2602627257799672 0.05458290422245108 0.08374384236453201
15 0.07698249227600412 0.3041871921182266 0.03964984552008239 0.042692939244663386
7 0.959577754891864 0.10344827586206896 0.0345005149330587 0.20689655172413793
23 0.023944387229660143 0.32594417077175697 0.013903192584963954 0.012315270935960592
23 0.043511843460350155 0.3226600985221675 0.013388259526261586 0.011494252873563218
23 0.005664263645726055 0.3333333333333333 0.01132852729145211 0.013136288998357963
30 0.736096807415036 0.1568144499178982 0.03604531410916581 0.06568144499178982
30 0.6583419155509783 0.17733990147783252 0.0427394438722966 0.05829228243021346
15 0.5319258496395468 0.2175697865353038 0.07260556127703399 0.0755336617405583
23 0.44438722966014416 0.25533661740558294 0.009783728115345005 0.023809523809523808
23 0.43692070030895985 0.2582101806239737 0.009268795056642637 0.019704433497536946
23 0.3416580844490216 0.30623973727422005 0.013903192584963954 0.013136288998357963
23 0.38439752832131824 0.3021346469622332 0.007723995880535531 0.024630541871921183
23 0.35787847579814624 0.3091133004926108 0.007209062821833162 0.023809523809523808
23 0.3764160659114315 0.3041871921182266 0.007723995880535531 0.022167487684729065
23 0.3666323377960865 0.3066502463054187 0.008753861997940269 0.022988505747126436
23 0.3946961894953656 0.3013136288998358 0.007723995880535531 0.023809523809523808
23 0.4029351184346035 0.29926108374384236 0.009783728115345005 0.023809523809523808
23 0.3429454170957775 0.319376026272578 0.013903192584963954 0.013957307060755337
23 0.4559732234809475 0.291871921182266 0.010298661174047374 0.027093596059113302
23 0.41246138002059735 0.30500821018062396 0.007723995880535531 0.022988505747126436
23 0.420442842430484 0.30295566502463056 0.009783728115345005 0.023809523809523808
4 0.43614830072090627 0.29926108374384236 0.007209062821833162 0.022988505747126436
23 0.3434603501544799 0.33169129720853857 0.013903192584963954 0.013136288998357963
23 0.32518022657054585 0.33620689655172414 0.01596292481977343 0.013957307060755337
4 0.345005149330587 0.34564860426929395 0.012873326467559218 0.013136288998357963
23 0.3262100926879506 0.3550903119868637 0.014418125643666324 0.013957307060755337
23 0.3465499485066941 0.35673234811165844 0.013903192584963954 0.013957307060755337
15 0.6920700308959835 0.2717569786535304 0.05046343975283213 0.05829228243021346
23 0.5308959835221421 0.31773399014778325 0.013903192584963954 0.013136288998357963
23 0.5774974253347065 0.33497536945812806 0.013903192584963954 0.011494252873563218
4 0.5308959835221421 0.3493431855500821 0.013903192584963954 0.013957307060755337
7 0.32826982492276 0.048440065681444995 0.14418125643666324 0.05747126436781609
23 0.5610195674562307 0.3526272577996716 0.012873326467559218 0.013957307060755337
23 0.7309474768280123 0.3111658456486043 0.008238928939237899 0.024630541871921183
23 0.7167868177136972 0.3148604269293924 0.010298661174047374 0.026272577996715927
23 0.7077754891864058 0.31773399014778325 0.009268795056642637 0.028735632183908046
23 0.6078784757981462 0.34318555008210183 0.013388259526261586 0.013957307060755337
23 0.7407312049433573 0.30952380952380953 0.010813594232749742 0.024630541871921183
23 0.7494850669412977 0.3074712643678161 0.008753861997940269 0.026272577996715927
30 0.9430998970133883 0.2590311986863711 0.01905252317198764 0.027093596059113302
4 0.5324407826982492 0.3637110016420361 0.016477857878475798 0.014778325123152709
23 0.7623583934088568 0.3066502463054187 0.009783728115345005 0.024630541871921183
23 0.5787847579814624 0.35467980295566504 0.009268795056642637 0.022988505747126436
4 0.3498970133882595 0.41748768472906406 0.013388259526261586 0.012315270935960592
23 0.5623069001029866 0.3669950738916256 0.012358393408856848 0.011494252873563218
23 0.9600926879505665 0.27257799671592775 0.007723995880535531 0.020525451559934318
4 0.5352729145211123 0.38382594417077176 0.014418125643666324 0.013957307060755337
23 0.9459320288362513 0.28160919540229884 0.014418125643666324 0.013136288998357963
23 0.5638516992790937 0.3825944170771757 0.013388259526261586 0.013136288998357963
23 0.5813594232749743 0.3854679802955665 0.007723995880535531 0.023809523809523808
4 0.22657054582904224 0.4757799671592775 0.007209062821833162 0.020525451559934318
23 0.5651390319258497 0.39532019704433496 0.013903192584963954 0.013136288998357963
4 0.5388774459320288 0.4027093596059113 0.014418125643666324 0.012315270935960592
23 0.356076210092688 0.451559934318555 0.010813594232749742 0.010673234811165846
23 0.5671987641606591 0.409688013136289 0.01184346035015448 0.0090311986863711
15 0.44927909371781666 0.4396551724137931 0.1560247167868177 0.2438423645320197
4 0.5401647785787848 0.4166666666666667 0.013903192584963954 0.014778325123152709
15 0.6686405767250257 0.38587848932676516 0.052008238928939236 0.0665024630541872
23 0.7474253347064882 0.37192118226600984 0.01184346035015448 0.031198686371100164
23 0.5847064881565397 0.41379310344827586 0.009783728115345005 0.022988505747126436
23 0.7662203913491246 0.367816091954023 0.010813594232749742 0.027914614121510674
23 0.7378990731204943 0.37520525451559933 0.009783728115345005 0.025451559934318555
23 0.7577239958805355 0.3702791461412151 0.008238928939237899 0.026272577996715927
23 0.7283728115345005 0.3793103448275862 0.01132852729145211 0.03284072249589491
23 0.7188465499485067 0.3825944170771757 0.01184346035015448 0.027093596059113302
4 0.35787847579814624 0.47701149425287354 0.013903192584963954 0.012315270935960592
23 0.5674562306900103 0.42405582922824303 0.012358393408856848 0.010673234811165846
4 0.35993820803295573 0.49220032840722494 0.012873326467559218 0.012315270935960592
15 0.845005149330587 0.37889983579638753 0.06436663233779609 0.138752052545156
23 0.361740473738414 0.5082101806239737 0.013388259526261586 0.013136288998357963
4 0.5424819773429455 0.47167487684729065 0.012873326467559218 0.011494252873563218
23 0.36405767250257465 0.5283251231527094 0.014418125643666324 0.012315270935960592
4 0.544799176107106 0.48440065681444994 0.014933058702368692 0.011494252873563218
23 0.7033985581874357 0.4478653530377668 0.012873326467559218 0.012315270935960592
4 0.3653450051493306 0.5463875205254516 0.012358393408856848 0.011494252873563218
23 0.5466014418125643 0.5016420361247947 0.014933058702368692 0.013136288998357963
23 0.7049433573635427 0.4630541871921182 0.014418125643666324 0.013957307060755337
4 0.5522657054582905 0.5233990147783252 0.007209062821833162 0.022988505747126436
4 0.36611740473738413 0.5894909688013136 0.007723995880535531 0.022167487684729065
4 0.35787847579814624 0.5923645320197044 0.006694129763130793 0.020525451559934318
7 0.10453141091658084 0.659688013136289 0.2090628218331617 0.5541871921182266
4 0.5556127703398558 0.5517241379310345 0.008753861997940269 0.022167487684729065
23 0.3419155509783728 0.6079638752052545 0.007723995880535531 0.021346469622331693
23 0.35015447991761073 0.6067323481116584 0.007723995880535531 0.022167487684729065
23 0.2659629248197734 0.632183908045977 0.009268795056642637 0.022988505747126436
23 0.2752317198764161 0.6301313628899836 0.007723995880535531 0.023809523809523808
23 0.44129763130793 0.5956486042692939 0.008238928939237899 0.021346469622331693
4 0.431513903192585 0.5981116584564861 0.007209062821833162 0.022167487684729065
4 0.4600926879505664 0.5907224958949097 0.007209062821833162 0.022988505747126436
4 0.46807415036045313 0.5886699507389163 0.007723995880535531 0.022167487684729065
4 0.42353244078269825 0.6009852216748769 0.008238928939237899 0.022167487684729065
23 0.3918640576725026 0.6145320197044335 0.009268795056642637 0.022167487684729065
23 0.36920700308959836 0.6211001642036125 0.009783728115345005 0.021346469622331693
23 0.36122554067971163 0.6239737274220033 0.009268795056642637 0.021346469622331693
23 0.3820803295571576 0.6186371100164204 0.007209062821833162 0.019704433497536946
23 0.5285787847579815 0.5833333333333334 0.016477857878475798 0.017241379310344827
23 0.2368692070030896 0.6637931034482759 0.008238928939237899 0.022988505747126436
23 0.26364572605561276 0.6617405582922824 0.008753861997940269 0.025451559934318555
4 0.272399588053553 0.6605090311986864 0.008238928939237899 0.023809523809523808
4 0.463697219361483 0.6182266009852216 0.008238928939237899 0.024630541871921183
23 0.4552008238928939 0.6211001642036125 0.007209062821833162 0.019704433497536946
23 0.43846549948506697 0.6252052545155994 0.008238928939237899 0.022167487684729065
23 0.430226570545829 0.6272577996715928 0.007723995880535531 0.021346469622331693
23 0.4044799176107106 0.6346469622331691 0.007723995880535531 0.022167487684729065
23 0.42224510813594235 0.6301313628899836 0.008753861997940269 0.021346469622331693
23 0.44670442842430486 0.6239737274220033 0.008753861997940269 0.022167487684729065
23 0.4132337796086509 0.6334154351395731 0.009268795056642637 0.021346469622331693
4 0.726313079299691 0.5582922824302134 0.007209062821833162 0.020525451559934318
4 0.8177136972193615 0.5435139573070608 0.007723995880535531 0.021346469622331693
23 0.9243048403707518 0.5266830870279147 0.015447991761071062 0.012315270935960592
23 0.24382080329557157 0.6986863711001642 0.013388259526261586 0.015599343185550082
15 0.3169412976313079 0.6834975369458128 0.07981462409886715 0.09277504105090312
4 0.8208032955715757 0.5710180623973727 0.008238928939237899 0.024630541871921183
4 0.4642121524201854 0.6711822660098522 0.007723995880535531 0.022167487684729065
4 0.4140061791967044 0.6847290640394089 0.008753861997940269 0.022167487684729065
4 0.43949536560247165 0.6789819376026273 0.007723995880535531 0.020525451559934318
4 0.4227600411946447 0.6839080459770115 0.008238928939237899 0.024630541871921183
4 0.431513903192585 0.6818555008210181 0.009268795056642637 0.026272577996715927
4 0.7286302780638517 0.6083743842364532 0.007723995880535531 0.020525451559934318
15 0.8913491246138002 0.5874384236453202 0.0674562306900103 0.13464696223316913
23 0.833934088568486 0.617816091954023 0.008753861997940269 0.022988505747126436
23 0.8426879505664263 0.6161740558292282 0.010298661174047374 0.021346469622331693
30 0.17816683831101957 0.7881773399014779 0.022142121524201853 0.0361247947454844
30 0.2023686920700309 0.7828407224958949 0.021112255406797117 0.03694581280788178
4 0.733264675592173 0.659688013136289 0.007209062821833162 0.019704433497536946
30 0.22966014418125644 0.8316912972085386 0.022142121524201853 0.041050903119868636
30 0.1972193614830072 0.8423645320197044 0.02265705458290422 0.035303776683087026
23 0.2554067971163749 0.8300492610837439 0.009783728115345005 0.023809523809523808
23 0.24433573635427394 0.8345648604269293 0.007723995880535531 0.023809523809523808
30 0.33831101956745624 0.8251231527093597 0.01905252317198764 0.03201970443349754
30 0.3174562306900103 0.8312807881773399 0.01956745623069001 0.031198686371100164
30 0.3604531410916581 0.8210180623973727 0.01905252317198764 0.03284072249589491