7 0.9254735792622134 0.06315789473684211 0.04287138584247258 0.058771929824561406
4 0.6926719840478565 0.8241228070175438 0.045363908275174475 0.0780701754385965
4 0.38384845463609174 0.8447368421052631 0.03090727816550349 0.07719298245614035
4 0.555333998005982 0.8491228070175438 0.012462612163509471 0.05789473684210526
4 0.6522931206380858 0.07587719298245614 0.015952143569292122 0.07280701754385965
4 0.6637587238285144 0.8732456140350877 0.020937188434695914 0.06315789473684211
23 0.595962113659023 0.8864035087719299 0.045862412761714856 0.02456140350877193
4 0.3863409770687936 0.8929824561403509 0.05134596211365902 0.04035087719298246
23 0.8604187437686939 0.8899122807017544 0.04935194416749751 0.02894736842105263
4 0.8080757726819542 0.8925438596491229 0.0353938185443669 0.02894736842105263
4 0.6465603190428714 0.9052631578947369 0.028414755732801594 0.04736842105263158
4 0.78938185443669 0.9210526315789473 0.016450648055832504 0.06491228070175438
4 0.6884346959122633 0.08552631578947369 0.023928215353938187 0.06929824561403508
7 0.9262213359920239 0.1482456140350877 0.04287138584247258 0.05526315789473684
4 0.11266201395812563 0.19342105263157894 0.036390827517447655 0.060526315789473685
15 0.06181455633100698 0.1969298245614035 0.036889332003988036 0.15789473684210525
7 0.01794616151545364 0.21228070175438596 0.03589232303090728 0.07894736842105263
23 0.8773678963110668 0.1899122807017544 0.013958125623130608 0.05350877192982456
30 0.47008973080757727 0.20701754385964913 0.08175473579262213 0.27982456140350875
15 0.2824027916251246 0.36622807017543857 0.22333000997008973 0.12543859649122807
23 0.5286640079760718 0.4192982456140351 0.036889332003988036 0.03070175438596491
4 0.5979561316051845 0.42850877192982456 0.04636091724825524 0.05175438596491228
4 0.7706879361914257 0.4337719298245614 0.04386839481555334 0.06929824561403508
4 0.7183449651046859 0.43991228070175437 0.05084745762711865 0.06666666666666667
4 0.8187936191425723 0.4605263157894737 0.0448654037886341 0.06842105263157895
4 0.8030907278165503 0.03289473684210526 0.03290129611166501 0.03245614035087719
4 0.16600199401794616 0.4969298245614035 0.04885343968095713 0.05789473684210526
7 0.2746759720837488 0.506140350877193 0.15154536390827517 0.06754385964912281
4 0.38509471585244265 0.5298245614035088 0.036390827517447655 0.09385964912280702
15 0.8629112662013958 0.5513157894736842 0.041375872382851446 0.05789473684210526
15 0.8055832502492523 0.5530701754385965 0.040877367896311065 0.05526315789473684
4 0.8668993020937188 0.04912280701754386 0.019940179461615155 0.056140350877192984
23 0.37587238285144564 0.7118421052631579 0.02143569292123629 0.08508771929824561
4 0.7278165503489531 0.7096491228070175 0.0423728813559322 0.07192982456140351
4 0.5682951146560319 0.7381578947368421 0.050348953140578266 0.042105263157894736
4 0.5109670987038883 0.743421052631579 0.023928215353938187 0.04736842105263158
15 0.20214356929212363 0.7732456140350877 0.21884346959122633 0.12543859649122807
4 0.5057328015952144 0.8166666666666667 0.028913260219341975 0.05175438596491228