4 0.6772428884026258 0.11 0.06783369803063458 0.0525
4 0.2286652078774617 0.2225 0.09409190371991247 0.22
4 0.4288840262582057 0.17625 0.09190371991247265 0.18
4 0.4989059080962801 0.16 0.06236323851203501 0.225
4 0.9518599562363238 0.0575 0.019693654266958426 0.1075
4 0.9349015317286652 0.065 0.02188183807439825 0.1025
23 0.5421225382932167 0.1725 0.03172866520787746 0.035
23 0.6580962800875274 0.1675 0.016411378555798686 0.07
23 0.6033916849015317 0.18125 0.019693654266958426 0.0775
23 0.6192560175054704 0.18 0.018599562363238512 0.08
33 0.3227571115973742 0.25875 0.09190371991247265 0.26
23 0.5443107221006565 0.20875 0.02954048140043764 0.035
23 0.7450765864332604 0.19125 0.014223194748358862 0.0675
23 0.7620350109409191 0.19375 0.015317286652078774 0.075
4 0.43927789934354483 0.2725 0.06673960612691467 0.0575
4 0.5656455142231948 0.29125 0.018599562363238512 0.085
4 0.6055798687089715 0.29125 0.0175054704595186 0.0725
23 0.6668490153172867 0.2775 0.015317286652078774 0.0725
23 0.6362144420131292 0.28625 0.015317286652078774 0.075
23 0.6504376367614879 0.2825 0.010940919037199124 0.0575
23 0.6203501094091903 0.2925 0.012035010940919038 0.07
23 0.8227571115973742 0.24625 0.02954048140043764 0.05
23 0.7417943107221007 0.2975 0.0175054704595186 0.075
4 0.7582056892778993 0.29625 0.012035010940919038 0.0725
23 0.24945295404814005 0.44 0.030634573304157548 0.0625
4 0.2833698030634573 0.44625 0.0350109409190372 0.0525
4 0.3785557986870897 0.4375 0.10175054704595186 0.1675
23 0.8271334792122538 0.34625 0.038293216630196934 0.095
4 0.7396061269146609 0.375 0.04157549234135667 0.0425
23 0.524070021881838 0.4325 0.03938730853391685 0.055
33 0.2685995623632385 0.52 0.10831509846827134 0.125
4 0.7417943107221007 0.41625 0.036105032822757115 0.0475
23 0.526258205689278 0.47875 0.04157549234135667 0.055
23 0.8282275711159738 0.455 0.03172866520787746 0.045
15 0.6312910284463895 0.505 0.15536105032822758 0.3375
4 0.7439824945295405 0.47875 0.04266958424507659 0.055
4 0.5317286652078774 0.54375 0.0437636761487965 0.0675
4 0.362691466083151 0.59625 0.08315098468271334 0.165
4 0.4288840262582057 0.6 0.05142231947483589 0.0725
23 0.06783369803063458 0.70375 0.03172866520787746 0.0525
23 0.10284463894967177 0.6975 0.03282275711159737 0.06
23 0.8703501094091903 0.5375 0.03391684901531729 0.04
4 0.28665207877461707 0.6825 0.09737417943107221 0.2175
4 0.5421225382932167 0.6225 0.020787746170678335 0.0875
4 0.9223194748358862 0.5425 0.037199124726477024 0.05
33 0.15973741794310722 0.74375 0.06673960612691467 0.1975
23 0.3774617067833698 0.69125 0.019693654266958426 0.09
4 0.19201312910284463 0.73875 0.019693654266958426 0.0775
4 0.20787746170678337 0.735 0.016411378555798686 0.0825
23 0.39606126914660833 0.69125 0.018599562363238512 0.09
4 0.224835886214442 0.73375 0.016411378555798686 0.085
33 0.44912472647702406 0.71 0.07549234135667396 0.1875
4 0.11050328227571116 0.8125 0.030634573304157548 0.0475
23 0.8741794310722101 0.6325 0.03172866520787746 0.03
4 0.6608315098468271 0.70625 0.02188183807439825 0.0825
23 0.5897155361050328 0.72625 0.014223194748358862 0.0775
23 0.6362144420131292 0.71625 0.01312910284463895 0.0675
4 0.6225382932166302 0.72125 0.014223194748358862 0.0725
4 0.7571115973741794 0.68875 0.0175054704595186 0.0925
23 0.7160831509846827 0.69875 0.0175054704595186 0.0825
23 0.5317286652078774 0.74625 0.024070021881838075 0.0875
4 0.5574398249452954 0.74 0.02735229759299781 0.0875
23 0.6061269146608315 0.72875 0.019693654266958426 0.075
4 0.6794310722100656 0.71125 0.016411378555798686 0.0825
23 0.5765864332603938 0.73625 0.012035010940919038 0.0625
23 0.7363238512035011 0.69875 0.019693654266958426 0.0925
4 0.6969365426695843 0.7125 0.0175054704595186 0.0825
4 0.13840262582056892 0.86875 0.028446389496717725 0.04
4 0.20733041575492342 0.85375 0.0350109409190372 0.0525
4 0.17177242888402625 0.8925 0.03391684901531729 0.0475
23 0.6728665207877462 0.7825 0.03282275711159737 0.0525
4 0.6405908096280087 0.79125 0.030634573304157548 0.0475
4 0.7045951859956237 0.78 0.03391684901531729 0.0475
23 0.5951859956236324 0.82625 0.016411378555798686 0.075
23 0.17286652078774617 0.93 0.036105032822757115 0.06
4 0.5798687089715536 0.8325 0.016411378555798686 0.0875
23 0.612144420131291 0.82625 0.016411378555798686 0.0725
30 0.6706783369803063 0.0525 0.12035010940919037 0.105
4 0.27188183807439825 0.1025 0.028446389496717725 0.08
23 0.5470459518599562 0.06375 0.04266958424507659 0.075
4 0.5940919037199125 0.05625 0.02516411378555799 0.0875
23 0.8894967177242888 0.00875 0.03938730853391685 0.0175