4 0.9123134328358209 0.8645833333333334 0.033582089552238806 0.015873015873015872
4 0.9483830845771144 0.8571428571428571 0.03233830845771144 0.01488095238095238
4 0.4906716417910448 0.09275793650793651 0.03855721393034826 0.022817460317460316
4 0.5851990049751243 0.0763888888888889 0.04228855721393035 0.021825396825396824
4 0.6473880597014925 0.06448412698412699 0.03980099502487562 0.021825396825396824
23 0.26616915422885573 0.14583333333333334 0.0236318407960199 0.028769841269841268
23 0.2300995024875622 0.15327380952380953 0.022388059701492536 0.0248015873015873
23 0.24813432835820895 0.15079365079365079 0.0236318407960199 0.028769841269841268
4 0.32587064676616917 0.13690476190476192 0.03855721393034826 0.021825396825396824
4 0.3681592039800995 0.12896825396825398 0.043532338308457715 0.023809523809523808
23 0.2848258706467662 0.14583333333333334 0.024875621890547265 0.03373015873015873
4 0.4141791044776119 0.12053571428571429 0.04477611940298507 0.025793650793650792
4 0.7375621890547264 0.09226190476190477 0.041044776119402986 0.021825396825396824
23 0.6262437810945274 0.12053571428571429 0.024875621890547265 0.028769841269841268
23 0.6424129353233831 0.11755952380952381 0.0236318407960199 0.02976190476190476
4 0.4533582089552239 0.15625 0.024875621890547265 0.02976190476190476
23 0.4900497512437811 0.14930555555555555 0.0236318407960199 0.027777777777777776
23 0.5534825870646766 0.13690476190476192 0.02736318407960199 0.03273809523809524
23 0.472636815920398 0.1527777777777778 0.0236318407960199 0.026785714285714284
4 0.5279850746268657 0.1423611111111111 0.03109452736318408 0.02976190476190476
4 0.599502487562189 0.12797619047619047 0.03109452736318408 0.031746031746031744
23 0.695273631840796 0.10962301587301587 0.026119402985074626 0.030753968253968252
4 0.6741293532338308 0.11408730158730158 0.02736318407960199 0.03273809523809524
23 0.572139303482587 0.13442460317460317 0.02736318407960199 0.03273809523809524
23 0.7114427860696517 0.10664682539682539 0.026119402985074626 0.030753968253968252
23 0.2531094527363184 0.21825396825396826 0.0236318407960199 0.028769841269841268
23 0.27176616915422885 0.21478174603174602 0.024875621890547265 0.030753968253968252
23 0.3880597014925373 0.19295634920634921 0.03980099502487562 0.025793650793650792
23 0.42972636815920395 0.18501984126984128 0.036069651741293535 0.021825396825396824
23 0.34639303482587064 0.2013888888888889 0.03980099502487562 0.021825396825396824
23 0.1927860696517413 0.26091269841269843 0.0236318407960199 0.027777777777777776
4 0.15858208955223882 0.2876984126984127 0.024875621890547265 0.02976190476190476
23 0.1417910447761194 0.29216269841269843 0.0236318407960199 0.028769841269841268
4 0.1791044776119403 0.28521825396825395 0.024875621890547265 0.02976190476190476
23 0.029850746268656716 0.3179563492063492 0.021144278606965175 0.025793650793650792
23 0.08271144278606965 0.30853174603174605 0.026119402985074626 0.028769841269841268
23 0.06529850746268656 0.31200396825396826 0.0236318407960199 0.02976190476190476
23 0.04788557213930348 0.31547619047619047 0.0236318407960199 0.028769841269841268
4 0.7475124378109452 0.1875 0.03482587064676617 0.01984126984126984
23 0.6405472636815921 0.21378968253968253 0.024875621890547265 0.028769841269841268
15 0.6940298507462687 0.20684523809523808 0.07711442786069651 0.050595238095238096
15 0.8115671641791045 0.1840277777777778 0.0845771144278607 0.05257936507936508
23 0.16355721393034825 0.31299603174603174 0.03855721393034826 0.020833333333333332
23 0.7524875621890548 0.2013888888888889 0.036069651741293535 0.018849206349206348
23 0.13930348258706468 0.3253968253968254 0.024875621890547265 0.028769841269841268
23 0.006218905472636816 0.35912698412698413 0.012437810945273632 0.027777777777777776
23 0.07462686567164178 0.34523809523809523 0.022388059701492536 0.027777777777777776
23 0.05845771144278607 0.3482142857142857 0.022388059701492536 0.026785714285714284
4 0.7562189054726368 0.21577380952380953 0.03731343283582089 0.021825396825396824
23 0.6940298507462687 0.24503968253968253 0.036069651741293535 0.01984126984126984
4 0.18781094527363185 0.35367063492063494 0.041044776119402986 0.022817460317460316
4 0.23196517412935325 0.345734126984127 0.03731343283582089 0.022817460317460316
4 0.26927860696517414 0.33878968253968256 0.03855721393034826 0.021825396825396824
4 0.6983830845771144 0.26091269841269843 0.036069651741293535 0.01984126984126984
23 0.3215174129353234 0.33630952380952384 0.024875621890547265 0.031746031746031744
23 0.010572139303482588 0.4131944444444444 0.021144278606965175 0.030753968253968252
23 0.02736318407960199 0.40922619047619047 0.02736318407960199 0.02976190476190476
23 0.17164179104477612 0.38095238095238093 0.0236318407960199 0.028769841269841268
23 0.19154228855721392 0.376984126984127 0.022388059701492536 0.026785714285714284
23 0.26803482587064675 0.3621031746031746 0.0236318407960199 0.026785714285714284
23 0.7033582089552238 0.27529761904761907 0.033582089552238806 0.018849206349206348
23 0.21082089552238806 0.37351190476190477 0.024875621890547265 0.027777777777777776
23 0.24875621890547264 0.36607142857142855 0.022388059701492536 0.027777777777777776
23 0.23134328358208955 0.37003968253968256 0.022388059701492536 0.027777777777777776
23 0.2873134328358209 0.35962301587301587 0.026119402985074626 0.02976190476190476
4 0.3513681592039801 0.3601190476190476 0.02736318407960199 0.031746031746031744
4 0.38930348258706465 0.3541666666666667 0.02736318407960199 0.030753968253968252
4 0.7083333333333334 0.2916666666666667 0.036069651741293535 0.01984126984126984
4 0.3302238805970149 0.3685515873015873 0.02736318407960199 0.028769841269841268
15 0.13557213930348258 0.4107142857142857 0.06592039800995025 0.06547619047619048
4 0.31405472636815923 0.3794642857142857 0.0236318407960199 0.028769841269841268
4 0.20024875621890548 0.40625 0.026119402985074626 0.02976190476190476
4 0.18034825870646767 0.4107142857142857 0.024875621890547265 0.028769841269841268
30 0.024875621890547265 0.44246031746031744 0.03980099502487562 0.03670634920634921
4 0.2574626865671642 0.39632936507936506 0.028606965174129355 0.03273809523809524
4 0.22077114427860697 0.4037698412698413 0.024875621890547265 0.02976190476190476
4 0.23756218905472637 0.40029761904761907 0.024875621890547265 0.027777777777777776
30 0.004975124378109453 0.44990079365079366 0.009950248756218905 0.034722222222222224
4 0.277363184079602 0.3933531746031746 0.0236318407960199 0.028769841269841268
4 0.2972636815920398 0.3898809523809524 0.026119402985074626 0.028769841269841268
4 0.5267412935323383 0.3521825396825397 0.03731343283582089 0.01984126984126984
23 0.02736318407960199 0.48412698412698413 0.0236318407960199 0.0248015873015873
23 0.12189054726368159 0.4662698412698413 0.021144278606965175 0.025793650793650792
23 0.011194029850746268 0.48908730158730157 0.022388059701492536 0.027777777777777776
23 0.10696517412935323 0.46924603174603174 0.024875621890547265 0.02976190476190476
23 0.138681592039801 0.4632936507936508 0.022388059701492536 0.028769841269841268
23 0.17039800995024876 0.4573412698412698 0.024875621890547265 0.030753968253968252
23 0.15485074626865672 0.4603174603174603 0.022388059701492536 0.028769841269841268
23 0.06778606965174129 0.4781746031746032 0.024875621890547265 0.028769841269841268
23 0.048507462686567165 0.48214285714285715 0.0236318407960199 0.028769841269841268
23 0.08768656716417911 0.4742063492063492 0.021144278606965175 0.026785714285714284
4 0.21206467661691542 0.4523809523809524 0.03731343283582089 0.01984126984126984
4 0.47077114427860695 0.4087301587301587 0.03855721393034826 0.021825396825396824
4 0.21766169154228857 0.4712301587301587 0.03482587064676617 0.020833333333333332
4 0.47761194029850745 0.42658730158730157 0.03980099502487562 0.020833333333333332
23 0.1150497512437811 0.5004960317460317 0.02736318407960199 0.031746031746031744
30 0.0024875621890547263 0.527281746031746 0.004975124378109453 0.03273809523809524
30 0.01927860696517413 0.5233134920634921 0.03482587064676617 0.03273809523809524
4 0.48258706467661694 0.4429563492063492 0.03731343283582089 0.020833333333333332
23 0.22201492537313433 0.4965277777777778 0.03731343283582089 0.021825396825396824
4 0.1853233830845771 0.5044642857142857 0.03482587064676617 0.022817460317460316
4 0.7730099502487562 0.3933531746031746 0.03855721393034826 0.021825396825396824
23 0.166044776119403 0.5277777777777778 0.03731343283582089 0.020833333333333332
23 0.03731343283582089 0.5565476190476191 0.024875621890547265 0.030753968253968252
23 0.017412935323383085 0.5610119047619048 0.024875621890547265 0.028769841269841268
23 0.22885572139303484 0.5198412698412699 0.03731343283582089 0.018849206349206348
23 0.9098258706467661 0.3948412698412698 0.036069651741293535 0.020833333333333332
4 0.1150497512437811 0.5545634920634921 0.03980099502487562 0.021825396825396824
4 0.49502487562189057 0.47966269841269843 0.033582089552238806 0.020833333333333332
23 0.16977611940298507 0.5446428571428571 0.033582089552238806 0.01984126984126984
4 0.236318407960199 0.5347222222222222 0.03482587064676617 0.021825396825396824
15 0.36380597014925375 0.5128968253968254 0.2599502487562189 0.24603174603174602
23 0.5708955223880597 0.4756944444444444 0.0236318407960199 0.028769841269841268
23 0.16169154228855723 0.5610119047619048 0.03482587064676617 0.017857142857142856
4 0.5006218905472637 0.4955357142857143 0.036069651741293535 0.018849206349206348
4 0.11940298507462686 0.5724206349206349 0.03855721393034826 0.022817460317460316
23 0.027985074626865673 0.59375 0.024875621890547265 0.026785714285714284
23 0.04664179104477612 0.5902777777777778 0.0236318407960199 0.028769841269841268
4 0.23818407960199006 0.5530753968253969 0.03731343283582089 0.018849206349206348
30 0.9129353233830846 0.4191468253968254 0.04228855721393035 0.03968253968253968
4 0.6001243781094527 0.48759920634920634 0.03233830845771144 0.018849206349206348
4 0.16666666666666666 0.5773809523809523 0.03855721393034826 0.022817460317460316
4 0.12437810945273632 0.5892857142857143 0.041044776119402986 0.023809523809523808
23 0.6057213930348259 0.501984126984127 0.033582089552238806 0.016865079365079364
23 0.17039800995024876 0.5947420634920635 0.036069651741293535 0.017857142857142856
4 0.5043532338308457 0.53125 0.03855721393034826 0.022817460317460316
4 0.25 0.5818452380952381 0.03109452736318408 0.017857142857142856
4 0.7114427860696517 0.49107142857142855 0.03855721393034826 0.020833333333333332
4 0.13121890547263682 0.6071428571428571 0.036069651741293535 0.021825396825396824
4 0.7972636815920398 0.47470238095238093 0.03482587064676617 0.021825396825396824
30 0.9067164179104478 0.4573412698412698 0.03855721393034826 0.03571428571428571
4 0.6225124378109452 0.5143849206349206 0.036069651741293535 0.020833333333333332
4 0.9334577114427861 0.45337301587301587 0.02736318407960199 0.02976190476190476
23 0.17537313432835822 0.6096230158730159 0.03731343283582089 0.018849206349206348
4 0.25497512437810943 0.6016865079365079 0.03482587064676617 0.01984126984126984
4 0.17972636815920398 0.6254960317460317 0.03482587064676617 0.018849206349206348
7 0.9664179104477612 0.46924603174603174 0.06467661691542288 0.13293650793650794
23 0.5055970149253731 0.5654761904761905 0.024875621890547265 0.02976190476190476
4 0.943407960199005 0.48313492063492064 0.022388059701492536 0.028769841269841268
23 0.9079601990049752 0.4915674603174603 0.024875621890547265 0.027777777777777776
23 0.9259950248756219 0.48759920634920634 0.021144278606965175 0.026785714285714284
23 0.5161691542288557 0.6001984126984127 0.024875621890547265 0.02976190476190476
4 0.9359452736318408 0.5168650793650794 0.022388059701492536 0.026785714285714284
23 0.9172885572139303 0.5213293650793651 0.024875621890547265 0.030753968253968252
4 0.9552238805970149 0.5138888888888888 0.0236318407960199 0.027777777777777776
4 0.48507462686567165 0.6140873015873016 0.026119402985074626 0.031746031746031744
4 0.332089552238806 0.660218253968254 0.026119402985074626 0.026785714285714284
4 0.39427860696517414 0.6493055555555556 0.028606965174129355 0.031746031746031744
4 0.4148009950248756 0.6453373015873016 0.028606965174129355 0.03373015873015873
4 0.4633084577114428 0.6359126984126984 0.02736318407960199 0.030753968253968252
23 0.8955223880597015 0.5952380952380952 0.03482587064676617 0.01984126984126984
4 0.09950248756218906 0.7584325396825397 0.07960199004975124 0.060515873015873016
23 0.7904228855721394 0.6240079365079365 0.0236318407960199 0.027777777777777776
23 0.7723880597014925 0.6279761904761905 0.024875621890547265 0.026785714285714284
30 0.9359452736318408 0.5967261904761905 0.04228855721393035 0.03273809523809524
4 0.8694029850746269 0.6116071428571429 0.028606965174129355 0.031746031746031744
23 0.9011194029850746 0.6116071428571429 0.03482587064676617 0.01984126984126984
4 0.6828358208955224 0.6577380952380952 0.022388059701492536 0.025793650793650792
4 0.6648009950248757 0.6636904761904762 0.026119402985074626 0.030753968253968252
23 0.14676616915422885 0.7678571428571429 0.024875621890547265 0.02976190476190476
15 0.8351990049751243 0.6314484126984127 0.06965174129353234 0.07242063492063493
23 0.9048507462686567 0.6264880952380952 0.03233830845771144 0.017857142857142856
23 0.7039800995024875 0.6696428571428571 0.026119402985074626 0.030753968253968252
23 0.8009950248756219 0.6517857142857143 0.028606965174129355 0.030753968253968252
23 0.7624378109452736 0.6597222222222222 0.0236318407960199 0.028769841269841268
23 0.7817164179104478 0.6557539682539683 0.0236318407960199 0.028769841269841268
30 0.7369402985074627 0.6666666666666666 0.04228855721393035 0.037698412698412696
30 0.947139303482587 0.6259920634920635 0.041044776119402986 0.030753968253968252
23 0.6772388059701493 0.6810515873015873 0.03731343283582089 0.018849206349206348
4 0.878731343283582 0.6423611111111112 0.026119402985074626 0.02976190476190476
23 0.9104477611940298 0.6418650793650794 0.036069651741293535 0.018849206349206348
4 0.09763681592039801 0.8075396825396826 0.04477611940298507 0.0496031746031746
4 0.1623134328358209 0.7991071428571429 0.029850746268656716 0.03373015873015873
23 0.7400497512437811 0.691468253968254 0.03109452736318408 0.016865079365079364
4 0.7444029850746269 0.7078373015873016 0.033582089552238806 0.018849206349206348
15 0.7002487562189055 0.7217261904761905 0.0708955223880597 0.07043650793650794
4 0.10199004975124377 0.8497023809523809 0.026119402985074626 0.034722222222222224
23 0.7487562189054726 0.7222222222222222 0.033582089552238806 0.017857142857142856
23 0.15733830845771143 0.8407738095238095 0.024875621890547265 0.031746031746031744
23 0.13930348258706468 0.8447420634920635 0.0236318407960199 0.030753968253968252
23 0.7531094527363185 0.7356150793650794 0.036069651741293535 0.020833333333333332
23 0.7568407960199005 0.7504960317460317 0.03482587064676617 0.01984126984126984
23 0.11131840796019901 0.8819444444444444 0.021144278606965175 0.02976190476190476
23 0.14676616915422885 0.8745039682539683 0.022388059701492536 0.027777777777777776
23 0.1281094527363184 0.8784722222222222 0.021144278606965175 0.025793650793650792
23 0.681592039800995 0.7777777777777778 0.022388059701492536 0.026785714285714284
23 0.6977611940298507 0.7757936507936508 0.022388059701492536 0.028769841269841268
30 0.7238805970149254 0.7703373015873016 0.03980099502487562 0.03571428571428571
4 0.7611940298507462 0.7663690476190477 0.03731343283582089 0.01984126984126984
23 0.13805970149253732 0.9087301587301587 0.022388059701492536 0.028769841269841268
4 0.12002487562189054 0.9126984126984127 0.01990049751243781 0.02976190476190476
23 0.15609452736318408 0.90625 0.0236318407960199 0.027777777777777776
15 0.8980099502487562 0.7579365079365079 0.20149253731343283 0.17857142857142858
4 0.7686567164179104 0.7951388888888888 0.03731343283582089 0.020833333333333332
23 0.7730099502487562 0.8125 0.03233830845771144 0.016865079365079364
23 0.14738805970149255 0.9399801587301587 0.0236318407960199 0.026785714285714284
23 0.166044776119403 0.9370039682539683 0.022388059701492536 0.027777777777777776
23 0.13059701492537312 0.9444444444444444 0.021144278606965175 0.02976190476190476
23 0.7506218905472637 0.8452380952380952 0.022388059701492536 0.026785714285714284
23 0.8003731343283582 0.8630952380952381 0.01990049751243781 0.0248015873015873
23 0.7599502487562189 0.8715277777777778 0.01990049751243781 0.025793650793650792
23 0.779228855721393 0.8675595238095238 0.01990049751243781 0.0248015873015873