4 0.484375 0.8227272727272728 0.06770833333333333 0.15181818181818182
30 0.90390625 0.7086363636363636 0.08802083333333334 0.1781818181818182
4 0.6885416666666667 0.7718181818181818 0.011458333333333333 0.04818181818181818
23 0.1546875 0.14545454545454545 0.010416666666666666 0.03090909090909091
15 0.3302083333333333 0.8845454545454545 0.1046875 0.16454545454545455
4 0.17526041666666667 0.8954545454545455 0.15260416666666668 0.20727272727272728
4 0.6096354166666667 0.8081818181818182 0.1609375 0.2827272727272727
15 0.76328125 0.7686363636363637 0.10416666666666667 0.15454545454545454
23 0.7078125 0.7922727272727272 0.008333333333333333 0.028181818181818183
15 0.69609375 0.8481818181818181 0.0328125 0.045454545454545456
15 0.2677083333333333 0.9681818181818181 0.027083333333333334 0.04090909090909091
4 0.2986979166666667 0.9668181818181818 0.04010416666666667 0.06454545454545454
4 0.709375 0.8790909090909091 0.010416666666666666 0.02909090909090909
4 0.7348958333333333 0.8731818181818182 0.03854166666666667 0.06454545454545454
4 0.2830729166666667 0.9918181818181818 0.009895833333333333 0.014545454545454545
4 0.6947916666666667 0.885 0.009895833333333333 0.03
4 0.26848958333333334 0.9940909090909091 0.0109375 0.01
7 0.8598958333333333 0.8931818181818182 0.07916666666666666 0.045454545454545456
7 0.4359375 0.9936363636363637 0.07604166666666666 0.01090909090909091
7 0.69375 0.9390909090909091 0.07604166666666666 0.04454545454545455
4 0.6091145833333333 0.04863636363636364 0.06510416666666667 0.09727272727272727
7 0.20989583333333334 0.14954545454545454 0.034895833333333334 0.10909090909090909
7 0.18177083333333333 0.16 0.03229166666666667 0.10818181818181818
23 0.08541666666666667 0.19045454545454546 0.016666666666666666 0.01818181818181818
23 0.7028645833333333 0.020454545454545454 0.018229166666666668 0.02
15 0.82109375 0.02090909090909091 0.0484375 0.04181818181818182
23 0.15104166666666666 0.18045454545454545 0.009895833333333333 0.03
4 0.13567708333333334 0.18727272727272729 0.027604166666666666 0.046363636363636364
4 0.25807291666666665 0.1572727272727273 0.05364583333333333 0.07727272727272727
23 0.09635416666666667 0.2059090909090909 0.016666666666666666 0.017272727272727273
7 0.73359375 0.057727272727272724 0.04114583333333333 0.11545454545454545
15 0.6622395833333333 0.05227272727272727 0.04739583333333333 0.10454545454545454
23 0.7049479166666667 0.045 0.016666666666666666 0.017272727272727273
23 0.7776041666666667 0.026363636363636363 0.015104166666666667 0.014545454545454545
23 0.334375 0.15 0.016666666666666666 0.019090909090909092
23 0.16484375 0.20045454545454544 0.017708333333333333 0.07545454545454545
23 0.43046875 0.1290909090909091 0.0078125 0.02727272727272727
4 0.41770833333333335 0.1340909090909091 0.008854166666666666 0.026363636363636363
23 0.3729166666666667 0.15045454545454545 0.015104166666666667 0.013636363636363636
23 0.15390625 0.21363636363636362 0.009895833333333333 0.031818181818181815
4 0.08463541666666667 0.2409090909090909 0.035416666666666666 0.056363636363636366
23 0.9255208333333333 0.010454545454545454 0.0140625 0.013636363636363636
23 0.8877604166666667 0.02090909090909091 0.013020833333333334 0.012727272727272728
23 0.7802083333333333 0.053636363636363635 0.015104166666666667 0.014545454545454545
4 0.30390625 0.1918181818181818 0.010416666666666666 0.02909090909090909
4 0.6419270833333334 0.1009090909090909 0.009375 0.028181818181818183
4 0.8200520833333333 0.06272727272727273 0.014583333333333334 0.013636363636363636
23 0.15755208333333334 0.24772727272727274 0.009375 0.03
23 0.9270833333333334 0.03590909090909091 0.015625 0.014545454545454545
23 0.12838541666666667 0.25681818181818183 0.015625 0.015454545454545455
23 0.8901041666666667 0.045909090909090906 0.013541666666666667 0.013636363636363636
23 0.7822916666666667 0.07772727272727273 0.015625 0.015454545454545455
23 0.37265625 0.19363636363636363 0.009375 0.02909090909090909
23 0.38125 0.19227272727272726 0.0078125 0.025454545454545455
23 0.8 0.08590909090909091 0.008854166666666666 0.026363636363636363
23 0.3546875 0.21818181818181817 0.009895833333333333 0.02909090909090909
23 0.13046875 0.2809090909090909 0.016666666666666666 0.01818181818181818
23 0.9296875 0.06181818181818182 0.015104166666666667 0.013636363636363636
23 0.8924479166666667 0.07227272727272727 0.013541666666666667 0.012727272727272728
4 0.071875 0.30818181818181817 0.05625 0.08454545454545455
4 0.17057291666666666 0.2872727272727273 0.009375 0.02909090909090909
23 0.16145833333333334 0.2909090909090909 0.009375 0.028181818181818183
4 0.19739583333333333 0.2872727272727273 0.016145833333333335 0.015454545454545455
23 0.1328125 0.3059090909090909 0.016666666666666666 0.01818181818181818
23 0.9333333333333333 0.08545454545454545 0.015625 0.013636363636363636
23 0.8953125 0.09727272727272727 0.0140625 0.011818181818181818
23 0.36744791666666665 0.24772727272727274 0.016666666666666666 0.017272727272727273
23 0.40546875 0.23727272727272727 0.0171875 0.016363636363636365
23 0.38645833333333335 0.2431818181818182 0.016666666666666666 0.017272727272727273
4 0.21796875 0.2909090909090909 0.015625 0.016363636363636365
23 0.4075520833333333 0.2540909090909091 0.0171875 0.01818181818181818
23 0.3880208333333333 0.26045454545454544 0.015625 0.016363636363636365
23 0.45677083333333335 0.2559090909090909 0.016145833333333335 0.014545454545454545
23 0.4747395833333333 0.2509090909090909 0.015625 0.015454545454545455
23 0.6611979166666667 0.20772727272727273 0.014583333333333334 0.015454545454545455
23 0.44166666666666665 0.27045454545454545 0.0171875 0.019090909090909092
4 0.42473958333333334 0.2759090909090909 0.016666666666666666 0.017272727272727273
30 0.1359375 0.3577272727272727 0.05260416666666667 0.08363636363636363
4 0.5705729166666667 0.25045454545454543 0.04635416666666667 0.08363636363636363
4 0.53515625 0.26590909090909093 0.0171875 0.017272727272727273
23 0.50390625 0.27454545454545454 0.016145833333333335 0.015454545454545455
23 0.6635416666666667 0.2340909090909091 0.015625 0.015454545454545455
15 0.878125 0.17545454545454545 0.04479166666666667 0.08454545454545455
15 0.8200520833333333 0.19136363636363637 0.04635416666666667 0.08272727272727273
15 0.7028645833333333 0.225 0.043229166666666666 0.07545454545454545
15 0.7614583333333333 0.20863636363636365 0.04583333333333333 0.08363636363636363
4 0.20208333333333334 0.3659090909090909 0.04791666666666667 0.07545454545454545
23 0.44453125 0.3009090909090909 0.008333333333333333 0.026363636363636363
23 0.45390625 0.2990909090909091 0.009375 0.02727272727272727
23 0.09244791666666667 0.4009090909090909 0.03125 0.10272727272727272
4 0.50625 0.2959090909090909 0.0171875 0.016363636363636365
15 0.428125 0.31727272727272726 0.022916666666666665 0.04181818181818182
23 0.66640625 0.2590909090909091 0.0140625 0.012727272727272728
23 0.33958333333333335 0.36045454545454547 0.010416666666666666 0.02909090909090909
23 0.66796875 0.2831818181818182 0.0140625 0.011818181818181818
7 0.9518229166666666 0.20772727272727273 0.04479166666666667 0.05545454545454546
23 0.9028645833333333 0.22590909090909092 0.015104166666666667 0.015454545454545455
4 0.878125 0.23272727272727273 0.015625 0.013636363636363636
23 0.8440104166666667 0.24181818181818182 0.016145833333333335 0.014545454545454545
4 0.8200520833333333 0.24954545454545454 0.016666666666666666 0.015454545454545455
4 0.7619791666666667 0.26545454545454544 0.016666666666666666 0.017272727272727273
4 0.70390625 0.28363636363636363 0.015104166666666667 0.014545454545454545
23 0.78671875 0.26681818181818184 0.016145833333333335 0.014545454545454545
23 0.728125 0.2840909090909091 0.0140625 0.011818181818181818
15 0.31640625 0.4340909090909091 0.029166666666666667 0.03
4 0.03828125 0.5168181818181818 0.0765625 0.12090909090909091
4 0.9567708333333333 0.2736363636363636 0.04375 0.06363636363636363
4 0.8872395833333333 0.2990909090909091 0.03125 0.08
4 0.82890625 0.31863636363636366 0.0390625 0.09090909090909091
4 0.7734375 0.34045454545454545 0.0328125 0.0890909090909091
7 0.21328125 0.4954545454545455 0.03125 0.08818181818181818
4 0.7135416666666666 0.3609090909090909 0.0359375 0.09272727272727273
4 0.3065104166666667 0.4763636363636364 0.05677083333333333 0.07272727272727272
7 0.2520833333333333 0.49318181818181817 0.030729166666666665 0.07454545454545454
15 0.8763020833333334 0.3277272727272727 0.021875 0.03636363636363636
23 0.75703125 0.3790909090909091 0.009375 0.02727272727272727
23 0.140625 0.5540909090909091 0.0234375 0.09454545454545454
23 0.125 0.5586363636363636 0.021875 0.09363636363636364
23 0.34270833333333334 0.5095454545454545 0.0171875 0.016363636363636365
23 0.3229166666666667 0.5195454545454545 0.0171875 0.017272727272727273
23 0.18411458333333333 0.5690909090909091 0.016145833333333335 0.016363636363636365
23 0.11145833333333334 0.5890909090909091 0.010416666666666666 0.03090909090909091
30 0.09453125 0.6104545454545455 0.022916666666666665 0.04454545454545455
4 0.27838541666666666 0.5677272727272727 0.030208333333333334 0.05181818181818182
4 0.9661458333333334 0.38136363636363635 0.06666666666666667 0.17
7 0.25078125 0.5881818181818181 0.028645833333333332 0.07454545454545454
4 0.7638020833333333 0.4490909090909091 0.0484375 0.08636363636363636
4 0.81171875 0.4368181818181818 0.036458333333333336 0.05272727272727273
23 0.31666666666666665 0.5763636363636364 0.049479166666666664 0.03272727272727273
15 0.17734375 0.6177272727272727 0.0421875 0.07727272727272727
23 0.07239583333333334 0.6522727272727272 0.05416666666666667 0.03636363636363636
4 0.8546875 0.4395454545454546 0.04635416666666667 0.07727272727272727
4 0.46380208333333334 0.5495454545454546 0.03177083333333333 0.06727272727272728
4 0.3690104166666667 0.5777272727272728 0.0515625 0.08818181818181818
23 0.11744791666666667 0.6481818181818182 0.016145833333333335 0.014545454545454545
4 0.4197916666666667 0.5736363636363636 0.036458333333333336 0.07090909090909091
7 0.90390625 0.44272727272727275 0.04010416666666667 0.05454545454545454
23 0.05572916666666667 0.6836363636363636 0.017708333333333333 0.019090909090909092
23 0.19739583333333333 0.6590909090909091 0.0171875 0.019090909090909092
4 0.1734375 0.6677272727272727 0.016666666666666666 0.01818181818181818
4 0.17630208333333333 0.7054545454545454 0.0328125 0.05181818181818182
23 0.13958333333333334 0.7181818181818181 0.0328125 0.12454545454545454
15 0.16822916666666668 0.7713636363636364 0.023958333333333335 0.04
23 0.10625 0.8040909090909091 0.022916666666666665 0.09090909090909091
23 0.7296875 0.6327272727272727 0.016666666666666666 0.016363636363636365
23 0.7330729166666666 0.6686363636363636 0.016666666666666666 0.017272727272727273