7 0.9141361256544502 0.03874538745387454 0.04607329842931937 0.06457564575645756
4 0.6856020942408377 0.8533210332103321 0.04869109947643979 0.08487084870848709
4 0.36178010471204186 0.8952952029520295 0.033507853403141365 0.08302583025830258
4 0.5418848167539267 0.8888376383763837 0.014136125654450262 0.061808118081180814
4 0.6277486910994764 0.06964944649446494 0.01832460732984293 0.07749077490774908
4 0.6562827225130891 0.9068265682656826 0.02356020942408377 0.06734317343173432
23 0.5856020942408376 0.9252767527675276 0.04869109947643979 0.02859778597785978
4 0.36544502617801045 0.9455719557195572 0.05445026178010471 0.045202952029520294
23 0.8630890052356021 0.9119003690036901 0.051832460732984295 0.033210332103321034
4 0.8081151832460733 0.9178966789667896 0.03769633507853403 0.033210332103321034
4 0.6390052356020942 0.9418819188191881 0.030890052356020943 0.05166051660516605
4 0.7892670157068062 0.9437269372693727 0.018848167539267015 0.05996309963099631
4 0.6657068062827225 0.07749077490774908 0.026701570680628273 0.07380073800738007
7 0.9167539267015706 0.1282287822878229 0.04607329842931937 0.06088560885608856
4 0.06361256544502618 0.22785977859778597 0.03926701570680628 0.06642066420664207
15 0.015706806282722512 0.23477859778597787 0.031413612565445025 0.1688191881918819
23 0.8662303664921466 0.1752767527675277 0.015706806282722512 0.05719557195571956
30 0.43926701570680626 0.2190959409594096 0.09162303664921466 0.2988929889298893
15 0.24528795811518325 0.39898523985239853 0.23664921465968586 0.14575645756457564
23 0.5049738219895288 0.43865313653136534 0.03926701570680628 0.03505535055350553
4 0.5780104712041885 0.4437269372693727 0.049738219895287955 0.05719557195571956
4 0.7591623036649214 0.4381918819188192 0.04764397905759162 0.07472324723247233
4 0.7044502617801047 0.44787822878228783 0.0549738219895288 0.07287822878228782
4 0.8102094240837696 0.46309963099630996 0.04869109947643979 0.07472324723247233
4 0.7848167539267016 0.016605166051660517 0.0356020942408377 0.033210332103321034
4 0.12591623036649216 0.5438191881918819 0.05235602094240838 0.06365313653136531
7 0.24031413612565444 0.5461254612546126 0.16020942408376965 0.08118081180811808
4 0.3568062827225131 0.5641143911439115 0.039790575916230364 0.1014760147601476
15 0.8586387434554974 0.5553505535055351 0.04450261780104712 0.06365313653136531
15 0.7984293193717278 0.5608856088560885 0.04397905759162304 0.06088560885608856
4 0.8526178010471204 0.029059040590405903 0.022513089005235604 0.058118081180811805
23 0.3507853403141361 0.7559963099630996 0.024083769633507852 0.09040590405904059
4 0.7201570680628272 0.7310885608856088 0.04607329842931937 0.07841328413284133
4 0.5531413612565445 0.7712177121771218 0.05340314136125655 0.0470479704797048
4 0.4931937172774869 0.7804428044280443 0.02617801047120419 0.0507380073800738
15 0.16963350785340314 0.8316420664206642 0.2319371727748691 0.14575645756457564
4 0.4892670157068063 0.8574723247232472 0.031413612565445025 0.05627306273062731