15 0.6297123015873016 0.5963338533541341 0.10515873015873016 0.09594383775351015
4 0.30753968253968256 0.5085803432137286 0.03273809523809524 0.04758190327613104
23 0.8519345238095238 0.6634165366614665 0.02976190476190476 0.029641185647425898
23 0.054563492063492064 0.4516380655226209 0.014384920634920634 0.028861154446177848
4 0.2847222222222222 0.5202808112324493 0.02976190476190476 0.054602184087363496
23 0.06225198412698413 0.46957878315132606 0.01488095238095238 0.031981279251170044
4 0.1884920634920635 0.5062402496099844 0.033234126984126984 0.05538221528861154
4 0.14484126984126985 0.499609984399376 0.033234126984126984 0.046801872074883
4 0.4459325396825397 0.6014040561622465 0.03373015873015873 0.046801872074883
4 0.6939484126984127 0.6743369734789392 0.03819444444444445 0.06318252730109204
4 0.4742063492063492 0.6138845553822153 0.03720238095238095 0.06474258970358815
4 0.43179563492063494 0.6365054602184087 0.03571428571428571 0.04914196567862714
4 0.45709325396825395 0.6489859594383776 0.03125 0.0514820592823713
23 0.4751984126984127 0.7070982839313572 0.018849206349206348 0.031201248049921998
4 0.7095734126984127 0.7726209048361935 0.03819444444444445 0.078003120124805
23 0.4826388888888889 0.7168486739469578 0.011904761904761904 0.029641185647425898
4 0.5183531746031746 0.7624804992199687 0.036210317460317464 0.08034321372854915
15 0.3931051587301587 0.7386895475819033 0.07142857142857142 0.057722308892355696
23 0.33556547619047616 0.7394695787831513 0.017857142857142856 0.02418096723868955
4 0.7996031746031746 0.8689547581903276 0.03819444444444445 0.06708268330733229
4 0.5582837301587301 0.8061622464898596 0.04117063492063492 0.07332293291731669
4 0.4697420634920635 0.8022620904836193 0.03720238095238095 0.06006240249609984
23 0.34350198412698413 0.7773010920436817 0.018849206349206348 0.0249609984399376
4 0.44072420634920634 0.8049921996879875 0.02628968253968254 0.033541341653666144
23 0.7073412698412699 0.8884555382215289 0.015873015873015872 0.0171606864274571
4 0.4020337301587302 0.8174726989079563 0.030257936507936508 0.0514820592823713
4 0.37971230158730157 0.8143525741029641 0.03422619047619048 0.054602184087363496
23 0.33581349206349204 0.8053822152886115 0.017857142857142856 0.0187207488299532
4 0.42981150793650796 0.8377535101404057 0.037698412698412696 0.0499219968798752
4 0.16889880952380953 0.7710608424336973 0.021825396825396824 0.035101404056162244
15 0.3888888888888889 0.8841653666146646 0.09623015873015874 0.06396255850234009
23 0.6773313492063492 0.9801092043681747 0.017857142857142856 0.0218408736349454
4 0.25496031746031744 0.8716848673946958 0.030257936507936508 0.031981279251170044
23 0.6760912698412699 0.9902496099843994 0.018849206349206348 0.01794071762870515
15 0.753968253968254 0.9890795631825273 0.08531746031746032 0.0202808112324493
4 0.3576388888888889 0.9153666146645866 0.03273809523809524 0.06162246489859594
4 0.5476190476190477 0.9695787831513261 0.03422619047619048 0.05226209048361934
4 0.30654761904761907 0.9040561622464899 0.04861111111111111 0.0483619344773791
4 0.5064484126984127 0.968408736349454 0.02976190476190476 0.04758190327613104
4 0.37524801587301587 0.9352574102964119 0.025793650793650792 0.0343213728549142
4 0.4861111111111111 0.9656786271450858 0.030257936507936508 0.05538221528861154
4 0.5297619047619048 0.9781591263650546 0.03968253968253968 0.0421216848673947
4 0.45610119047619047 0.968408736349454 0.04811507936507937 0.0452418096723869
23 0.39955357142857145 0.12987519500780031 0.015376984126984126 0.0327613104524181
4 0.7509920634920635 0.2328393135725429 0.052083333333333336 0.06474258970358815
23 0.49032738095238093 0.1684867394695788 0.011408730158730158 0.028081123244929798
23 0.4818948412698413 0.16770670826833073 0.011904761904761904 0.02574102964118565
23 0.5166170634920635 0.19500780031201248 0.01984126984126984 0.028861154446177848
23 0.5438988095238095 0.20319812792511702 0.012896825396825396 0.027301092043681748
23 0.5322420634920635 0.20319812792511702 0.016865079365079364 0.030421216848673948
23 0.5505952380952381 0.21528861154446177 0.014384920634920634 0.02574102964118565
30 0.2718253968253968 0.13962558502340094 0.06299603174603174 0.12012480499219969
4 0.6026785714285714 0.24804992199687986 0.04017857142857143 0.06162246489859594
4 0.7470238095238095 0.2921216848673947 0.04662698412698413 0.07332293291731669
4 0.5617559523809523 0.24141965678627145 0.03373015873015873 0.062402496099843996
4 0.683531746031746 0.2784711388455538 0.05257936507936508 0.06162246489859594
4 0.4226190476190476 0.21177847113884554 0.031746031746031744 0.0530421216848674
23 0.46750992063492064 0.22737909516380655 0.01984126984126984 0.02262090483619345
4 0.6202876984126984 0.2765210608424337 0.037698412698412696 0.0514820592823713
4 0.7013888888888888 0.31201248049922 0.03670634920634921 0.06162246489859594
23 0.5295138888888888 0.2640405616224649 0.013888888888888888 0.02418096723868955
23 0.5017361111111112 0.25975039001560063 0.011904761904761904 0.0265210608424337
4 0.3291170634920635 0.24921996879875194 0.029265873015873016 0.0686427457098284
4 0.13541666666666666 0.19773790951638065 0.03273809523809524 0.0686427457098284
4 0.30505952380952384 0.24804992199687986 0.032242063492063495 0.06006240249609984
4 0.25049603174603174 0.250390015600624 0.07142857142857142 0.11388455538221529
23 0.20238095238095238 0.2390795631825273 0.015873015873015872 0.027301092043681748
23 0.18700396825396826 0.26014040561622465 0.011904761904761904 0.029641185647425898
23 0.1783234126984127 0.2593603744149766 0.011904761904761904 0.02574102964118565
4 0.13268849206349206 0.25 0.043154761904761904 0.05850234009360374
4 0.5300099206349206 0.3627145085803432 0.028769841269841268 0.0452418096723869
4 0.14211309523809523 0.28666146645865836 0.0496031746031746 0.06474258970358815
4 0.2951388888888889 0.3377535101404056 0.030257936507936508 0.0405616224648986
4 0.515625 0.4005460218408736 0.03373015873015873 0.0483619344773791
4 0.19469246031746032 0.3209828393135725 0.023313492063492064 0.0436817472698908
4 0.5024801587301587 0.46957878315132606 0.030257936507936508 0.0452418096723869
4 0.2777777777777778 0.4247269890795632 0.02976190476190476 0.07020280811232449
4 0.5151289682539683 0.4953198127925117 0.025297619047619048 0.039781591263650544
23 0.8521825396825397 0.5889235569422777 0.027777777777777776 0.02418096723868955
4 0.25148809523809523 0.44383775351014043 0.029265873015873016 0.0499219968798752
23 0.8521825396825397 0.6150546021840874 0.028273809523809524 0.02574102964118565
23 0.1949404761904762 0.4453978159126365 0.011408730158730158 0.0327613104524181
23 0.11805555555555555 0.4290171606864275 0.013392857142857142 0.02574102964118565
23 0.8531746031746031 0.6392355694227769 0.030753968253968252 0.028081123244929798
4 0.19246031746031747 0.4621684867394696 0.03670634920634921 0.0530421216848674