4 0.4273224043715847 0.7533396946564885 0.07377049180327869 0.16221374045801526
30 0.864207650273224 0.9036259541984732 0.09508196721311475 0.19083969465648856
4 0.6390710382513661 0.8311068702290076 0.012568306010928962 0.05057251908396947
15 0.26256830601092895 0.7180343511450382 0.11202185792349727 0.17748091603053434
4 0.1005464480874317 0.6626908396946565 0.1633879781420765 0.2919847328244275
4 0.5538251366120218 0.8177480916030534 0.173224043715847 0.30438931297709926
15 0.7131147540983607 0.8745229007633588 0.11147540983606558 0.16793893129770993
23 0.6538251366120219 0.8630725190839694 0.009289617486338797 0.029580152671755726
15 0.6306010928961748 0.9107824427480916 0.034972677595628415 0.04961832061068702
15 0.18360655737704917 0.7609732824427481 0.02896174863387978 0.04389312977099236
4 0.2139344262295082 0.7800572519083969 0.04262295081967213 0.07251908396946564
4 0.6374316939890711 0.9499045801526718 0.011475409836065573 0.03148854961832061
4 0.6636612021857924 0.9599236641221374 0.041530054644808745 0.06965648854961833
4 0.19207650273224045 0.8010496183206107 0.009836065573770493 0.030534351145038167
4 0.6218579234972678 0.9465648854961832 0.01092896174863388 0.03148854961832061
4 0.17704918032786884 0.7967557251908397 0.01092896174863388 0.030534351145038167
7 0.3396174863387978 0.916030534351145 0.08087431693989071 0.06583969465648855
7 0.6087431693989072 0.9866412213740458 0.08196721311475409 0.02480916030534351
7 0.16721311475409836 0.8635496183206107 0.0814207650273224 0.07538167938931298
7 0.018579234972677595 0.8072519083969466 0.03715846994535519 0.07824427480916031
4 0.7081967213114754 0.0868320610687023 0.06393442622950819 0.06870229007633588
23 0.9937158469945355 0.16316793893129772 0.011475409836065573 0.013358778625954198
23 0.807103825136612 0.10114503816793893 0.019672131147540985 0.01812977099236641
15 0.9281420765027323 0.16412213740458015 0.048087431693989074 0.06870229007633588
7 0.8327868852459016 0.15935114503816794 0.03934426229508197 0.11736641221374046
15 0.7601092896174864 0.11736641221374046 0.048633879781420766 0.08778625954198473
23 0.8046448087431693 0.12404580152671756 0.017486338797814208 0.01812977099236641
23 0.9926229508196721 0.18845419847328243 0.01366120218579235 0.016221374045801526
23 0.8800546448087432 0.15171755725190839 0.015846994535519125 0.016221374045801526
23 0.4174863387978142 0.0033396946564885495 0.018579234972677595 0.006679389312977099
23 0.5166666666666667 0.035305343511450385 0.008743169398907104 0.029580152671755726
4 0.5030054644808744 0.03244274809160305 0.009836065573770493 0.02767175572519084
23 0.45546448087431696 0.020038167938931296 0.01639344262295082 0.015267175572519083
23 0.9898907103825136 0.21517175572519084 0.01366120218579235 0.013358778625954198
23 0.8767759562841531 0.17986641221374045 0.015846994535519125 0.016221374045801526
4 0.37896174863387977 0.017652671755725192 0.01092896174863388 0.030534351145038167
4 0.7311475409836066 0.13979007633587787 0.010382513661202186 0.029580152671755726
4 0.914207650273224 0.21374045801526717 0.015846994535519125 0.015267175572519083
23 0.9868852459016394 0.24141221374045801 0.014754098360655738 0.015267175572519083
23 0.8740437158469946 0.20515267175572519 0.01639344262295082 0.01717557251908397
23 0.4461748633879781 0.06297709923664122 0.009836065573770493 0.030534351145038167
23 0.4551912568306011 0.06679389312977099 0.008743169398907104 0.02767175572519084
23 0.8898907103825137 0.22423664122137404 0.009836065573770493 0.02767175572519084
23 0.4237704918032787 0.07538167938931298 0.010382513661202186 0.030534351145038167
23 0.18961748633879782 0.003816793893129771 0.018579234972677595 0.007633587786259542
23 0.983879781420765 0.26860687022900764 0.014207650273224045 0.01431297709923664
4 0.12650273224043715 0.016698473282442748 0.060655737704918035 0.033396946564885496
4 0.2278688524590164 0.02862595419847328 0.009836065573770493 0.030534351145038167
23 0.21830601092896174 0.026240458015267174 0.010382513661202186 0.029580152671755726
4 0.25437158469945353 0.04532442748091603 0.016939890710382512 0.01717557251908397
23 0.18688524590163935 0.023377862595419848 0.017486338797814208 0.019083969465648856
23 0.9814207650273225 0.2948473282442748 0.014754098360655738 0.013358778625954198
23 0.43005464480874317 0.11259541984732824 0.017486338797814208 0.01812977099236641
23 0.46967213114754097 0.12643129770992367 0.018032786885245903 0.01812977099236641
23 0.44972677595628413 0.12022900763358779 0.017486338797814208 0.01812977099236641
4 0.27377049180327867 0.061545801526717556 0.01639344262295082 0.01812977099236641
23 0.46830601092896174 0.14408396946564886 0.018032786885245903 0.020038167938931296
23 0.44781420765027324 0.1383587786259542 0.01639344262295082 0.01812977099236641
23 0.5163934426229508 0.17700381679389313 0.016939890710382512 0.016221374045801526
23 0.5352459016393443 0.183206106870229 0.01639344262295082 0.01717557251908397
23 0.7278688524590164 0.25763358778625955 0.015300546448087432 0.01717557251908397
23 0.49863387978142076 0.18177480916030533 0.018032786885245903 0.02099236641221374
4 0.4808743169398907 0.1765267175572519 0.017486338797814208 0.01812977099236641
30 0.17923497267759564 0.07633587786259542 0.05628415300546448 0.09064885496183206
4 0.6300546448087432 0.2428435114503817 0.04972677595628415 0.08969465648854962
4 0.5918032786885246 0.23568702290076335 0.018032786885245903 0.019083969465648856
23 0.559016393442623 0.22471374045801526 0.016939890710382512 0.01717557251908397
23 0.7248633879781421 0.2848282442748092 0.01639344262295082 0.01717557251908397
15 0.9486338797814208 0.3616412213740458 0.048087431693989074 0.09064885496183206
15 0.8879781420765027 0.3411259541984733 0.04972677595628415 0.08874045801526717
15 0.7655737704918033 0.3005725190839695 0.04644808743169399 0.08110687022900763
15 0.8265027322404371 0.321087786259542 0.04918032786885246 0.08969465648854962
4 0.24262295081967214 0.12595419847328243 0.05136612021857923 0.08110687022900763
23 0.49508196721311476 0.21374045801526717 0.009289617486338797 0.02767175572519084
23 0.5046448087431694 0.21755725190839695 0.010382513661202186 0.02862595419847328
23 0.1273224043715847 0.0916030534351145 0.034972677595628415 0.10782442748091603
4 0.557103825136612 0.24713740458015268 0.018032786885245903 0.01812977099236641
15 0.4756830601092896 0.21946564885496184 0.02459016393442623 0.04484732824427481
23 0.7224043715846995 0.3110687022900763 0.014754098360655738 0.01431297709923664
23 0.3795081967213115 0.20658396946564886 0.011475409836065573 0.03148854961832061
23 0.7191256830601093 0.3363549618320611 0.014754098360655738 0.013358778625954198
7 0.9948087431693989 0.4360687022900763 0.009289617486338797 0.05534351145038168
23 0.9622950819672131 0.4265267175572519 0.015846994535519125 0.01717557251908397
4 0.9366120218579235 0.4179389312977099 0.016939890710382512 0.015267175572519083
23 0.9013661202185792 0.4060114503816794 0.016939890710382512 0.016221374045801526
4 0.8759562841530054 0.39837786259541985 0.017486338797814208 0.01717557251908397
4 0.8153005464480875 0.37786259541984735 0.017486338797814208 0.01812977099236641
4 0.7546448087431694 0.35877862595419846 0.015846994535519125 0.016221374045801526
23 0.8396174863387978 0.3945610687022901 0.016939890710382512 0.016221374045801526
23 0.7784153005464481 0.375 0.014754098360655738 0.013358778625954198
15 0.34153005464480873 0.2643129770992366 0.03114754098360656 0.033396946564885496
4 0.05683060109289618 0.17270992366412213 0.06885245901639345 0.12404580152671756
4 0.9907103825136612 0.5047709923664122 0.017486338797814208 0.0648854961832061
4 0.9319672131147541 0.4890267175572519 0.03442622950819672 0.08587786259541985
4 0.8704918032786885 0.4723282442748092 0.04207650273224044 0.09732824427480916
4 0.8112021857923497 0.45896946564885494 0.03551912568306011 0.09446564885496184
7 0.22704918032786886 0.26049618320610685 0.03442622950819672 0.09351145038167939
4 0.7480874316939891 0.4413167938931298 0.03934426229508197 0.09923664122137404
4 0.32295081967213113 0.30009541984732824 0.060655737704918035 0.07919847328244274
7 0.26584699453551913 0.2824427480916031 0.03333333333333333 0.07919847328244274
15 0.9153005464480874 0.5104961832061069 0.023497267759562842 0.039122137404580155
23 0.7871584699453552 0.4866412213740458 0.010382513661202186 0.02862595419847328
23 0.14344262295081966 0.2729007633587786 0.026775956284153007 0.10019083969465649
23 0.1273224043715847 0.2676526717557252 0.025136612021857924 0.0982824427480916
23 0.3519125683060109 0.3554389312977099 0.018032786885245903 0.01812977099236641
23 0.330327868852459 0.3530534351145038 0.018032786885245903 0.019083969465648856
23 0.18333333333333332 0.3148854961832061 0.016939890710382512 0.01812977099236641
23 0.10765027322404372 0.28912213740458015 0.011475409836065573 0.03244274809160305
30 0.08633879781420765 0.2991412213740458 0.025136612021857924 0.04770992366412214
4 0.27650273224043714 0.3726145038167939 0.03278688524590164 0.05629770992366412
4 0.9781420765027322 0.6154580152671756 0.04262295081967213 0.1717557251908397
7 0.24508196721311476 0.37547709923664124 0.03169398907103825 0.07919847328244274
4 0.7795081967213114 0.5596374045801527 0.05191256830601093 0.09255725190839695
4 0.8292349726775956 0.5777671755725191 0.03879781420765027 0.05725190839694656
23 0.3122950819672131 0.4050572519083969 0.05191256830601093 0.03721374045801527
15 0.16666666666666666 0.35877862595419846 0.0453551912568306 0.08301526717557252
23 0.056010928961748634 0.3268129770992366 0.05737704918032787 0.04103053435114504
4 0.8710382513661202 0.6073473282442748 0.04972677595628415 0.08396946564885496
4 0.46311475409836067 0.4708969465648855 0.03442622950819672 0.07251908396946564
4 0.36366120218579234 0.4389312977099237 0.055191256830601096 0.09446564885496184
23 0.10136612021857923 0.3511450381679389 0.016939890710382512 0.016221374045801526
4 0.4144808743169399 0.46708015267175573 0.03934426229508197 0.07538167938931298
7 0.9191256830601093 0.6412213740458015 0.04262295081967213 0.05916030534351145
23 0.03333333333333333 0.3473282442748092 0.018579234972677595 0.02099236641221374
23 0.17814207650273223 0.4122137404580153 0.018032786885245903 0.02099236641221374
4 0.15245901639344261 0.40553435114503816 0.018032786885245903 0.020038167938931296
4 0.14754098360655737 0.4446564885496183 0.034972677595628415 0.05629770992366412
23 0.1087431693989071 0.43416030534351147 0.0366120218579235 0.1316793893129771
15 0.12595628415300547 0.504293893129771 0.025683060109289616 0.042938931297709926
23 0.05819672131147541 0.4976145038167939 0.025683060109289616 0.09637404580152671
23 0.7081967213114754 0.7194656488549618 0.017486338797814208 0.01717557251908397
23 0.7040983606557377 0.7566793893129771 0.017486338797814208 0.01812977099236641