4 0.4149305555555556 0.7777296360485269 0.0625 0.14211438474870017
30 0.8162202380952381 0.865684575389948 0.08085317460317461 0.1663778162911612
4 0.6096230158730159 0.824523396880416 0.00992063492063492 0.045060658578856154
23 0.9456845238095238 0.16161178509532062 0.013392857142857142 0.011265164644714038
23 0.910218253968254 0.15424610051993068 0.01488095238095238 0.012998266897746967
23 0.21478174603174602 0.010398613518197574 0.00992063492063492 0.02079722703639515
15 0.2646329365079365 0.7638648180242634 0.09771825396825397 0.15251299826689774
4 0.1158234126984127 0.7318024263431543 0.14087301587301587 0.25216637781629114
4 0.5317460317460317 0.8219237435008665 0.14930555555555555 0.26256499133448874
15 0.6783234126984127 0.8561525129982669 0.09722222222222222 0.14298093587521662
23 0.6242559523809523 0.8522530329289428 0.00744047619047619 0.025996533795493933
23 0.8058035714285714 0.1386481802426343 0.012896825396825396 0.012131715771230503
15 0.6049107142857143 0.8977469670710572 0.030753968253968252 0.04246100519930676
15 0.19469246031746032 0.811525129982669 0.025297619047619048 0.03726169844020797
4 0.22271825396825398 0.8253899480069324 0.03670634920634921 0.06239168110918544
4 0.6125992063492064 0.932842287694974 0.00992063492063492 0.02772963604852686
4 0.636656746031746 0.9389081455805892 0.03571428571428571 0.05979202772963605
4 0.20386904761904762 0.8466204506065858 0.008432539682539682 0.026863084922010397
4 0.5982142857142857 0.9315424610051993 0.008928571428571428 0.02772963604852686
4 0.18998015873015872 0.8448873483535528 0.009424603174603174 0.02772963604852686
7 0.34151785714285715 0.9350086655112652 0.07242063492063493 0.05199306759098787
7 0.5885416666666666 0.9800693240901213 0.07390873015873016 0.038128249566724434
7 0.18353174603174602 0.9064124783362218 0.07242063492063493 0.060658578856152515
7 0.031746031746031744 0.8734835355285961 0.06349206349206349 0.06239168110918544
4 0.6468253968253969 0.1169844020797227 0.06001984126984127 0.10658578856152513
7 0.26512896825396826 0.043327556325823226 0.032242063492063495 0.08665511265164645
7 0.2378472222222222 0.0415944540727903 0.029265873015873016 0.0831889081455806
23 0.9084821428571429 0.17807625649913345 0.013392857142857142 0.011265164644714038
23 0.9441964285714286 0.1867417677642981 0.013392857142857142 0.012131715771230503
23 0.14484126984126985 0.015164644714038129 0.015873015873015872 0.016464471403812825
23 0.7356150793650794 0.14298093587521662 0.017361111111111112 0.018197573656845753
15 0.8487103174603174 0.1681109185441941 0.0441468253968254 0.09878682842287695
23 0.20634920634920634 0.036395147313691506 0.008928571428571428 0.02772963604852686
4 0.19122023809523808 0.03552859618717504 0.025793650793650792 0.04246100519930676
4 0.30778769841269843 0.06412478336221837 0.05009920634920635 0.07105719237435008
23 0.15252976190476192 0.03422876949740035 0.015376984126984126 0.01559792027729636
7 0.7624007936507936 0.16594454072790293 0.03571428571428571 0.16031195840554593
15 0.6937003968253969 0.15294627383015597 0.04265873015873016 0.09792027729636049
23 0.7338789682539683 0.16594454072790293 0.015376984126984126 0.01559792027729636
23 0.9072420634920635 0.20320623916811092 0.013392857142857142 0.012131715771230503
23 0.9419642857142857 0.2123050259965338 0.014384920634920634 0.01386481802426343
23 0.8030753968253969 0.18284228769497402 0.013888888888888888 0.012998266897746967
23 0.3787202380952381 0.09228769497400346 0.015873015873015872 0.018197573656845753
23 0.2160218253968254 0.06109185441941074 0.015873015873015872 0.07192374350086655
23 0.46999007936507936 0.11741767764298093 0.006944444444444444 0.025996533795493933
4 0.4575892857142857 0.11655112651646447 0.007936507936507936 0.024263431542461005
23 0.41393849206349204 0.11048526863084922 0.014384920634920634 0.012131715771230503
23 0.2041170634920635 0.06802426343154246 0.008928571428571428 0.029462738301559793
4 0.13640873015873015 0.06152512998266898 0.03273809523809524 0.05199306759098787
23 0.9409722222222222 0.23570190641247835 0.013392857142857142 0.012131715771230503
23 0.9050099206349206 0.22790294627383015 0.01240079365079365 0.011265164644714038
23 0.8013392857142857 0.2084055459272097 0.013888888888888888 0.012998266897746967
4 0.3444940476190476 0.11655112651646447 0.009424603174603174 0.02772963604852686
4 0.667906746031746 0.18847487001733101 0.008432539682539682 0.025996533795493933
4 0.8365575396825397 0.23526863084922012 0.013888888888888888 0.012131715771230503
23 0.2021329365079365 0.1009532062391681 0.008432539682539682 0.02772963604852686
23 0.9387400793650794 0.2595320623916811 0.014384920634920634 0.012998266897746967
23 0.17410714285714285 0.09575389948006932 0.014384920634920634 0.01386481802426343
23 0.9032738095238095 0.25216637781629114 0.012896825396825396 0.012131715771230503
23 0.7996031746031746 0.23180242634315423 0.014384920634920634 0.01386481802426343
23 0.4072420634920635 0.14991334488734837 0.008432539682539682 0.026863084922010397
23 0.4154265873015873 0.15251299826689774 0.006944444444444444 0.024263431542461005
23 0.8147321428571429 0.24696707105719237 0.007936507936507936 0.024263431542461005
23 0.3871527777777778 0.16421143847487002 0.008928571428571428 0.026863084922010397
23 0.17237103174603174 0.11871750433275563 0.015873015873015872 0.01733102253032929
23 0.9370039682539683 0.28466204506065856 0.014384920634920634 0.012131715771230503
23 0.9015376984126984 0.2768630849220104 0.012896825396825396 0.011265164644714038
4 0.11458333333333333 0.1169844020797227 0.05257936507936508 0.0779896013864818
4 0.20833333333333334 0.14298093587521662 0.008432539682539682 0.026863084922010397
23 0.19940476190476192 0.14211438474870017 0.008432539682539682 0.025996533795493933
4 0.23288690476190477 0.15554592720970536 0.01488095238095238 0.01386481802426343
23 0.1708829365079365 0.14298093587521662 0.015873015873015872 0.016464471403812825
23 0.9367559523809523 0.30805892547660313 0.01488095238095238 0.012131715771230503
23 0.9002976190476191 0.3011265164644714 0.013392857142857142 0.010398613518197574
23 0.3943452380952381 0.19714038128249567 0.015376984126984126 0.01559792027729636
23 0.43080357142857145 0.20493934142114384 0.015873015873015872 0.014731369150779897
23 0.4124503968253968 0.2019064124783362 0.015376984126984126 0.01559792027729636
4 0.2509920634920635 0.1681109185441941 0.014384920634920634 0.014731369150779897
23 0.43005952380952384 0.22140381282495666 0.01636904761904762 0.016464471403812825
23 0.4114583333333333 0.21837088388214904 0.014384920634920634 0.014731369150779897
23 0.4749503968253968 0.2456672443674177 0.01488095238095238 0.012998266897746967
23 0.49206349206349204 0.24956672443674177 0.014384920634920634 0.01386481802426343
23 0.6693948412698413 0.2954939341421144 0.013392857142857142 0.01386481802426343
23 0.45907738095238093 0.25216637781629114 0.01636904761904762 0.01733102253032929
4 0.4427083333333333 0.24956672443674177 0.015376984126984126 0.01559792027729636
30 0.16592261904761904 0.19150779896013864 0.049107142857142856 0.07712305025996534
4 0.580109126984127 0.292894280762565 0.04265873015873016 0.0779896013864818
4 0.5451388888888888 0.2907279029462738 0.015873015873015872 0.01559792027729636
23 0.5151289682539683 0.28422876949740034 0.01488095238095238 0.01386481802426343
23 0.6676587301587301 0.32019064124783364 0.014384920634920634 0.01386481802426343
15 0.8727678571428571 0.3652512998266898 0.04117063492063492 0.0779896013864818
15 0.8172123015873016 0.3531195840554593 0.04265873015873016 0.07712305025996534
15 0.7048611111111112 0.33015597920277295 0.03968253968253968 0.07019064124783363
15 0.7609126984126984 0.34228769497400346 0.042162698412698416 0.0779896013864818
4 0.2251984126984127 0.2296360485268631 0.044642857142857144 0.06932409012131716
23 0.4568452380952381 0.28119584055459274 0.00744047619047619 0.024263431542461005
23 0.46577380952380953 0.2837954939341421 0.008432539682539682 0.02512998266897747
23 0.1195436507936508 0.21143847487001732 0.028273809523809524 0.09705372616984402
4 0.5141369047619048 0.3050259965337955 0.015873015873015872 0.014731369150779897
15 0.439484126984127 0.2889948006932409 0.02132936507936508 0.0389948006932409
23 0.6664186507936508 0.3444540727902946 0.013392857142857142 0.011265164644714038
23 0.35193452380952384 0.2876949740034662 0.00992063492063492 0.02772963604852686
23 0.6641865079365079 0.36741767764298094 0.013392857142857142 0.010398613518197574
7 0.9352678571428571 0.4285095320623917 0.041666666666666664 0.05025996533795494
23 0.8876488095238095 0.4224436741767764 0.013888888888888888 0.01386481802426343
4 0.8640873015873016 0.41767764298093585 0.01488095238095238 0.012131715771230503
23 0.8315972222222222 0.4103119584055459 0.01488095238095238 0.012998266897746967
4 0.808531746031746 0.40641247833622185 0.015376984126984126 0.01386481802426343
4 0.7527281746031746 0.39428076256499134 0.015376984126984126 0.01559792027729636
4 0.6969246031746031 0.38431542461005197 0.013888888888888888 0.012998266897746967
23 0.7752976190476191 0.4072790294627383 0.01488095238095238 0.012998266897746967
23 0.7192460317460317 0.39601386481802425 0.013392857142857142 0.010398613518197574
15 0.3194444444444444 0.3444540727902946 0.027777777777777776 0.026863084922010397
4 0.04935515873015873 0.2907279029462738 0.0763888888888889 0.11005199306759099
4 0.9298115079365079 0.49090121317157714 0.04117063492063492 0.058925476603119586
4 0.8625992063492064 0.4826689774696707 0.028769841269841268 0.07538994800693241
4 0.8062996031746031 0.47400346620450606 0.03571428571428571 0.08578856152512998
4 0.751984126984127 0.46837088388214904 0.02976190476190476 0.0831889081455806
7 0.2160218253968254 0.3535528596187175 0.028273809523809524 0.0831889081455806
4 0.6941964285714286 0.4597053726169844 0.03273809523809524 0.08752166377816291
4 0.3040674603174603 0.378682842287695 0.053075396825396824 0.06672443674176777
7 0.2517361111111111 0.36915077989601386 0.028273809523809524 0.06932409012131716
15 0.8479662698412699 0.5038994800693241 0.020337301587301588 0.033795493934142114
23 0.7311507936507936 0.4965337954939341 0.008432539682539682 0.02512998266897747
23 0.140625 0.37391681109185443 0.020833333333333332 0.09012131715771231
23 0.12574404761904762 0.3708838821490468 0.019345238095238096 0.08925476603119584
23 0.3323412698412698 0.4254766031195841 0.015873015873015872 0.014731369150779897
23 0.31274801587301587 0.4259098786828423 0.015873015873015872 0.01559792027729636
23 0.17807539682539683 0.4072790294627383 0.01488095238095238 0.014731369150779897
23 0.10863095238095238 0.3925476603119584 0.009424603174603174 0.029462738301559793
30 0.0900297619047619 0.40424610051993065 0.02132936507936508 0.0415944540727903
4 0.2646329365079365 0.4493067590987868 0.028273809523809524 0.04852686308492201
4 0.9409722222222222 0.5979202772963604 0.09672619047619048 0.1655112651646447
7 0.23635912698412698 0.4558058925476603 0.02628968253968254 0.07019064124783363
4 0.7269345238095238 0.5636915077989602 0.04513888888888889 0.07972270363951472
4 0.7725694444444444 0.5740901213171578 0.03422619047619048 0.04852686308492201
23 0.29836309523809523 0.4748700173310225 0.04712301587301587 0.02859618717504333
15 0.16468253968253968 0.4488734835355286 0.039186507936507936 0.07192374350086655
23 0.06349206349206349 0.4324090121317158 0.051587301587301584 0.03119584055459272
4 0.8115079365079365 0.5966204506065858 0.04265873015873016 0.07192374350086655
4 0.43725198412698413 0.5177642980935875 0.029265873015873016 0.0632582322357019
4 0.34598214285714285 0.5 0.04811507936507937 0.08145580589254767
23 0.10515873015873016 0.4493067590987868 0.01488095238095238 0.012998266897746967
4 0.3931051587301587 0.5199306759098787 0.03373015873015873 0.0658578856152513
7 0.8561507936507936 0.6217504332755632 0.037698412698412696 0.05025996533795494
23 0.9474206349206349 0.1369150779896014 0.014384920634920634 0.012131715771230503
23 0.043402777777777776 0.45363951473136915 0.016865079365079364 0.01733102253032929
23 0.9122023809523809 0.12998266897746968 0.013392857142857142 0.012131715771230503
23 0.17683531746031747 0.4961005199306759 0.01636904761904762 0.01733102253032929
4 0.15376984126984128 0.4930675909878683 0.015873015873015872 0.01733102253032929
23 0.8221726190476191 0.11265164644714037 0.006944444444444444 0.024263431542461005
4 0.1505456349206349 0.5290294627383015 0.030753968253968252 0.047660311958405546
23 0.11507936507936507 0.5238301559792028 0.029265873015873016 0.11785095320623917
15 0.1331845238095238 0.5853552859618717 0.022321428571428572 0.03726169844020797
23 0.0716765873015873 0.5870883882149047 0.020337301587301588 0.08665511265164645
23 0.6681547619047619 0.7157712305025996 0.015376984126984126 0.014731369150779897
23 0.6659226190476191 0.7504332755632582 0.015376984126984126 0.01559792027729636