23 0.000546448087431694 0.486013986013986 0.001092896174863388 0.03496503496503497
4 0.4726775956284153 0.36713286713286714 0.009836065573770493 0.03146853146853147
23 0.9199453551912569 0.07342657342657342 0.004918032786885246 0.06643356643356643
23 0.002459016393442623 0.7465034965034965 0.00273224043715847 0.027972027972027972
23 0.42240437158469946 0.46503496503496505 0.00273224043715847 0.045454545454545456
23 0.40737704918032785 0.4737762237762238 0.003278688524590164 0.045454545454545456
23 0.4122950819672131 0.47202797202797203 0.003278688524590164 0.045454545454545456
23 0.41775956284153004 0.47027972027972026 0.003278688524590164 0.045454545454545456
23 0.4284153005464481 0.4632867132867133 0.004918032786885246 0.06643356643356643
23 0.4382513661202186 0.4562937062937063 0.004371584699453552 0.05944055944055944
23 0.4486338797814208 0.4493006993006993 0.004371584699453552 0.05944055944055944
23 0.3633879781420765 0.506993006993007 0.003278688524590164 0.045454545454545456
23 0.44371584699453553 0.4527972027972028 0.004918032786885246 0.05944055944055944
23 0.43333333333333335 0.4597902097902098 0.004371584699453552 0.06293706293706294
23 0.376775956284153 0.4982517482517482 0.003825136612021858 0.045454545454545456
23 0.4540983606557377 0.4458041958041958 0.003825136612021858 0.055944055944055944
23 0.3950819672131147 0.5 0.010382513661202186 0.03146853146853147
23 0.2653005464480874 0.5909090909090909 0.009289617486338797 0.03146853146853147
4 0.2527322404371585 0.5996503496503497 0.011475409836065573 0.04195804195804196
23 0.29890710382513663 0.5681818181818182 0.009289617486338797 0.027972027972027972
23 0.3180327868852459 0.5594405594405595 0.009836065573770493 0.03146853146853147
23 0.2762295081967213 0.5874125874125874 0.009289617486338797 0.03146853146853147
4 0.01912568306010929 0.7604895104895105 0.009836065573770493 0.027972027972027972
23 0.39562841530054643 0.5384615384615384 0.009836065573770493 0.03496503496503497
15 0.514207650273224 0.46153846153846156 0.06612021857923497 0.4125874125874126
23 0.30901639344262294 0.6136363636363636 0.004371584699453552 0.05944055944055944
4 0.31612021857923495 0.6101398601398601 0.004918032786885246 0.06993006993006994
4 0.3221311475409836 0.6048951048951049 0.004371584699453552 0.05944055944055944
23 0.2969945355191257 0.6223776223776224 0.004371584699453552 0.05944055944055944
4 0.30300546448087434 0.6188811188811189 0.004918032786885246 0.06293706293706294
23 0.29153005464480874 0.6258741258741258 0.004371584699453552 0.06293706293706294
4 0.3418032786885246 0.5961538461538461 0.004918032786885246 0.06293706293706294
4 0.33579234972677596 0.5996503496503497 0.004918032786885246 0.06293706293706294
23 0.27650273224043714 0.6398601398601399 0.009836065573770493 0.03496503496503497
23 0.3292349726775956 0.6048951048951049 0.004918032786885246 0.06293706293706294
4 0.253551912568306 0.6555944055944056 0.012568306010928962 0.04195804195804196
4 0.47650273224043715 0.5052447552447552 0.008743169398907104 0.027972027972027972
23 0.26557377049180325 0.6468531468531469 0.009289617486338797 0.03146853146853147
23 0.03961748633879782 0.8024475524475524 0.004371584699453552 0.05944055944055944
23 0.01612021857923497 0.8181818181818182 0.00273224043715847 0.045454545454545456
23 0.022404371584699455 0.8216783216783217 0.003278688524590164 0.045454545454545456
4 0.05819672131147541 0.8006993006993007 0.003825136612021858 0.05244755244755245
4 0.07622950819672131 0.7884615384615384 0.004918032786885246 0.06643356643356643
4 0.06420765027322405 0.7972027972027972 0.004918032786885246 0.06293706293706294
4 0.07021857923497268 0.791958041958042 0.004371584699453552 0.06643356643356643
4 0.1005464480874317 0.7727272727272727 0.004371584699453552 0.06643356643356643
4 0.09453551912568306 0.7762237762237763 0.004371584699453552 0.06293706293706294
4 0.051639344262295085 0.8041958041958042 0.004918032786885246 0.06293706293706294
4 0.08224043715846995 0.784965034965035 0.004918032786885246 0.06293706293706294
4 0.11256830601092896 0.763986013986014 0.004918032786885246 0.06293706293706294
4 0.1251366120218579 0.7552447552447552 0.004371584699453552 0.05944055944055944
4 0.08879781420765027 0.7797202797202797 0.004371584699453552 0.05944055944055944
4 0.1185792349726776 0.763986013986014 0.003825136612021858 0.05944055944055944
23 0.4355191256830601 0.5506993006993007 0.003278688524590164 0.045454545454545456
4 0.10655737704918032 0.7709790209790209 0.004371584699453552 0.06293706293706294
23 0.4459016393442623 0.5437062937062938 0.003278688524590164 0.045454545454545456
4 0.13114754098360656 0.7552447552447552 0.004371584699453552 0.06293706293706294
23 0.4562841530054645 0.5402097902097902 0.003825136612021858 0.05244755244755245
23 0.03114754098360656 0.8251748251748252 0.007103825136612022 0.017482517482517484
23 0.45081967213114754 0.5437062937062938 0.003278688524590164 0.045454545454545456
23 0.46147540983606555 0.5367132867132867 0.003278688524590164 0.04195804195804196
23 0.44098360655737706 0.5506993006993007 0.003278688524590164 0.045454545454545456
4 0.46912568306010927 0.534965034965035 0.003825136612021858 0.05244755244755245
23 0.39644808743169396 0.583916083916084 0.009836065573770493 0.027972027972027972
4 0.19098360655737706 0.722027972027972 0.004918032786885246 0.06293706293706294
4 0.42349726775956287 0.5646853146853147 0.004371584699453552 0.06293706293706294
23 0.19754098360655736 0.7202797202797203 0.004918032786885246 0.06293706293706294
23 0.18551912568306012 0.7290209790209791 0.00546448087431694 0.06643356643356643
23 0.2336065573770492 0.715034965034965 0.00546448087431694 0.05944055944055944
23 0.3005464480874317 0.6695804195804196 0.009836065573770493 0.03146853146853147
4 0.03770491803278689 0.8566433566433567 0.009289617486338797 0.03146853146853147
4 0.3866120218579235 0.6258741258741258 0.006557377049180328 0.07692307692307693
4 0.3983606557377049 0.6276223776223776 0.012021857923497269 0.045454545454545456
4 0.47759562841530057 0.5786713286713286 0.009289617486338797 0.03146853146853147
4 0.35273224043715845 0.666083916083916 0.004918032786885246 0.06293706293706294
23 0.053005464480874315 0.8811188811188811 0.004371584699453552 0.05944055944055944
23 0.05901639344262295 0.8776223776223776 0.004371584699453552 0.05944055944055944
23 0.047540983606557376 0.8846153846153846 0.004371584699453552 0.06643356643356643
23 0.08934426229508197 0.8566433566433567 0.004918032786885246 0.05944055944055944
23 0.12568306010928962 0.8321678321678322 0.004371584699453552 0.06643356643356643
23 0.10136612021857923 0.8496503496503497 0.004918032786885246 0.06293706293706294
23 0.0773224043715847 0.8653846153846154 0.004371584699453552 0.05944055944055944
23 0.07131147540983607 0.8688811188811189 0.004371584699453552 0.055944055944055944
23 0.08333333333333333 0.8618881118881119 0.004371584699453552 0.06293706293706294
23 0.0953551912568306 0.8531468531468531 0.004371584699453552 0.06293706293706294
23 0.1139344262295082 0.8409090909090909 0.004371584699453552 0.05944055944055944
23 0.11967213114754098 0.8374125874125874 0.004918032786885246 0.06293706293706294
23 0.13169398907103824 0.8321678321678322 0.004918032786885246 0.06643356643356643
23 0.10792349726775956 0.8479020979020979 0.004371584699453552 0.06643356643356643
4 0.285792349726776 0.7325174825174825 0.011475409836065573 0.045454545454545456
4 0.30628415300546447 0.7185314685314685 0.011475409836065573 0.045454545454545456
4 0.03524590163934426 0.9038461538461539 0.01639344262295082 0.05244755244755245
23 0.4199453551912568 0.6451048951048951 0.009836065573770493 0.03146853146853147
23 0.21311475409836064 0.7954545454545454 0.004918032786885246 0.05944055944055944
4 0.23442622950819672 0.784965034965035 0.00546448087431694 0.06293706293706294
23 0.1882513661202186 0.8181818181818182 0.004918032786885246 0.06293706293706294
4 0.17595628415300546 0.8374125874125874 0.015846994535519125 0.055944055944055944
23 0.4633879781420765 0.6433566433566433 0.003278688524590164 0.04895104895104895
23 0.4423497267759563 0.6625874125874126 0.003278688524590164 0.045454545454545456
23 0.4524590163934426 0.6555944055944056 0.003278688524590164 0.045454545454545456
23 0.43743169398907106 0.6643356643356644 0.003278688524590164 0.04895104895104895
23 0.45792349726775955 0.6520979020979021 0.003278688524590164 0.045454545454545456
23 0.430327868852459 0.6730769230769231 0.004918032786885246 0.06643356643356643
23 0.44781420765027324 0.6625874125874126 0.003278688524590164 0.04895104895104895
23 0.4207650273224044 0.6870629370629371 0.00819672131147541 0.024475524475524476
4 0.2863387978142076 0.798951048951049 0.011475409836065573 0.04195804195804196
4 0.3073770491803279 0.784965034965035 0.011475409836065573 0.045454545454545456
4 0.2721311475409836 0.8076923076923077 0.004918032786885246 0.05944055944055944
4 0.3680327868852459 0.756993006993007 0.006557377049180328 0.07692307692307693
4 0.37513661202185794 0.7534965034965035 0.004918032786885246 0.06293706293706294
4 0.3592896174863388 0.763986013986014 0.007103825136612022 0.07692307692307693
23 0.42131147540983604 0.7255244755244755 0.008743169398907104 0.027972027972027972
23 0.26366120218579236 0.8304195804195804 0.009289617486338797 0.027972027972027972
23 0.25163934426229506 0.8391608391608392 0.010382513661202186 0.03146853146853147
23 0.21420765027322405 0.8671328671328671 0.004371584699453552 0.06643356643356643
4 0.47950819672131145 0.6923076923076923 0.009836065573770493 0.03496503496503497
23 0.17103825136612022 0.9073426573426573 0.004918032786885246 0.06293706293706294
23 0.18961748633879782 0.8986013986013986 0.00546448087431694 0.06643356643356643
4 0.1959016393442623 0.8951048951048951 0.004918032786885246 0.06293706293706294
23 0.42240437158469946 0.756993006993007 0.010382513661202186 0.03146853146853147
23 0.5614754098360656 0.6625874125874126 0.009289617486338797 0.03146853146853147
4 0.5983606557377049 0.6416083916083916 0.009836065573770493 0.03496503496503497
23 0.5770491803278689 0.6730769230769231 0.004371584699453552 0.06293706293706294
4 0.5215846994535519 0.7167832167832168 0.00546448087431694 0.05944055944055944
4 0.2713114754098361 0.8933566433566433 0.009836065573770493 0.03146853146853147
4 0.5614754098360656 0.7045454545454546 0.009289617486338797 0.03146853146853147
4 0.5991803278688524 0.6800699300699301 0.007103825136612022 0.02097902097902098
4 0.24754098360655738 0.9230769230769231 0.009289617486338797 0.03496503496503497
4 0.18961748633879782 0.9807692307692307 0.00546448087431694 0.03146853146853147
23 0.19562841530054645 0.9790209790209791 0.00546448087431694 0.03496503496503497
23 0.20163934426229507 0.9772727272727273 0.00546448087431694 0.038461538461538464
23 0.20737704918032787 0.9737762237762237 0.004918032786885246 0.045454545454545456
4 0.27240437158469943 0.9562937062937062 0.009289617486338797 0.03496503496503497
4 0.2855191256830601 0.951048951048951 0.009836065573770493 0.03146853146853147
4 0.40491803278688526 0.8706293706293706 0.00819672131147541 0.10839160839160839
4 0.39617486338797814 0.8968531468531469 0.006557377049180328 0.07692307692307693
4 0.38907103825136613 0.9090909090909091 0.004371584699453552 0.05944055944055944
4 0.3814207650273224 0.9143356643356644 0.006557377049180328 0.07342657342657342
4 0.05218579234972678 0.3409090909090909 0.011475409836065573 0.045454545454545456
4 0.012568306010928962 0.3706293706293706 0.009836065573770493 0.03146853146853147
4 0.0366120218579235 0.3548951048951049 0.009836065573770493 0.03496503496503497
4 0.1849726775956284 0.25874125874125875 0.010382513661202186 0.03146853146853147
4 0.2448087431693989 0.22202797202797203 0.012021857923497269 0.04195804195804196
4 0.22923497267759563 0.23601398601398602 0.009836065573770493 0.03496503496503497
4 0.2051912568306011 0.2517482517482518 0.009836065573770493 0.038461538461538464
4 0.37595628415300547 0.13636363636363635 0.009289617486338797 0.03496503496503497
4 0.43633879781420765 0.10314685314685315 0.011475409836065573 0.045454545454545456
4 0.39726775956284155 0.12937062937062938 0.009289617486338797 0.03496503496503497
4 0.4199453551912568 0.11363636363636363 0.010382513661202186 0.03496503496503497
4 0.5674863387978142 0.019230769230769232 0.009289617486338797 0.03146853146853147
4 0.6281420765027322 0.005244755244755245 0.01366120218579235 0.01048951048951049
4 0.5882513661202186 0.017482517482517484 0.010382513661202186 0.03496503496503497
4 0.6120218579234973 0.01048951048951049 0.01092896174863388 0.02097902097902098
4 0.006284153005464481 0.4458041958041958 0.009836065573770493 0.03146853146853147