23 0.8635 0.20971563981042654 0.014 0.0071090047393364926
23 0.7885 0.19312796208530805 0.015 0.01066350710900474
4 0.8905 0.23222748815165878 0.019 0.014218009478672985
23 0.7505 0.19845971563981044 0.014 0.009478672985781991
23 0.8565 0.22867298578199052 0.022 0.014218009478672985
23 0.7845 0.21149289099526067 0.012 0.01066350710900474
23 0.7255 0.1966824644549763 0.01 0.02014218009478673
23 0.7125 0.19490521327014218 0.011 0.026066350710900472
4 0.698 0.19312796208530805 0.011 0.022511848341232227
4 0.667 0.19312796208530805 0.018 0.015402843601895734
4 0.886 0.2559241706161137 0.024 0.018957345971563982
4 0.853 0.2476303317535545 0.015 0.011848341232227487
23 0.7475 0.21919431279620852 0.019 0.011848341232227487
4 0.813 0.23992890995260663 0.019 0.014218009478672985
4 0.7805 0.23163507109004738 0.022 0.015402843601895734
23 0.85 0.2677725118483412 0.017 0.011848341232227487
4 0.881 0.27665876777251186 0.024 0.022511848341232227
4 0.7425 0.24289099526066352 0.022 0.016587677725118485
23 0.719 0.24585308056872038 0.01 0.02132701421800948
23 0.847 0.28139810426540285 0.013 0.008293838862559242
4 0.6615 0.23104265402843602 0.021 0.016587677725118485
23 0.738 0.26007109004739337 0.021 0.013033175355450236
4 0.875 0.3033175355450237 0.024 0.017772511848341232
23 0.8415 0.3003554502369668 0.015 0.008293838862559242
4 0.6865 0.2612559241706161 0.027 0.023696682464454975
23 0.7345 0.27665876777251186 0.024 0.016587677725118485
23 0.803 0.2968009478672986 0.019 0.013033175355450236
4 0.7655 0.28850710900473936 0.019 0.015402843601895734
4 0.872 0.32286729857819907 0.019 0.014218009478672985
23 0.84 0.31575829383886256 0.014 0.009478672985781991
23 0.711 0.2825829383886256 0.009 0.026066350710900472
23 0.76 0.3027251184834123 0.02 0.014218009478672985
23 0.7325 0.2950236966824645 0.018 0.013033175355450236
23 0.799 0.31338862559241704 0.023 0.014218009478672985
23 0.8385 0.3341232227488152 0.012 0.008293838862559242
4 0.8665 0.34419431279620855 0.02 0.016587677725118485
4 0.727 0.31338862559241704 0.019 0.013033175355450236
7 0.9365 0.3803317535545024 0.11 0.2713270142180095
23 0.864 0.36492890995260663 0.017 0.009478672985781991
4 0.7535 0.33767772511848343 0.019 0.013033175355450236
15 0.797 0.35011848341232227 0.029 0.02843601895734597
4 0.838 0.36255924170616116 0.01 0.02014218009478673
23 0.722 0.33175355450236965 0.016 0.013033175355450236
4 0.6445 0.3181279620853081 0.027 0.026066350710900472
4 0.685 0.33234597156398105 0.029 0.024881516587677725
23 0.866 0.38507109004739337 0.013 0.01066350710900474
23 0.747 0.3536729857819905 0.022 0.013033175355450236
23 0.719 0.3495260663507109 0.014 0.01066350710900474
23 0.7945 0.3815165876777251 0.018 0.014218009478672985
23 0.859 0.4004739336492891 0.014 0.009478672985781991
7 0.335 0.25770142180094785 0.282 0.15995260663507108
4 0.7585 0.3755924170616114 0.018 0.013033175355450236
23 0.708 0.3744075829383886 0.01 0.018957345971563982
4 0.636 0.35604265402843605 0.024 0.024881516587677725
4 0.6785 0.3690758293838863 0.023 0.02132701421800948
4 0.8285 0.4188388625592417 0.012 0.024881516587677725
23 0.859 0.4277251184834123 0.013 0.026066350710900472
4 0.81 0.4158767772511848 0.012 0.026066350710900472
23 0.8425 0.4265402843601896 0.01 0.024881516587677725
4 0.74 0.39988151658767773 0.035 0.034360189573459717
4 0.6295 0.3909952606635071 0.022 0.022511848341232227
4 0.672 0.4028436018957346 0.021 0.02014218009478673
4 0.8355 0.48578199052132703 0.023 0.015402843601895734
4 0.807 0.48045023696682465 0.02 0.014218009478672985
23 0.8345 0.5082938388625592 0.02 0.017772511848341232
4 0.8085 0.5100710900473934 0.01 0.02132701421800948
4 0.8305 0.5225118483412322 0.02 0.013033175355450236
23 0.7235 0.09597156398104266 0.018 0.01066350710900474
23 0.874 0.13803317535545023 0.017 0.011848341232227487
4 0.9035 0.14632701421800948 0.025 0.02014218009478673
23 0.8455 0.13151658767772512 0.013 0.01066350710900474
4 0.779 0.11374407582938388 0.023 0.016587677725118485
23 0.814 0.12381516587677725 0.016 0.01066350710900474
23 0.4185 0.5201421800947867 0.017 0.015402843601895734
23 0.359 0.5118483412322274 0.017 0.016587677725118485
23 0.045 0.4265402843601896 0.02 0.014218009478672985
4 0.141 0.4561611374407583 0.035 0.023696682464454975
23 0.3795 0.5290284360189573 0.015 0.016587677725118485
23 0.075 0.4591232227488152 0.012 0.02843601895734597
23 0.138 0.47985781990521326 0.019 0.011848341232227487
23 0.4615 0.5710900473933649 0.011 0.024881516587677725
23 0.478 0.5758293838862559 0.011 0.02132701421800948
23 0.493 0.5799763033175356 0.008 0.02014218009478673
4 0.513 0.5853080568720379 0.021 0.02132701421800948
15 0.0415 0.45675355450236965 0.027 0.03909952606635071
23 0.4475 0.5693127962085308 0.012 0.027251184834123223
23 0.4275 0.5781990521327014 0.01 0.02014218009478673
23 0.414 0.5758293838862559 0.011 0.022511848341232227
23 0.8035 0.6866113744075829 0.011 0.02132701421800948
23 0.79 0.6842417061611374 0.011 0.024881516587677725
23 0.3945 0.5787914691943128 0.012 0.013033175355450236
4 0.3725 0.5728672985781991 0.012 0.022511848341232227
23 0.315 0.558649289099526 0.016 0.02014218009478673
23 0.3395 0.5657582938388626 0.014 0.016587677725118485
4 0.3585 0.5710900473933649 0.012 0.02132701421800948
4 0.6055 0.643957345971564 0.02 0.014218009478672985
4 0.486 0.6214454976303317 0.01 0.02132701421800948
4 0.5005 0.6273696682464455 0.01 0.02132701421800948
23 0.539 0.6398104265402843 0.021 0.02843601895734597
4 0.272 0.5675355450236966 0.012 0.024881516587677725
4 0.2895 0.5734597156398105 0.014 0.027251184834123223
15 0.03 0.5077014218009479 0.027 0.041469194312796206
23 0.756 0.7079383886255924 0.01 0.022511848341232227
23 0.77 0.7126777251184834 0.01 0.023696682464454975
4 0.784 0.7186018957345972 0.01 0.018957345971563982
4 0.7995 0.7227488151658767 0.01 0.02014218009478673
4 0.7425 0.11848341232227488 0.02 0.03909952606635071
4 0.6725 0.6901658767772512 0.012 0.023696682464454975
23 0.718 0.11315165876777251 0.02 0.011848341232227487
4 0.073 0.5402843601895735 0.03 0.02014218009478673
4 0.5505 0.6783175355450237 0.009 0.02132701421800948
4 0.7585 0.7369668246445498 0.013 0.009478672985781991
23 0.842 0.1481042654028436 0.015 0.01066350710900474
4 0.537 0.6771327014218009 0.01 0.023696682464454975
4 0.1235 0.5669431279620853 0.019 0.011848341232227487
4 0.509 0.6729857819905213 0.011 0.02014218009478673
4 0.4935 0.6712085308056872 0.007 0.018957345971563982
23 0.779 0.75 0.012 0.024881516587677725
23 0.8705 0.15699052132701422 0.015 0.01066350710900474
15 0.7065 0.735781990521327 0.052 0.061611374407582936
23 0.066 0.5616113744075829 0.021 0.014218009478672985
4 0.658 0.7233412322274881 0.019 0.014218009478672985
23 0.261 0.6149289099526066 0.014 0.018957345971563982
23 0.7555 0.754739336492891 0.013 0.01066350710900474
23 0.8145 0.14218009478672985 0.017 0.011848341232227487
23 0.1205 0.5876777251184834 0.015 0.011848341232227487
23 0.5545 0.7067535545023697 0.021 0.015402843601895734
23 0.526 0.7002369668246445 0.013 0.008293838862559242
23 0.752 0.768957345971564 0.016 0.013033175355450236
23 0.497 0.6996445497630331 0.019 0.013033175355450236
23 0.6545 0.7428909952606635 0.019 0.01066350710900474
4 0.9005 0.16765402843601895 0.023 0.018957345971563982
23 0.256 0.6380331753554502 0.014 0.018957345971563982
23 0.772 0.7861374407582938 0.011 0.024881516587677725
23 0.653 0.759478672985782 0.014 0.009478672985781991
4 0.75 0.7879146919431279 0.016 0.01066350710900474
23 0.5425 0.7363744075829384 0.021 0.02843601895734597
15 0.1155 0.6220379146919431 0.03 0.045023696682464455
23 0.251 0.6640995260663507 0.014 0.018957345971563982
23 0.764 0.8151658767772512 0.02 0.014218009478672985
4 0.73 0.808649289099526 0.016 0.013033175355450236
23 0.708 0.8056872037914692 0.011 0.022511848341232227
23 0.693 0.8015402843601895 0.012 0.026066350710900472
23 0.6795 0.7997630331753555 0.012 0.023696682464454975
4 0.6635 0.7968009478672986 0.012 0.027251184834123223
4 0.6395 0.7902843601895735 0.011 0.023696682464454975
15 0.373 0.7191943127962085 0.21 0.2476303317535545
7 0.85 0.8524881516587678 0.107 0.27488151658767773
4 0.4905 0.7565165876777251 0.011 0.023696682464454975
4 0.5055 0.7612559241706162 0.009 0.022511848341232227
23 0.247 0.6901658767772512 0.014 0.018957345971563982
23 0.5365 0.7725118483412322 0.021 0.02962085308056872
23 0.725 0.82760663507109 0.015 0.011848341232227487
4 0.1045 0.6629146919431279 0.027 0.02132701421800948
15 0.0395 0.648696682464455 0.034 0.06990521327014218
4 0.719 0.8453791469194313 0.02 0.014218009478672985
23 0.2415 0.7174170616113744 0.012 0.018957345971563982
23 0.149 0.6978672985781991 0.015 0.01066350710900474
23 0.1795 0.7085308056872038 0.017 0.009478672985781991
4 0.0615 0.6800947867298578 0.009 0.022511848341232227
23 0.525 0.8127962085308057 0.021 0.02843601895734597
23 0.1455 0.7132701421800948 0.016 0.01066350710900474
23 0.1735 0.7233412322274881 0.017 0.011848341232227487
23 0.7885 0.14751184834123224 0.011 0.022511848341232227
7 0.4 0.04206161137440758 0.113 0.08056872037914692
23 0.236 0.7417061611374408 0.009 0.014218009478672985
23 0.767 0.14277251184834122 0.017 0.013033175355450236
23 0.171 0.7387440758293838 0.014 0.01066350710900474
23 0.1415 0.7316350710900474 0.018 0.014218009478672985
4 0.715 0.129739336492891 0.018 0.013033175355450236
23 0.0985 0.7292654028436019 0.021 0.013033175355450236
23 0.054 0.7186018957345972 0.022 0.013033175355450236
23 0.519 0.851303317535545 0.023 0.03317535545023697
23 0.17 0.7571090047393365 0.015 0.008293838862559242
23 0.1395 0.7494075829383886 0.025 0.015402843601895734
23 0.018 0.7162322274881516 0.01 0.022511848341232227
23 0.2155 0.7731042654028436 0.017 0.016587677725118485
23 0.2405 0.7879146919431279 0.02 0.013033175355450236
23 0.8675 0.17476303317535544 0.013 0.01066350710900474
23 0.837 0.16646919431279622 0.016 0.013033175355450236
23 0.164 0.7731042654028436 0.019 0.011848341232227487
23 0.135 0.7683649289099526 0.017 0.01066350710900474
23 0.211 0.7908767772511849 0.013 0.009478672985781991
23 0.239 0.8074644549763034 0.022 0.015402843601895734
23 0.811 0.1617298578199052 0.019 0.011848341232227487
23 0.5135 0.8904028436018957 0.023 0.02962085308056872
4 0.461 0.8773696682464455 0.012 0.023696682464454975
23 0.206 0.8080568720379147 0.017 0.015402843601895734
4 0.45 0.8755924170616114 0.009 0.02132701421800948
4 0.234 0.8222748815165877 0.019 0.01066350710900474
4 0.2035 0.8270142180094787 0.022 0.016587677725118485
4 0.345 0.8678909952606635 0.018 0.01066350710900474
23 0.378 0.8874407582938388 0.028 0.02843601895734597
23 0.407 0.898696682464455 0.029 0.03317535545023697
4 0.3465 0.8856635071090048 0.017 0.011848341232227487
23 0.505 0.9300947867298578 0.02 0.022511848341232227
23 0.4445 0.9146919431279621 0.014 0.026066350710900472
23 0.432 0.9111374407582938 0.014 0.026066350710900472
4 0.899 0.19075829383886256 0.024 0.02014218009478673
23 0.2795 0.8803317535545023 0.028 0.031990521327014215
23 0.3115 0.889218009478673 0.027 0.027251184834123223
23 0.2135 0.865521327014218 0.028 0.031990521327014215
23 0.243 0.8738151658767772 0.027 0.02843601895734597
23 0.8645 0.19312796208530805 0.015 0.01066350710900474
4 0.792 0.17654028436018956 0.017 0.011848341232227487
15 0.741 0.16350710900473933 0.049 0.034360189573459717
23 0.6805 0.14751184834123224 0.018 0.01066350710900474
23 0.703 0.15758293838862558 0.014 0.026066350710900472
4 0.8255 0.19194312796208532 0.035 0.030805687203791468
4 0.892 0.21149289099526067 0.02 0.015402843601895734