4 0.5948366701791359 0.3606870229007634 0.015806111696522657 0.0648854961832061
4 0.916754478398314 0.7385496183206107 0.008429926238145416 0.11068702290076336
4 0.8140147523709168 0.6240458015267175 0.009483667017913594 0.11450381679389313
4 0.36538461538461536 0.12213740458015267 0.010010537407797681 0.11068702290076336
4 0.9675974710221286 0.851145038167939 0.006322444678609062 0.030534351145038167
4 0.8719704952581665 0.7404580152671756 0.007376185458377239 0.030534351145038167
4 0.7563224446786091 0.6125954198473282 0.007903055848261328 0.030534351145038167
4 0.6551633298208641 0.5 0.00684931506849315 0.03435114503816794
4 0.5397787144362487 0.3683206106870229 0.007376185458377239 0.030534351145038167
4 0.4412539515279241 0.25572519083969464 0.007376185458377239 0.03435114503816794
4 0.3198103266596417 0.12404580152671756 0.007376185458377239 0.030534351145038167
4 0.42360379346680715 0.24236641221374045 0.008429926238145416 0.03435114503816794
4 0.22365648050579556 0.01717557251908397 0.007903055848261328 0.03435114503816794
4 0.9599578503688093 0.8606870229007634 0.005795574288724974 0.0648854961832061
4 0.7428872497365648 0.6164122137404581 0.005795574288724974 0.0648854961832061
4 0.6414646996838778 0.5 0.006322444678609062 0.06870229007633588
4 0.5742887249736565 0.42366412213740456 0.005268703898840885 0.061068702290076333
4 0.55927291886196 0.4064885496183206 0.004214963119072708 0.05343511450381679
23 0.7247102212855637 0.5954198473282443 0.008429926238145416 0.03816793893129771
4 0.5690200210748156 0.4198473282442748 0.004214963119072708 0.05343511450381679
4 0.5258166491043204 0.3702290076335878 0.00684931506849315 0.06870229007633588
4 0.9675974710221286 0.8816793893129771 0.007376185458377239 0.03435114503816794
4 0.8717070600632244 0.7709923664122137 0.007903055848261328 0.03435114503816794
4 0.3090094836670179 0.1297709923664122 0.005268703898840885 0.061068702290076333
4 0.2078503688092729 0.02480916030534351 0.005795574288724974 0.04961832061068702
4 0.756059009483667 0.6431297709923665 0.008429926238145416 0.030534351145038167
4 0.65463645943098 0.5267175572519084 0.007903055848261328 0.03816793893129771
4 0.5395152792413066 0.3988549618320611 0.007376185458377239 0.03435114503816794
4 0.31954689146469967 0.1450381679389313 0.007903055848261328 0.030534351145038167
4 0.44072708113804004 0.2881679389312977 0.007903055848261328 0.03435114503816794
23 0.9441517386722866 0.8702290076335878 0.005795574288724974 0.0648854961832061
4 0.22312961011591148 0.04389312977099236 0.007903055848261328 0.030534351145038167
23 0.9786617492096944 0.9103053435114504 0.006322444678609062 0.061068702290076333
23 0.9728661749209695 0.9064885496183206 0.004741833508956797 0.061068702290076333
15 0.9868282402528978 0.9274809160305344 0.01053740779768177 0.06870229007633588
4 0.8530031612223393 0.7729007633587787 0.014752370916754479 0.06870229007633588
15 0.9351949420442571 0.8683206106870229 0.011591148577449948 0.07633587786259542
23 0.9944678609062171 0.9389312977099237 0.004741833508956797 0.07251908396946564
4 0.4199157007376185 0.2881679389312977 0.015279241306638568 0.06870229007633588
23 0.5429399367755532 0.43702290076335876 0.008429926238145416 0.03435114503816794
23 0.5782402528977871 0.48854961832061067 0.005268703898840885 0.061068702290076333
23 0.5629610115911485 0.4713740458015267 0.005268703898840885 0.061068702290076333
23 0.5724446786090621 0.48282442748091603 0.005268703898840885 0.05725190839694656
23 0.5576923076923077 0.46564885496183206 0.005268703898840885 0.05343511450381679
23 0.5842992623814541 0.4961832061068702 0.005795574288724974 0.061068702290076333
23 0.5677028451001054 0.4770992366412214 0.005268703898840885 0.05725190839694656
23 0.5421496311907271 0.4713740458015267 0.008429926238145416 0.03435114503816794
23 0.8859325605900948 0.8816793893129771 0.008429926238145416 0.03816793893129771
23 0.8956796628029505 0.8931297709923665 0.007903055848261328 0.03435114503816794
4 0.09668071654373024 0.009541984732824428 0.00684931506849315 0.019083969465648856
4 0.11195995785036882 0.019083969465648856 0.005795574288724974 0.03816793893129771
4 0.09088514225500527 0.007633587786259542 0.005795574288724974 0.015267175572519083
23 0.9172813487881981 0.9293893129770993 0.005268703898840885 0.061068702290076333
4 0.10669125395152793 0.01717557251908397 0.00684931506849315 0.03435114503816794
4 0.10168598524762908 0.013358778625954198 0.005268703898840885 0.026717557251908396
23 0.6043203371970495 0.5820610687022901 0.008956796628029505 0.03816793893129771
4 0.1701791359325606 0.0916030534351145 0.004741833508956797 0.061068702290076333
4 0.5937829293993677 0.5763358778625954 0.004214963119072708 0.05725190839694656
4 0.17386722866174922 0.09541984732824428 0.003161222339304531 0.05343511450381679
4 0.5979978925184405 0.5858778625954199 0.004214963119072708 0.05725190839694656
15 0.14857744994731295 0.09732824427480916 0.03477344573234984 0.1946564885496183
4 0.12592202318229714 0.04770992366412214 0.00684931506849315 0.026717557251908396
4 0.6124868282402529 0.6049618320610687 0.005268703898840885 0.061068702290076333
23 0.6174920969441517 0.6125954198473282 0.005268703898840885 0.06870229007633588
23 0.17992623814541622 0.10877862595419847 0.008956796628029505 0.03816793893129771
4 0.7984720758693361 0.8263358778625954 0.015279241306638568 0.0648854961832061
23 0.8116438356164384 0.8416030534351145 0.008956796628029505 0.04198473282442748
23 0.8948893572181243 0.9370229007633588 0.008429926238145416 0.03435114503816794
23 0.6040569020021075 0.6164122137404581 0.008956796628029505 0.03816793893129771
23 0.24552160168598525 0.20419847328244276 0.004741833508956797 0.0648854961832061
23 0.21575342465753425 0.1736641221374046 0.005268703898840885 0.0648854961832061
23 0.22576396206533192 0.1851145038167939 0.005795574288724974 0.061068702290076333
23 0.2107481559536354 0.16793893129770993 0.005268703898840885 0.0648854961832061
23 0.24077976817702845 0.20229007633587787 0.006322444678609062 0.05725190839694656
23 0.2507903055848261 0.21374045801526717 0.005268703898840885 0.0648854961832061
23 0.2808219178082192 0.2480916030534351 0.006322444678609062 0.061068702290076333
30 0.19204425711275025 0.14694656488549618 0.005268703898840885 0.0648854961832061
23 0.26580611169652263 0.23091603053435114 0.005795574288724974 0.0648854961832061
23 0.27107481559536356 0.2366412213740458 0.005268703898840885 0.0648854961832061
23 0.27581664910432035 0.24236641221374045 0.004741833508956797 0.0648854961832061
23 0.22049525816649104 0.17938931297709923 0.004741833508956797 0.061068702290076333
23 0.23103266596417282 0.19083969465648856 0.004214963119072708 0.061068702290076333
23 0.23577449947312962 0.1965648854961832 0.005268703898840885 0.0648854961832061
23 0.26053740779768175 0.22519083969465647 0.005268703898840885 0.0648854961832061
23 0.2555321390937829 0.21946564885496184 0.005268703898840885 0.0648854961832061
4 0.1256585879873551 0.07442748091603053 0.007376185458377239 0.03435114503816794
23 0.09483667017913593 0.04961832061068702 0.004214963119072708 0.061068702290076333
23 0.08535300316122234 0.04007633587786259 0.004741833508956797 0.05725190839694656
23 0.06533192834562697 0.02480916030534351 0.005268703898840885 0.04961832061068702
23 0.10511064278187565 0.06297709923664122 0.005268703898840885 0.05725190839694656
23 0.0803477344573235 0.03435114503816794 0.004741833508956797 0.061068702290076333
23 0.10010537407797682 0.05725190839694656 0.004741833508956797 0.05343511450381679
23 0.06059009483667018 0.022900763358778626 0.006322444678609062 0.04580152671755725
23 0.07007376185458378 0.026717557251908396 0.005268703898840885 0.05343511450381679
23 0.09009483667017913 0.04580152671755725 0.004214963119072708 0.05343511450381679
4 0.9657534246575342 0.9732824427480916 0.015806111696522657 0.04580152671755725
23 0.10985247629083246 0.06870229007633588 0.004741833508956797 0.05343511450381679
23 0.07534246575342465 0.030534351145038167 0.005268703898840885 0.061068702290076333
23 0.05558482613277134 0.019083969465648856 0.005795574288724974 0.03816793893129771
23 0.050316122233930456 0.01717557251908397 0.005795574288724974 0.03435114503816794
4 0.7136459430979979 0.7595419847328244 0.007376185458377239 0.030534351145038167
4 0.7270811380400422 0.7805343511450382 0.007903055848261328 0.030534351145038167
4 0.8622233930453108 0.9351145038167938 0.008956796628029505 0.10687022900763359
4 0.8706533192834562 0.9446564885496184 0.009483667017913594 0.10687022900763359
23 0.044783983140147525 0.015267175572519083 0.006322444678609062 0.030534351145038167
23 0.03530031612223393 0.011450381679389313 0.009483667017913594 0.022900763358778626
23 0.17729188619599578 0.16030534351145037 0.005795574288724974 0.061068702290076333
23 0.18229715489989462 0.16603053435114504 0.004741833508956797 0.061068702290076333
4 0.20521601685985247 0.20038167938931298 0.0036880927291886197 0.05343511450381679
23 0.8545837723919916 0.9446564885496184 0.005268703898840885 0.061068702290076333
23 0.6087987355110642 0.6717557251908397 0.009483667017913594 0.04580152671755725
23 0.00684931506849315 0.011450381679389313 0.005268703898840885 0.022900763358778626
4 0.79768177028451 0.8912213740458015 0.014752370916754479 0.07251908396946564
23 0.8105900948366702 0.9064885496183206 0.009483667017913594 0.04198473282442748
4 0.01053740779768177 0.011450381679389313 0.005268703898840885 0.022900763358778626
23 0.8411485774499473 0.9484732824427481 0.008429926238145416 0.03816793893129771
23 0.19072708113804004 0.20610687022900764 0.008956796628029505 0.04580152671755725
23 0.27423603793466805 0.30725190839694655 0.005795574288724974 0.0648854961832061
23 0.25922023182297155 0.2900763358778626 0.005268703898840885 0.061068702290076333
23 0.26396206533192834 0.29389312977099236 0.005268703898840885 0.061068702290076333
23 0.2244467860906217 0.25 0.005268703898840885 0.06870229007633588
23 0.25447839831401475 0.28435114503816794 0.005795574288724974 0.061068702290076333
23 0.2692307692307692 0.3015267175572519 0.005795574288724974 0.061068702290076333
23 0.21443624868282402 0.2385496183206107 0.005268703898840885 0.0648854961832061
23 0.24920969441517388 0.2786259541984733 0.005795574288724974 0.061068702290076333
23 0.21970495258166492 0.24427480916030533 0.005268703898840885 0.0648854961832061
23 0.22945205479452055 0.25572519083969464 0.005795574288724974 0.0648854961832061
23 0.24473129610115912 0.2729007633587786 0.005268703898840885 0.06870229007633588
23 0.27950474183350893 0.31297709923664124 0.005795574288724974 0.0648854961832061
23 0.20916754478398314 0.23282442748091603 0.005268703898840885 0.0648854961832061
23 0.23472075869336143 0.26145038167938933 0.004741833508956797 0.061068702290076333
23 0.23946259220231822 0.26717557251908397 0.005268703898840885 0.061068702290076333
23 0.6080084299262382 0.7041984732824428 0.008956796628029505 0.03435114503816794
23 0.8314014752370916 0.9732824427480916 0.005268703898840885 0.04580152671755725
4 0.839304531085353 0.9847328244274809 0.009483667017913594 0.022900763358778626
4 0.708377239199157 0.8473282442748091 0.007376185458377239 0.030534351145038167
23 0.8472075869336143 0.9885496183206107 0.006322444678609062 0.015267175572519083
23 0.607218124341412 0.7423664122137404 0.008956796628029505 0.03816793893129771
4 0.7958377239199157 0.9694656488549618 0.015279241306638568 0.05343511450381679
4 0.8200737618545838 0.982824427480916 0.01422550052687039 0.026717557251908396
4 0.7247102212855637 0.9083969465648855 0.007376185458377239 0.0916030534351145
23 0.6064278187565859 0.7805343511450382 0.009483667017913594 0.04198473282442748
15 0.5584826132771338 0.7290076335877863 0.06217070600632244 0.45038167938931295
23 0.5194942044257113 0.6851145038167938 0.010010537407797681 0.05343511450381679
23 0.7312961011591148 0.9274809160305344 0.004741833508956797 0.0648854961832061
4 0.589831401475237 0.7767175572519084 0.004214963119072708 0.05725190839694656
4 0.5935194942044257 0.7843511450381679 0.004741833508956797 0.061068702290076333
23 0.6056375131717597 0.8187022900763359 0.009483667017913594 0.04198473282442748
23 0.6048472075869337 0.8530534351145038 0.008956796628029505 0.03816793893129771
15 0.7426238145416227 0.9770992366412213 0.01422550052687039 0.03816793893129771
23 0.6035300316122234 0.8893129770992366 0.009483667017913594 0.04580152671755725
4 0.5205479452054794 0.8015267175572519 0.004214963119072708 0.05725190839694656
4 0.5168598524762908 0.7977099236641222 0.004214963119072708 0.05725190839694656
23 0.6032665964172813 0.9236641221374046 0.008956796628029505 0.04198473282442748
23 0.6024762908324552 0.9618320610687023 0.008956796628029505 0.03816793893129771
23 0.6019494204425712 0.9847328244274809 0.008956796628029505 0.022900763358778626
23 0.5871970495258166 0.9713740458015268 0.00684931506849315 0.04961832061068702
23 0.5914120126448894 0.9751908396946565 0.005795574288724974 0.04198473282442748
4 0.5463645943097998 0.982824427480916 0.004214963119072708 0.026717557251908396
4 0.5497892518440464 0.9866412213740458 0.004741833508956797 0.019083969465648856
23 0.5350368809272918 0.9770992366412213 0.005795574288724974 0.03816793893129771
23 0.5305584826132771 0.9751908396946565 0.005268703898840885 0.04198473282442748
4 0.5919388830347735 0.3148854961832061 0.007376185458377239 0.03816793893129771