4 0.4442408376963351 0.43288590604026844 0.009424083769633508 0.030201342281879196
23 0.8722513089005236 0.10234899328859061 0.004712041884816754 0.06375838926174497
23 0.39659685863874344 0.5302013422818792 0.0031413612565445027 0.0436241610738255
23 0.38219895287958117 0.5419463087248322 0.0036649214659685864 0.04697986577181208
23 0.3869109947643979 0.5385906040268457 0.0036649214659685864 0.04697986577181208
23 0.39214659685863873 0.5369127516778524 0.0036649214659685864 0.04697986577181208
23 0.40235602094240835 0.5302013422818792 0.004712041884816754 0.06375838926174497
23 0.4117801047120419 0.5218120805369127 0.004188481675392671 0.05704697986577181
23 0.42172774869109947 0.5151006711409396 0.004188481675392671 0.05704697986577181
23 0.3400523560209424 0.5788590604026845 0.0036649214659685864 0.04697986577181208
23 0.41701570680628275 0.5184563758389261 0.004712041884816754 0.05704697986577181
23 0.40706806282722513 0.5251677852348994 0.004188481675392671 0.06040268456375839
23 0.3531413612565445 0.5687919463087249 0.0036649214659685864 0.0436241610738255
23 0.4269633507853403 0.5100671140939598 0.0036649214659685864 0.053691275167785234
23 0.3704188481675393 0.5687919463087249 0.009947643979057591 0.030201342281879196
23 0.24633507853403142 0.6694630872483222 0.008900523560209424 0.030201342281879196
4 0.2342931937172775 0.6778523489932886 0.01099476439790576 0.040268456375838924
23 0.27853403141361255 0.6442953020134228 0.008900523560209424 0.026845637583892617
23 0.29685863874345547 0.6325503355704698 0.009424083769633508 0.030201342281879196
23 0.2568062827225131 0.6644295302013423 0.008900523560209424 0.030201342281879196
4 0.01099476439790576 0.8573825503355704 0.009424083769633508 0.026845637583892617
23 0.3712041884816754 0.6040268456375839 0.009424083769633508 0.03355704697986577
15 0.48455497382198953 0.5184563758389261 0.06387434554973823 0.40268456375838924
23 0.28848167539267017 0.6862416107382551 0.004188481675392671 0.05704697986577181
4 0.2950261780104712 0.6812080536912751 0.004712041884816754 0.06711409395973154
4 0.3007853403141361 0.6778523489932886 0.004188481675392671 0.05704697986577181
23 0.2769633507853403 0.6963087248322147 0.004188481675392671 0.05704697986577181
4 0.28272251308900526 0.6912751677852349 0.004712041884816754 0.06040268456375839
23 0.2717277486910995 0.6996644295302014 0.004188481675392671 0.06040268456375839
4 0.31963350785340316 0.6661073825503355 0.004712041884816754 0.06040268456375839
4 0.3138743455497382 0.6694630872483222 0.004712041884816754 0.06040268456375839
23 0.25732984293193717 0.714765100671141 0.009424083769633508 0.03355704697986577
23 0.3075916230366492 0.674496644295302 0.004712041884816754 0.06040268456375839
4 0.23534031413612566 0.7315436241610739 0.012041884816753926 0.0436241610738255
4 0.44842931937172775 0.5637583892617449 0.008376963350785341 0.026845637583892617
23 0.2468586387434555 0.7231543624161074 0.008900523560209424 0.030201342281879196
23 0.0306282722513089 0.8959731543624161 0.004188481675392671 0.05704697986577181
23 0.008376963350785341 0.9144295302013423 0.0031413612565445027 0.0436241610738255
23 0.014136125654450262 0.9161073825503355 0.0036649214659685864 0.04697986577181208
4 0.04869109947643979 0.8926174496644296 0.0036649214659685864 0.050335570469798654
4 0.06570680628272252 0.8791946308724832 0.004712041884816754 0.06375838926174497
4 0.05418848167539267 0.8875838926174496 0.004712041884816754 0.06040268456375839
4 0.059947643979057594 0.8842281879194631 0.004188481675392671 0.06375838926174497
4 0.08900523560209424 0.860738255033557 0.004188481675392671 0.06375838926174497
4 0.08350785340314136 0.8657718120805369 0.004188481675392671 0.06040268456375839
4 0.042408376963350786 0.8976510067114094 0.004712041884816754 0.06040268456375839
4 0.07146596858638743 0.8741610738255033 0.004712041884816754 0.06040268456375839
4 0.10052356020942409 0.8523489932885906 0.004712041884816754 0.06040268456375839
4 0.112565445026178 0.8422818791946308 0.004188481675392671 0.05704697986577181
4 0.07774869109947644 0.8691275167785235 0.004188481675392671 0.05704697986577181
4 0.10628272251308901 0.8506711409395973 0.0036649214659685864 0.05704697986577181
23 0.4094240837696335 0.6124161073825504 0.0036649214659685864 0.04697986577181208
4 0.09502617801047121 0.8590604026845637 0.004188481675392671 0.06040268456375839
23 0.4191099476439791 0.6040268456375839 0.0036649214659685864 0.04697986577181208
4 0.11832460732984293 0.8406040268456376 0.004188481675392671 0.06040268456375839
23 0.42905759162303664 0.5989932885906041 0.004188481675392671 0.050335570469798654
23 0.022774869109947644 0.9194630872483222 0.006806282722513089 0.020134228187919462
23 0.4238219895287958 0.6040268456375839 0.0036649214659685864 0.04697986577181208
23 0.4342931937172775 0.5956375838926175 0.0031413612565445027 0.0436241610738255
23 0.41465968586387436 0.610738255033557 0.0036649214659685864 0.04697986577181208
4 0.44162303664921465 0.5939597315436241 0.0036649214659685864 0.050335570469798654
23 0.37198952879581154 0.6476510067114094 0.009424083769633508 0.026845637583892617
4 0.17565445026178012 0.802013422818792 0.004712041884816754 0.06040268456375839
4 0.39790575916230364 0.62751677852349 0.004188481675392671 0.06040268456375839
23 0.18193717277486912 0.8003355704697986 0.004712041884816754 0.06040268456375839
23 0.17041884816753927 0.8104026845637584 0.005235602094240838 0.06375838926174497
23 0.21649214659685864 0.790268456375839 0.005235602094240838 0.05704697986577181
23 0.28036649214659687 0.7399328859060402 0.009424083769633508 0.030201342281879196
4 0.02905759162303665 0.947986577181208 0.008900523560209424 0.030201342281879196
4 0.36282722513089005 0.6895973154362416 0.0062827225130890054 0.0738255033557047
4 0.3738219895287958 0.6912751677852349 0.011518324607329843 0.0436241610738255
4 0.44973821989528795 0.6342281879194631 0.008900523560209424 0.030201342281879196
4 0.33036649214659686 0.7315436241610739 0.004712041884816754 0.06040268456375839
23 0.043717277486910996 0.9697986577181208 0.004188481675392671 0.05704697986577181
23 0.049476439790575914 0.9664429530201343 0.004188481675392671 0.05704697986577181
23 0.03848167539267016 0.9697986577181208 0.004712041884816754 0.053691275167785234
23 0.07853403141361257 0.9429530201342282 0.004712041884816754 0.05704697986577181
23 0.11335078534031413 0.9161073825503355 0.004188481675392671 0.06375838926174497
23 0.09005235602094241 0.9345637583892618 0.004712041884816754 0.06040268456375839
23 0.06727748691099476 0.9530201342281879 0.004188481675392671 0.05704697986577181
23 0.061518324607329845 0.9563758389261745 0.004188481675392671 0.053691275167785234
23 0.07277486910994764 0.947986577181208 0.004188481675392671 0.06040268456375839
23 0.08429319371727749 0.9379194630872483 0.004188481675392671 0.06040268456375839
23 0.10209424083769633 0.924496644295302 0.004188481675392671 0.05704697986577181
23 0.10759162303664921 0.9211409395973155 0.004712041884816754 0.06040268456375839
23 0.11910994764397906 0.9144295302013423 0.004712041884816754 0.06375838926174497
23 0.09633507853403141 0.9328859060402684 0.004188481675392671 0.06375838926174497
4 0.2662303664921466 0.802013422818792 0.01099476439790576 0.0436241610738255
4 0.2861256544502618 0.7869127516778524 0.01099476439790576 0.0436241610738255
4 0.026963350785340314 0.9815436241610739 0.016230366492146597 0.030201342281879196
23 0.3947643979057592 0.7046979865771812 0.009424083769633508 0.030201342281879196
23 0.1968586387434555 0.8708053691275168 0.004712041884816754 0.05704697986577181
4 0.21727748691099477 0.8573825503355704 0.005235602094240838 0.06040268456375839
23 0.1730366492146597 0.8959731543624161 0.004712041884816754 0.06040268456375839
4 0.16151832460732984 0.9144295302013423 0.015183246073298429 0.053691275167785234
23 0.4363874345549738 0.6996644295302014 0.0036649214659685864 0.050335570469798654
23 0.41596858638743456 0.7181208053691275 0.0036649214659685864 0.04697986577181208
23 0.4259162303664921 0.709731543624161 0.0036649214659685864 0.04697986577181208
23 0.41151832460732984 0.7214765100671141 0.0036649214659685864 0.050335570469798654
23 0.43115183246073296 0.7063758389261745 0.0036649214659685864 0.04697986577181208
23 0.40471204188481674 0.7298657718120806 0.004712041884816754 0.06375838926174497
23 0.4214659685863874 0.7181208053691275 0.0036649214659685864 0.050335570469798654
23 0.3955497382198953 0.7449664429530202 0.007853403141361256 0.026845637583892617
4 0.2670157068062827 0.8657718120805369 0.01099476439790576 0.040268456375838924
4 0.28717277486910997 0.8506711409395973 0.01099476439790576 0.0436241610738255
4 0.2534031413612565 0.8758389261744967 0.004712041884816754 0.05704697986577181
4 0.34528795811518326 0.8171140939597316 0.0062827225130890054 0.0738255033557047
4 0.3518324607329843 0.8120805369127517 0.004712041884816754 0.06040268456375839
4 0.3369109947643979 0.8238255033557047 0.006806282722513089 0.0738255033557047
23 0.3960732984293194 0.7818791946308725 0.008376963350785341 0.026845637583892617
23 0.24554973821989529 0.8993288590604027 0.008900523560209424 0.026845637583892617
23 0.23403141361256544 0.9093959731543624 0.009947643979057591 0.030201342281879196
23 0.19816753926701572 0.9395973154362416 0.004188481675392671 0.06375838926174497
4 0.4518324607329843 0.7432885906040269 0.009424083769633508 0.03355704697986577
23 0.15706806282722513 0.9748322147651006 0.005235602094240838 0.0436241610738255
23 0.17460732984293192 0.9681208053691275 0.005759162303664921 0.05704697986577181
4 0.18089005235602093 0.9681208053691275 0.004712041884816754 0.06040268456375839
23 0.3973821989528796 0.8104026845637584 0.009947643979057591 0.030201342281879196
23 0.5303664921465968 0.7063758389261745 0.008900523560209424 0.030201342281879196
4 0.5657068062827225 0.6812080536912751 0.009424083769633508 0.03355704697986577
23 0.5452879581151833 0.714765100671141 0.004188481675392671 0.06040268456375839
4 0.49240837696335077 0.7634228187919463 0.005235602094240838 0.05704697986577181
4 0.25287958115183246 0.9580536912751678 0.009424083769633508 0.030201342281879196
4 0.5306282722513089 0.7466442953020134 0.008900523560209424 0.030201342281879196
4 0.5664921465968586 0.7181208053691275 0.007329842931937173 0.02348993288590604
4 0.23036649214659685 0.9848993288590604 0.009424083769633508 0.02348993288590604
4 0.38089005235602097 0.9211409395973155 0.008376963350785341 0.1040268456375839
4 0.3725130890052356 0.947986577181208 0.0062827225130890054 0.0738255033557047
4 0.36596858638743457 0.959731543624161 0.004188481675392671 0.05704697986577181
4 0.3589005235602094 0.9630872483221476 0.006806282722513089 0.06711409395973154
4 0.041623036649214656 0.4513422818791946 0.01099476439790576 0.0436241610738255
4 0.004450261780104712 0.4865771812080537 0.008900523560209424 0.03355704697986577
4 0.026701570680628273 0.4664429530201342 0.009424083769633508 0.03355704697986577
4 0.16858638743455498 0.35906040268456374 0.009947643979057591 0.030201342281879196
4 0.22591623036649214 0.31711409395973156 0.011518324607329843 0.040268456375838924
4 0.21099476439790577 0.33221476510067116 0.009424083769633508 0.03355704697986577
4 0.18795811518324607 0.35067114093959734 0.009424083769633508 0.03691275167785235
4 0.35130890052356023 0.2214765100671141 0.008900523560209424 0.03355704697986577
4 0.40890052356020945 0.18288590604026847 0.01099476439790576 0.0436241610738255
4 0.3714659685863874 0.21308724832214765 0.008900523560209424 0.03355704697986577
4 0.3934554973821989 0.19463087248322147 0.009947643979057591 0.03355704697986577
4 0.5342931937172775 0.087248322147651 0.008900523560209424 0.030201342281879196
4 0.5921465968586388 0.04865771812080537 0.012565445026178011 0.050335570469798654
4 0.5541884816753927 0.07885906040268456 0.009424083769633508 0.03691275167785235
4 0.5772251308900523 0.06375838926174497 0.009947643979057591 0.03355704697986577
4 0.0015706806282722514 0.5570469798657718 0.0031413612565445027 0.03355704697986577