4 0.833156779661017 0.25555555555555554 0.003707627118644068 0.06296296296296296
4 0.7478813559322034 0.2518518518518518 0.003707627118644068 0.05925925925925926
4 0.9475635593220338 0.2759259259259259 0.0026483050847457626 0.04814814814814815
4 0.5722987288135594 0.23148148148148148 0.0031779661016949155 0.05555555555555555
4 0.8204449152542372 0.2611111111111111 0.0031779661016949155 0.05925925925925926
23 0.9427966101694916 0.2759259259259259 0.0026483050847457626 0.05555555555555555
23 0.9385593220338984 0.2759259259259259 0.0031779661016949155 0.05555555555555555
23 0.9523305084745762 0.2777777777777778 0.0031779661016949155 0.05555555555555555
4 0.6295021186440678 0.24259259259259258 0.0026483050847457626 0.05925925925925926
4 0.8034957627118644 0.26296296296296295 0.0031779661016949155 0.05555555555555555
4 0.10566737288135593 0.17777777777777778 0.003707627118644068 0.05925925925925926
4 0.8135593220338984 0.26481481481481484 0.0031779661016949155 0.05925925925925926
4 0.0993114406779661 0.17777777777777778 0.0026483050847457626 0.05555555555555555
4 0.3895656779661017 0.21296296296296297 0.0031779661016949155 0.05185185185185185
4 0.5860699152542372 0.23703703703703705 0.0026483050847457626 0.05555555555555555
4 0.7653601694915254 0.2574074074074074 0.0031779661016949155 0.05185185185185185
23 0.2174258474576271 0.19444444444444445 0.00211864406779661 0.05185185185185185
23 0.22166313559322035 0.1962962962962963 0.0031779661016949155 0.05555555555555555
23 0.21371822033898305 0.19444444444444445 0.0026483050847457626 0.05555555555555555
4 0.4563029661016949 0.22407407407407406 0.0031779661016949155 0.06296296296296296
4 0.2089512711864407 0.19444444444444445 0.0026483050847457626 0.05555555555555555
4 0.8601694915254238 0.2740740740740741 0.0031779661016949155 0.04814814814814815
4 0.2751588983050847 0.20185185185185187 0.0026483050847457626 0.05555555555555555
4 0.2597987288135593 0.2 0.0031779661016949155 0.05925925925925926
4 0.2693326271186441 0.20555555555555555 0.0026483050847457626 0.05555555555555555
4 0.847457627118644 0.2759259259259259 0.0026483050847457626 0.05555555555555555
23 0.864406779661017 0.2777777777777778 0.0026483050847457626 0.05185185185185185
4 0.8559322033898306 0.2759259259259259 0.0026483050847457626 0.05185185185185185
4 0.4070444915254237 0.2222222222222222 0.0031779661016949155 0.05555555555555555
23 0.23172669491525424 0.2 0.0026483050847457626 0.05185185185185185
4 0.22695974576271186 0.2 0.0026483050847457626 0.05185185185185185
4 0.5227754237288136 0.26481481481481484 0.0031779661016949155 0.05925925925925926
4 0.5164194915254238 0.26851851851851855 0.0031779661016949155 0.06296296296296296
4 0.5360169491525424 0.28888888888888886 0.00847457627118644 0.022222222222222223
4 0.02754237288135593 0.2388888888888889 0.00847457627118644 0.022222222222222223
23 0.2629766949152542 0.3592592592592593 0.009004237288135594 0.02962962962962963
23 0.2264300847457627 0.3592592592592593 0.003707627118644068 0.05555555555555555
4 0.8569915254237288 0.4777777777777778 0.007415254237288136 0.025925925925925925
23 0.8638771186440678 0.48148148148148145 0.0026483050847457626 0.06296296296296296
4 0.7574152542372882 0.4722222222222222 0.0031779661016949155 0.06296296296296296
4 0.7484110169491526 0.4740740740740741 0.0031779661016949155 0.05555555555555555
4 0.753177966101695 0.4759259259259259 0.0026483050847457626 0.06296296296296296
23 0.8352754237288136 0.48518518518518516 0.006885593220338983 0.022222222222222223
23 0.8453389830508474 0.49074074074074076 0.007944915254237288 0.022222222222222223
4 0.8363347457627118 0.5148148148148148 0.006885593220338983 0.022222222222222223
23 0.4835805084745763 0.48333333333333334 0.00847457627118644 0.014814814814814815
4 0.4724576271186441 0.48148148148148145 0.007415254237288136 0.022222222222222223
23 0.8522245762711864 0.5277777777777778 0.0026483050847457626 0.05555555555555555
4 0.8564618644067796 0.5277777777777778 0.0031779661016949155 0.05555555555555555
23 0.9639830508474576 0.5462962962962963 0.0031779661016949155 0.05555555555555555
23 0.9682203389830508 0.5462962962962963 0.0026483050847457626 0.05555555555555555
23 0.972457627118644 0.55 0.00211864406779661 0.04814814814814815
4 0.566207627118644 0.5074074074074074 0.00847457627118644 0.022222222222222223
23 0.8628177966101694 0.5481481481481482 0.0026483050847457626 0.04814814814814815
15 0.5286016949152542 0.5222222222222223 0.05296610169491525 0.3814814814814815
23 0.8283898305084746 0.562962962962963 0.0026483050847457626 0.05185185185185185
4 0.8241525423728814 0.5611111111111111 0.0031779661016949155 0.05185185185185185
23 0.8411016949152542 0.562962962962963 0.0031779661016949155 0.05185185185185185
4 0.836864406779661 0.5666666666666667 0.0031779661016949155 0.05555555555555555
23 0.8326271186440678 0.5666666666666667 0.0026483050847457626 0.05185185185185185
4 0.819385593220339 0.5648148148148148 0.0031779661016949155 0.05555555555555555
23 0.846927966101695 0.5685185185185185 0.0026483050847457626 0.05555555555555555
4 0.5667372881355932 0.5370370370370371 0.00847457627118644 0.022222222222222223
23 0.894332627118644 0.5777777777777777 0.0026483050847457626 0.05185185185185185
23 0.9759004237288136 0.587037037037037 0.0026483050847457626 0.05185185185185185
23 0.4655720338983051 0.5259259259259259 0.0031779661016949155 0.05925925925925926
4 0.4925847457627119 0.5333333333333333 0.0031779661016949155 0.05925925925925926
23 0.4692796610169492 0.5296296296296297 0.00211864406779661 0.05925925925925926
23 0.4777542372881356 0.5314814814814814 0.0026483050847457626 0.05925925925925926
23 0.486228813559322 0.5314814814814814 0.00211864406779661 0.05925925925925926
23 0.4740466101694915 0.5333333333333333 0.0031779661016949155 0.05555555555555555
23 0.7259004237288136 0.575925925925926 0.003707627118644068 0.05555555555555555
23 0.8847987288135594 0.6055555555555555 0.003707627118644068 0.05555555555555555
23 0.8890360169491526 0.6111111111111112 0.0026483050847457626 0.05555555555555555
23 0.8328919491525424 0.6296296296296297 0.007415254237288136 0.014814814814814815
23 0.963718220338983 0.6611111111111111 0.0031779661016949155 0.05555555555555555
23 0.9679555084745762 0.6611111111111111 0.0031779661016949155 0.06296296296296296
4 0.5627648305084746 0.6222222222222222 0.00847457627118644 0.022222222222222223
4 0.5871292372881356 0.6333333333333333 0.005296610169491525 0.0962962962962963
15 0.8583156779661016 0.6666666666666666 0.015360169491525424 0.10740740740740741
4 0.8885063559322034 0.6777777777777778 0.013241525423728813 0.037037037037037035
4 0.8996292372881356 0.6777777777777778 0.006355932203389831 0.08888888888888889
4 0.8789724576271186 0.6759259259259259 0.0031779661016949155 0.05555555555555555
4 0.9070444915254238 0.6796296296296296 0.005826271186440678 0.08888888888888889
4 0.9139300847457628 0.6796296296296296 0.005826271186440678 0.08888888888888889
23 0.8395127118644068 0.6814814814814815 0.0031779661016949155 0.05185185185185185
23 0.8352754237288136 0.6851851851851852 0.0026483050847457626 0.05185185185185185
4 0.5627648305084746 0.6518518518518519 0.00847457627118644 0.022222222222222223
4 0.823093220338983 0.6944444444444444 0.005296610169491525 0.08888888888888889
4 0.829978813559322 0.6962962962962963 0.005826271186440678 0.08888888888888889
4 0.5619703389830508 0.6851851851851852 0.00847457627118644 0.022222222222222223
23 0.8792372881355932 0.7240740740740741 0.007944915254237288 0.014814814814814815
4 0.4915254237288136 0.6833333333333333 0.007415254237288136 0.022222222222222223
4 0.9311440677966102 0.7444444444444445 0.006355932203389831 0.09259259259259259
4 0.9385593220338984 0.75 0.006885593220338983 0.09259259259259259
23 0.4772245762711864 0.7055555555555556 0.0031779661016949155 0.05555555555555555
23 0.4729872881355932 0.7074074074074074 0.0031779661016949155 0.05925925925925926
4 0.9157838983050848 0.7796296296296297 0.006355932203389831 0.08888888888888889
4 0.8879766949152542 0.8037037037037037 0.007415254237288136 0.022222222222222223
4 0.8789724576271186 0.8018518518518518 0.007944915254237288 0.022222222222222223
23 0.503707627118644 0.7592592592592593 0.007415254237288136 0.018518518518518517
23 0.5259533898305084 0.762962962962963 0.007944915254237288 0.018518518518518517
23 0.5376059322033898 0.762962962962963 0.007415254237288136 0.014814814814814815
23 0.8408368644067796 0.8111111111111111 0.0026483050847457626 0.05925925925925926
4 0.8260063559322034 0.8148148148148148 0.003707627118644068 0.05555555555555555
23 0.8355402542372882 0.8148148148148148 0.0026483050847457626 0.05555555555555555
4 0.831302966101695 0.8148148148148148 0.003707627118644068 0.05555555555555555
23 0.5103283898305084 0.7870370370370371 0.007415254237288136 0.018518518518518517
23 0.5309851694915254 0.7888888888888889 0.007415254237288136 0.018518518518518517
23 0.5474046610169492 0.7907407407407407 0.007944915254237288 0.018518518518518517
23 0.8789724576271186 0.8351851851851851 0.007944915254237288 0.018518518518518517
23 0.8879766949152542 0.837037037037037 0.007415254237288136 0.014814814814814815
23 0.4970868644067797 0.7888888888888889 0.007415254237288136 0.022222222222222223
23 0.5198622881355932 0.7907407407407407 0.007415254237288136 0.014814814814814815
4 0.612552966101695 0.8018518518518518 0.005826271186440678 0.0962962962962963
4 0.8789724576271186 0.8648148148148148 0.007415254237288136 0.018518518518518517
23 0.9282309322033898 0.8740740740740741 0.003707627118644068 0.05925925925925926
23 0.9367055084745762 0.8759259259259259 0.0031779661016949155 0.05555555555555555
23 0.932468220338983 0.8796296296296297 0.0026483050847457626 0.05555555555555555
4 0.8853283898305084 0.8833333333333333 0.0026483050847457626 0.05185185185185185
4 0.84375 0.8981481481481481 0.006355932203389831 0.0962962962962963
4 0.8363347457627118 0.9 0.005296610169491525 0.0962962962962963
23 0.8675847457627118 0.9481481481481482 0.0026483050847457626 0.04814814814814815
23 0.8728813559322034 0.9537037037037037 0.0031779661016949155 0.05555555555555555
23 0.9459745762711864 0.9611111111111111 0.0031779661016949155 0.05925925925925926
23 0.9417372881355932 0.9648148148148148 0.0026483050847457626 0.05555555555555555
4 0.9507415254237288 0.9666666666666667 0.003707627118644068 0.05925925925925926
23 0.722457627118644 0.9425925925925925 0.0026483050847457626 0.05925925925925926
23 0.7272245762711864 0.9425925925925925 0.0031779661016949155 0.05555555555555555
23 0.9036016949152542 0.9685185185185186 0.0031779661016949155 0.05555555555555555
23 0.9120762711864406 0.9685185185185186 0.0026483050847457626 0.05555555555555555
4 0.899364406779661 0.9666666666666667 0.0026483050847457626 0.05185185185185185
23 0.908103813559322 0.9685185185185186 0.003707627118644068 0.05555555555555555
4 0.9359110169491526 0.9648148148148148 0.006355932203389831 0.06296296296296296
7 0.5423728813559322 0.9555555555555556 0.1281779661016949 0.08148148148148149
4 0.8551377118644068 0.19444444444444445 0.009004237288135594 0.025925925925925925
4 0.9849046610169492 0.2222222222222222 0.007415254237288136 0.018518518518518517
4 0.862552966101695 0.2111111111111111 0.0031779661016949155 0.05185185185185185
4 0.8477224576271186 0.21296296296296297 0.0031779661016949155 0.05185185185185185
4 0.9096927966101694 0.22037037037037038 0.0031779661016949155 0.05555555555555555
4 0.9414724576271186 0.22777777777777777 0.007415254237288136 0.022222222222222223
4 0.2153072033898305 0.1425925925925926 0.00847457627118644 0.022222222222222223
4 0.8551377118644068 0.22777777777777777 0.009533898305084746 0.022222222222222223
23 0.8927436440677966 0.24074074074074073 0.0031779661016949155 0.05555555555555555
4 0.9827860169491526 0.25555555555555554 0.007415254237288136 0.018518518518518517
23 0.6734639830508474 0.22037037037037038 0.0031779661016949155 0.05925925925925926
23 0.668697033898305 0.22407407407407406 0.004766949152542373 0.06296296296296296
4 0.028336864406779662 0.15 0.007944915254237288 0.022222222222222223
4 0.9947033898305084 0.2722222222222222 0.0026483050847457626 0.05555555555555555