4 0.7723214285714286 0.7258620689655172 0.005456349206349206 0.06206896551724138
4 0.6949404761904762 0.5879310344827586 0.005456349206349206 0.05862068965517241
4 0.8754960317460317 0.9241379310344827 0.003968253968253968 0.04827586206896552
4 0.5357142857142857 0.2913793103448276 0.00496031746031746 0.05517241379310345
4 0.7604166666666666 0.7103448275862069 0.00496031746031746 0.05862068965517241
23 0.871031746031746 0.9172413793103448 0.004464285714285714 0.05517241379310345
23 0.8673115079365079 0.9086206896551724 0.00496031746031746 0.05517241379310345
23 0.8797123015873016 0.9327586206896552 0.00496031746031746 0.05517241379310345
4 0.5873015873015873 0.3913793103448276 0.004464285714285714 0.05862068965517241
4 0.7450396825396826 0.6844827586206896 0.00496031746031746 0.05517241379310345
4 0.7542162698412699 0.7017241379310345 0.00496031746031746 0.05862068965517241
4 0.3705357142857143 0.008620689655172414 0.00496031746031746 0.017241379310344827
4 0.5481150793650794 0.31896551724137934 0.004464285714285714 0.05517241379310345
4 0.7105654761904762 0.6206896551724138 0.004464285714285714 0.05172413793103448
4 0.4305555555555556 0.10344827586206896 0.00496031746031746 0.06206896551724138
4 0.7961309523809523 0.7844827586206896 0.004464285714285714 0.04827586206896552
4 0.7844742063492064 0.7655172413793103 0.004464285714285714 0.05517241379310345
23 0.7998511904761905 0.7948275862068965 0.003968253968253968 0.05172413793103448
4 0.7921626984126984 0.7793103448275862 0.003968253968253968 0.05172413793103448
4 0.3861607142857143 0.02586206896551724 0.005456349206349206 0.05172413793103448
4 0.4898313492063492 0.24482758620689654 0.00496031746031746 0.05862068965517241
4 0.48387896825396826 0.23793103448275862 0.00496031746031746 0.06206896551724138
4 0.5009920634920635 0.28793103448275864 0.008432539682539682 0.034482758620689655
4 0.7867063492063492 0.9620689655172414 0.00744047619047619 0.034482758620689655
23 0.7931547619047619 0.9706896551724138 0.00496031746031746 0.05172413793103448
4 0.6964285714285714 0.8017241379310345 0.00496031746031746 0.06206896551724138
4 0.6879960317460317 0.7896551724137931 0.00496031746031746 0.05517241379310345
4 0.6924603174603174 0.7982758620689655 0.004464285714285714 0.06206896551724138
23 0.7666170634920635 0.9362068965517242 0.006944444444444444 0.03103448275862069
23 0.7755456349206349 0.9568965517241379 0.007936507936507936 0.034482758620689655
4 0.7666170634920635 0.9637931034482758 0.006944444444444444 0.03103448275862069
23 0.44717261904761907 0.3793103448275862 0.007936507936507936 0.027586206896551724
4 0.43700396825396826 0.3620689655172414 0.00744047619047619 0.03103448275862069
23 0.7807539682539683 0.9844827586206897 0.00496031746031746 0.02413793103448276
4 0.7844742063492064 0.9879310344827587 0.005456349206349206 0.017241379310344827
4 0.5213293650793651 0.5327586206896552 0.008432539682539682 0.034482758620689655
15 0.48660714285714285 0.4862068965517241 0.06001984126984127 0.4241379310344828
23 0.7576884920634921 0.9827586206896551 0.004464285714285714 0.027586206896551724
4 0.753968253968254 0.9793103448275862 0.00496031746031746 0.034482758620689655
4 0.765625 0.9896551724137931 0.005456349206349206 0.013793103448275862
23 0.761656746031746 0.9879310344827587 0.004464285714285714 0.017241379310344827
4 0.7497519841269841 0.9758620689655172 0.005456349206349206 0.041379310344827586
4 0.5208333333333334 0.5603448275862069 0.008432539682539682 0.034482758620689655
23 0.42931547619047616 0.3896551724137931 0.00496031746031746 0.05862068965517241
4 0.45362103174603174 0.4379310344827586 0.00496031746031746 0.05862068965517241
23 0.43253968253968256 0.4 0.003968253968253968 0.05517241379310345
23 0.4402281746031746 0.41379310344827586 0.004464285714285714 0.05862068965517241
23 0.4479166666666667 0.42758620689655175 0.003968253968253968 0.05517241379310345
23 0.4367559523809524 0.4103448275862069 0.00496031746031746 0.05517241379310345
23 0.6644345238095238 0.8448275862068966 0.005456349206349206 0.05517241379310345
4 0.5143849206349206 0.6310344827586207 0.008432539682539682 0.034482758620689655
4 0.5362103174603174 0.6775862068965517 0.007936507936507936 0.09655172413793103
4 0.5133928571428571 0.656896551724138 0.008432539682539682 0.034482758620689655
4 0.5119047619047619 0.6862068965517242 0.008432539682539682 0.034482758620689655
4 0.4479166666666667 0.5741379310344827 0.00744047619047619 0.03103448275862069
23 0.4340277777777778 0.5706896551724138 0.00496031746031746 0.05517241379310345
23 0.43005952380952384 0.5655172413793104 0.00496031746031746 0.05862068965517241
23 0.45634920634920634 0.6620689655172414 0.00744047619047619 0.027586206896551724
23 0.47643849206349204 0.6982758620689655 0.007936507936507936 0.03103448275862069
23 0.4868551587301587 0.7189655172413794 0.00744047619047619 0.02413793103448276
23 0.4615575396825397 0.696551724137931 0.00744047619047619 0.027586206896551724
23 0.48040674603174605 0.7310344827586207 0.00744047619047619 0.027586206896551724
23 0.49503968253968256 0.7586206896551724 0.007936507936507936 0.03103448275862069
23 0.4494047619047619 0.6775862068965517 0.00744047619047619 0.03103448275862069
23 0.47023809523809523 0.7155172413793104 0.00744047619047619 0.02413793103448276
4 0.5540674603174603 0.8724137931034482 0.008432539682539682 0.09655172413793103
7 0.48387896825396826 0.8793103448275862 0.1195436507936508 0.23448275862068965
4 0.7941468253968254 0.7051724137931035 0.008928571428571428 0.03793103448275862
4 0.9109623015873016 0.9344827586206896 0.00744047619047619 0.027586206896551724
4 0.8003472222222222 0.7310344827586207 0.004464285714285714 0.05172413793103448
4 0.7867063492063492 0.7086206896551724 0.004464285714285714 0.05172413793103448
4 0.8427579365079365 0.8137931034482758 0.00496031746031746 0.05517241379310345
4 0.8712797619047619 0.8706896551724138 0.00744047619047619 0.03103448275862069
4 0.792906746031746 0.7344827586206897 0.009424603174603174 0.034482758620689655
23 0.8266369047619048 0.8051724137931034 0.00496031746031746 0.05517241379310345
4 0.9079861111111112 0.9603448275862069 0.00744047619047619 0.027586206896551724
23 0.6279761904761905 0.4413793103448276 0.00496031746031746 0.05862068965517241
23 0.6235119047619048 0.4379310344827586 0.006448412698412698 0.06551724137931035
4 0.9186507936507936 0.9810344827586207 0.00496031746031746 0.03103448275862069