23 0.859251968503937 0.20163170163170163 0.013779527559055118 0.006993006993006993
23 0.7854330708661418 0.1864801864801865 0.014763779527559055 0.01048951048951049
4 0.8863188976377953 0.22319347319347319 0.018700787401574805 0.013986013986013986
23 0.7485236220472441 0.19289044289044288 0.013779527559055118 0.009324009324009324
23 0.8528543307086615 0.2202797202797203 0.021653543307086614 0.013986013986013986
23 0.781496062992126 0.20512820512820512 0.011811023622047244 0.01048951048951049
23 0.7234251968503937 0.19114219114219114 0.00984251968503937 0.019813519813519812
23 0.7106299212598425 0.18997668997668998 0.00984251968503937 0.02564102564102564
4 0.6963582677165354 0.18822843822843824 0.010826771653543307 0.022144522144522144
4 0.6658464566929134 0.1893939393939394 0.017716535433070866 0.015151515151515152
4 0.8823818897637795 0.2465034965034965 0.023622047244094488 0.018648018648018648
4 0.8499015748031497 0.23892773892773891 0.014763779527559055 0.01048951048951049
23 0.7455708661417323 0.21328671328671328 0.018700787401574805 0.011655011655011656
4 0.8100393700787402 0.23193473193473194 0.018700787401574805 0.013986013986013986
4 0.7785433070866141 0.22494172494172493 0.021653543307086614 0.015151515151515152
23 0.8474409448818898 0.25874125874125875 0.01673228346456693 0.011655011655011656
4 0.8774606299212598 0.2668997668997669 0.023622047244094488 0.022144522144522144
4 0.7411417322834646 0.2365967365967366 0.021653543307086614 0.015151515151515152
23 0.718011811023622 0.2400932400932401 0.00984251968503937 0.02097902097902098
23 0.843996062992126 0.27214452214452217 0.012795275590551181 0.008158508158508158
4 0.6609251968503937 0.2266899766899767 0.02066929133858268 0.016317016317016316
23 0.7367125984251969 0.2534965034965035 0.02066929133858268 0.01282051282051282
4 0.8720472440944882 0.2931235431235431 0.023622047244094488 0.017482517482517484
23 0.8395669291338582 0.2907925407925408 0.014763779527559055 0.008158508158508158
4 0.6860236220472441 0.25582750582750585 0.0265748031496063 0.022144522144522144
23 0.7332677165354331 0.2698135198135198 0.023622047244094488 0.015151515151515152
23 0.8011811023622047 0.28846153846153844 0.018700787401574805 0.011655011655011656
4 0.7642716535433071 0.28088578088578087 0.018700787401574805 0.015151515151515152
4 0.8695866141732284 0.3123543123543124 0.018700787401574805 0.013986013986013986
23 0.8375984251968503 0.30594405594405594 0.013779527559055118 0.009324009324009324
23 0.7106299212598425 0.2762237762237762 0.008858267716535433 0.02564102564102564
23 0.7593503937007874 0.2948717948717949 0.01968503937007874 0.013986013986013986
23 0.7317913385826772 0.2878787878787879 0.017716535433070866 0.01282051282051282
23 0.797244094488189 0.30477855477855476 0.022637795275590553 0.013986013986013986
23 0.8371062992125984 0.3245920745920746 0.011811023622047244 0.008158508158508158
4 0.8641732283464567 0.3339160839160839 0.01968503937007874 0.015151515151515152
4 0.7268700787401575 0.30594405594405594 0.018700787401574805 0.011655011655011656
7 0.9340551181102362 0.3677156177156177 0.10531496062992125 0.26573426573426573
23 0.8622047244094488 0.3543123543123543 0.01673228346456693 0.009324009324009324
4 0.7529527559055118 0.32925407925407923 0.018700787401574805 0.01282051282051282
15 0.7962598425196851 0.3409090909090909 0.028543307086614175 0.026806526806526808
4 0.8366141732283464 0.3525641025641026 0.008858267716535433 0.019813519813519812
23 0.7224409448818898 0.32400932400932403 0.015748031496062992 0.011655011655011656
4 0.6456692913385826 0.3123543123543124 0.0265748031496063 0.02564102564102564
4 0.6860236220472441 0.32575757575757575 0.027559055118110236 0.024475524475524476
23 0.8646653543307087 0.3741258741258741 0.012795275590551181 0.01048951048951049
23 0.7470472440944882 0.34557109557109555 0.021653543307086614 0.01282051282051282
23 0.719488188976378 0.34207459207459207 0.013779527559055118 0.01048951048951049
23 0.7937992125984252 0.3717948717948718 0.017716535433070866 0.013986013986013986
23 0.8582677165354331 0.38927738927738925 0.013779527559055118 0.009324009324009324
7 0.34005905511811024 0.25932400932400934 0.27755905511811024 0.15268065268065267
4 0.7583661417322834 0.36655011655011654 0.017716535433070866 0.01282051282051282
23 0.7086614173228346 0.36655011655011654 0.008858267716535433 0.018648018648018648
4 0.6377952755905512 0.34965034965034963 0.023622047244094488 0.024475524475524476
4 0.6796259842519685 0.3618881118881119 0.022637795275590553 0.019813519813519812
4 0.828248031496063 0.40792540792540793 0.011811023622047244 0.024475524475524476
23 0.8582677165354331 0.4160839160839161 0.012795275590551181 0.02564102564102564
4 0.8100393700787402 0.40559440559440557 0.010826771653543307 0.02564102564102564
23 0.8420275590551181 0.4149184149184149 0.00984251968503937 0.024475524475524476
4 0.7406496062992126 0.391025641025641 0.0344488188976378 0.0337995337995338
4 0.6318897637795275 0.38461538461538464 0.021653543307086614 0.022144522144522144
4 0.6737204724409449 0.3951048951048951 0.02066929133858268 0.019813519813519812
4 0.8361220472440944 0.4731934731934732 0.022637795275590553 0.015151515151515152
4 0.8075787401574803 0.46911421911421913 0.01968503937007874 0.013986013986013986
23 0.8351377952755905 0.4959207459207459 0.01968503937007874 0.016317016317016316
4 0.8095472440944882 0.4976689976689977 0.00984251968503937 0.02097902097902098
4 0.8316929133858267 0.5093240093240093 0.01968503937007874 0.01282051282051282
23 0.71998031496063 0.09265734265734266 0.017716535433070866 0.01048951048951049
23 0.8690944881889764 0.13053613053613053 0.01673228346456693 0.011655011655011656
4 0.8976377952755905 0.1381118881118881 0.024606299212598427 0.019813519813519812
23 0.8410433070866141 0.1252913752913753 0.012795275590551181 0.01048951048951049
4 0.7750984251968503 0.10897435897435898 0.022637795275590553 0.016317016317016316
23 0.8095472440944882 0.11771561771561771 0.015748031496062992 0.01048951048951049
23 0.42618110236220474 0.5157342657342657 0.01673228346456693 0.015151515151515152
23 0.3676181102362205 0.5087412587412588 0.01673228346456693 0.015151515151515152
23 0.05708661417322835 0.43123543123543123 0.01968503937007874 0.013986013986013986
4 0.15206692913385828 0.4586247086247086 0.0344488188976378 0.023310023310023312
23 0.38779527559055116 0.5250582750582751 0.014763779527559055 0.016317016317016316
23 0.08710629921259842 0.4627039627039627 0.011811023622047244 0.027972027972027972
23 0.14960629921259844 0.4819347319347319 0.018700787401574805 0.011655011655011656
23 0.46948818897637795 0.5652680652680653 0.010826771653543307 0.024475524475524476
23 0.48572834645669294 0.5693473193473193 0.00984251968503937 0.02097902097902098
23 0.500492125984252 0.5728438228438228 0.006889763779527559 0.019813519813519812
4 0.5201771653543307 0.578088578088578 0.02066929133858268 0.019813519813519812
15 0.054133858267716536 0.460955710955711 0.0265748031496063 0.037296037296037296
23 0.4552165354330709 0.5635198135198135 0.011811023622047244 0.026806526806526808
23 0.43553149606299213 0.5728438228438228 0.008858267716535433 0.019813519813519812
23 0.42273622047244097 0.5705128205128205 0.010826771653543307 0.022144522144522144
23 0.8075787401574803 0.671911421911422 0.010826771653543307 0.02097902097902098
23 0.7937992125984252 0.6695804195804196 0.00984251968503937 0.024475524475524476
23 0.4035433070866142 0.574009324009324 0.011811023622047244 0.01282051282051282
4 0.38188976377952755 0.5687645687645687 0.011811023622047244 0.022144522144522144
23 0.3248031496062992 0.5559440559440559 0.014763779527559055 0.019813519813519812
23 0.34891732283464566 0.5623543123543123 0.012795275590551181 0.015151515151515152
4 0.3676181102362205 0.5675990675990676 0.011811023622047244 0.02097902097902098
4 0.6122047244094488 0.6334498834498834 0.01968503937007874 0.013986013986013986
4 0.4936023622047244 0.6142191142191142 0.008858267716535433 0.02097902097902098
4 0.5083661417322834 0.6194638694638694 0.008858267716535433 0.02097902097902098
23 0.546751968503937 0.6311188811188811 0.02066929133858268 0.027972027972027972
4 0.2829724409448819 0.5658508158508159 0.011811023622047244 0.024475524475524476
4 0.3001968503937008 0.5710955710955711 0.013779527559055118 0.026806526806526808
15 0.04330708661417323 0.5116550116550117 0.025590551181102362 0.04079254079254079
23 0.7608267716535433 0.6940559440559441 0.00984251968503937 0.022144522144522144
23 0.7746062992125984 0.6975524475524476 0.00984251968503937 0.023310023310023312
4 0.7883858267716536 0.7033799533799534 0.00984251968503937 0.018648018648018648
4 0.8041338582677166 0.7074592074592074 0.00984251968503937 0.019813519813519812
4 0.7391732283464567 0.11421911421911422 0.01968503937007874 0.038461538461538464
4 0.6786417322834646 0.6783216783216783 0.011811023622047244 0.023310023310023312
23 0.7145669291338582 0.10955710955710955 0.01968503937007874 0.011655011655011656
4 0.08612204724409449 0.5431235431235432 0.02952755905511811 0.018648018648018648
4 0.5585629921259843 0.6684149184149184 0.008858267716535433 0.02097902097902098
4 0.7642716535433071 0.722027972027972 0.012795275590551181 0.008158508158508158
23 0.8371062992125984 0.14102564102564102 0.014763779527559055 0.01048951048951049
4 0.5447834645669292 0.6678321678321678 0.00984251968503937 0.023310023310023312
4 0.13631889763779528 0.5675990675990676 0.018700787401574805 0.011655011655011656
4 0.5177165354330708 0.6643356643356644 0.00984251968503937 0.019813519813519812
4 0.5024606299212598 0.6625874125874126 0.006889763779527559 0.018648018648018648
23 0.7839566929133859 0.7348484848484849 0.010826771653543307 0.024475524475524476
23 0.8656496062992126 0.14918414918414918 0.014763779527559055 0.01048951048951049
15 0.7125984251968503 0.722027972027972 0.05019685039370079 0.05944055944055944
23 0.0797244094488189 0.5635198135198135 0.02066929133858268 0.01282051282051282
4 0.6648622047244095 0.710955710955711 0.018700787401574805 0.013986013986013986
23 0.27263779527559057 0.6118881118881119 0.013779527559055118 0.018648018648018648
23 0.7613188976377953 0.7395104895104895 0.012795275590551181 0.01048951048951049
23 0.8100393700787402 0.13636363636363635 0.01673228346456693 0.011655011655011656
23 0.13385826771653545 0.5885780885780886 0.014763779527559055 0.011655011655011656
23 0.5625 0.6963869463869464 0.02066929133858268 0.013986013986013986
23 0.5344488188976378 0.6905594405594405 0.012795275590551181 0.008158508158508158
23 0.7578740157480315 0.754079254079254 0.014763779527559055 0.01282051282051282
23 0.5059055118110236 0.6905594405594405 0.018700787401574805 0.01282051282051282
23 0.6619094488188977 0.7301864801864801 0.018700787401574805 0.01048951048951049
4 0.8956692913385826 0.15967365967365968 0.021653543307086614 0.017482517482517484
23 0.2677165354330709 0.6351981351981352 0.013779527559055118 0.018648018648018648
23 0.7780511811023622 0.7703962703962703 0.010826771653543307 0.024475524475524476
23 0.004921259842519685 0.581002331002331 0.00984251968503937 0.024475524475524476
23 0.6604330708661418 0.7465034965034965 0.013779527559055118 0.009324009324009324
4 0.7563976377952756 0.7721445221445221 0.015748031496062992 0.01048951048951049
23 0.5511811023622047 0.7255244755244755 0.01968503937007874 0.027972027972027972
15 0.1294291338582677 0.6223776223776224 0.02952755905511811 0.04428904428904429
23 0.2637795275590551 0.6608391608391608 0.013779527559055118 0.018648018648018648
23 0.7701771653543307 0.798951048951049 0.01968503937007874 0.01282051282051282
4 0.7367125984251969 0.7931235431235432 0.015748031496062992 0.01282051282051282
23 0.7150590551181102 0.7907925407925408 0.010826771653543307 0.022144522144522144
23 0.7002952755905512 0.7872960372960373 0.010826771653543307 0.02564102564102564
23 0.6875 0.7855477855477856 0.011811023622047244 0.023310023310023312
4 0.6712598425196851 0.7826340326340326 0.011811023622047244 0.026806526806526808
4 0.6476377952755905 0.7768065268065268 0.010826771653543307 0.023310023310023312
15 0.3843503937007874 0.7121212121212122 0.2047244094488189 0.2400932400932401
7 0.8553149606299213 0.833916083916084 0.10137795275590551 0.2703962703962704
4 0.500492125984252 0.747086247086247 0.00984251968503937 0.023310023310023312
4 0.515255905511811 0.7511655011655012 0.008858267716535433 0.022144522144522144
23 0.25984251968503935 0.6870629370629371 0.013779527559055118 0.018648018648018648
23 0.000984251968503937 0.6212121212121212 0.001968503937007874 0.02564102564102564
23 0.5457677165354331 0.7616550116550117 0.01968503937007874 0.029137529137529136
23 0.7317913385826772 0.8117715617715617 0.014763779527559055 0.01048951048951049
4 0.11909448818897637 0.6625874125874126 0.0265748031496063 0.019813519813519812
15 0.054625984251968504 0.6497668997668997 0.03248031496062992 0.06876456876456877
4 0.7263779527559056 0.8298368298368298 0.01968503937007874 0.013986013986013986
23 0.2549212598425197 0.7138694638694638 0.011811023622047244 0.018648018648018648
23 0.1638779527559055 0.6963869463869464 0.014763779527559055 0.01048951048951049
23 0.19389763779527558 0.7062937062937062 0.01673228346456693 0.009324009324009324
4 0.07677165354330709 0.6806526806526807 0.008858267716535433 0.022144522144522144
23 0.5354330708661418 0.8012820512820513 0.02066929133858268 0.027972027972027972
23 0.16043307086614172 0.710955710955711 0.015748031496062992 0.01048951048951049
23 0.18799212598425197 0.7202797202797203 0.01673228346456693 0.011655011655011656
23 0.7849409448818898 0.14219114219114218 0.010826771653543307 0.022144522144522144
7 0.40108267716535434 0.04603729603729604 0.11122047244094488 0.07692307692307693
23 0.25 0.7371794871794872 0.008858267716535433 0.013986013986013986
23 0.7637795275590551 0.1381118881118881 0.01673228346456693 0.01282051282051282
23 0.1860236220472441 0.7354312354312355 0.013779527559055118 0.01048951048951049
23 0.15649606299212598 0.7296037296037297 0.017716535433070866 0.01282051282051282
4 0.7121062992125984 0.1258741258741259 0.017716535433070866 0.01282051282051282
23 0.1141732283464567 0.7278554778554779 0.02066929133858268 0.011655011655011656
23 0.0703740157480315 0.717948717948718 0.02066929133858268 0.01282051282051282
23 0.5295275590551181 0.8397435897435898 0.022637795275590553 0.03263403263403263
23 0.1845472440944882 0.754079254079254 0.014763779527559055 0.006993006993006993
23 0.15501968503937008 0.747086247086247 0.024606299212598427 0.013986013986013986
23 0.0344488188976378 0.7167832167832168 0.00984251968503937 0.022144522144522144
23 0.23031496062992127 0.7692307692307693 0.01673228346456693 0.015151515151515152
23 0.0024606299212598425 0.7115384615384616 0.004921259842519685 0.029137529137529136
23 0.2544291338582677 0.7826340326340326 0.01968503937007874 0.01282051282051282
23 0.8626968503937008 0.16666666666666666 0.012795275590551181 0.01048951048951049
23 0.8326771653543307 0.1590909090909091 0.015748031496062992 0.01282051282051282
23 0.1796259842519685 0.7698135198135199 0.018700787401574805 0.011655011655011656
23 0.15059055118110237 0.7657342657342657 0.01673228346456693 0.01048951048951049
23 0.22539370078740156 0.7861305361305362 0.012795275590551181 0.009324009324009324
23 0.2534448818897638 0.8018648018648019 0.021653543307086614 0.015151515151515152
23 0.8070866141732284 0.155011655011655 0.018700787401574805 0.011655011655011656
23 0.5250984251968503 0.8782051282051282 0.021653543307086614 0.029137529137529136
4 0.4729330708661417 0.865967365967366 0.010826771653543307 0.023310023310023312
23 0.22096456692913385 0.8036130536130536 0.01673228346456693 0.015151515151515152
4 0.4625984251968504 0.8648018648018648 0.008858267716535433 0.02097902097902098
4 0.24901574803149606 0.817016317016317 0.018700787401574805 0.01048951048951049
4 0.21899606299212598 0.8216783216783217 0.021653543307086614 0.016317016317016316
4 0.358759842519685 0.8595571095571095 0.017716535433070866 0.01048951048951049
23 0.39173228346456695 0.8782051282051282 0.0265748031496063 0.027972027972027972
23 0.4202755905511811 0.8886946386946387 0.027559055118110236 0.03263403263403263
4 0.36023622047244097 0.8764568764568764 0.01673228346456693 0.011655011655011656
23 0.5172244094488189 0.9172494172494172 0.018700787401574805 0.02097902097902098
23 0.45767716535433073 0.9032634032634033 0.012795275590551181 0.02564102564102564
23 0.4453740157480315 0.9003496503496503 0.012795275590551181 0.024475524475524476
4 0.8941929133858267 0.18240093240093241 0.023622047244094488 0.019813519813519812
23 0.2947834645669291 0.8723776223776224 0.027559055118110236 0.030303030303030304
23 0.3257874015748031 0.8805361305361306 0.0265748031496063 0.026806526806526808
23 0.22933070866141733 0.8595571095571095 0.0265748031496063 0.030303030303030304
23 0.25836614173228345 0.8671328671328671 0.025590551181102362 0.027972027972027972
23 0.860236220472441 0.18473193473193472 0.014763779527559055 0.01048951048951049
4 0.7888779527559056 0.17016317016317017 0.01673228346456693 0.011655011655011656
15 0.7381889763779528 0.1585081585081585 0.04822834645669291 0.03263403263403263
23 0.6786417322834646 0.14393939393939395 0.017716535433070866 0.01048951048951049
23 0.7007874015748031 0.15326340326340326 0.013779527559055118 0.02564102564102564
4 0.8218503937007874 0.18473193473193472 0.0344488188976378 0.030303030303030304
4 0.8877952755905512 0.20221445221445222 0.01968503937007874 0.013986013986013986