4 0.5637893593919653 0.09848484848484848 0.0054288816503800215 0.06060606060606061
4 0.6205211726384365 0.015151515151515152 0.0054288816503800215 0.030303030303030304
4 0.10206297502714441 0.9659090909090909 0.005971769815418024 0.06439393939393939
4 0.09554831704668838 0.9715909090909091 0.0054288816503800215 0.04924242424242424
4 0.38300760043431054 0.4393939393939394 0.004885993485342019 0.056818181818181816
4 0.5776330076004343 0.07575757575757576 0.004885993485342019 0.06060606060606061
23 0.21281216069489686 0.7632575757575758 0.003800217155266015 0.056818181818181816
23 0.21688382193268188 0.7537878787878788 0.0054288816503800215 0.06060606060606061
23 0.20901194353963085 0.7689393939393939 0.004885993485342019 0.06060606060606061
4 0.4492399565689468 0.32007575757575757 0.0054288816503800215 0.06818181818181818
4 0.20439739413680783 0.7784090909090909 0.004885993485342019 0.06060606060606061
4 0.2698154180238871 0.6553030303030303 0.004885993485342019 0.06060606060606061
4 0.254614549402823 0.6837121212121212 0.0054288816503800215 0.06439393939393939
4 0.26438653637350706 0.6704545454545454 0.004885993485342019 0.06060606060606061
4 0.4006514657980456 0.4147727272727273 0.0054288816503800215 0.06060606060606061
23 0.2269272529858849 0.740530303030303 0.004343105320304018 0.056818181818181816
4 0.22231270358306188 0.7481060606060606 0.004343105320304018 0.056818181818181816
4 0.5165580890336591 0.22916666666666666 0.0054288816503800215 0.06439393939393939
4 0.510314875135722 0.24431818181818182 0.0054288816503800215 0.06818181818181818
4 0.5306731813246471 0.22727272727272727 0.009229098805646038 0.03787878787878788
23 0.26438653637350706 0.8352272727272727 0.009771986970684038 0.045454545454545456
23 0.2282844733984799 0.9053030303030303 0.005971769815418024 0.06060606060606061
4 0.74728555917481 0.011363636363636364 0.005971769815418024 0.022727272727272728
4 0.752442996742671 0.00946969696969697 0.0054288816503800215 0.01893939393939394
23 0.48669923995656894 0.5208333333333334 0.008686210640608035 0.030303030303030304
4 0.4758414766558089 0.5416666666666666 0.008143322475570033 0.03409090909090909
4 0.5692182410423453 0.38257575757575757 0.009229098805646038 0.03787878787878788
15 0.5325732899022801 0.4696969696969697 0.06568946796959826 0.4659090909090909
4 0.5708469055374593 0.4109848484848485 0.009229098805646038 0.03787878787878788
23 0.47068403908794787 0.5984848484848485 0.0054288816503800215 0.06439393939393939
4 0.497557003257329 0.5511363636363636 0.0054288816503800215 0.06439393939393939
23 0.4744842562432139 0.5946969696969697 0.004343105320304018 0.06060606060606061
23 0.4828990228013029 0.5795454545454546 0.004885993485342019 0.06439393939393939
23 0.49131378935939196 0.5643939393939394 0.004343105320304018 0.06060606060606061
23 0.4793702497285559 0.5890151515151515 0.0054288816503800215 0.06060606060606061
23 0.7293702497285559 0.13446969696969696 0.005971769815418024 0.06060606060606061
4 0.5703040173724213 0.5018939393939394 0.009229098805646038 0.03787878787878788
4 0.5947339847991314 0.4640151515151515 0.008686210640608035 0.10606060606060606
15 0.8631921824104235 0.015151515151515152 0.019543973941368076 0.030303030303030304
23 0.8458197611292074 0.022727272727272728 0.0054288816503800215 0.045454545454545456
23 0.8417480998914224 0.028409090909090908 0.004885993485342019 0.056818181818181816
4 0.5713897937024973 0.5303030303030303 0.009229098805646038 0.03787878787878788
4 0.8298045602605864 0.06060606060606061 0.008686210640608035 0.09848484848484848
4 0.8365906623235614 0.04924242424242424 0.009771986970684038 0.09848484848484848
4 0.5722041259500543 0.5643939393939394 0.009229098805646038 0.03787878787878788
4 0.50271444082519 0.7026515151515151 0.008143322475570033 0.03409090909090909
23 0.48941368078175895 0.7518939393939394 0.0054288816503800215 0.06060606060606061
23 0.48534201954397393 0.7632575757575758 0.0054288816503800215 0.06439393939393939
4 0.8982084690553745 0.03787878787878788 0.008143322475570033 0.03409090909090909
4 0.8892508143322475 0.054924242424242424 0.008686210640608035 0.03787878787878788
23 0.5176438653637351 0.7537878787878788 0.008143322475570033 0.030303030303030304
23 0.5396308360477742 0.7121212121212122 0.008686210640608035 0.03409090909090909
23 0.5510314875135722 0.6912878787878788 0.008143322475570033 0.026515151515151516
23 0.8520629750271445 0.14015151515151514 0.004885993485342019 0.06439393939393939
4 0.8374049945711184 0.17045454545454544 0.005971769815418024 0.06060606060606061
23 0.8469055374592834 0.1534090909090909 0.004885993485342019 0.06060606060606061
4 0.8428338762214984 0.16098484848484848 0.005971769815418024 0.06060606060606061
23 0.5255157437567861 0.7670454545454546 0.008143322475570033 0.030303030303030304
23 0.5458740499457112 0.7272727272727273 0.008143322475570033 0.030303030303030304
23 0.5621606948968513 0.696969696969697 0.008686210640608035 0.03409090909090909
23 0.8906080347448425 0.08712121212121213 0.008686210640608035 0.03409090909090909
23 0.8992942453854506 0.07007575757575757 0.008143322475570033 0.026515151515151516
23 0.512486427795874 0.7935606060606061 0.008143322475570033 0.03409090909090909
23 0.5350162866449512 0.7518939393939394 0.008143322475570033 0.026515151515151516
4 0.6267643865363735 0.5814393939393939 0.009229098805646038 0.10606060606060606
4 0.8916938110749185 0.11742424242424243 0.008143322475570033 0.030303030303030304
23 0.9408251900108577 0.032196969696969696 0.006514657980456026 0.06439393939393939
23 0.9492399565689468 0.022727272727272728 0.005971769815418024 0.045454545454545456
23 0.9451682953311618 0.028409090909090908 0.0054288816503800215 0.056818181818181816
4 0.8987513572204126 0.12310606060606061 0.004343105320304018 0.056818181818181816
4 0.8583061889250815 0.2178030303030303 0.009771986970684038 0.10606060606060606
4 0.8512486427795874 0.23484848484848486 0.008686210640608035 0.10606060606060606
23 0.8838219326818675 0.2215909090909091 0.004343105320304018 0.05303030303030303
23 0.8892508143322475 0.2159090909090909 0.0054288816503800215 0.06060606060606061
23 0.9617263843648208 0.07954545454545454 0.0054288816503800215 0.06439393939393939
23 0.9576547231270358 0.09090909090909091 0.004885993485342019 0.06060606060606061
4 0.9663409337676439 0.07575757575757576 0.005971769815418024 0.06439393939393939
23 0.740499457111835 0.5018939393939394 0.004885993485342019 0.06439393939393939
23 0.745385450597177 0.49242424242424243 0.0054288816503800215 0.06060606060606061
23 0.9201954397394136 0.17045454545454544 0.0054288816503800215 0.06060606060606061
23 0.9283387622149837 0.1534090909090909 0.004885993485342019 0.06060606060606061
4 0.9158523344191096 0.17803030303030304 0.004343105320304018 0.056818181818181816
23 0.9245385450597177 0.16477272727272727 0.0054288816503800215 0.06818181818181818
4 0.9524972855591748 0.11931818181818182 0.009771986970684038 0.10227272727272728
7 0.5635179153094463 0.8579545454545454 0.12920738327904452 0.2765151515151515
4 0.20874049945711184 0.7159090909090909 0.009229098805646038 0.03787878787878788