4 0.5765472312703583 0.28937007874015747 0.016286644951140065 0.07480314960629922
4 0.9025515743756786 0.8858267716535433 0.009771986970684038 0.1141732283464567
4 0.7985884907709012 0.702755905511811 0.010857763300760043 0.1220472440944882
4 0.8564060803474485 0.860236220472441 0.00760043431053203 0.03543307086614173
4 0.73914223669924 0.6535433070866141 0.008143322475570033 0.03543307086614173
4 0.6368078175895765 0.47244094488188976 0.007057546145494028 0.03937007874015748
4 0.5200868621064061 0.25984251968503935 0.00760043431053203 0.03543307086614173
4 0.4204668838219327 0.08070866141732283 0.00760043431053203 0.03937007874015748
4 0.4022801302931596 0.05511811023622047 0.008686210640608035 0.03937007874015748
4 0.7252985884907709 0.6476377952755905 0.007057546145494028 0.07086614173228346
4 0.6226927252985885 0.4625984251968504 0.007057546145494028 0.07480314960629922
4 0.5548317046688382 0.33858267716535434 0.005971769815418024 0.06299212598425197
4 0.5393593919652552 0.3110236220472441 0.004885993485342019 0.05511811023622047
23 0.7071118349619978 0.6141732283464567 0.008686210640608035 0.04330708661417323
4 0.5494028230184582 0.33267716535433073 0.004885993485342019 0.05511811023622047
4 0.505700325732899 0.25393700787401574 0.00760043431053203 0.07480314960629922
4 0.8558631921824105 0.8917322834645669 0.008143322475570033 0.03937007874015748
4 0.738599348534202 0.6850393700787402 0.008686210640608035 0.03543307086614173
4 0.6359934853420195 0.49803149606299213 0.008686210640608035 0.04330708661417323
4 0.5195439739413681 0.29133858267716534 0.00760043431053203 0.03937007874015748
4 0.4193811074918567 0.1141732283464567 0.008143322475570033 0.03937007874015748
4 0.8365906623235614 0.8818897637795275 0.015743756786102063 0.07874015748031496
4 0.3979370249728556 0.10039370078740158 0.016286644951140065 0.07874015748031496
23 0.5225298588490771 0.3346456692913386 0.008686210640608035 0.03937007874015748
23 0.5578175895765473 0.4094488188976378 0.005971769815418024 0.06299212598425197
23 0.5426167209554832 0.38188976377952755 0.005971769815418024 0.06299212598425197
23 0.5521172638436482 0.39960629921259844 0.005971769815418024 0.06299212598425197
23 0.5374592833876222 0.3720472440944882 0.005971769815418024 0.05905511811023622
23 0.5643322475570033 0.421259842519685 0.006514657980456026 0.06692913385826772
23 0.5475027144408252 0.39173228346456695 0.005971769815418024 0.06299212598425197
23 0.5214440825190011 0.36811023622047245 0.008686210640608035 0.03937007874015748
23 0.5838762214983714 0.5216535433070866 0.009229098805646038 0.047244094488188976
4 0.5730184581976113 0.5098425196850394 0.004885993485342019 0.05905511811023622
4 0.5770901194353963 0.5216535433070866 0.004885993485342019 0.05905511811023622
4 0.5917480998914224 0.5511811023622047 0.005971769815418024 0.06299212598425197
23 0.5969055374592834 0.5610236220472441 0.005971769815418024 0.07086614173228346
4 0.7798588490770901 0.9015748031496063 0.015743756786102063 0.07480314960629922
23 0.7931596091205212 0.9251968503937008 0.009771986970684038 0.051181102362204724
23 0.5830618892508144 0.5570866141732284 0.009229098805646038 0.047244094488188976
4 0.6935396308360477 0.7775590551181102 0.00760043431053203 0.03543307086614173
4 0.7071118349619978 0.8051181102362205 0.008143322475570033 0.03543307086614173
23 0.5871335504885994 0.6161417322834646 0.01031487513572204 0.051181102362204724
4 0.7785016286644951 0.9606299212598425 0.016286644951140065 0.07086614173228346
23 0.7918023887079262 0.9803149606299213 0.01031487513572204 0.031496062992125984
23 0.248642779587405 0.031496062992125984 0.00760043431053203 0.06299212598425197
23 0.23344191096634093 0.015748031496062992 0.006514657980456026 0.031496062992125984
23 0.23778501628664495 0.01968503937007874 0.006514657980456026 0.03937007874015748
23 0.2282844733984799 0.011811023622047244 0.007057546145494028 0.023622047244094488
23 0.24294245385450597 0.025590551181102362 0.007057546145494028 0.051181102362204724
23 0.22339847991313788 0.007874015748031496 0.007057546145494028 0.015748031496062992
23 0.253528773072747 0.03543307086614173 0.00760043431053203 0.07086614173228346
23 0.5860477741585234 0.6515748031496063 0.009229098805646038 0.04330708661417323
4 0.6872964169381107 0.8622047244094488 0.00760043431053203 0.03543307086614173
23 0.5846905537459284 0.6889763779527559 0.009229098805646038 0.047244094488188976
4 0.7033116178067318 0.937007874015748 0.008686210640608035 0.0984251968503937
23 0.5833333333333334 0.7283464566929134 0.009771986970684038 0.047244094488188976
15 0.5347448425624322 0.6437007874015748 0.06786102062975027 0.4921259842519685
23 0.495385450597177 0.5728346456692913 0.01031487513572204 0.05905511811023622
23 0.7095548317046688 0.9606299212598425 0.005971769815418024 0.06692913385826772
4 0.5665038002171553 0.7145669291338582 0.004885993485342019 0.05905511811023622
4 0.5700325732899023 0.7244094488188977 0.0054288816503800215 0.06299212598425197
23 0.5819761129207384 0.765748031496063 0.009771986970684038 0.047244094488188976
23 0.5808903365906624 0.8011811023622047 0.009229098805646038 0.047244094488188976
23 0.5789902280130294 0.8385826771653543 0.01031487513572204 0.051181102362204724
4 0.495114006514658 0.6929133858267716 0.004885993485342019 0.05905511811023622
4 0.49131378935939196 0.687007874015748 0.004885993485342019 0.05905511811023622
23 0.5784473398479913 0.8720472440944882 0.009771986970684038 0.051181102362204724
23 0.5770901194353963 0.9114173228346457 0.009229098805646038 0.047244094488188976
23 0.5760043431053203 0.9448818897637795 0.009229098805646038 0.047244094488188976
23 0.5610749185667753 0.9192913385826772 0.00760043431053203 0.07086614173228346
23 0.5651465798045603 0.9311023622047244 0.005971769815418024 0.06299212598425197
23 0.5779044516829533 0.9921259842519685 0.009229098805646038 0.007874015748031496
4 0.5190010857763301 0.90748031496063 0.004343105320304018 0.047244094488188976
4 0.5225298588490771 0.9173228346456693 0.004343105320304018 0.047244094488188976
23 0.5488599348534202 0.9665354330708661 0.006514657980456026 0.05905511811023622
23 0.507600434310532 0.8996062992125984 0.006514657980456026 0.06692913385826772
23 0.50271444082519 0.889763779527559 0.0054288816503800215 0.06299212598425197
23 0.5553745928338762 0.9763779527559056 0.006514657980456026 0.03937007874015748
23 0.5700325732899023 0.9901574803149606 0.0054288816503800215 0.011811023622047244
23 0.5605320304017373 0.9822834645669292 0.005971769815418024 0.027559055118110236
4 0.5181867535287731 0.9625984251968503 0.009229098805646038 0.047244094488188976
4 0.5743756786102063 0.24015748031496062 0.008143322475570033 0.04330708661417323