23 0.829 0.14336492890995262 0.014 0.004739336492890996
23 0.7525 0.14040284360189573 0.015 0.008293838862559242
4 0.8585 0.16054502369668247 0.018 0.011848341232227487
23 0.716 0.1528436018957346 0.014 0.0071090047393364926
23 0.8245 0.16291469194312796 0.021 0.01066350710900474
23 0.751 0.1593601895734597 0.011 0.009478672985781991
23 0.6905 0.15580568720379148 0.007 0.02014218009478673
23 0.6775 0.15639810426540285 0.008 0.026066350710900472
4 0.6635 0.15699052132701422 0.009 0.022511848341232227
4 0.6325 0.16350710900473933 0.017 0.013033175355450236
4 0.8575 0.18424170616113744 0.022 0.015402843601895734
4 0.8235 0.18246445497630331 0.014 0.009478672985781991
23 0.7155 0.17417061611374407 0.018 0.008293838862559242
4 0.783 0.18187203791469195 0.018 0.011848341232227487
4 0.75 0.18009478672985782 0.021 0.011848341232227487
23 0.8235 0.20260663507109006 0.017 0.009478672985781991
4 0.855 0.20616113744075829 0.022 0.018957345971563982
4 0.7135 0.19845971563981044 0.021 0.013033175355450236
23 0.691 0.20556872037914692 0.008 0.02014218009478673
23 0.822 0.21682464454976302 0.012 0.005924170616113744
4 0.6325 0.2014218009478673 0.02 0.014218009478672985
23 0.7115 0.2156398104265403 0.021 0.009478672985781991
4 0.8525 0.2334123222748815 0.023 0.014218009478672985
23 0.8195 0.2363744075829384 0.014 0.005924170616113744
4 0.661 0.2268957345971564 0.026 0.018957345971563982
23 0.71 0.23281990521327015 0.023 0.011848341232227487
23 0.7805 0.24052132701421802 0.019 0.009478672985781991
4 0.7425 0.2387440758293839 0.018 0.011848341232227487
4 0.852 0.25296208530805686 0.018 0.011848341232227487
23 0.8195 0.2517772511848341 0.014 0.0071090047393364926
23 0.688 0.24289099526066352 0.006 0.026066350710900472
23 0.739 0.25355450236966826 0.019 0.011848341232227487
23 0.7105 0.2517772511848341 0.017 0.01066350710900474
23 0.7785 0.25770142180094785 0.023 0.01066350710900474
23 0.821 0.2707345971563981 0.012 0.005924170616113744
4 0.8495 0.2754739336492891 0.019 0.013033175355450236
4 0.708 0.2707345971563981 0.019 0.009478672985781991
7 0.9235 0.29798578199052134 0.078 0.26540284360189575
23 0.8495 0.2962085308056872 0.016 0.005924170616113744
4 0.737 0.2896919431279621 0.019 0.009478672985781991
15 0.7815 0.2938388625592417 0.027 0.023696682464454975
4 0.824 0.29917061611374407 0.007 0.02014218009478673
23 0.7055 0.2896919431279621 0.016 0.009478672985781991
4 0.627 0.2908767772511848 0.025 0.022511848341232227
4 0.669 0.29739336492890994 0.027 0.02132701421800948
23 0.8545 0.31575829383886256 0.012 0.008293838862559242
23 0.733 0.3068720379146919 0.021 0.009478672985781991
23 0.705 0.3080568720379147 0.014 0.008293838862559242
23 0.783 0.32523696682464454 0.017 0.011848341232227487
23 0.85 0.33234597156398105 0.013 0.0071090047393364926
7 0.3135 0.28850710900473936 0.277 0.11255924170616113
4 0.747 0.3264218009478673 0.017 0.01066350710900474
23 0.697 0.3347156398104265 0.007 0.017772511848341232
4 0.6235 0.3293838862559242 0.022 0.02132701421800948
4 0.667 0.3347156398104265 0.022 0.017772511848341232
4 0.822 0.35604265402843605 0.009 0.023696682464454975
23 0.8535 0.3590047393364929 0.01 0.024881516587677725
4 0.8035 0.3566350710900474 0.008 0.026066350710900472
23 0.8365 0.36078199052132703 0.007 0.024881516587677725
4 0.732 0.3542654028436019 0.032 0.02962085308056872
4 0.622 0.365521327014218 0.02 0.02014218009478673
4 0.6655 0.3690758293838863 0.019 0.017772511848341232
4 0.8375 0.4206161137440758 0.022 0.011848341232227487
4 0.809 0.4206161137440758 0.019 0.01066350710900474
23 0.8395 0.4437203791469194 0.019 0.014218009478672985
4 0.814 0.4496445497630332 0.008 0.02014218009478673
4 0.8375 0.45793838862559244 0.019 0.01066350710900474
23 0.6755 0.05687203791469194 0.017 0.008293838862559242
23 0.83 0.06990521327014218 0.016 0.009478672985781991
4 0.86 0.07286729857819906 0.024 0.016587677725118485
23 0.801 0.0693127962085308 0.013 0.008293838862559242
4 0.7325 0.06398104265402843 0.022 0.013033175355450236
23 0.7685 0.0669431279620853 0.016 0.008293838862559242
23 0.4305 0.5319905213270142 0.016 0.013033175355450236
23 0.3705 0.534952606635071 0.016 0.013033175355450236
23 0.049 0.5088862559241706 0.019 0.01066350710900474
4 0.148 0.5201421800947867 0.034 0.018957345971563982
23 0.393 0.5479857819905213 0.014 0.014218009478672985
23 0.083 0.5355450236966824 0.009 0.027251184834123223
23 0.148 0.544431279620853 0.019 0.008293838862559242
23 0.48 0.5746445497630331 0.008 0.023696682464454975
23 0.4965 0.5758293838862559 0.008 0.02014218009478673
23 0.512 0.5770142180094787 0.005 0.02014218009478673
4 0.5325 0.5793838862559242 0.019 0.017772511848341232
15 0.0495 0.5396919431279621 0.024 0.035545023696682464
23 0.4655 0.5752369668246445 0.009 0.026066350710900472
23 0.447 0.5876777251184834 0.007 0.018957345971563982
23 0.4335 0.5882701421800948 0.008 0.02132701421800948
23 0.8325 0.6255924170616114 0.009 0.02014218009478673
23 0.819 0.625 0.008 0.024881516587677725
23 0.4145 0.5941943127962085 0.011 0.011848341232227487
4 0.392 0.5930094786729858 0.009 0.02132701421800948
23 0.3335 0.5894549763033176 0.014 0.017772511848341232
23 0.3585 0.591824644549763 0.012 0.014218009478672985
4 0.3775 0.5936018957345972 0.009 0.02014218009478673
4 0.6315 0.6196682464454977 0.019 0.01066350710900474
4 0.5105 0.620260663507109 0.007 0.02132701421800948
4 0.5255 0.6226303317535545 0.007 0.02014218009478673
23 0.5655 0.6279620853080569 0.018 0.026066350710900472
4 0.292 0.606042654028436 0.009 0.023696682464454975
4 0.31 0.6090047393364929 0.011 0.026066350710900472
15 0.045 0.591824644549763 0.022 0.03909952606635071
23 0.7885 0.6552132701421801 0.008 0.02132701421800948
23 0.8025 0.6569905213270142 0.007 0.023696682464454975
4 0.8175 0.6605450236966824 0.008 0.018957345971563982
4 0.8335 0.6617298578199052 0.007 0.018957345971563982
4 0.6975 0.07523696682464455 0.016 0.037914691943127965
4 0.704 0.6534360189573459 0.009 0.022511848341232227
23 0.6725 0.07464454976303317 0.019 0.008293838862559242
4 0.0915 0.6161137440758294 0.029 0.015402843601895734
4 0.582 0.6635071090047393 0.006 0.02014218009478673
4 0.795 0.6830568720379147 0.013 0.0071090047393364926
23 0.7995 0.08590047393364929 0.014 0.008293838862559242
4 0.568 0.6652843601895735 0.007 0.023696682464454975
4 0.145 0.6327014218009479 0.018 0.009478672985781991
4 0.54 0.6664691943127962 0.008 0.018957345971563982
4 0.5245 0.6670616113744076 0.005 0.018957345971563982
23 0.8165 0.6925355450236966 0.009 0.024881516587677725
23 0.829 0.08945497630331753 0.015 0.008293838862559242
15 0.743 0.691350710900474 0.046 0.054502369668246446
23 0.0875 0.6380331753554502 0.021 0.01066350710900474
4 0.694 0.6883886255924171 0.018 0.011848341232227487
23 0.2875 0.6546208530805687 0.012 0.017772511848341232
23 0.7945 0.7014218009478673 0.013 0.008293838862559242
23 0.7715 0.08590047393364929 0.016 0.009478672985781991
23 0.145 0.6540284360189573 0.014 0.009478672985781991
23 0.589 0.6907582938388626 0.02 0.011848341232227487
23 0.56 0.6895734597156398 0.012 0.0071090047393364926
23 0.7925 0.7162322274881516 0.015 0.01066350710900474
23 0.5315 0.6949052132701422 0.019 0.01066350710900474
23 0.693 0.7085308056872038 0.018 0.008293838862559242
4 0.86 0.0947867298578199 0.021 0.015402843601895734
23 0.2855 0.6783175355450237 0.012 0.017772511848341232
23 0.815 0.7292654028436019 0.008 0.023696682464454975
23 0.013 0.6688388625592417 0.008 0.022511848341232227
23 0.694 0.7251184834123223 0.014 0.0071090047393364926
4 0.7935 0.7345971563981043 0.016 0.008293838862559242
23 0.581 0.7227488151658767 0.018 0.026066350710900472
15 0.1445 0.6889810426540285 0.025 0.041469194312796206
23 0.284 0.705568720379147 0.012 0.017772511848341232
23 0.8105 0.759478672985782 0.019 0.01066350710900474
4 0.776 0.759478672985782 0.015 0.01066350710900474
23 0.754 0.7606635071090048 0.009 0.02132701421800948
23 0.7385 0.759478672985782 0.008 0.024881516587677725
23 0.7255 0.7600710900473934 0.01 0.023696682464454975
4 0.709 0.7600710900473934 0.009 0.026066350710900472
4 0.6845 0.7582938388625592 0.009 0.022511848341232227
15 0.412 0.7369668246445498 0.187 0.21919431279620852
7 0.9 0.7802132701421801 0.073 0.27014218009478674
4 0.533 0.7523696682464455 0.008 0.022511848341232227
4 0.5485 0.7535545023696683 0.006 0.02132701421800948
23 0.2835 0.7322274881516587 0.012 0.017772511848341232
23 0.011 0.7103080568720379 0.008 0.024881516587677725
23 0.58 0.759478672985782 0.018 0.027251184834123223
23 0.7735 0.7790284360189573 0.015 0.009478672985781991
4 0.139 0.731042654028436 0.026 0.016587677725118485
15 0.0725 0.7292654028436019 0.026 0.06753554502369669
4 0.77 0.7979857819905213 0.019 0.011848341232227487
23 0.282 0.7600710900473934 0.01 0.017772511848341232
23 0.188 0.7577014218009479 0.014 0.008293838862559242
23 0.219 0.7624407582938388 0.016 0.005924170616113744
4 0.0985 0.7565165876777251 0.007 0.022511848341232227
23 0.5745 0.8009478672985783 0.018 0.026066350710900472
23 0.1865 0.7731042654028436 0.016 0.008293838862559242
23 0.215 0.7778436018957346 0.017 0.009478672985781991
23 0.7465 0.09597156398104266 0.008 0.022511848341232227
7 0.349 0.06338862559241706 0.109 0.06279620853080568
23 0.2795 0.7843601895734598 0.008 0.014218009478672985
23 0.725 0.0947867298578199 0.016 0.01066350710900474
23 0.215 0.7938388625592417 0.013 0.008293838862559242
23 0.1845 0.792654028436019 0.017 0.01066350710900474
4 0.6715 0.09123222748815166 0.017 0.01066350710900474
23 0.142 0.7979857819905213 0.02 0.009478672985781991
23 0.0965 0.7956161137440758 0.021 0.009478672985781991
23 0.573 0.8406398104265402 0.02 0.030805687203791468
23 0.216 0.8122037914691943 0.015 0.005924170616113744
23 0.185 0.8104265402843602 0.025 0.01066350710900474
23 0.0605 0.8003554502369669 0.007 0.022511848341232227
23 0.009 0.7979857819905213 0.007 0.026066350710900472
23 0.2635 0.8199052132701422 0.016 0.014218009478672985
23 0.024 0.8003554502369669 0.007 0.02843601895734597
23 0.2895 0.8293838862559242 0.019 0.009478672985781991
23 0.828 0.10722748815165876 0.012 0.008293838862559242
23 0.797 0.10485781990521327 0.015 0.01066350710900474
23 0.2125 0.8287914691943128 0.018 0.009478672985781991
23 0.183 0.8299763033175356 0.016 0.008293838862559242
23 0.261 0.8376777251184834 0.012 0.008293838862559242
23 0.291 0.8489336492890995 0.021 0.011848341232227487
23 0.7705 0.10545023696682465 0.018 0.009478672985781991
23 0.573 0.8803317535545023 0.02 0.027251184834123223
4 0.5195 0.8767772511848341 0.009 0.022511848341232227
23 0.2585 0.856042654028436 0.015 0.013033175355450236
4 0.5085 0.8773696682464455 0.007 0.02132701421800948
4 0.2885 0.8649289099526066 0.018 0.008293838862559242
4 0.2585 0.875 0.021 0.013033175355450236
4 0.404 0.889218009478673 0.017 0.008293838862559242
23 0.439 0.9022511848341233 0.025 0.024881516587677725
23 0.469 0.908175355450237 0.025 0.02962085308056872
4 0.4075 0.9063981042654028 0.016 0.008293838862559242
23 0.57 0.9212085308056872 0.018 0.018957345971563982
23 0.508 0.9170616113744076 0.011 0.024881516587677725
23 0.4955 0.9158767772511849 0.011 0.024881516587677725
4 0.8615 0.1178909952606635 0.022 0.016587677725118485
23 0.3405 0.9135071090047393 0.025 0.027251184834123223
23 0.373 0.9164691943127962 0.025 0.023696682464454975
23 0.2735 0.9111374407582938 0.025 0.02843601895734597
23 0.3035 0.9140995260663507 0.024 0.024881516587677725
23 0.8275 0.12618483412322276 0.014 0.008293838862559242
4 0.754 0.12322274881516587 0.016 0.009478672985781991
15 0.702 0.11966824644549763 0.047 0.026066350710900472
23 0.64 0.11552132701421801 0.017 0.008293838862559242
23 0.6635 0.12085308056872038 0.011 0.024881516587677725
4 0.789 0.13210900473933648 0.033 0.026066350710900472
4 0.8575 0.139218009478673 0.019 0.011848341232227487