23 0.0211864406779661 0.7611464968152867 0.00897308075772682 0.03184713375796178
4 0.45438683948155534 0.4570063694267516 0.00897308075772682 0.03184713375796178
23 0.8586739780658026 0.020700636942675158 0.005483549351944167 0.041401273885350316
23 0.022931206380857428 0.9665605095541401 0.006979062811565304 0.022292993630573247
23 0.02666999002991027 0.9888535031847133 0.009471585244267198 0.01592356687898089
23 0.4097706879361914 0.5668789808917197 0.0029910269192422734 0.041401273885350316
23 0.396061814556331 0.5812101910828026 0.003489531405782652 0.044585987261146494
23 0.4002991026919242 0.5764331210191083 0.003489531405782652 0.044585987261146494
23 0.405284147557328 0.5748407643312102 0.003489531405782652 0.044585987261146494
23 0.4152542372881356 0.5636942675159236 0.004985044865403789 0.06050955414012739
23 0.42397806580259223 0.552547770700637 0.00448654037886341 0.054140127388535034
23 0.4334496510468594 0.5429936305732485 0.00448654037886341 0.054140127388535034
23 0.3561814556331007 0.6289808917197452 0.003489531405782652 0.044585987261146494
23 0.42896311066799603 0.5477707006369427 0.004985044865403789 0.054140127388535034
23 0.4194915254237288 0.5589171974522293 0.00448654037886341 0.05732484076433121
23 0.3686440677966102 0.6162420382165605 0.003988035892323031 0.041401273885350316
23 0.43818544366899304 0.5366242038216561 0.003988035892323031 0.054140127388535034
23 0.38509471585244265 0.6098726114649682 0.009471585244267198 0.03184713375796178
23 0.26794616151545364 0.7452229299363057 0.00847457627118644 0.03184713375796178
4 0.2564805583250249 0.7579617834394905 0.010468594217347957 0.041401273885350316
23 0.29835493519441675 0.7117834394904459 0.00847457627118644 0.028662420382165606
23 0.3155533399800598 0.6942675159235668 0.00897308075772682 0.03184713375796178
23 0.277666999002991 0.7372611464968153 0.00847457627118644 0.03184713375796178
4 0.04561316051844467 0.9904458598726115 0.009471585244267198 0.012738853503184714
23 0.38609172482552345 0.6449044585987261 0.00897308075772682 0.03503184713375796
15 0.49327018943170486 0.5270700636942676 0.06331006979062812 0.39490445859872614
23 0.30782652043868397 0.7484076433121019 0.00448654037886341 0.054140127388535034
4 0.3143070787637089 0.7420382165605095 0.004985044865403789 0.06369426751592357
4 0.31979062811565306 0.7356687898089171 0.00448654037886341 0.054140127388535034
23 0.2971086739780658 0.7611464968152867 0.00448654037886341 0.054140127388535034
4 0.30259222333000996 0.7547770700636943 0.004985044865403789 0.05732484076433121
23 0.292123629112662 0.7659235668789809 0.00448654037886341 0.05732484076433121
4 0.3374875373878365 0.7181528662420382 0.004985044865403789 0.05732484076433121
4 0.3320039880358923 0.7245222929936306 0.004985044865403789 0.05732484076433121
23 0.27866400797607177 0.785031847133758 0.00897308075772682 0.03503184713375796
23 0.326271186440678 0.7308917197452229 0.004985044865403789 0.05732484076433121
4 0.25797607178464604 0.8089171974522293 0.011465603190428714 0.044585987261146494
4 0.4591226321036889 0.5812101910828026 0.007976071784646061 0.028662420382165606
23 0.26869391824526423 0.7961783439490446 0.00847457627118644 0.03184713375796178
4 0.09795613160518445 0.9840764331210191 0.005483549351944167 0.025477707006369428
4 0.08698903290129611 0.9904458598726115 0.005483549351944167 0.012738853503184714
4 0.09272183449651047 0.9872611464968153 0.004985044865403789 0.01910828025477707
4 0.12013958125623131 0.9713375796178344 0.004985044865403789 0.050955414012738856
4 0.11465603190428714 0.9745222929936306 0.004985044865403789 0.044585987261146494
4 0.10343968095712862 0.9808917197452229 0.005483549351944167 0.03184713375796178
4 0.13060817547357925 0.964968152866242 0.004985044865403789 0.05732484076433121
4 0.14182452642073778 0.9522292993630573 0.00448654037886341 0.054140127388535034
4 0.10917248255234296 0.9792993630573248 0.004985044865403789 0.03503184713375796
4 0.13609172482552342 0.9617834394904459 0.003988035892323031 0.05732484076433121
23 0.4222333000997009 0.6385350318471338 0.003489531405782652 0.044585987261146494
4 0.12562313060817548 0.9713375796178344 0.004985044865403789 0.050955414012738856
23 0.4317048853439681 0.6289808917197452 0.003489531405782652 0.044585987261146494
4 0.14730807577268196 0.9490445859872612 0.00448654037886341 0.05732484076433121
23 0.4411764705882353 0.6210191082802548 0.003988035892323031 0.04777070063694268
23 0.4361914257228315 0.6273885350318471 0.003489531405782652 0.044585987261146494
23 0.4459122632103689 0.6162420382165605 0.003489531405782652 0.041401273885350316
23 0.4272183449651047 0.6369426751592356 0.003489531405782652 0.044585987261146494
4 0.4528913260219342 0.6114649681528662 0.003988035892323031 0.050955414012738856
23 0.3870887337986042 0.6847133757961783 0.00897308075772682 0.028662420382165606
4 0.20164506480558325 0.8949044585987261 0.004985044865403789 0.05732484076433121
4 0.4117647058823529 0.6576433121019108 0.00448654037886341 0.05732484076433121
23 0.2076271186440678 0.8901273885350318 0.004985044865403789 0.05732484076433121
23 0.19666001994017945 0.9028662420382165 0.005483549351944167 0.06050955414012739
23 0.2405284147557328 0.8694267515923567 0.005483549351944167 0.054140127388535034
23 0.3008474576271186 0.802547770700637 0.00897308075772682 0.03184713375796178
4 0.3786141575274177 0.7277070063694268 0.006480558325024925 0.07006369426751592
4 0.3893320039880359 0.7245222929936306 0.011465603190428714 0.044585987261146494
4 0.4611166500498505 0.6480891719745223 0.00847457627118644 0.03184713375796178
4 0.3482053838484546 0.7770700636942676 0.004985044865403789 0.05732484076433121
4 0.2878863409770688 0.8646496815286624 0.010967098703888335 0.044585987261146494
4 0.306580259222333 0.8439490445859873 0.010967098703888335 0.044585987261146494
23 0.40927218344965105 0.7308917197452229 0.00897308075772682 0.03184713375796178
23 0.22233300099700898 0.9522292993630573 0.004985044865403789 0.054140127388535034
4 0.24177467597208374 0.9331210191082803 0.005483549351944167 0.05732484076433121
23 0.2001495513459621 0.9761146496815286 0.005483549351944167 0.041401273885350316
4 0.18918245264207378 0.9872611464968153 0.015453639082751745 0.01910828025477707
23 0.44865403788634095 0.7133757961783439 0.003489531405782652 0.04777070063694268
23 0.42971086739780656 0.7372611464968153 0.003489531405782652 0.044585987261146494
23 0.43893320039880357 0.7277070063694268 0.003489531405782652 0.044585987261146494
23 0.4252243270189432 0.7420382165605095 0.003489531405782652 0.04777070063694268
23 0.44391824526420737 0.7213375796178344 0.003489531405782652 0.044585987261146494
23 0.41899302093718843 0.7531847133757962 0.004985044865403789 0.06050955414012739
23 0.43469591226321036 0.7356687898089171 0.003489531405782652 0.04777070063694268
23 0.4102691924227318 0.7691082802547771 0.007477567298105683 0.025477707006369428
4 0.28913260219341974 0.9251592356687898 0.010468594217347957 0.041401273885350316
4 0.30807577268195413 0.9044585987261147 0.010967098703888335 0.044585987261146494
4 0.2761714855433699 0.9394904458598726 0.004985044865403789 0.054140127388535034
4 0.3629112662013958 0.8550955414012739 0.006480558325024925 0.07006369426751592
4 0.3693918245264207 0.8471337579617835 0.004985044865403789 0.05732484076433121
4 0.3551844466600199 0.8630573248407644 0.006979062811565304 0.0732484076433121
23 0.41126620139581255 0.804140127388535 0.007976071784646061 0.028662420382165606
23 0.2689431704885344 0.9633757961783439 0.00847457627118644 0.028662420382165606
23 0.25797607178464604 0.9761146496815286 0.009471585244267198 0.03184713375796178
4 0.46385842472582256 0.7515923566878981 0.00897308075772682 0.03503184713375796
23 0.4125124626121635 0.8312101910828026 0.009471585244267198 0.03184713375796178
23 0.538135593220339 0.6894904458598726 0.00847457627118644 0.03184713375796178
4 0.5715353938185443 0.6560509554140127 0.00897308075772682 0.03503184713375796
23 0.5523429710867398 0.6926751592356688 0.00448654037886341 0.05732484076433121
4 0.5024925224327019 0.7563694267515924 0.005483549351944167 0.054140127388535034
4 0.5386340977068793 0.7277070063694268 0.00847457627118644 0.03184713375796178
4 0.5725324027916251 0.6894904458598726 0.006979062811565304 0.022292993630573247
4 0.39780658025922233 0.9410828025477707 0.00847457627118644 0.10191082802547771
4 0.39032901296111666 0.964968152866242 0.006979062811565304 0.06369426751592357
4 0.38384845463609174 0.9761146496815286 0.004985044865403789 0.041401273885350316
4 0.37686939182452645 0.9761146496815286 0.006979062811565304 0.041401273885350316
4 0.07153539381854436 0.6035031847133758 0.010967098703888335 0.044585987261146494
4 0.03589232303090728 0.6480891719745223 0.00897308075772682 0.03184713375796178
4 0.05732801595214357 0.6226114649681529 0.00897308075772682 0.03503184713375796
4 0.19167497507477568 0.47611464968152867 0.009471585244267198 0.03184713375796178
4 0.2457627118644068 0.4171974522292994 0.010967098703888335 0.041401273885350316
4 0.23155533399800599 0.43630573248407645 0.00897308075772682 0.03503184713375796
4 0.01744765702891326 0.678343949044586 0.00847457627118644 0.03184713375796178
4 0.2098703888334995 0.46178343949044587 0.00897308075772682 0.03821656050955414
4 0.36415752741774676 0.28821656050955413 0.00847457627118644 0.03503184713375796
4 0.4187437686939183 0.23248407643312102 0.010967098703888335 0.044585987261146494
4 0.38334995014955137 0.27229299363057324 0.00847457627118644 0.03503184713375796
4 0.4040378863409771 0.2484076433121019 0.009471585244267198 0.03503184713375796
4 0.5371385842472582 0.10191082802547771 0.00847457627118644 0.03184713375796178
4 0.5917248255234298 0.04777070063694268 0.012462612163509471 0.050955414012738856
4 0.5558325024925225 0.0875796178343949 0.00897308075772682 0.03821656050955414
4 0.577517447657029 0.06687898089171974 0.009471585244267198 0.03503184713375796
4 0.020438683948155532 0.7292993630573248 0.00897308075772682 0.028662420382165606
4 0.0306580259222333 0.7181528662420382 0.00897308075772682 0.03184713375796178