23 0.9213627049180327 0.19785276073619631 0.0025614754098360654 0.049079754601226995
23 0.9341700819672131 0.19938650306748465 0.0030737704918032786 0.05521472392638037
23 0.9300717213114754 0.200920245398773 0.0030737704918032786 0.046012269938650305
23 0.9382684426229508 0.19938650306748465 0.0025614754098360654 0.046012269938650305
23 0.03253073770491803 0.294478527607362 0.0025614754098360654 0.04294478527607362
23 0.9254610655737705 0.200920245398773 0.004098360655737705 0.05521472392638037
23 0.028432377049180328 0.294478527607362 0.0020491803278688526 0.03680981595092025
23 0.012038934426229508 0.299079754601227 0.0030737704918032786 0.04294478527607362
23 0.024846311475409836 0.29754601226993865 0.0025614754098360654 0.03680981595092025
23 0.9428790983606558 0.20245398773006135 0.003586065573770492 0.05214723926380368
23 0.02023565573770492 0.299079754601227 0.0030737704918032786 0.03987730061349693
23 0.016137295081967214 0.299079754601227 0.0030737704918032786 0.04294478527607362
4 0.005122950819672131 0.30828220858895705 0.010245901639344262 0.046012269938650305
4 0.2021004098360656 0.2883435582822086 0.0020491803278688526 0.03987730061349693
4 0.19339139344262296 0.2929447852760736 0.0025614754098360654 0.03374233128834356
4 0.18929303278688525 0.2929447852760736 0.0025614754098360654 0.03680981595092025
4 0.171875 0.294478527607362 0.0025614754098360654 0.03987730061349693
4 0.20619877049180327 0.29141104294478526 0.0015368852459016393 0.03987730061349693
4 0.1677766393442623 0.2960122699386503 0.0020491803278688526 0.03680981595092025
4 0.17648565573770492 0.294478527607362 0.0025614754098360654 0.03680981595092025
4 0.18058401639344263 0.294478527607362 0.0020491803278688526 0.03987730061349693
4 0.19800204918032788 0.2929447852760736 0.0020491803278688526 0.03987730061349693
4 0.18468237704918034 0.2960122699386503 0.0025614754098360654 0.03374233128834356
23 0.6956967213114754 0.2776073619631902 0.004098360655737705 0.05214723926380368
23 0.6910860655737705 0.2776073619631902 0.003586065573770492 0.049079754601226995
4 0.004354508196721311 0.3604294478527607 0.008709016393442622 0.03374233128834356
4 0.8027663934426229 0.28680981595092025 0.0020491803278688526 0.03680981595092025
4 0.8329918032786885 0.28680981595092025 0.0025614754098360654 0.04294478527607362
4 0.8109631147540983 0.2898773006134969 0.0025614754098360654 0.03374233128834356
4 0.8273565573770492 0.2883435582822086 0.0020491803278688526 0.03374233128834356
4 0.8191598360655737 0.2883435582822086 0.0025614754098360654 0.03067484662576687
4 0.8452868852459017 0.2852760736196319 0.0025614754098360654 0.03067484662576687
4 0.8063524590163934 0.2929447852760736 0.0030737704918032786 0.03987730061349693
4 0.8417008196721312 0.2898773006134969 0.0025614754098360654 0.03374233128834356
4 0.8150614754098361 0.2929447852760736 0.0020491803278688526 0.03680981595092025
4 0.8232581967213115 0.29141104294478526 0.0030737704918032786 0.03987730061349693
4 0.8575819672131147 0.2883435582822086 0.0025614754098360654 0.03680981595092025
4 0.8376024590163934 0.2898773006134969 0.0020491803278688526 0.03680981595092025
4 0.8498975409836066 0.29141104294478526 0.0025614754098360654 0.03987730061349693
4 0.20952868852459017 0.3588957055214724 0.0030737704918032786 0.046012269938650305
4 0.21413934426229508 0.35736196319018404 0.003586065573770492 0.04294478527607362
4 0.8534836065573771 0.294478527607362 0.0020491803278688526 0.04294478527607362
4 0.5404713114754098 0.32975460122699385 0.0030737704918032786 0.049079754601226995
4 0.5363729508196722 0.3312883435582822 0.0030737704918032786 0.046012269938650305
23 0.012295081967213115 0.3880368098159509 0.003586065573770492 0.049079754601226995
23 0.017930327868852458 0.3880368098159509 0.004610655737704918 0.05521472392638037
4 0.5850409836065574 0.3312883435582822 0.00665983606557377 0.018404907975460124
23 0.5210040983606558 0.34202453987730064 0.007684426229508197 0.024539877300613498
4 0.514344262295082 0.3512269938650307 0.0030737704918032786 0.049079754601226995
4 0.9789959016393442 0.3052147239263804 0.016905737704918034 0.04294478527607362
4 0.5850409836065574 0.35276073619631904 0.00665983606557377 0.015337423312883436
4 0.5302254098360656 0.36503067484662577 0.00665983606557377 0.015337423312883436
4 0.5212602459016393 0.3696319018404908 0.00819672131147541 0.02147239263803681
4 0.7576844262295082 0.35276073619631904 0.012295081967213115 0.03987730061349693
23 0.8629610655737705 0.35429447852760737 0.004098360655737705 0.049079754601226995
4 0.1600922131147541 0.4279141104294479 0.007172131147540984 0.09815950920245399
4 0.5304815573770492 0.3895705521472393 0.0056352459016393444 0.015337423312883436
23 0.018186475409836065 0.4493865030674847 0.004098360655737705 0.05521472392638037
4 0.8527151639344263 0.36503067484662577 0.012807377049180328 0.027607361963190184
23 0.5217725409836066 0.4003067484662577 0.00819672131147541 0.024539877300613498
23 0.8347848360655737 0.3696319018404908 0.00819672131147541 0.018404907975460124
15 0.18929303278688525 0.4371165644171779 0.03432377049180328 0.15950920245398773
4 0.9792520491803278 0.35736196319018404 0.017930327868852458 0.049079754601226995
4 0.9029200819672131 0.3726993865030675 0.00819672131147541 0.09815950920245399
4 0.9121413934426229 0.37116564417177916 0.006147540983606557 0.0950920245398773
4 0.9300717213114754 0.3696319018404908 0.006147540983606557 0.09202453987730061
4 0.938780737704918 0.36809815950920244 0.006147540983606557 0.08895705521472393
4 0.9213627049180327 0.37576687116564417 0.006147540983606557 0.0950920245398773
4 0.9649077868852459 0.37116564417177916 0.006147540983606557 0.08895705521472393
4 0.9561987704918032 0.3726993865030675 0.0056352459016393444 0.0950920245398773
4 0.9480020491803278 0.3726993865030675 0.0056352459016393444 0.08895705521472393
4 0.7579405737704918 0.3987730061349693 0.012807377049180328 0.03067484662576687
4 0.7943135245901639 0.3987730061349693 0.004098360655737705 0.0705521472392638
4 0.8019979508196722 0.39723926380368096 0.004610655737704918 0.06748466257668712
23 0.5212602459016393 0.4340490797546012 0.007684426229508197 0.024539877300613498
23 0.8086577868852459 0.40644171779141103 0.003586065573770492 0.046012269938650305
23 0.8547643442622951 0.401840490797546 0.007684426229508197 0.02147239263803681
23 0.7881659836065574 0.4110429447852761 0.0030737704918032786 0.046012269938650305
4 0.8224897540983607 0.4110429447852761 0.012295081967213115 0.027607361963190184
4 0.7748463114754098 0.4156441717791411 0.005122950819672131 0.06748466257668712
4 0.7815061475409836 0.4156441717791411 0.004610655737704918 0.06441717791411043
4 0.1680327868852459 0.49233128834355827 0.003586065573770492 0.04294478527607362
4 0.9792520491803278 0.4125766871165644 0.017418032786885244 0.046012269938650305
4 0.7082479508196722 0.44171779141104295 0.012295081967213115 0.03374233128834356
23 0.5215163934426229 0.4616564417177914 0.007684426229508197 0.02147239263803681
23 0.5932377049180327 0.4601226993865031 0.007684426229508197 0.02147239263803681
4 0.6024590163934426 0.4616564417177914 0.007172131147540984 0.018404907975460124
15 0.5589139344262295 0.49079754601226994 0.04559426229508197 0.26993865030674846
23 0.5215163934426229 0.495398773006135 0.008709016393442622 0.024539877300613498
4 0.7228483606557377 0.47392638036809814 0.00665983606557377 0.015337423312883436
4 0.6019467213114754 0.4892638036809816 0.00665983606557377 0.018404907975460124
23 0.5932377049180327 0.4938650306748466 0.007684426229508197 0.018404907975460124
30 0.8534836065573771 0.4662576687116564 0.0117827868852459 0.06441717791411043
23 0.7126024590163934 0.49079754601226994 0.004098360655737705 0.046012269938650305
23 0.7069672131147541 0.49079754601226994 0.004098360655737705 0.049079754601226995
23 0.5215163934426229 0.5230061349693251 0.007172131147540984 0.02147239263803681
23 0.9221311475409836 0.4831288343558282 0.00819672131147541 0.024539877300613498
4 0.8017418032786885 0.495398773006135 0.004610655737704918 0.06441717791411043
4 0.7674180327868853 0.5030674846625767 0.004610655737704918 0.0736196319018405
4 0.8094262295081968 0.49846625766871167 0.003586065573770492 0.06134969325153374
4 0.7873975409836066 0.5 0.004098360655737705 0.0705521472392638
4 0.7945696721311475 0.5 0.004610655737704918 0.06748466257668712
23 0.5932377049180327 0.5214723926380368 0.007172131147540984 0.018404907975460124
4 0.6024590163934426 0.5230061349693251 0.00665983606557377 0.015337423312883436
30 0.8222336065573771 0.5 0.011270491803278689 0.06134969325153374
4 0.7325819672131147 0.50920245398773 0.00665983606557377 0.09815950920245399
4 0.7412909836065574 0.50920245398773 0.007172131147540984 0.09815950920245399
4 0.7587090163934426 0.50920245398773 0.006147540983606557 0.09202453987730061
4 0.75 0.5107361963190185 0.00665983606557377 0.0950920245398773
23 0.7248975409836066 0.5138036809815951 0.0025614754098360654 0.04294478527607362
4 0.7207991803278688 0.5168711656441718 0.0025614754098360654 0.04294478527607362
23 0.8924180327868853 0.49846625766871167 0.0020491803278688526 0.04294478527607362
4 0.9144467213114754 0.49693251533742333 0.003586065573770492 0.03987730061349693
4 0.14779713114754098 0.5797546012269938 0.007684426229508197 0.018404907975460124
4 0.8872950819672131 0.5030674846625767 0.005122950819672131 0.05521472392638037
4 0.9098360655737705 0.5 0.0030737704918032786 0.04294478527607362
4 0.22361680327868852 0.5720858895705522 0.008709016393442622 0.027607361963190184
4 0.9334016393442623 0.49693251533742333 0.0030737704918032786 0.04294478527607362
4 0.16675204918032788 0.5782208588957055 0.007172131147540984 0.02147239263803681
4 0.18621926229508196 0.5751533742331288 0.006147540983606557 0.02147239263803681
4 0.9421106557377049 0.49693251533742333 0.0030737704918032786 0.046012269938650305
4 0.17648565573770492 0.5766871165644172 0.00819672131147541 0.024539877300613498
4 0.19544057377049182 0.5751533742331288 0.007172131147540984 0.024539877300613498
4 0.23283811475409835 0.5705521472392638 0.007684426229508197 0.024539877300613498
4 0.9287909836065574 0.49846625766871167 0.0020491803278688526 0.046012269938650305
4 0.9380122950819673 0.49693251533742333 0.0030737704918032786 0.04294478527607362
4 0.2605020491803279 0.5674846625766872 0.008709016393442622 0.027607361963190184
4 0.21388319672131148 0.5736196319018405 0.009221311475409836 0.024539877300613498
4 0.24205942622950818 0.5736196319018405 0.008709016393442622 0.024539877300613498
4 0.13857581967213115 0.5843558282208589 0.00665983606557377 0.018404907975460124
4 0.1570184426229508 0.5812883435582822 0.007172131147540984 0.018404907975460124
4 0.25128073770491804 0.5720858895705522 0.009221311475409836 0.027607361963190184
4 0.9472336065573771 0.5 0.0030737704918032786 0.03987730061349693
4 0.20466188524590165 0.5766871165644172 0.00819672131147541 0.024539877300613498
4 0.951844262295082 0.49846625766871167 0.0025614754098360654 0.04294478527607362
4 0.1293545081967213 0.5874233128834356 0.007684426229508197 0.018404907975460124
4 0.9569672131147541 0.5015337423312883 0.003586065573770492 0.04294478527607362
4 0.9661885245901639 0.5 0.0025614754098360654 0.04294478527607362
23 0.7797131147540983 0.5230061349693251 0.0030737704918032786 0.049079754601226995
23 0.7735655737704918 0.5230061349693251 0.0030737704918032786 0.04294478527607362
4 0.9036885245901639 0.50920245398773 0.006147540983606557 0.0950920245398773
4 0.9221311475409836 0.5138036809815951 0.007684426229508197 0.02147239263803681
23 0.5222848360655737 0.5552147239263804 0.00665983606557377 0.015337423312883436
23 0.5940061475409836 0.5521472392638037 0.00819672131147541 0.02147239263803681
4 0.6027151639344263 0.553680981595092 0.00665983606557377 0.018404907975460124
30 0.8419569672131147 0.5352760736196319 0.00973360655737705 0.05521472392638037
23 0.19544057377049182 0.6058282208588958 0.007172131147540984 0.018404907975460124
23 0.15753073770491804 0.6088957055214724 0.00819672131147541 0.024539877300613498
23 0.21388319672131148 0.6042944785276073 0.008709016393442622 0.024539877300613498
23 0.25230532786885246 0.5996932515337423 0.007684426229508197 0.024539877300613498
23 0.1293545081967213 0.6150306748466258 0.008709016393442622 0.03067484662576687
23 0.23283811475409835 0.6042944785276073 0.00819672131147541 0.018404907975460124
23 0.13857581967213115 0.6150306748466258 0.00819672131147541 0.027607361963190184
23 0.1759733606557377 0.6104294478527608 0.009221311475409836 0.027607361963190184
23 0.897797131147541 0.5352760736196319 0.0030737704918032786 0.04294478527607362
23 0.22361680327868852 0.6058282208588958 0.007684426229508197 0.027607361963190184
23 0.24205942622950818 0.6042944785276073 0.007684426229508197 0.024539877300613498
23 0.14779713114754098 0.6134969325153374 0.00819672131147541 0.02147239263803681
23 0.2605020491803279 0.6012269938650306 0.00665983606557377 0.02147239263803681
23 0.20466188524590165 0.6073619631901841 0.007172131147540984 0.018404907975460124
23 0.18621926229508196 0.6088957055214724 0.008709016393442622 0.027607361963190184
23 0.16675204918032788 0.6119631901840491 0.009221311475409836 0.024539877300613498
4 0.27945696721311475 0.6058282208588958 0.00665983606557377 0.09202453987730061
4 0.2707479508196721 0.6073619631901841 0.006147540983606557 0.08895705521472393
23 0.8183913934426229 0.5521472392638037 0.007172131147540984 0.018404907975460124
23 0.5222848360655737 0.5828220858895705 0.007684426229508197 0.02147239263803681
4 0.6027151639344263 0.5812883435582822 0.00665983606557377 0.018404907975460124
23 0.5934938524590164 0.5858895705521472 0.00665983606557377 0.02147239263803681
4 0.7000512295081968 0.5797546012269938 0.005122950819672131 0.07668711656441718
4 0.6928790983606558 0.5843558282208589 0.005122950819672131 0.07668711656441718
23 0.15804303278688525 0.6395705521472392 0.00819672131147541 0.03067484662576687
23 0.14779713114754098 0.6411042944785276 0.00973360655737705 0.027607361963190184
23 0.24257172131147542 0.6319018404907976 0.007684426229508197 0.02147239263803681
23 0.2143954918032787 0.6334355828220859 0.007684426229508197 0.024539877300613498
23 0.16675204918032788 0.6395705521472392 0.008709016393442622 0.03067484662576687
23 0.2338627049180328 0.6319018404907976 0.007172131147540984 0.02147239263803681
23 0.18570696721311475 0.6395705521472392 0.007684426229508197 0.024539877300613498
23 0.22412909836065573 0.6365030674846626 0.008709016393442622 0.024539877300613498
15 0.7113217213114754 0.5858895705521472 0.00973360655737705 0.10736196319018405
23 0.25230532786885246 0.6334355828220859 0.007172131147540984 0.02147239263803681
23 0.1288422131147541 0.6457055214723927 0.008709016393442622 0.02147239263803681
23 0.19492827868852458 0.6395705521472392 0.007172131147540984 0.03067484662576687
23 0.17648565573770492 0.6411042944785276 0.008709016393442622 0.024539877300613498
23 0.2615266393442623 0.6319018404907976 0.00819672131147541 0.024539877300613498
23 0.20466188524590165 0.6380368098159509 0.008709016393442622 0.027607361963190184
23 0.13857581967213115 0.6487730061349694 0.007172131147540984 0.024539877300613498
15 0.8890881147540983 0.5751533742331288 0.010758196721311475 0.0705521472392638
23 0.5217725409836066 0.6180981595092024 0.007172131147540984 0.02147239263803681
4 0.7328381147540983 0.5950920245398773 0.00819672131147541 0.02147239263803681
4 0.7435963114754098 0.593558282208589 0.007172131147540984 0.018404907975460124
4 0.8096823770491803 0.5874233128834356 0.0056352459016393444 0.0736196319018405
4 0.7569159836065574 0.5966257668711656 0.011270491803278689 0.027607361963190184
4 0.6027151639344263 0.6119631901840491 0.006147540983606557 0.018404907975460124
23 0.5940061475409836 0.6165644171779141 0.00665983606557377 0.02147239263803681
30 0.7774077868852459 0.5966257668711656 0.010245901639344262 0.05214723926380368
4 0.7676741803278688 0.6073619631901841 0.004098360655737705 0.049079754601226995
4 0.5824795081967213 0.6380368098159509 0.003586065573770492 0.05214723926380368
4 0.586577868852459 0.6411042944785276 0.0030737704918032786 0.046012269938650305
23 0.5225409836065574 0.647239263803681 0.00819672131147541 0.024539877300613498
4 0.6029713114754098 0.6426380368098159 0.00665983606557377 0.018404907975460124
23 0.5942622950819673 0.6441717791411042 0.00665983606557377 0.02147239263803681
7 0.9477459016393442 0.6196319018404908 0.048668032786885244 0.11042944785276074
4 0.5368852459016393 0.6687116564417178 0.003586065573770492 0.046012269938650305
4 0.5409836065573771 0.6671779141104295 0.0025614754098360654 0.046012269938650305
4 0.5450819672131147 0.6702453987730062 0.003586065573770492 0.046012269938650305
4 0.5491803278688525 0.6702453987730062 0.0030737704918032786 0.04294478527607362
4 0.8903688524590164 0.6395705521472392 0.008709016393442622 0.027607361963190184
23 0.5225409836065574 0.6779141104294478 0.007684426229508197 0.027607361963190184
4 0.733094262295082 0.6595092024539877 0.004098360655737705 0.05214723926380368
4 0.798155737704918 0.656441717791411 0.007684426229508197 0.024539877300613498
4 0.8078893442622951 0.6549079754601227 0.008709016393442622 0.02147239263803681
30 0.7587090163934426 0.6595092024539877 0.009221311475409836 0.06441717791411043
23 0.7679303278688525 0.6687116564417178 0.0025614754098360654 0.05521472392638037
30 0.7771516393442623 0.6671779141104295 0.009221311475409836 0.05828220858895705
4 0.6685450819672131 0.700920245398773 0.0030737704918032786 0.046012269938650305
4 0.8181352459016393 0.6901840490797546 0.012807377049180328 0.024539877300613498
4 0.7400102459016393 0.7116564417177914 0.008709016393442622 0.02147239263803681
4 0.686219262295082 0.7162576687116564 0.006147540983606557 0.09815950920245399
4 0.6769979508196722 0.7177914110429447 0.007172131147540984 0.09815950920245399
23 0.7784323770491803 0.7131901840490797 0.007684426229508197 0.024539877300613498
23 0.7871413934426229 0.7147239263803681 0.007684426229508197 0.018404907975460124
4 0.7251536885245902 0.7223926380368099 0.013831967213114754 0.04294478527607362
23 0.7497438524590164 0.7285276073619632 0.003586065573770492 0.046012269938650305
30 0.758452868852459 0.7638036809815951 0.00819672131147541 0.06441717791411043
23 0.7476946721311475 0.7714723926380368 0.008709016393442622 0.02147239263803681
4 0.5494364754098361 0.7929447852760736 0.010758196721311475 0.10736196319018405
4 0.5017930327868853 0.8067484662576687 0.003586065573770492 0.05214723926380368
30 0.7246413934426229 0.7837423312883436 0.010245901639344262 0.06441717791411043
4 0.7333504098360656 0.7852760736196319 0.005122950819672131 0.05214723926380368
23 0.5066598360655737 0.8098159509202454 0.003586065573770492 0.049079754601226995
23 0.5399590163934426 0.8144171779141104 0.0030737704918032786 0.049079754601226995
23 0.7474385245901639 0.7960122699386503 0.007684426229508197 0.02147239263803681
4 0.48668032786885246 0.8266871165644172 0.00819672131147541 0.10429447852760736
4 0.4948770491803279 0.8282208588957055 0.00819672131147541 0.10736196319018405
23 0.5804303278688525 0.838957055214724 0.007684426229508197 0.018404907975460124
23 0.6311475409836066 0.8328220858895705 0.006147540983606557 0.015337423312883436
23 0.6188524590163934 0.8374233128834356 0.00665983606557377 0.015337423312883436
23 0.5922131147540983 0.8404907975460123 0.007684426229508197 0.018404907975460124
23 0.6055327868852459 0.838957055214724 0.006147540983606557 0.012269938650306749
7 0.6016905737704918 0.9371165644171779 0.10297131147540983 0.10736196319018405
4 0.004098360655737705 0.18404907975460122 0.007172131147540984 0.02147239263803681
4 0.16444672131147542 0.17638036809815952 0.0020491803278688526 0.046012269938650305
4 0.5568647540983607 0.13496932515337423 0.0030737704918032786 0.04294478527607362
4 0.04815573770491803 0.18865030674846625 0.004098360655737705 0.03987730061349693
4 0.4405737704918033 0.147239263803681 0.003586065573770492 0.046012269938650305
4 0.29559426229508196 0.16257668711656442 0.004098360655737705 0.046012269938650305
4 0.3094262295081967 0.16411042944785276 0.003586065573770492 0.049079754601226995
4 0.03432377049180328 0.19325153374233128 0.004610655737704918 0.046012269938650305
4 0.4262295081967213 0.15184049079754602 0.005122950819672131 0.046012269938650305
4 0.5706967213114754 0.13650306748466257 0.004098360655737705 0.04294478527607362
4 0.7013319672131147 0.12576687116564417 0.0030737704918032786 0.04294478527607362
4 0.6869877049180327 0.1273006134969325 0.003586065573770492 0.04294478527607362
4 0.8171106557377049 0.11349693251533742 0.0030737704918032786 0.046012269938650305
4 0.961577868852459 0.10276073619631902 0.003586065573770492 0.04294478527607362
4 0.9462090163934426 0.10736196319018405 0.003586065573770492 0.046012269938650305
4 0.17981557377049182 0.19325153374233128 0.0025614754098360654 0.03987730061349693
4 0.003586065573770492 0.21319018404907975 0.007172131147540984 0.027607361963190184
23 0.08094262295081968 0.20705521472392638 0.003586065573770492 0.04294478527607362
23 0.06454918032786885 0.2085889570552147 0.003586065573770492 0.049079754601226995
4 0.8319672131147541 0.1303680981595092 0.0025614754098360654 0.04294478527607362
23 0.0706967213114754 0.21012269938650308 0.004098360655737705 0.05214723926380368
23 0.07581967213114754 0.21012269938650308 0.003586065573770492 0.05214723926380368
23 0.9851434426229508 0.12116564417177914 0.0030737704918032786 0.046012269938650305
23 0.9897540983606558 0.12116564417177914 0.0030737704918032786 0.049079754601226995
23 0.9795081967213115 0.12116564417177914 0.004098360655737705 0.04294478527607362
23 0.9938524590163934 0.12269938650306748 0.003586065573770492 0.05214723926380368
4 0.2958504098360656 0.2116564417177914 0.0030737704918032786 0.04294478527607362
4 0.31019467213114754 0.21012269938650308 0.0025614754098360654 0.03680981595092025
4 0.034579918032786885 0.24233128834355827 0.004098360655737705 0.03987730061349693
4 0.5573770491803278 0.18711656441717792 0.0030737704918032786 0.046012269938650305
4 0.16521516393442623 0.2285276073619632 0.0025614754098360654 0.03987730061349693
4 0.44082991803278687 0.19938650306748465 0.003586065573770492 0.05214723926380368
4 0.4264856557377049 0.200920245398773 0.004098360655737705 0.046012269938650305
4 0.04841188524590164 0.24079754601226994 0.003586065573770492 0.049079754601226995
4 0.5712090163934426 0.18558282208588958 0.003586065573770492 0.046012269938650305
4 0.6869877049180327 0.17638036809815952 0.0030737704918032786 0.03987730061349693
4 0.7013319672131147 0.17484662576687116 0.0030737704918032786 0.03987730061349693
4 0.8171106557377049 0.1656441717791411 0.0025614754098360654 0.03680981595092025
4 0.961577868852459 0.1549079754601227 0.003586065573770492 0.04294478527607362
4 0.004866803278688525 0.2561349693251534 0.00973360655737705 0.046012269938650305
4 0.9462090163934426 0.15950920245398773 0.0025614754098360654 0.046012269938650305
4 0.18007172131147542 0.24539877300613497 0.0025614754098360654 0.03680981595092025
4 0.8322233606557377 0.18558282208588958 0.0025614754098360654 0.03987730061349693