15 0.7156959526159921 0.03361344537815126 0.01085883514313919 0.06722689075630252
4 0.7418558736426456 0.018907563025210083 0.011846001974333662 0.037815126050420166
4 0.7265547877591313 0.0273109243697479 0.005923000987166831 0.0546218487394958
15 0.47704837117472854 0.453781512605042 0.059230009871668314 0.5168067226890757
23 0.7959032576505429 0.014705882352941176 0.0034550839091806516 0.029411764705882353
4 0.4400296150049358 0.5336134453781513 0.007403751233958539 0.046218487394957986
15 0.6369693978282329 0.23949579831932774 0.02813425468904245 0.19327731092436976
4 0.7788746298124383 0.029411764705882353 0.005923000987166831 0.058823529411764705
23 0.802319842053307 0.01680672268907563 0.005429417571569595 0.03361344537815126
23 0.4407699901283317 0.592436974789916 0.00839091806515301 0.04201680672268908
4 0.7467917077986179 0.14705882352941177 0.011846001974333662 0.15966386554621848
4 0.7588845014807503 0.12815126050420167 0.01332675222112537 0.15966386554621848
4 0.7356860809476802 0.1638655462184874 0.01332675222112537 0.15546218487394958
4 0.8163869693978283 0.06722689075630252 0.005429417571569595 0.06722689075630252
4 0.6184600197433366 0.3697478991596639 0.012833168805528134 0.13865546218487396
4 0.8052813425468904 0.08823529411764706 0.004442250740375123 0.07563025210084033
23 0.8104639684106614 0.07983193277310924 0.005429417571569595 0.07983193277310924
4 0.7862783810463968 0.12184873949579832 0.003948667324777887 0.058823529411764705
23 0.7922013820335637 0.1134453781512605 0.006416584402764067 0.07142857142857142
23 0.8235439289239882 0.07352941176470588 0.004935834155972359 0.10084033613445378
23 0.5533070088845015 0.48739495798319327 0.004935834155972359 0.07563025210084033
4 0.547137216189536 0.5021008403361344 0.005429417571569595 0.07563025210084033
4 0.2702369200394867 0.9516806722689075 0.005429417571569595 0.07563025210084033
4 0.2307502467917078 0.9852941176470589 0.006416584402764067 0.02100840336134454
4 0.277147087857848 0.9495798319327731 0.004935834155972359 0.07563025210084033
4 0.5175222112537019 0.5966386554621849 0.005923000987166831 0.07142857142857142
4 0.6855873642645607 0.35714285714285715 0.005923000987166831 0.07563025210084033
4 0.7243336623889437 0.3004201680672269 0.004935834155972359 0.07563025210084033
4 0.4918558736426456 0.707983193277311 0.008884501480750246 0.058823529411764705
4 0.4686574531095755 0.7478991596638656 0.00839091806515301 0.0546218487394958
4 0.536771964461994 0.6533613445378151 0.006910167818361303 0.07983193277310924
4 0.5456564659427443 0.6449579831932774 0.004935834155972359 0.07142857142857142
23 0.5106120434353406 0.09663865546218488 0.004935834155972359 0.07983193277310924
4 0.4765547877591313 0.1638655462184874 0.006910167818361303 0.04201680672268908
4 0.46100691016781836 0.1953781512605042 0.009871668311944718 0.0546218487394958
4 0.5111056268509379 0.21428571428571427 0.007403751233958539 0.037815126050420166
4 0.4355873642645607 0.36134453781512604 0.00839091806515301 0.046218487394957986
4 0.6722606120434353 0.046218487394957986 0.012833168805528134 0.09243697478991597
4 0.6581934846989141 0.06092436974789916 0.011352418558736426 0.12184873949579832