23 0.17044284243048405 0.22950819672131148 0.004119464469618949 0.06967213114754098
4 0.12461380020597322 0.24180327868852458 0.008238928939237899 0.03278688524590164
4 0.660659114315139 0.2459016393442623 0.008753861997940269 0.028688524590163935
23 0.3321318228630278 0.2459016393442623 0.006694129763130793 0.028688524590163935
23 0.451081359423275 0.2459016393442623 0.007209062821833162 0.020491803278688523
4 0.7600411946446962 0.2459016393442623 0.006694129763130793 0.02459016393442623
4 0.9670442842430484 0.2459016393442623 0.006694129763130793 0.028688524590163935
4 0.23789907312049433 0.25 0.007209062821833162 0.02459016393442623
4 0.872811534500515 0.25 0.007209062821833162 0.020491803278688523
23 0.4330587023686921 0.25 0.006694129763130793 0.02459016393442623
4 0.018022657054582905 0.25 0.006179196704428424 0.02459016393442623
23 0.547373841400618 0.2540983606557377 0.007723995880535531 0.028688524590163935
4 0.8583934088568486 0.2540983606557377 0.007209062821833162 0.036885245901639344
4 0.007209062821833162 0.2540983606557377 0.008238928939237899 0.028688524590163935
4 0.5762100926879505 0.26639344262295084 0.003089598352214212 0.045081967213114756
4 0.5813594232749743 0.26639344262295084 0.003089598352214212 0.045081967213114756
23 0.7070030895983522 0.26639344262295084 0.006694129763130793 0.020491803278688523
4 0.9598352214212152 0.26639344262295084 0.004119464469618949 0.06557377049180328
4 0.7466529351184346 0.26639344262295084 0.004634397528321318 0.05327868852459016
23 0.5339855818743563 0.26639344262295084 0.004119464469618949 0.05737704918032787
23 0.3218331616889804 0.27049180327868855 0.005149330587023687 0.07377049180327869
4 0.22245108135942326 0.27049180327868855 0.004634397528321318 0.06967213114754098
23 0.7157569515962925 0.27049180327868855 0.005149330587023687 0.020491803278688523
4 0.6477857878475798 0.27049180327868855 0.003604531410916581 0.06557377049180328
4 0.10865087538619979 0.27049180327868855 0.004119464469618949 0.06147540983606557
4 0.660659114315139 0.27459016393442626 0.005664263645726055 0.03278688524590164
4 0.7595262615859938 0.27459016393442626 0.005149330587023687 0.02459016393442623
4 0.7353244078269825 0.2786885245901639 0.0025746652935118436 0.05327868852459016
23 0.451081359423275 0.2786885245901639 0.007209062821833162 0.02459016393442623
4 0.7224510813594233 0.2786885245901639 0.0020597322348094747 0.045081967213114756
4 0.8733264675592173 0.2786885245901639 0.006694129763130793 0.02459016393442623
23 0.547373841400618 0.2786885245901639 0.007209062821833162 0.02459016393442623
4 0.7008238928939238 0.2786885245901639 0.003604531410916581 0.045081967213114756
23 0.33264675592173015 0.2786885245901639 0.007209062821833162 0.03278688524590164
4 0.9675592173017508 0.2827868852459016 0.006694129763130793 0.03278688524590164
4 0.23789907312049433 0.2827868852459016 0.006694129763130793 0.02459016393442623
4 0.018537590113285273 0.2827868852459016 0.005664263645726055 0.02459016393442623
4 0.12461380020597322 0.2827868852459016 0.006694129763130793 0.020491803278688523
23 0.9449021627188465 0.29508196721311475 0.003604531410916581 0.05327868852459016
23 0.9788877445932029 0.29918032786885246 0.004119464469618949 0.06557377049180328
23 0.9737384140061792 0.30327868852459017 0.004119464469618949 0.06147540983606557
23 0.024716786817713696 0.30327868852459017 0.003089598352214212 0.05327868852459016
23 0.43048403707518024 0.30327868852459017 0.01184346035015448 0.05737704918032787
4 0.8558187435633368 0.30327868852459017 0.013903192584963954 0.04918032786885246
23 0.7075180226570545 0.30327868852459017 0.006179196704428424 0.03278688524590164
23 0.7157569515962925 0.3073770491803279 0.006694129763130793 0.020491803278688523
23 0.029866117404737384 0.3073770491803279 0.003089598352214212 0.05327868852459016
23 0.9963954685890835 0.3073770491803279 0.003089598352214212 0.05737704918032787
23 0.7286302780638517 0.3073770491803279 0.006179196704428424 0.028688524590163935
4 0.005664263645726055 0.32786885245901637 0.005149330587023687 0.09836065573770492
4 0.8887744593202883 0.3360655737704918 0.007209062821833162 0.03278688524590164
4 0.8985581874356333 0.3401639344262295 0.006694129763130793 0.02459016393442623
4 0.10144181256436663 0.36885245901639346 0.003089598352214212 0.045081967213114756
4 0.11071060762100927 0.36885245901639346 0.003089598352214212 0.05327868852459016
4 0.12049433573635428 0.36885245901639346 0.004119464469618949 0.05737704918032787
4 0.08650875386199794 0.36885245901639346 0.004119464469618949 0.05737704918032787
4 0.11534500514933059 0.36885245901639346 0.003089598352214212 0.05737704918032787
4 0.07672502574665294 0.36885245901639346 0.004634397528321318 0.05737704918032787
4 0.10607621009268794 0.36885245901639346 0.003089598352214212 0.04918032786885246
4 0.07157569515962925 0.36885245901639346 0.004634397528321318 0.05327868852459016
4 0.09114315139031925 0.3729508196721312 0.003604531410916581 0.045081967213114756
4 0.09629248197734294 0.3729508196721312 0.004634397528321318 0.05327868852459016
4 0.08135942327497425 0.3729508196721312 0.003604531410916581 0.05737704918032787
4 0.06642636457260556 0.3729508196721312 0.004119464469618949 0.05327868852459016
4 0.13027806385169927 0.3729508196721312 0.0025746652935118436 0.05737704918032787
4 0.12512873326467558 0.3729508196721312 0.004634397528321318 0.05327868852459016
23 0.8985581874356333 0.3770491803278688 0.007723995880535531 0.03278688524590164
23 0.8898043254376931 0.3770491803278688 0.008238928939237899 0.028688524590163935
23 0.013388259526261586 0.38114754098360654 0.004634397528321318 0.05737704918032787
4 0.022142121524201853 0.38114754098360654 0.009268795056642637 0.036885245901639344
23 0.9201853759011328 0.38934426229508196 0.003604531410916581 0.05327868852459016
30 0.9109165808444902 0.39344262295081966 0.008753861997940269 0.06557377049180328
4 0.1920700308959835 0.39344262295081966 0.003089598352214212 0.06147540983606557
4 0.18846549948506694 0.3975409836065574 0.003089598352214212 0.045081967213114756
4 0.14521112255406798 0.4016393442622951 0.005149330587023687 0.02459016393442623
4 0.6045314109165808 0.4016393442622951 0.0025746652935118436 0.04918032786885246
23 0.19876416065911431 0.4016393442622951 0.007723995880535531 0.03278688524590164
4 0.607621009268795 0.4057377049180328 0.003089598352214212 0.045081967213114756
15 0.16735324407826982 0.4057377049180328 0.027806385169927908 0.22950819672131148
4 0.6220391349124614 0.4098360655737705 0.003089598352214212 0.06147540983606557
30 0.21009268795056643 0.42213114754098363 0.009268795056642637 0.07377049180327869
23 0.29711637487126674 0.42213114754098363 0.004634397528321318 0.05327868852459016
23 0.8171987641606591 0.4262295081967213 0.007209062821833162 0.03278688524590164
23 0.2286302780638517 0.4262295081967213 0.003604531410916581 0.05737704918032787
23 0.2878475798146241 0.4262295081967213 0.0025746652935118436 0.05327868852459016
4 0.8043254376930999 0.4262295081967213 0.013388259526261586 0.05327868852459016
23 0.25746652935118436 0.4262295081967213 0.004119464469618949 0.04918032786885246
23 0.291967044284243 0.4262295081967213 0.003604531410916581 0.045081967213114756
23 0.24871266735324407 0.4262295081967213 0.003604531410916581 0.05327868852459016
23 0.282183316168898 0.4262295081967213 0.0025746652935118436 0.040983606557377046
30 0.8470648815653965 0.4262295081967213 0.006694129763130793 0.07377049180327869
23 0.2631307929969104 0.4262295081967213 0.004119464469618949 0.045081967213114756
23 0.2682801235839341 0.4262295081967213 0.003604531410916581 0.040983606557377046
23 0.23429454170957775 0.4262295081967213 0.003604531410916581 0.05327868852459016
23 0.24356333676622038 0.430327868852459 0.005149330587023687 0.045081967213114756
4 0.14418125643666324 0.430327868852459 0.005664263645726055 0.028688524590163935
23 0.272399588053553 0.430327868852459 0.004634397528321318 0.045081967213114756
23 0.2533470648815654 0.430327868852459 0.004119464469618949 0.05327868852459016
30 0.8285272914521112 0.430327868852459 0.008753861997940269 0.07377049180327869
23 0.2780638516992791 0.430327868852459 0.004119464469618949 0.036885245901639344
23 0.2384140061791967 0.430327868852459 0.005149330587023687 0.05737704918032787
23 0.12924819773429455 0.4385245901639344 0.004119464469618949 0.05737704918032787
23 0.11534500514933059 0.4385245901639344 0.004119464469618949 0.06147540983606557
23 0.10092687950566426 0.4385245901639344 0.003604531410916581 0.05737704918032787
23 0.11071060762100927 0.4385245901639344 0.004119464469618949 0.05737704918032787
23 0.12615859938208032 0.4385245901639344 0.004634397528321318 0.04918032786885246
30 0.8877445932028837 0.4385245901639344 0.008238928939237899 0.06557377049180328
23 0.12049433573635428 0.4385245901639344 0.004119464469618949 0.05327868852459016
23 0.09114315139031925 0.4426229508196721 0.005149330587023687 0.05327868852459016
23 0.09577754891864057 0.4426229508196721 0.004634397528321318 0.045081967213114756
23 0.07157569515962925 0.4426229508196721 0.004119464469618949 0.05737704918032787
23 0.08599382080329557 0.4426229508196721 0.004634397528321318 0.04918032786885246
23 0.07621009268795056 0.4426229508196721 0.004119464469618949 0.05327868852459016
23 0.06642636457260556 0.4426229508196721 0.004634397528321318 0.05737704918032787
23 0.10607621009268794 0.4426229508196721 0.003604531410916581 0.05737704918032787
23 0.08135942327497425 0.44672131147540983 0.004119464469618949 0.04918032786885246
23 0.9938208032955715 0.44672131147540983 0.008238928939237899 0.02459016393442623
4 0.7214212152420185 0.45081967213114754 0.006179196704428424 0.02459016393442623
4 0.7353244078269825 0.45081967213114754 0.007209062821833162 0.020491803278688523
4 0.8676622039134912 0.45491803278688525 0.006694129763130793 0.0942622950819672
23 0.1972193614830072 0.45491803278688525 0.004119464469618949 0.05737704918032787
4 0.8759011328527292 0.45901639344262296 0.006694129763130793 0.0942622950819672
23 0.20185375901132852 0.45901639344262296 0.004634397528321318 0.05737704918032787
30 0.917610710607621 0.4713114754098361 0.010298661174047374 0.05737704918032787
23 0.02832131822863028 0.47540983606557374 0.003604531410916581 0.05737704918032787
30 0.903707518022657 0.47540983606557374 0.007723995880535531 0.04918032786885246
23 0.6194644696189495 0.48360655737704916 0.006694129763130793 0.03278688524590164
23 0.860453141091658 0.48360655737704916 0.003604531410916581 0.05327868852459016
4 0.032955715756951595 0.48360655737704916 0.004119464469618949 0.05737704918032787
23 0.2106076210092688 0.48770491803278687 0.008238928939237899 0.03278688524590164
23 0.2924819773429454 0.4918032786885246 0.004119464469618949 0.045081967213114756
23 0.22914521112255407 0.4918032786885246 0.0025746652935118436 0.04918032786885246
23 0.8171987641606591 0.4918032786885246 0.007723995880535531 0.028688524590163935
23 0.24356333676622038 0.4918032786885246 0.003604531410916581 0.05327868852459016
23 0.23377960865087538 0.4918032786885246 0.0025746652935118436 0.05327868852459016
23 0.252832131822863 0.4918032786885246 0.004119464469618949 0.06147540983606557
4 0.7281153450051493 0.4959016393442623 0.003604531410916581 0.04918032786885246
23 0.27703398558187436 0.4959016393442623 0.004634397528321318 0.04918032786885246
23 0.282183316168898 0.4959016393442623 0.006179196704428424 0.05737704918032787
23 0.23892893923789907 0.4959016393442623 0.004119464469618949 0.05327868852459016
4 0.8048403707518023 0.4959016393442623 0.013903192584963954 0.06147540983606557
23 0.29711637487126674 0.4959016393442623 0.004119464469618949 0.06147540983606557
23 0.272399588053553 0.4959016393442623 0.004634397528321318 0.045081967213114756
23 0.26776519052523173 0.4959016393442623 0.004634397528321318 0.05327868852459016
23 0.262615859938208 0.4959016393442623 0.005664263645726055 0.05327868852459016
23 0.2878475798146241 0.4959016393442623 0.003604531410916581 0.045081967213114756
23 0.2481977342945417 0.5 0.003604531410916581 0.04918032786885246
23 0.8470648815653965 0.5 0.007209062821833162 0.03278688524590164
23 0.25798146240988673 0.5040983606557377 0.004119464469618949 0.04918032786885246
30 0.8285272914521112 0.5040983606557377 0.007723995880535531 0.06147540983606557
23 0.9922760041194645 0.5163934426229508 0.006694129763130793 0.02459016393442623
23 0.6189495365602472 0.5204918032786885 0.007209062821833162 0.03278688524590164
4 0.9459320288362513 0.5245901639344263 0.008238928939237899 0.12295081967213115
23 0.916065911431514 0.5409836065573771 0.009268795056642637 0.045081967213114756
23 0.8388259526261586 0.5450819672131147 0.003604531410916581 0.06967213114754098
4 0.7183316168898043 0.5491803278688525 0.006179196704428424 0.020491803278688523
4 0.8465499485066942 0.5491803278688525 0.009268795056642637 0.036885245901639344
4 0.8656024716786818 0.5573770491803278 0.01184346035015448 0.036885245901639344
23 0.619979402677652 0.5573770491803278 0.006694129763130793 0.028688524590163935
4 0.9927909371781668 0.5573770491803278 0.006694129763130793 0.02459016393442623
23 0.854788877445932 0.5614754098360656 0.003604531410916581 0.06967213114754098
4 0.8043254376930999 0.5778688524590164 0.013388259526261586 0.045081967213114756
4 0.8280123583934088 0.5819672131147541 0.013388259526261586 0.05327868852459016
4 0.7348094747682801 0.5901639344262295 0.007209062821833162 0.11475409836065574
23 0.9922760041194645 0.5942622950819673 0.006179196704428424 0.02459016393442623
23 0.619979402677652 0.5983606557377049 0.006179196704428424 0.03278688524590164
23 0.5345005149330587 0.6024590163934426 0.007209062821833162 0.028688524590163935
4 0.9243048403707518 0.6065573770491803 0.005664263645726055 0.07377049180327869
23 0.9325437693099897 0.6065573770491803 0.004634397528321318 0.05737704918032787
15 0.5731204943357363 0.6065573770491803 0.052008238928939236 0.4139344262295082
23 0.9170957775489187 0.610655737704918 0.005149330587023687 0.06557377049180328
4 0.6045314109165808 0.6147540983606558 0.0025746652935118436 0.05327868852459016
23 0.9387229660144182 0.6147540983606558 0.003604531410916581 0.06147540983606557
4 0.607621009268795 0.6147540983606558 0.003604531410916581 0.04918032786885246
23 0.619979402677652 0.639344262295082 0.007209062821833162 0.028688524590163935
23 0.8944387229660145 0.6475409836065574 0.004634397528321318 0.045081967213114756
4 0.8048403707518023 0.6516393442622951 0.012873326467559218 0.05737704918032787
4 0.8903192584963955 0.6557377049180327 0.003604531410916581 0.04918032786885246
4 0.9654994850669413 0.6598360655737705 0.005664263645726055 0.12704918032786885
4 0.955200823892894 0.6639344262295082 0.006694129763130793 0.11885245901639344
23 0.9227600411946447 0.6680327868852459 0.006694129763130793 0.03278688524590164
4 0.931513903192585 0.6762295081967213 0.005149330587023687 0.02459016393442623
23 0.6194644696189495 0.680327868852459 0.008238928939237899 0.028688524590163935
23 0.8769309989701339 0.680327868852459 0.007209062821833162 0.028688524590163935
4 0.8161688980432544 0.680327868852459 0.005149330587023687 0.02459016393442623
4 0.7698249227600412 0.6885245901639344 0.006694129763130793 0.0942622950819672
4 0.8326467559217302 0.6885245901639344 0.006694129763130793 0.10655737704918032
4 0.8244078269824923 0.6885245901639344 0.005664263645726055 0.10245901639344263
15 0.7559217301750772 0.6926229508196722 0.012358393408856848 0.11065573770491803
23 0.9387229660144182 0.6926229508196722 0.004119464469618949 0.06147540983606557
4 0.8419155509783728 0.6926229508196722 0.006694129763130793 0.10655737704918032
4 0.8496395468589083 0.7008196721311475 0.006179196704428424 0.10245901639344263
23 0.8851699279093718 0.7090163934426229 0.003604531410916581 0.05737704918032787
23 0.9227600411946447 0.7131147540983607 0.006179196704428424 0.028688524590163935
23 0.8692070030895983 0.7131147540983607 0.003089598352214212 0.05737704918032787
4 0.9309989701338826 0.7172131147540983 0.006694129763130793 0.02459016393442623
23 0.619979402677652 0.7172131147540983 0.006694129763130793 0.028688524590163935
4 0.8650875386199794 0.7172131147540983 0.003604531410916581 0.040983606557377046
4 0.5381050463439753 0.7254098360655737 0.0025746652935118436 0.05327868852459016
4 0.8774459320288363 0.7254098360655737 0.007209062821833162 0.036885245901639344
4 0.5345005149330587 0.7254098360655737 0.003604531410916581 0.05327868852459016
23 0.815653964984552 0.7295081967213115 0.007209062821833162 0.02459016393442623
23 0.6194644696189495 0.7581967213114754 0.007209062821833162 0.02459016393442623
23 0.923274974253347 0.7663934426229508 0.008238928939237899 0.028688524590163935
4 0.7945417095777549 0.7663934426229508 0.006179196704428424 0.10655737704918032
23 0.9366632337796087 0.7704918032786885 0.007723995880535531 0.03278688524590164
15 0.9016477857878475 0.7704918032786885 0.01905252317198764 0.11885245901639344
4 0.786302780638517 0.7704918032786885 0.006694129763130793 0.10655737704918032
23 0.9304840370751802 0.7868852459016393 0.004119464469618949 0.06147540983606557
4 0.8738414006179197 0.7868852459016393 0.003604531410916581 0.05327868852459016
23 0.8640576725025747 0.7868852459016393 0.004119464469618949 0.045081967213114756
23 0.868692070030896 0.7909836065573771 0.0025746652935118436 0.05327868852459016
23 0.8795056642636457 0.7909836065573771 0.004119464469618949 0.06147540983606557
23 0.884140061791967 0.7950819672131147 0.004119464469618949 0.05737704918032787
23 0.619979402677652 0.7950819672131147 0.006694129763130793 0.02459016393442623
23 0.9485066941297632 0.8155737704918032 0.0025746652935118436 0.06557377049180328
4 0.9438722966014418 0.819672131147541 0.0020597322348094747 0.05327868852459016
23 0.6096807415036045 0.8319672131147541 0.003604531410916581 0.04918032786885246
23 0.6204943357363543 0.8360655737704918 0.006694129763130793 0.028688524590163935
23 0.8733264675592173 0.860655737704918 0.004119464469618949 0.045081967213114756
23 0.8779608650875386 0.860655737704918 0.003089598352214212 0.05327868852459016
4 0.9376930998970134 0.8688524590163934 0.006694129763130793 0.10245901639344263
23 0.9253347064881565 0.8811475409836066 0.003089598352214212 0.04918032786885246
23 0.9207003089598352 0.8811475409836066 0.003604531410916581 0.05327868852459016
23 0.9304840370751802 0.8852459016393442 0.003604531410916581 0.06147540983606557
23 0.6235839340885685 0.8852459016393442 0.006694129763130793 0.028688524590163935
23 0.9485066941297632 0.889344262295082 0.003604531410916581 0.05327868852459016
4 0.9433573635427395 0.8934426229508197 0.003089598352214212 0.05327868852459016
4 0.5659114315139032 0.8934426229508197 0.004119464469618949 0.05737704918032787
4 0.5700308959835222 0.8975409836065574 0.003604531410916581 0.05327868852459016
4 0.7857878475798146 0.9016393442622951 0.007209062821833162 0.09836065573770492
23 0.6307929969104017 0.9016393442622951 0.003604531410916581 0.05327868852459016
23 0.5957775489186405 0.9057377049180327 0.0025746652935118436 0.04918032786885246
4 0.7940267765190525 0.9057377049180327 0.006694129763130793 0.11065573770491803
23 0.607621009268795 0.9098360655737705 0.003089598352214212 0.05737704918032787
30 0.858908341915551 0.9098360655737705 0.010298661174047374 0.0860655737704918
23 0.6168898043254377 0.9139344262295082 0.003089598352214212 0.045081967213114756
23 0.893923789907312 0.9221311475409836 0.003604531410916581 0.05327868852459016
30 0.9016477857878475 0.9221311475409836 0.006179196704428424 0.06967213114754098
30 0.9098867147270855 0.9262295081967213 0.007209062821833162 0.06557377049180328
23 0.6240988671472708 0.930327868852459 0.006694129763130793 0.03278688524590164
4 0.7744593202883625 0.930327868852459 0.003089598352214212 0.05327868852459016
4 0.7785787847579815 0.9344262295081968 0.003089598352214212 0.05737704918032787
23 0.8805355303810505 0.9385245901639344 0.006694129763130793 0.028688524590163935
23 0.9181256436663234 0.9385245901639344 0.006694129763130793 0.02459016393442623
23 0.5679711637487127 0.9549180327868853 0.006694129763130793 0.028688524590163935
4 0.5947476828012358 0.9549180327868853 0.006179196704428424 0.020491803278688523
4 0.16426364572605562 0.11475409836065574 0.006179196704428424 0.02459016393442623
4 0.17713697219361482 0.11475409836065574 0.005664263645726055 0.02459016393442623
4 0.16065911431513905 0.1598360655737705 0.013903192584963954 0.05737704918032787
4 0.18022657054582905 0.1598360655737705 0.013903192584963954 0.05327868852459016
4 0.5998970133882595 0.1762295081967213 0.013388259526261586 0.06147540983606557
23 0.3764160659114315 0.19262295081967212 0.007209062821833162 0.10245901639344263
4 0.815653964984552 0.19262295081967212 0.007209062821833162 0.11065573770491803
4 0.9165808444902163 0.19262295081967212 0.007723995880535531 0.11885245901639344
4 0.16014418125643667 0.22540983606557377 0.012358393408856848 0.045081967213114756