4 0.026775956284153007 0.20982142857142858 0.007103825136612022 0.08035714285714286
23 0.10163934426229508 0.20982142857142858 0.003825136612021858 0.07142857142857142
23 0.4005464480874317 0.21428571428571427 0.00819672131147541 0.022321428571428572
23 0.15737704918032788 0.21428571428571427 0.007103825136612022 0.08482142857142858
4 0.09453551912568306 0.21875 0.006557377049180328 0.08928571428571429
4 0.07868852459016394 0.21875 0.007650273224043716 0.09375
4 0.08633879781420765 0.21875 0.007103825136612022 0.08928571428571429
4 0.05027322404371585 0.21875 0.003278688524590164 0.06696428571428571
4 0.055191256830601096 0.21875 0.003825136612021858 0.0625
4 0.06284153005464481 0.21875 0.007650273224043716 0.09375
4 0.07049180327868852 0.21875 0.006557377049180328 0.09375
23 0.333879781420765 0.24107142857142858 0.007650273224043716 0.026785714285714284
23 0.4010928961748634 0.24553571428571427 0.007103825136612022 0.03571428571428571
23 0.4010928961748634 0.2767857142857143 0.007103825136612022 0.026785714285714284
23 0.26284153005464483 0.2767857142857143 0.007650273224043716 0.03125
4 0.5562841530054645 0.2857142857142857 0.003278688524590164 0.05803571428571429
4 0.5519125683060109 0.2857142857142857 0.003278688524590164 0.05803571428571429
4 0.5371584699453552 0.3080357142857143 0.007103825136612022 0.09375
23 0.4010928961748634 0.3125 0.007103825136612022 0.026785714285714284
23 0.2907103825136612 0.32142857142857145 0.008743169398907104 0.04017857142857143
4 0.5737704918032787 0.32142857142857145 0.01092896174863388 0.05357142857142857
23 0.2442622950819672 0.32142857142857145 0.00819672131147541 0.04017857142857143
23 0.23497267759562843 0.32142857142857145 0.007650273224043716 0.04017857142857143
23 0.26229508196721313 0.32142857142857145 0.00819672131147541 0.04017857142857143
23 0.2721311475409836 0.32142857142857145 0.008743169398907104 0.03571428571428571
23 0.2814207650273224 0.32142857142857145 0.00819672131147541 0.03571428571428571
23 0.22568306010928962 0.32589285714285715 0.008743169398907104 0.03571428571428571
23 0.2530054644808743 0.32589285714285715 0.007650273224043716 0.04017857142857143
23 0.21584699453551912 0.32589285714285715 0.00819672131147541 0.04017857142857143
23 0.16939890710382513 0.32589285714285715 0.00819672131147541 0.03571428571428571
23 0.18797814207650274 0.32589285714285715 0.00819672131147541 0.04017857142857143
23 0.19726775956284154 0.32589285714285715 0.008743169398907104 0.03571428571428571
23 0.20655737704918034 0.32589285714285715 0.00819672131147541 0.03571428571428571
23 0.17868852459016393 0.32589285714285715 0.008743169398907104 0.044642857142857144
23 0.15956284153005465 0.33035714285714285 0.00819672131147541 0.03571428571428571
23 0.14153005464480875 0.33035714285714285 0.00819672131147541 0.03571428571428571
23 0.13169398907103824 0.33035714285714285 0.008743169398907104 0.04017857142857143
23 0.15027322404371585 0.33035714285714285 0.00819672131147541 0.04017857142857143
23 0.29890710382513663 0.34375 0.00546448087431694 0.08035714285714286
4 0.41092896174863386 0.35714285714285715 0.007103825136612022 0.03125
23 0.28087431693989073 0.36607142857142855 0.00819672131147541 0.03571428571428571
23 0.26229508196721313 0.36607142857142855 0.00819672131147541 0.03125
23 0.2715846994535519 0.36607142857142855 0.008743169398907104 0.03571428571428571
23 0.15956284153005465 0.36607142857142855 0.008743169398907104 0.03571428571428571
23 0.16885245901639345 0.36607142857142855 0.00819672131147541 0.03571428571428571
23 0.2901639344262295 0.36607142857142855 0.008743169398907104 0.03125
23 0.22513661202185792 0.36607142857142855 0.008743169398907104 0.03125
23 0.24371584699453552 0.36607142857142855 0.007650273224043716 0.03571428571428571
23 0.2530054644808743 0.3705357142857143 0.008743169398907104 0.03571428571428571
23 0.18797814207650274 0.3705357142857143 0.00819672131147541 0.03125
23 0.23442622950819672 0.3705357142857143 0.00819672131147541 0.03571428571428571
23 0.19672131147540983 0.3705357142857143 0.007650273224043716 0.03571428571428571
23 0.21584699453551912 0.3705357142857143 0.00819672131147541 0.03571428571428571
23 0.20655737704918034 0.3705357142857143 0.00819672131147541 0.03571428571428571
23 0.15081967213114755 0.3705357142857143 0.00819672131147541 0.03125
23 0.17868852459016393 0.3705357142857143 0.008743169398907104 0.03125
23 0.14098360655737704 0.375 0.008743169398907104 0.03571428571428571
23 0.13169398907103824 0.375 0.008743169398907104 0.03571428571428571
23 0.39672131147540984 0.38839285714285715 0.007650273224043716 0.026785714285714284
23 0.3371584699453552 0.4017857142857143 0.004918032786885246 0.06696428571428571
4 0.2907103825136612 0.40625 0.008743169398907104 0.03571428571428571
4 0.26229508196721313 0.40625 0.008743169398907104 0.03571428571428571
4 0.2442622950819672 0.40625 0.007650273224043716 0.03125
4 0.2814207650273224 0.4107142857142857 0.007650273224043716 0.03571428571428571
4 0.3 0.4107142857142857 0.00819672131147541 0.03571428571428571
4 0.23497267759562843 0.4107142857142857 0.00819672131147541 0.03125
4 0.2721311475409836 0.4107142857142857 0.008743169398907104 0.03571428571428571
4 0.346448087431694 0.4107142857142857 0.003825136612021858 0.0625
23 0.17868852459016393 0.4107142857142857 0.009289617486338797 0.03571428571428571
4 0.2530054644808743 0.4107142857142857 0.00819672131147541 0.03571428571428571
4 0.34207650273224044 0.4107142857142857 0.003278688524590164 0.0625
4 0.21584699453551912 0.4107142857142857 0.008743169398907104 0.03571428571428571
4 0.22568306010928962 0.4107142857142857 0.008743169398907104 0.04017857142857143
4 0.16885245901639345 0.4107142857142857 0.007650273224043716 0.03571428571428571
4 0.15956284153005465 0.41517857142857145 0.00819672131147541 0.044642857142857144
4 0.20655737704918034 0.41517857142857145 0.00819672131147541 0.03571428571428571
4 0.14098360655737704 0.41517857142857145 0.007650273224043716 0.03571428571428571
4 0.15027322404371585 0.41517857142857145 0.00819672131147541 0.04017857142857143
4 0.19726775956284154 0.41517857142857145 0.00819672131147541 0.04017857142857143
4 0.13114754098360656 0.41517857142857145 0.009289617486338797 0.03571428571428571
23 0.39672131147540984 0.42410714285714285 0.007103825136612022 0.026785714285714284
4 0.02185792349726776 0.44642857142857145 0.003825136612021858 0.05803571428571429
23 0.9825136612021858 0.45089285714285715 0.008743169398907104 0.03571428571428571
4 0.007103825136612022 0.45535714285714285 0.006557377049180328 0.08928571428571429
23 0.015300546448087432 0.45982142857142855 0.006010928961748634 0.09375
23 0.9830601092896175 0.4955357142857143 0.009289617486338797 0.03125
23 0.09836065573770492 0.5178571428571429 0.003278688524590164 0.0625
23 0.0907103825136612 0.5178571428571429 0.00273224043715847 0.05357142857142857
23 0.09453551912568306 0.5223214285714286 0.003278688524590164 0.0625
23 0.10273224043715846 0.5223214285714286 0.004371584699453552 0.05803571428571429
4 0.002185792349726776 0.5848214285714286 0.004371584699453552 0.08035714285714286
4 0.0726775956284153 0.5848214285714286 0.011475409836065573 0.05803571428571429
4 0.8191256830601092 0.5982142857142857 0.011475409836065573 0.05357142857142857
4 0.9508196721311475 0.6026785714285714 0.011475409836065573 0.05357142857142857
4 0.15737704918032788 0.6026785714285714 0.011475409836065573 0.05803571428571429
4 0.5060109289617486 0.6071428571428571 0.011475409836065573 0.05357142857142857
4 0.5972677595628415 0.6116071428571429 0.011475409836065573 0.05803571428571429
4 0.28524590163934427 0.6205357142857143 0.011475409836065573 0.05357142857142857
30 0.10300546448087432 0.013392857142857142 0.011475409836065573 0.026785714285714284
4 0.0912568306010929 0.013392857142857142 0.007650273224043716 0.026785714285714284
4 0.012568306010928962 0.6696428571428571 0.004371584699453552 0.07142857142857142
4 0.001912568306010929 0.6741071428571429 0.003825136612021858 0.07142857142857142
4 0.018032786885245903 0.6741071428571429 0.004918032786885246 0.06696428571428571
4 0.023497267759562842 0.6741071428571429 0.004918032786885246 0.07142857142857142
4 0.007103825136612022 0.6741071428571429 0.004371584699453552 0.06696428571428571
4 0.030054644808743168 0.6875 0.006557377049180328 0.09375
23 0.24098360655737705 0.6875 0.009289617486338797 0.044642857142857144
4 0.8049180327868852 0.6919642857142857 0.007103825136612022 0.03125
4 0.8617486338797814 0.7053571428571429 0.006010928961748634 0.08482142857142858
4 0.6830601092896175 0.71875 0.006557377049180328 0.08928571428571429
4 0.6404371584699453 0.71875 0.006557377049180328 0.09375
4 0.9393442622950819 0.7276785714285714 0.008743169398907104 0.03571428571428571
4 0.9087431693989071 0.7276785714285714 0.011475409836065573 0.05357142857142857
4 0.8060109289617486 0.7321428571428571 0.008743169398907104 0.03571428571428571
23 0.5245901639344263 0.7321428571428571 0.00546448087431694 0.07589285714285714
4 0.10601092896174863 0.7366071428571429 0.007103825136612022 0.09821428571428571
4 0.46120218579234973 0.7410714285714286 0.01092896174863388 0.05357142857142857
4 0.719672131147541 0.7410714285714286 0.008743169398907104 0.04017857142857143
4 0.24207650273224043 0.7455357142857143 0.011475409836065573 0.05803571428571429
4 0.6021857923497268 0.7455357142857143 0.00819672131147541 0.03571428571428571
4 0.5890710382513661 0.75 0.007103825136612022 0.03571428571428571
4 0.49836065573770494 0.75 0.009289617486338797 0.04017857142857143
4 0.27595628415300544 0.7589285714285714 0.009289617486338797 0.03125
4 0.15792349726775956 0.7678571428571429 0.00819672131147541 0.03125
4 0.053005464480874315 0.7678571428571429 0.009289617486338797 0.044642857142857144
4 0.1448087431693989 0.7723214285714286 0.007650273224043716 0.03571428571428571
23 0.08224043715846995 0.029017857142857144 0.00819672131147541 0.05803571428571429
4 0.073224043715847 0.020089285714285716 0.007650273224043716 0.04017857142857143
23 0.14726775956284152 0.008928571428571428 0.010382513661202186 0.017857142857142856
23 0.1366120218579235 0.011160714285714286 0.008743169398907104 0.022321428571428572
23 0.31065573770491806 0.013392857142857142 0.00819672131147541 0.026785714285714284
23 0.28060109289617485 0.017857142857142856 0.009289617486338797 0.03571428571428571
23 0.4005464480874317 0.017857142857142856 0.006010928961748634 0.026785714285714284
23 0.18743169398907103 0.020089285714285716 0.009836065573770493 0.04017857142857143
4 0.03715846994535519 0.03571428571428571 0.01092896174863388 0.05357142857142857
4 0.1366120218579235 0.04017857142857143 0.007650273224043716 0.03571428571428571
23 0.146448087431694 0.04017857142857143 0.008743169398907104 0.026785714285714284
23 0.4005464480874317 0.05357142857142857 0.007103825136612022 0.026785714285714284
4 0.11530054644808743 0.05803571428571429 0.012021857923497269 0.05803571428571429
4 0.2371584699453552 0.05803571428571429 0.006557377049180328 0.08482142857142858
4 0.47595628415300545 0.05803571428571429 0.007103825136612022 0.08928571428571429
23 0.28032786885245903 0.05803571428571429 0.008743169398907104 0.03571428571428571
15 0.16967213114754098 0.07142857142857142 0.020218579234972677 0.14285714285714285
4 0.18688524590163935 0.06696428571428571 0.00819672131147541 0.03571428571428571
23 0.4923497267759563 0.06696428571428571 0.004918032786885246 0.07589285714285714
4 0.3360655737704918 0.07142857142857142 0.007650273224043716 0.03571428571428571
23 0.4010928961748634 0.08482142857142858 0.007103825136612022 0.022321428571428572
23 0.1360655737704918 0.08482142857142858 0.00819672131147541 0.03571428571428571
23 0.1469945355191257 0.08482142857142858 0.009289617486338797 0.04017857142857143
4 0.03715846994535519 0.09821428571428571 0.012021857923497269 0.05357142857142857
23 0.28032786885245903 0.10267857142857142 0.007650273224043716 0.03571428571428571
4 0.0912568306010929 0.10714285714285714 0.006010928961748634 0.09375
4 0.3109289617486339 0.10714285714285714 0.007103825136612022 0.03125
30 0.07595628415300547 0.11160714285714286 0.01092896174863388 0.06696428571428571
30 0.10327868852459017 0.11160714285714286 0.012568306010928962 0.08482142857142858
23 0.08469945355191257 0.11160714285714286 0.004371584699453552 0.07142857142857142
23 0.4005464480874317 0.11607142857142858 0.007650273224043716 0.026785714285714284
23 0.14754098360655737 0.12946428571428573 0.009289617486338797 0.03125
23 0.292896174863388 0.13392857142857142 0.01092896174863388 0.05357142857142857
23 0.43387978142076505 0.13839285714285715 0.008743169398907104 0.04017857142857143
4 0.4448087431693989 0.13839285714285715 0.012021857923497269 0.05357142857142857
23 0.28032786885245903 0.14285714285714285 0.00819672131147541 0.03571428571428571
23 0.4010928961748634 0.14732142857142858 0.007103825136612022 0.026785714285714284
4 0.0366120218579235 0.16071428571428573 0.01092896174863388 0.049107142857142856
23 0.14754098360655737 0.16964285714285715 0.00819672131147541 0.03125
15 0.36721311475409835 0.1875 0.05027322404371585 0.375
4 0.566120218579235 0.18303571428571427 0.006557377049180328 0.08928571428571429
4 0.5568306010928962 0.18303571428571427 0.006557377049180328 0.08928571428571429
23 0.4010928961748634 0.18303571428571427 0.007650273224043716 0.026785714285714284
23 0.13934426229508196 0.1875 0.004918032786885246 0.08035714285714286
4 0.22185792349726777 0.1875 0.006557377049180328 0.08482142857142858
4 0.24153005464480876 0.1875 0.006010928961748634 0.09375
4 0.21420765027322405 0.1875 0.006557377049180328 0.08928571428571429
4 0.20710382513661202 0.19196428571428573 0.006010928961748634 0.08928571428571429
4 0.23387978142076501 0.19196428571428573 0.006557377049180328 0.08928571428571429
23 0.28087431693989073 0.19196428571428573 0.009289617486338797 0.026785714285714284
23 0.3333333333333333 0.20089285714285715 0.007103825136612022 0.026785714285714284
23 0.1644808743169399 0.20089285714285715 0.003278688524590164 0.0625
23 0.1273224043715847 0.20089285714285715 0.009289617486338797 0.04017857142857143
4 0.14754098360655737 0.20535714285714285 0.008743169398907104 0.026785714285714284