4 0.28251599147121537 0.3180147058823529 0.006929637526652452 0.07720588235294118
4 0.2659914712153518 0.3272058823529412 0.006396588486140725 0.06985294117647059
4 0.15005330490405117 0.4117647058823529 0.006929637526652452 0.07352941176470588
4 0.48374200426439234 0.31066176470588236 0.011194029850746268 0.04411764705882353
4 0.4640191897654584 0.32169117647058826 0.010660980810234541 0.04044117647058824
4 0.47468017057569295 0.31985294117647056 0.009594882729211088 0.03676470588235294
4 0.4538912579957356 0.3327205882352941 0.010127931769722815 0.04044117647058824
4 0.44402985074626866 0.3382352941176471 0.010127931769722815 0.04044117647058824
4 0.6551172707889126 0.23345588235294118 0.010127931769722815 0.04411764705882353
4 0.01945628997867804 0.6158088235294118 0.006396588486140725 0.07352941176470588
4 0.027985074626865673 0.6121323529411765 0.006396588486140725 0.06985294117647059
4 0.6769722814498934 0.23161764705882354 0.010660980810234541 0.04044117647058824
4 0.6377931769722814 0.2647058823529412 0.005863539445628998 0.0625
4 0.6319296375266524 0.27205882352941174 0.005863539445628998 0.06985294117647059
4 0.6265991471215352 0.27941176470588236 0.005863539445628998 0.06985294117647059
23 0.7060234541577826 0.24632352941176472 0.006396588486140725 0.07352941176470588
23 0.6194029850746269 0.30330882352941174 0.005330490405117271 0.0661764705882353
23 0.6087420042643923 0.3088235294117647 0.006396588486140725 0.07352941176470588
4 0.6140724946695096 0.30514705882352944 0.006396588486140725 0.06985294117647059
15 0.5357142857142857 0.36764705882352944 0.014392324093816631 0.07720588235294118
23 0.6753731343283582 0.28308823529411764 0.004797441364605544 0.0661764705882353
23 0.014392324093816631 0.6819852941176471 0.005863539445628998 0.06985294117647059
23 0.00906183368869936 0.6893382352941176 0.006396588486140725 0.06985294117647059
4 0.5602345415778252 0.3602941176470588 0.017590618336886993 0.09191176470588236
4 0.7158848614072495 0.2702205882352941 0.01279317697228145 0.11029411764705882
4 0.5980810234541578 0.34191176470588236 0.011727078891257996 0.051470588235294115
4 0.7260127931769723 0.2647058823529412 0.00906183368869936 0.11397058823529412
4 0.6964285714285714 0.28860294117647056 0.01279317697228145 0.11397058823529412
4 0.6847014925373134 0.29963235294117646 0.013326226012793176 0.11029411764705882
4 0.43256929637526653 0.4522058823529412 0.010127931769722815 0.04411764705882353
23 0.6305970149253731 0.3327205882352941 0.010660980810234541 0.04044117647058824
15 0.656183368869936 0.3180147058823529 0.010660980810234541 0.07352941176470588
23 0.7979744136460555 0.24632352941176472 0.009594882729211088 0.03676470588235294
4 0.613272921108742 0.36580882352941174 0.012260127931769723 0.051470588235294115
4 0.7630597014925373 0.2757352941176471 0.006396588486140725 0.06985294117647059
23 0.7577292110874201 0.2775735294117647 0.006396588486140725 0.06985294117647059
23 0.7523987206823027 0.2849264705882353 0.006396588486140725 0.06985294117647059
4 0.7470682302771855 0.28860294117647056 0.005863539445628998 0.06985294117647059
4 0.5087953091684435 0.4319852941176471 0.010127931769722815 0.04411764705882353
23 0.5772921108742004 0.39705882352941174 0.005863539445628998 0.06985294117647059
4 0.582089552238806 0.3952205882352941 0.005330490405117271 0.06985294117647059
23 0.5714285714285714 0.4007352941176471 0.005863539445628998 0.06985294117647059
23 0.7073560767590619 0.31985294117647056 0.005330490405117271 0.0661764705882353
23 0.6761727078891258 0.3492647058823529 0.005863539445628998 0.06985294117647059
4 0.7990405117270789 0.28308823529411764 0.010127931769722815 0.04044117647058824
23 0.5303837953091685 0.4485294117647059 0.006396588486140725 0.06985294117647059
4 0.5962153518123667 0.40808823529411764 0.017590618336886993 0.08455882352941177
23 0.5357142857142857 0.44485294117647056 0.006929637526652452 0.07352941176470588
23 0.5474413646055437 0.4375 0.005863539445628998 0.07352941176470588
23 0.5421108742004265 0.4411764705882353 0.006396588486140725 0.06985294117647059
23 0.5245202558635395 0.45588235294117646 0.006396588486140725 0.07352941176470588
15 0.7790511727078892 0.3014705882352941 0.010127931769722815 0.07352941176470588
4 0.9440298507462687 0.20588235294117646 0.005863539445628998 0.0661764705882353
4 0.5093283582089553 0.46875 0.010660980810234541 0.04044117647058824
4 0.9386993603411514 0.20955882352941177 0.005863539445628998 0.06985294117647059
4 0.9331023454157783 0.21323529411764705 0.005330490405117271 0.0661764705882353
4 0.9272388059701493 0.21691176470588236 0.005330490405117271 0.0625
4 0.5613006396588486 0.4411764705882353 0.01652452025586354 0.08088235294117647
4 0.9219083155650319 0.22242647058823528 0.006396588486140725 0.06985294117647059
4 0.8816631130063965 0.25183823529411764 0.006396588486140725 0.07352941176470588
4 0.8875266524520256 0.24816176470588236 0.006396588486140725 0.06985294117647059
4 0.43336886993603413 0.5220588235294118 0.010127931769722815 0.04044117647058824
4 0.8651385927505331 0.2610294117647059 0.005863539445628998 0.0661764705882353
4 0.8763326226012793 0.25735294117647056 0.006396588486140725 0.06985294117647059
4 0.4117803837953092 0.5386029411764706 0.010127931769722815 0.04044117647058824
4 0.8704690831556503 0.2610294117647059 0.006396588486140725 0.06985294117647059
4 0.4216417910447761 0.5330882352941176 0.010660980810234541 0.04779411764705882
4 0.6167377398720683 0.43014705882352944 0.01652452025586354 0.08088235294117647
4 0.5101279317697228 0.5055147058823529 0.010127931769722815 0.04411764705882353
4 0.7273454157782516 0.37683823529411764 0.010127931769722815 0.10294117647058823
23 0.4227078891257996 0.5606617647058824 0.009594882729211088 0.03308823529411765
23 0.4125799573560768 0.5716911764705882 0.010660980810234541 0.04044117647058824
23 0.8019722814498934 0.33639705882352944 0.004797441364605544 0.0661764705882353
23 0.7966417910447762 0.3400735294117647 0.005330490405117271 0.0661764705882353
4 0.43390191897654584 0.5588235294117647 0.010660980810234541 0.03676470588235294
4 0.7025586353944563 0.39705882352941174 0.006396588486140725 0.07352941176470588
4 0.7539978678038379 0.36580882352941174 0.005330490405117271 0.06985294117647059
23 0.7481343283582089 0.37316176470588236 0.005863539445628998 0.06985294117647059
4 0.6934968017057569 0.40808823529411764 0.012260127931769723 0.11397058823529412
23 0.9450959488272921 0.2757352941176471 0.006396588486140725 0.07352941176470588
23 0.9392324093816631 0.28308823529411764 0.005863539445628998 0.06985294117647059
23 0.9280383795309168 0.29044117647058826 0.005330490405117271 0.0661764705882353
23 0.9339019189765458 0.2867647058823529 0.006396588486140725 0.06985294117647059
23 0.9168443496801706 0.2959558823529412 0.006396588486140725 0.06985294117647059
4 0.5106609808102346 0.5422794117647058 0.011194029850746268 0.04044117647058824
23 0.9227078891257996 0.2922794117647059 0.005863539445628998 0.06985294117647059
23 0.9056503198294243 0.30330882352941174 0.005863539445628998 0.06985294117647059
23 0.9109808102345416 0.29963235294117646 0.005330490405117271 0.0661764705882353
23 0.9000533049040512 0.31066176470588236 0.005330490405117271 0.06985294117647059
23 0.8947228144989339 0.31433823529411764 0.005863539445628998 0.06985294117647059
23 0.877132196162047 0.3235294117647059 0.005863539445628998 0.06985294117647059
23 0.871268656716418 0.3272058823529412 0.005863539445628998 0.06985294117647059
23 0.8888592750533049 0.3161764705882353 0.004797441364605544 0.0661764705882353
23 0.8835287846481876 0.31985294117647056 0.006396588486140725 0.06985294117647059
23 0.8659381663113006 0.33455882352941174 0.005863539445628998 0.0625
23 0.8606076759061834 0.3382352941176471 0.005863539445628998 0.06985294117647059
4 0.43443496801705755 0.5955882352941176 0.010660980810234541 0.04044117647058824
23 0.6380597014925373 0.49080882352941174 0.005330490405117271 0.07352941176470588
23 0.6327292110874201 0.49816176470588236 0.006396588486140725 0.07352941176470588
4 0.7809168443496801 0.4117647058823529 0.00906183368869936 0.1213235294117647
4 0.5111940298507462 0.5790441176470589 0.010660980810234541 0.03676470588235294
23 0.7878464818763327 0.41544117647058826 0.006396588486140725 0.07352941176470588
23 0.43523454157782515 0.6268382352941176 0.010127931769722815 0.03308823529411765
4 0.4133795309168444 0.6415441176470589 0.010127931769722815 0.04044117647058824
4 0.42350746268656714 0.6378676470588235 0.011194029850746268 0.04044117647058824
15 0.5682302771855011 0.5698529411764706 0.01279317697228145 0.13970588235294118
4 0.7579957356076759 0.45955882352941174 0.007462686567164179 0.08088235294117647
23 0.7505330490405118 0.4632352941176471 0.007462686567164179 0.08088235294117647
23 0.4240405117270789 0.6709558823529411 0.010660980810234541 0.03676470588235294
4 0.511727078891258 0.6176470588235294 0.011194029850746268 0.04411764705882353
23 0.4139125799573561 0.6783088235294118 0.009594882729211088 0.03676470588235294
4 0.6908315565031983 0.5183823529411765 0.011727078891257996 0.051470588235294115
4 0.7217484008528785 0.5110294117647058 0.015458422174840085 0.0625
4 0.43603411513859275 0.6893382352941176 0.010660980810234541 0.03676470588235294
23 0.511727078891258 0.65625 0.010127931769722815 0.03676470588235294
4 0.9386993603411514 0.40808823529411764 0.01279317697228145 0.11764705882352941
15 0.904317697228145 0.4338235294117647 0.014392324093816631 0.11397058823529412
4 0.8781982942430704 0.4485294117647059 0.010127931769722815 0.03676470588235294
4 0.869136460554371 0.4577205882352941 0.010127931769722815 0.11397058823529412
23 0.7726545842217484 0.5238970588235294 0.010660980810234541 0.04044117647058824
4 0.9304371002132196 0.4319852941176471 0.005863539445628998 0.07352941176470588
4 0.9251066098081023 0.43933823529411764 0.005863539445628998 0.07352941176470588
4 0.6921641791044776 0.5863970588235294 0.012260127931769723 0.051470588235294115
4 0.878731343283582 0.4889705882352941 0.009594882729211088 0.03676470588235294
23 0.7731876332622601 0.5606617647058824 0.010127931769722815 0.03676470588235294
23 0.7372068230277186 0.5900735294117647 0.009594882729211088 0.04044117647058824
4 0.7228144989339019 0.6084558823529411 0.01652452025586354 0.0625
15 0.7484008528784648 0.5974264705882353 0.005863539445628998 0.0661764705882353
23 0.7076226012793176 0.6360294117647058 0.009594882729211088 0.03308823529411765
23 0.7737206823027718 0.5974264705882353 0.010127931769722815 0.04411764705882353
23 0.6977611940298507 0.6470588235294118 0.010660980810234541 0.04044117647058824
4 0.7614605543710021 0.6121323529411765 0.013326226012793176 0.11764705882352941
23 0.7377398720682303 0.6305147058823529 0.009594882729211088 0.04044117647058824
23 0.5154584221748401 0.7904411764705882 0.006396588486140725 0.07352941176470588
23 0.7745202558635395 0.6323529411764706 0.010660980810234541 0.04044117647058824
23 0.7076226012793176 0.6727941176470589 0.009594882729211088 0.03308823529411765
23 0.509594882729211 0.7922794117647058 0.006929637526652452 0.06985294117647059
23 0.48454157782515994 0.8088235294117647 0.005330490405117271 0.0661764705882353
23 0.5026652452025586 0.7977941176470589 0.006929637526652452 0.07352941176470588
23 0.4968017057569296 0.8014705882352942 0.005863539445628998 0.06985294117647059
23 0.6982942430703625 0.6838235294117647 0.010127931769722815 0.04044117647058824
23 0.4400319829424307 0.8382352941176471 0.005330490405117271 0.0661764705882353
23 0.4714818763326226 0.8198529411764706 0.005330490405117271 0.0661764705882353
23 0.4650852878464819 0.8235294117647058 0.006396588486140725 0.07352941176470588
4 0.4904051172707889 0.8088235294117647 0.006396588486140725 0.07720588235294118
23 0.47841151385927505 0.8161764705882353 0.005863539445628998 0.07352941176470588
4 0.7241471215351812 0.6672794117647058 0.01652452025586354 0.0661764705882353
23 0.4586886993603412 0.8308823529411765 0.006396588486140725 0.06985294117647059
4 0.45282515991471217 0.8345588235294118 0.005863539445628998 0.07352941176470588
23 0.44696162046908317 0.8382352941176471 0.005330490405117271 0.0661764705882353
4 0.753731343283582 0.6672794117647058 0.004797441364605544 0.0661764705882353
23 0.747867803837953 0.6746323529411765 0.006929637526652452 0.07352941176470588
23 0.7414712153518124 0.6819852941176471 0.005863539445628998 0.07352941176470588
4 0.7220149253731343 0.7169117647058824 0.010127931769722815 0.04779411764705882
4 0.6940298507462687 0.7408088235294118 0.012260127931769723 0.05514705882352941
4 0.6815031982942431 0.03676470588235294 0.007995735607675906 0.07352941176470588
4 0.6639125799573561 0.04595588235294118 0.005863539445628998 0.07352941176470588
4 0.5599680170575693 0.1213235294117647 0.006929637526652452 0.07352941176470588
4 0.5482409381663113 0.12683823529411764 0.006396588486140725 0.07352941176470588
4 0.5306503198294243 0.13786764705882354 0.006929637526652452 0.06985294117647059
4 0.4152452025586354 0.22242647058823528 0.006396588486140725 0.06985294117647059
4 0.39818763326226014 0.23713235294117646 0.006929637526652452 0.07720588235294118
4 0.34994669509594883 0.2702205882352941 0.006396588486140725 0.06985294117647059