4 0.320962888665998 0.04482758620689655 0.007021063189568706 0.07241379310344828
4 0.30566700100300903 0.032758620689655175 0.006519558676028084 0.06551724137931035
4 0.9473420260782347 0.6844827586206896 0.006018054162487462 0.06896551724137931
4 0.9423269809428285 0.6844827586206896 0.006018054162487462 0.07241379310344828
4 0.5055165496489469 0.3310344827586207 0.01053159478435306 0.04482758620689655
4 0.48721163490471414 0.3137931034482759 0.010030090270812437 0.041379310344827586
4 0.49699097291875627 0.3258620689655172 0.009027081243731194 0.03793103448275862
4 0.4776830491474423 0.30689655172413793 0.009528585757271816 0.03793103448275862
4 0.4681544633901705 0.2982758620689655 0.009528585757271816 0.03793103448275862
4 0.6649949849548646 0.5103448275862069 0.009528585757271816 0.041379310344827586
4 0.6850551654964895 0.5396551724137931 0.010030090270812437 0.041379310344827586
4 0.6481945837512537 0.5137931034482759 0.006018054162487462 0.05862068965517241
4 0.642678034102307 0.5120689655172413 0.005516549648946841 0.06551724137931035
4 0.6374122367101304 0.5103448275862069 0.005516549648946841 0.06551724137931035
23 0.7111334002006018 0.596551724137931 0.006519558676028084 0.06896551724137931
23 0.6301404212637913 0.5206896551724138 0.005516549648946841 0.06206896551724138
23 0.6203610832497493 0.5120689655172413 0.006519558676028084 0.06896551724137931
4 0.6253761283851554 0.5172413793103449 0.006018054162487462 0.06551724137931035
15 0.5514042126379137 0.4586206896551724 0.01354062186559679 0.07586206896551724
23 0.6820461384152458 0.5862068965517241 0.0050150451354062184 0.06206896551724138
23 0.06369107321965897 0.01206896551724138 0.006018054162487462 0.02413793103448276
23 0.9859578736208626 0.8793103448275862 0.005516549648946841 0.06551724137931035
23 0.9909729187562688 0.8844827586206897 0.004513540621865597 0.06551724137931035
23 0.05892678034102307 0.010344827586206896 0.006519558676028084 0.020689655172413793
4 0.574222668004012 0.4879310344827586 0.017051153460381142 0.0896551724137931
4 0.7196589769307924 0.6327586206896552 0.013039117352056168 0.10689655172413794
4 0.6093279839518556 0.5258620689655172 0.011033099297893681 0.05172413793103448
4 0.7289368104312939 0.6413793103448275 0.009027081243731194 0.1103448275862069
23 0.9949849548645938 0.903448275862069 0.003009027081243731 0.034482758620689655
4 0.7011033099297894 0.6206896551724138 0.013039117352056168 0.1103448275862069
4 0.6900702106318957 0.6137931034482759 0.01354062186559679 0.10689655172413794
4 0.4541123370110331 0.38620689655172413 0.009528585757271816 0.041379310344827586
23 0.6394182547642929 0.5655172413793104 0.010030090270812437 0.041379310344827586
15 0.6632397191574724 0.5879310344827586 0.010030090270812437 0.07241379310344828
23 0.7956369107321966 0.7293103448275862 0.009027081243731194 0.03793103448275862
4 0.622617853560682 0.5689655172413793 0.011534603811434303 0.05172413793103448
4 0.7627883650952858 0.7051724137931035 0.006018054162487462 0.06551724137931035
23 0.7577733199598796 0.7 0.006018054162487462 0.06551724137931035
23 0.7527582748244734 0.6982758620689655 0.006018054162487462 0.06551724137931035
4 0.7477432296890673 0.6948275862068966 0.005516549648946841 0.06551724137931035
4 0.5248244734202607 0.4793103448275862 0.009528585757271816 0.041379310344827586
23 0.9942326980942828 0.9413793103448276 0.003009027081243731 0.034482758620689655
23 0.5887662988966901 0.5465517241379311 0.005516549648946841 0.06551724137931035
4 0.5930290872617854 0.5517241379310345 0.0050150451354062184 0.06551724137931035
23 0.5832497492477432 0.5413793103448276 0.005516549648946841 0.06551724137931035
23 0.7103811434302909 0.6655172413793103 0.005516549648946841 0.06206896551724138
23 0.6807923771313942 0.646551724137931 0.005516549648946841 0.06551724137931035
4 0.7953861584754263 0.7637931034482759 0.009528585757271816 0.03793103448275862
23 0.5441323971915747 0.5258620689655172 0.006018054162487462 0.06551724137931035
4 0.6055667001003009 0.5844827586206897 0.016549648946840523 0.08275862068965517
23 0.5488966900702106 0.5293103448275862 0.007021063189568706 0.06896551724137931
23 0.5599297893681043 0.5396551724137931 0.006018054162487462 0.06896551724137931
23 0.554914744232698 0.5362068965517242 0.006018054162487462 0.06551724137931035
23 0.5386158475426279 0.5241379310344828 0.006519558676028084 0.06896551724137931
15 0.7763289869608826 0.753448275862069 0.009528585757271816 0.07241379310344828
4 0.9307923771313942 0.9051724137931034 0.006018054162487462 0.06206896551724138
4 0.5240722166499499 0.5120689655172413 0.010030090270812437 0.041379310344827586
4 0.925777331995988 0.9017241379310345 0.005516549648946841 0.06551724137931035
4 0.9202607823470411 0.896551724137931 0.005516549648946841 0.06206896551724138
4 0.9149949849548646 0.8896551724137931 0.005516549648946841 0.05862068965517241
4 0.5727181544633901 0.5637931034482758 0.0160481444332999 0.08275862068965517
4 0.9097291875626881 0.8896551724137931 0.006018054162487462 0.06551724137931035
4 0.8721163490471414 0.8568965517241379 0.006519558676028084 0.06896551724137931
4 0.877382146439318 0.8620689655172413 0.006018054162487462 0.06551724137931035
4 0.4528585757271815 0.4517241379310345 0.009528585757271816 0.03793103448275862
4 0.8565697091273822 0.8413793103448276 0.006018054162487462 0.06206896551724138
4 0.8671013039117352 0.8551724137931035 0.006018054162487462 0.06551724137931035
4 0.43254764292878634 0.43448275862068964 0.009528585757271816 0.03793103448275862
4 0.8615847542627884 0.85 0.006018054162487462 0.06551724137931035
4 0.4418254764292879 0.44310344827586207 0.010030090270812437 0.04827586206896552
4 0.6238716148445336 0.6344827586206897 0.0160481444332999 0.08275862068965517
4 0.5238214643931796 0.5482758620689655 0.009528585757271816 0.041379310344827586
4 0.7269307923771314 0.746551724137931 0.01053159478435306 0.1
23 0.4418254764292879 0.4724137931034483 0.009027081243731194 0.034482758620689655
23 0.43229689067201604 0.46551724137931033 0.010030090270812437 0.041379310344827586
23 0.7963891675025075 0.8172413793103448 0.0050150451354062184 0.06206896551724138
23 0.7913741223671013 0.8120689655172414 0.005516549648946841 0.06206896551724138
4 0.4521063189568706 0.4844827586206897 0.010030090270812437 0.03793103448275862
4 0.7033600802407222 0.7275862068965517 0.006519558676028084 0.06896551724137931
4 0.7517552657973922 0.7741379310344828 0.0050150451354062184 0.06551724137931035
23 0.7462387161484454 0.7724137931034483 0.005516549648946841 0.06551724137931035
4 0.6948345035105316 0.7258620689655172 0.012537612838515547 0.1103448275862069
23 0.9297893681043129 0.9655172413793104 0.007021063189568706 0.06206896551724138
23 0.9242728184553661 0.9655172413793104 0.006018054162487462 0.06206896551724138
23 0.9134904714142428 0.9586206896551724 0.005516549648946841 0.06206896551724138
23 0.9190070210631895 0.9637931034482758 0.006018054162487462 0.06551724137931035
23 0.9029588766298897 0.9482758620689655 0.006018054162487462 0.06551724137931035
4 0.5230692076228686 0.5810344827586207 0.01053159478435306 0.041379310344827586
23 0.9084754262788365 0.9534482758620689 0.005516549648946841 0.06551724137931035
23 0.892678034102307 0.9379310344827586 0.005516549648946841 0.06551724137931035
23 0.8976930792377131 0.9431034482758621 0.005516549648946841 0.06206896551724138
23 0.8871614844533601 0.9362068965517242 0.0050150451354062184 0.06551724137931035
23 0.8821464393179539 0.9327586206896552 0.005516549648946841 0.06551724137931035
23 0.8658475426278837 0.9155172413793103 0.005516549648946841 0.06551724137931035
23 0.8603309929789368 0.9103448275862069 0.005516549648946841 0.06551724137931035
23 0.876629889669007 0.9258620689655173 0.0050150451354062184 0.06206896551724138
23 0.8716148445336008 0.9224137931034483 0.006018054162487462 0.06551724137931035
23 0.8553159478435306 0.9086206896551724 0.006018054162487462 0.05862068965517241
23 0.8503009027081244 0.9051724137931034 0.005516549648946841 0.06551724137931035
4 0.45160481444333 0.5189655172413793 0.010030090270812437 0.041379310344827586
23 0.6414242728184554 0.7206896551724138 0.005516549648946841 0.06896551724137931
23 0.6364092276830492 0.7189655172413794 0.006519558676028084 0.06896551724137931
4 0.7748244734202607 0.8568965517241379 0.009027081243731194 0.11724137931034483
4 0.522567703109328 0.6155172413793103 0.010030090270812437 0.03793103448275862
23 0.7810932798395186 0.8689655172413793 0.006519558676028084 0.06896551724137931
23 0.45135406218655966 0.55 0.009528585757271816 0.03103448275862069
4 0.43104312938816447 0.5310344827586206 0.009528585757271816 0.03793103448275862
4 0.440320962888666 0.5431034482758621 0.01053159478435306 0.041379310344827586
15 0.574974924774323 0.6913793103448276 0.013039117352056168 0.13448275862068965
4 0.7522567703109327 0.8655172413793103 0.007522567703109328 0.07586206896551724
23 0.7454864593781344 0.8586206896551725 0.007522567703109328 0.07586206896551724
23 0.43981945837512537 0.5741379310344827 0.010030090270812437 0.03793103448275862
4 0.5215646940822467 0.653448275862069 0.01053159478435306 0.04482758620689655
23 0.43029087261785354 0.5655172413793104 0.009027081243731194 0.03793103448275862
4 0.6888164493480441 0.8224137931034483 0.011033099297893681 0.05172413793103448
4 0.7174022066198595 0.8603448275862069 0.015045135406218655 0.06551724137931035
4 0.45010030090270814 0.6086206896551725 0.010030090270812437 0.03793103448275862
23 0.5205616850551655 0.6862068965517242 0.009528585757271816 0.034482758620689655
4 0.8543129388164493 0.9844827586206897 0.01053159478435306 0.02413793103448276
23 0.7637913741223671 0.946551724137931 0.010030090270812437 0.041379310344827586
4 0.6880641925777332 0.8879310344827587 0.011534603811434303 0.05172413793103448
23 0.7630391173520562 0.9810344827586207 0.009528585757271816 0.034482758620689655
23 0.7291875626880642 0.9551724137931035 0.009027081243731194 0.041379310344827586
4 0.7156469408224674 0.9517241379310345 0.0160481444332999 0.06206896551724138
15 0.7394684052156469 0.9724137931034482 0.006519558676028084 0.04827586206896552
23 0.700852557673019 0.9551724137931035 0.009027081243731194 0.034482758620689655
23 0.6913239719157472 0.95 0.010030090270812437 0.041379310344827586
4 0.7510030090270813 0.9741379310344828 0.01354062186559679 0.04482758620689655
23 0.7284353059177533 0.9844827586206897 0.009528585757271816 0.02413793103448276
23 0.5198094282848545 0.8155172413793104 0.006519558676028084 0.06896551724137931
23 0.6998495486459378 0.9844827586206897 0.009528585757271816 0.02413793103448276
23 0.5145436308926781 0.8103448275862069 0.006519558676028084 0.06551724137931035
23 0.4909729187562688 0.7879310344827586 0.005516549648946841 0.06206896551724138
23 0.5080240722166499 0.803448275862069 0.007021063189568706 0.06896551724137931
23 0.5025075225677031 0.7982758620689655 0.005516549648946841 0.06551724137931035
23 0.6905717151454364 0.9810344827586207 0.010030090270812437 0.03103448275862069
23 0.4493480441323972 0.75 0.005516549648946841 0.06206896551724138
23 0.4786860581745236 0.7793103448275862 0.005516549648946841 0.06206896551724138
23 0.4726680040120361 0.7724137931034483 0.006519558676028084 0.06896551724137931
4 0.49648946840521563 0.7965517241379311 0.006519558676028084 0.07241379310344828
23 0.48495486459378134 0.7844827586206896 0.006018054162487462 0.06896551724137931
4 0.7148946840521565 0.9844827586206897 0.016549648946840523 0.02413793103448276
23 0.46664994984954866 0.7706896551724138 0.006018054162487462 0.06551724137931035
4 0.4611334002006018 0.7655172413793103 0.006018054162487462 0.06896551724137931
23 0.45561685055165496 0.7603448275862069 0.005516549648946841 0.06206896551724138
4 0.8192076228686058 0.4706896551724138 0.007021063189568706 0.06896551724137931
4 0.8041624874623872 0.4603448275862069 0.006018054162487462 0.07586206896551724
4 0.695085255767302 0.36551724137931035 0.007522567703109328 0.07241379310344828
4 0.6787863590772317 0.35172413793103446 0.006018054162487462 0.06896551724137931
4 0.5812437311935807 0.2689655172413793 0.007021063189568706 0.06896551724137931
4 0.5702106318956871 0.25862068965517243 0.006519558676028084 0.06896551724137931
4 0.5539117352056169 0.2413793103448276 0.006519558676028084 0.06551724137931035
4 0.4453360080240722 0.15172413793103448 0.006018054162487462 0.06551724137931035
4 0.4292878635907723 0.1396551724137931 0.007021063189568706 0.07241379310344828
4 0.38415245737211634 0.09827586206896552 0.006018054162487462 0.06551724137931035