23 0.9720412595005429 0.17532467532467533 0.0027144408251900108 0.05194805194805195
23 0.9856134636264929 0.17694805194805194 0.003257328990228013 0.05844155844155844
23 0.9812703583061889 0.17694805194805194 0.003257328990228013 0.048701298701298704
23 0.989956568946797 0.17532467532467533 0.0027144408251900108 0.048701298701298704
23 0.03013029315960912 0.275974025974026 0.0027144408251900108 0.045454545454545456
23 0.9763843648208469 0.17694805194805194 0.004343105320304018 0.05844155844155844
23 0.025787187839305104 0.275974025974026 0.002171552660152009 0.03896103896103896
23 0.008414766558089034 0.2824675324675325 0.003257328990228013 0.045454545454545456
23 0.021986970684039087 0.28084415584415584 0.0027144408251900108 0.03896103896103896
23 0.994842562432139 0.17857142857142858 0.003800217155266015 0.05519480519480519
23 0.01710097719869707 0.28084415584415584 0.003257328990228013 0.04220779220779221
23 0.012757871878393051 0.28084415584415584 0.003257328990228013 0.045454545454545456
4 0.002985884907709012 0.2905844155844156 0.005971769815418024 0.048701298701298704
4 0.20982627578718785 0.2711038961038961 0.002171552660152009 0.04220779220779221
4 0.2005971769815418 0.27435064935064934 0.0027144408251900108 0.03571428571428571
4 0.1962540716612378 0.275974025974026 0.0027144408251900108 0.03896103896103896
4 0.1777958740499457 0.2775974025974026 0.0027144408251900108 0.04220779220779221
4 0.21416938110749187 0.2727272727272727 0.0016286644951140066 0.04220779220779221
4 0.1734527687296417 0.2775974025974026 0.002171552660152009 0.03896103896103896
4 0.18268186753528773 0.275974025974026 0.0027144408251900108 0.03896103896103896
4 0.18702497285559175 0.275974025974026 0.002171552660152009 0.04220779220779221
4 0.20548317046688383 0.27435064935064934 0.002171552660152009 0.04220779220779221
4 0.19136807817589577 0.2792207792207792 0.0027144408251900108 0.03571428571428571
23 0.7328990228013029 0.25811688311688313 0.004343105320304018 0.05519480519480519
23 0.7280130293159609 0.25811688311688313 0.003800217155266015 0.05194805194805195
4 0.0027144408251900108 0.3474025974025974 0.0054288816503800215 0.03896103896103896
4 0.8463626492942454 0.2694805194805195 0.002171552660152009 0.03896103896103896
4 0.8783930510314875 0.2694805194805195 0.0027144408251900108 0.045454545454545456
4 0.8550488599348535 0.2711038961038961 0.0027144408251900108 0.03571428571428571
4 0.8724212812160695 0.2694805194805195 0.002171552660152009 0.03571428571428571
4 0.8637350705754615 0.2711038961038961 0.0027144408251900108 0.032467532467532464
4 0.8914223669923995 0.26785714285714285 0.0027144408251900108 0.032467532467532464
4 0.8501628664495114 0.27435064935064934 0.003257328990228013 0.04220779220779221
4 0.8876221498371335 0.2711038961038961 0.0027144408251900108 0.03571428571428571
4 0.8593919652551575 0.27435064935064934 0.002171552660152009 0.03896103896103896
4 0.8680781758957655 0.2727272727272727 0.003257328990228013 0.04220779220779221
4 0.9044516829533116 0.2694805194805195 0.0027144408251900108 0.03896103896103896
4 0.8832790445168295 0.2711038961038961 0.002171552660152009 0.03896103896103896
4 0.8963083604777415 0.27435064935064934 0.0027144408251900108 0.04220779220779221
4 0.21769815418023888 0.34415584415584416 0.003257328990228013 0.048701298701298704
4 0.22258414766558088 0.34415584415584416 0.003800217155266015 0.045454545454545456
4 0.9001085776330076 0.275974025974026 0.002171552660152009 0.045454545454545456
4 0.5684039087947883 0.31493506493506496 0.003257328990228013 0.05194805194805195
4 0.5640608034744843 0.31493506493506496 0.003257328990228013 0.048701298701298704
23 0.008686210640608035 0.37662337662337664 0.003800217155266015 0.05194805194805195
23 0.014657980456026058 0.375 0.004885993485342019 0.05844155844155844
4 0.6156351791530945 0.31655844155844154 0.007057546145494028 0.01948051948051948
23 0.5477741585233442 0.3262987012987013 0.008143322475570033 0.025974025974025976
4 0.5407166123778502 0.336038961038961 0.003257328990228013 0.05194805194805195
4 0.6156351791530945 0.3392857142857143 0.007057546145494028 0.016233766233766232
4 0.5575461454940283 0.35064935064935066 0.007057546145494028 0.016233766233766232
4 0.5477741585233442 0.3555194805194805 0.008686210640608035 0.022727272727272728
4 0.7985884907709012 0.3392857142857143 0.013029315960912053 0.04220779220779221
23 0.9101520086862106 0.3409090909090909 0.004343105320304018 0.05194805194805195
4 0.16530944625407165 0.41883116883116883 0.00760043431053203 0.1038961038961039
4 0.5578175895765473 0.37662337662337664 0.005971769815418024 0.016233766233766232
23 0.01492942453854506 0.43993506493506496 0.004343105320304018 0.05844155844155844
4 0.8992942453854506 0.35064935064935066 0.013572204125950055 0.02922077922077922
23 0.5485884907709012 0.387987012987013 0.008686210640608035 0.025974025974025976
23 0.8802931596091205 0.35714285714285715 0.008686210640608035 0.01948051948051948
15 0.1962540716612378 0.42857142857142855 0.03637350705754615 0.16883116883116883
4 0.9524972855591748 0.3587662337662338 0.008686210640608035 0.1038961038961039
4 0.9622692725298588 0.35714285714285715 0.006514657980456026 0.10064935064935066
4 0.9812703583061889 0.3555194805194805 0.006514657980456026 0.09740259740259741
4 0.990499457111835 0.3538961038961039 0.006514657980456026 0.09415584415584416
4 0.9720412595005429 0.36363636363636365 0.006514657980456026 0.10064935064935066
4 0.998371335504886 0.36038961038961037 0.002171552660152009 0.09740259740259741
4 0.7988599348534202 0.387987012987013 0.013572204125950055 0.032467532467532464
4 0.8374049945711184 0.38636363636363635 0.004343105320304018 0.07467532467532467
4 0.8455483170466884 0.38636363636363635 0.004885993485342019 0.07142857142857142
23 0.5480456026058632 0.4237012987012987 0.008143322475570033 0.025974025974025976
23 0.8526058631921825 0.3944805194805195 0.003800217155266015 0.048701298701298704
23 0.9014657980456026 0.38961038961038963 0.008143322475570033 0.022727272727272728
23 0.8308903365906624 0.400974025974026 0.003257328990228013 0.048701298701298704
4 0.8672638436482085 0.39935064935064934 0.013029315960912053 0.02922077922077922
4 0.8167752442996743 0.40584415584415584 0.0054288816503800215 0.07142857142857142
4 0.8238327904451683 0.4042207792207792 0.004885993485342019 0.06818181818181818
4 0.1737242128121607 0.48538961038961037 0.003800217155266015 0.045454545454545456
4 0.746199782844734 0.4318181818181818 0.013029315960912053 0.03571428571428571
23 0.5483170466883822 0.45292207792207795 0.008143322475570033 0.022727272727272728
23 0.6243213897937026 0.4512987012987013 0.008143322475570033 0.022727272727272728
4 0.6340933767643865 0.45292207792207795 0.00760043431053203 0.01948051948051948
15 0.5879478827361564 0.4837662337662338 0.048317046688382194 0.2857142857142857
23 0.5483170466883822 0.48863636363636365 0.009229098805646038 0.025974025974025976
4 0.761672095548317 0.4659090909090909 0.007057546145494028 0.016233766233766232
4 0.6335504885993485 0.48214285714285715 0.007057546145494028 0.01948051948051948
23 0.6243213897937026 0.487012987012987 0.008143322475570033 0.01948051948051948
30 0.9001085776330076 0.4577922077922078 0.01248642779587405 0.06818181818181818
23 0.750814332247557 0.4837662337662338 0.004343105320304018 0.048701298701298704
23 0.744842562432139 0.4837662337662338 0.004343105320304018 0.05194805194805195
23 0.5483170466883822 0.5178571428571429 0.00760043431053203 0.022727272727272728
23 0.9728555917480999 0.4772727272727273 0.008686210640608035 0.025974025974025976
4 0.8452768729641694 0.4902597402597403 0.004885993485342019 0.06818181818181818
4 0.8089033659066233 0.4967532467532468 0.004885993485342019 0.07792207792207792
4 0.8534201954397395 0.49188311688311687 0.003800217155266015 0.06493506493506493
4 0.8300760043431054 0.49512987012987014 0.004343105320304018 0.07467532467532467
4 0.8376764386536374 0.4935064935064935 0.004885993485342019 0.07142857142857142
23 0.6243213897937026 0.5162337662337663 0.00760043431053203 0.01948051948051948
4 0.6340933767643865 0.5178571428571429 0.007057546145494028 0.016233766233766232
30 0.8669923995656895 0.4935064935064935 0.011943539630836048 0.06493506493506493
4 0.7719869706840391 0.5048701298701299 0.007057546145494028 0.1038961038961039
4 0.7812160694896851 0.5032467532467533 0.00760043431053203 0.1038961038961039
4 0.7996742671009772 0.5048701298701299 0.006514657980456026 0.09740259740259741
4 0.7904451682953312 0.5048701298701299 0.007057546145494028 0.10064935064935066
23 0.7638436482084691 0.5081168831168831 0.0027144408251900108 0.045454545454545456
4 0.759500542888165 0.5113636363636364 0.0027144408251900108 0.045454545454545456
23 0.9413680781758957 0.4935064935064935 0.002171552660152009 0.045454545454545456
4 0.9647122692725298 0.4902597402597403 0.003800217155266015 0.04220779220779221
4 0.15228013029315962 0.577922077922078 0.008143322475570033 0.01948051948051948
4 0.9359391965255157 0.4967532467532468 0.0054288816503800215 0.05844155844155844
4 0.9598262757871878 0.4935064935064935 0.003257328990228013 0.045454545454545456
4 0.23262757871878392 0.5698051948051948 0.009229098805646038 0.02922077922077922
4 0.9847991313789359 0.49188311688311687 0.003257328990228013 0.045454545454545456
4 0.17236699239956568 0.5762987012987013 0.00760043431053203 0.022727272727272728
4 0.19299674267100977 0.5746753246753247 0.006514657980456026 0.022727272727272728
4 0.994028230184582 0.4902597402597403 0.003257328990228013 0.048701298701298704
4 0.18268186753528773 0.5746753246753247 0.008686210640608035 0.025974025974025976
4 0.20276872964169382 0.573051948051948 0.00760043431053203 0.025974025974025976
4 0.24239956568946797 0.5698051948051948 0.008143322475570033 0.025974025974025976
4 0.9799131378935939 0.49188311688311687 0.002171552660152009 0.048701298701298704
4 0.989685124864278 0.49188311688311687 0.003257328990228013 0.045454545454545456
4 0.2717155266015201 0.5665584415584416 0.009229098805646038 0.02922077922077922
4 0.22231270358306188 0.5714285714285714 0.009771986970684038 0.025974025974025976
4 0.252171552660152 0.5714285714285714 0.009229098805646038 0.025974025974025976
4 0.14250814332247558 0.5827922077922078 0.007057546145494028 0.01948051948051948
4 0.16205211726384364 0.5811688311688312 0.00760043431053203 0.01948051948051948
4 0.26194353963083605 0.5698051948051948 0.009771986970684038 0.02922077922077922
4 0.998642779587405 0.4935064935064935 0.0016286644951140066 0.045454545454545456
4 0.21254071661237786 0.5746753246753247 0.008686210640608035 0.025974025974025976
4 0.13273615635179153 0.5876623376623377 0.008143322475570033 0.01948051948051948
23 0.8219326818675353 0.5178571428571429 0.003257328990228013 0.05194805194805195
23 0.8154180238870793 0.5194805194805194 0.003257328990228013 0.045454545454545456
4 0.9533116178067318 0.5048701298701299 0.006514657980456026 0.10064935064935066
4 0.9728555917480999 0.5097402597402597 0.008143322475570033 0.022727272727272728
23 0.5491313789359392 0.5535714285714286 0.007057546145494028 0.016233766233766232
23 0.6251357220412594 0.5487012987012987 0.008686210640608035 0.022727272727272728
4 0.6343648208469055 0.5503246753246753 0.007057546145494028 0.01948051948051948
30 0.8878935939196525 0.5308441558441559 0.01031487513572204 0.05844155844155844
23 0.20276872964169382 0.6055194805194806 0.00760043431053203 0.01948051948051948
23 0.16259500542888164 0.6103896103896104 0.008686210640608035 0.025974025974025976
23 0.22231270358306188 0.6038961038961039 0.009229098805646038 0.025974025974025976
23 0.26302931596091206 0.599025974025974 0.008143322475570033 0.025974025974025976
23 0.13273615635179153 0.6168831168831169 0.009229098805646038 0.032467532467532464
23 0.24239956568946797 0.6055194805194806 0.008686210640608035 0.01948051948051948
23 0.14250814332247558 0.6152597402597403 0.008686210640608035 0.02922077922077922
23 0.18213897937024973 0.6103896103896104 0.009771986970684038 0.02922077922077922
23 0.9470684039087948 0.5308441558441559 0.003257328990228013 0.045454545454545456
23 0.23262757871878392 0.6055194805194806 0.008143322475570033 0.02922077922077922
23 0.252171552660152 0.6038961038961039 0.008143322475570033 0.025974025974025976
23 0.15228013029315962 0.6136363636363636 0.008686210640608035 0.022727272727272728
23 0.2717155266015201 0.6022727272727273 0.007057546145494028 0.022727272727272728
23 0.21254071661237786 0.6071428571428571 0.00760043431053203 0.01948051948051948
23 0.19299674267100977 0.6103896103896104 0.009229098805646038 0.02922077922077922
23 0.17236699239956568 0.612012987012987 0.009771986970684038 0.025974025974025976
4 0.2918023887079262 0.6055194805194806 0.007057546145494028 0.09740259740259741
4 0.28257328990228014 0.6071428571428571 0.006514657980456026 0.09415584415584416
23 0.8629207383279045 0.5503246753246753 0.00760043431053203 0.01948051948051948
23 0.5491313789359392 0.5827922077922078 0.008143322475570033 0.022727272727272728
4 0.6343648208469055 0.5795454545454546 0.007057546145494028 0.01948051948051948
23 0.6245928338762216 0.5844155844155844 0.007057546145494028 0.022727272727272728
4 0.737513572204126 0.5795454545454546 0.0054288816503800215 0.08116883116883117
4 0.7299131378935939 0.5827922077922078 0.0054288816503800215 0.08116883116883117
23 0.16313789359391964 0.6428571428571429 0.008686210640608035 0.032467532467532464
23 0.15228013029315962 0.6428571428571429 0.01031487513572204 0.02922077922077922
23 0.25271444082519 0.6331168831168831 0.008143322475570033 0.022727272727272728
23 0.22285559174809988 0.6363636363636364 0.008143322475570033 0.025974025974025976
23 0.17236699239956568 0.6412337662337663 0.009229098805646038 0.032467532467532464
23 0.24348534201954397 0.6331168831168831 0.00760043431053203 0.022727272727272728
23 0.19245385450597177 0.6428571428571429 0.008143322475570033 0.025974025974025976
23 0.23317046688382193 0.637987012987013 0.009229098805646038 0.025974025974025976
15 0.749457111834962 0.5844155844155844 0.01031487513572204 0.11363636363636363
23 0.26302931596091206 0.6347402597402597 0.00760043431053203 0.022727272727272728
23 0.13219326818675353 0.6493506493506493 0.009229098805646038 0.022727272727272728
23 0.20222584147665582 0.6412337662337663 0.00760043431053203 0.032467532467532464
23 0.18268186753528773 0.6428571428571429 0.009229098805646038 0.025974025974025976
23 0.2728013029315961 0.6347402597402597 0.008686210640608035 0.025974025974025976
23 0.21254071661237786 0.6396103896103896 0.009229098805646038 0.02922077922077922
23 0.14250814332247558 0.650974025974026 0.00760043431053203 0.025974025974025976
15 0.9378393051031487 0.5746753246753247 0.011400651465798045 0.07467532467532467
23 0.5485884907709012 0.6185064935064936 0.00760043431053203 0.022727272727272728
4 0.7722584147665581 0.5957792207792207 0.008686210640608035 0.022727272727272728
4 0.7836590662323561 0.5941558441558441 0.00760043431053203 0.01948051948051948
4 0.8536916395222585 0.586038961038961 0.005971769815418024 0.07792207792207792
4 0.7977741585233442 0.5957792207792207 0.011943539630836048 0.02922077922077922
4 0.6343648208469055 0.612012987012987 0.006514657980456026 0.01948051948051948
23 0.6251357220412594 0.6168831168831169 0.007057546145494028 0.022727272727272728
30 0.8194896851248643 0.5957792207792207 0.010857763300760043 0.05519480519480519
4 0.8091748099891423 0.6071428571428571 0.004343105320304018 0.05194805194805195
4 0.6129207383279045 0.6412337662337663 0.003800217155266015 0.05519480519480519
4 0.6172638436482085 0.6428571428571429 0.003257328990228013 0.048701298701298704
23 0.5494028230184582 0.650974025974026 0.008686210640608035 0.025974025974025976
4 0.6346362649294245 0.6444805194805194 0.007057546145494028 0.01948051948051948
23 0.6254071661237784 0.6461038961038961 0.007057546145494028 0.022727272727272728
7 0.9866992399565689 0.625 0.025515743756786103 0.12012987012987013
4 0.5646036916395223 0.672077922077922 0.003800217155266015 0.048701298701298704
4 0.5689467969598263 0.672077922077922 0.0027144408251900108 0.048701298701298704
4 0.5732899022801303 0.6737012987012987 0.003800217155266015 0.048701298701298704
4 0.5776330076004343 0.6737012987012987 0.003257328990228013 0.045454545454545456
4 0.9391965255157437 0.6428571428571429 0.009229098805646038 0.02922077922077922
23 0.5494028230184582 0.6834415584415584 0.008143322475570033 0.02922077922077922
4 0.7725298588490771 0.6623376623376623 0.004343105320304018 0.05519480519480519
4 0.8414766558089034 0.6590909090909091 0.008143322475570033 0.025974025974025976
4 0.8517915309446255 0.6574675324675324 0.009229098805646038 0.022727272727272728
30 0.7996742671009772 0.663961038961039 0.009771986970684038 0.06818181818181818
23 0.8094462540716613 0.672077922077922 0.0027144408251900108 0.05844155844155844
30 0.8192182410423453 0.6704545454545454 0.009771986970684038 0.06168831168831169
4 0.7041259500542888 0.7061688311688312 0.003257328990228013 0.048701298701298704
4 0.8626492942453855 0.6964285714285714 0.013572204125950055 0.025974025974025976
4 0.7795874049945711 0.7175324675324676 0.009229098805646038 0.022727272727272728
4 0.7228555917480999 0.724025974025974 0.006514657980456026 0.1038961038961039
4 0.7130836047774158 0.724025974025974 0.00760043431053203 0.1038961038961039
23 0.8205754614549403 0.7191558441558441 0.008143322475570033 0.025974025974025976
23 0.8298045602605864 0.7224025974025974 0.008143322475570033 0.01948051948051948
4 0.7641150922909881 0.7288961038961039 0.014657980456026058 0.045454545454545456
23 0.7901737242128122 0.7353896103896104 0.003800217155266015 0.048701298701298704
30 0.7994028230184582 0.7743506493506493 0.008686210640608035 0.06818181818181818
23 0.7880021715526602 0.7824675324675324 0.009229098805646038 0.022727272727272728
4 0.5779044516829533 0.8035714285714286 0.011400651465798045 0.11363636363636363
4 0.5274158523344191 0.8181818181818182 0.003800217155266015 0.05519480519480519
30 0.7635722041259501 0.7938311688311688 0.010857763300760043 0.06818181818181818
4 0.7728013029315961 0.7954545454545454 0.0054288816503800215 0.05519480519480519
23 0.5323018458197611 0.8214285714285714 0.003800217155266015 0.05194805194805195
23 0.5678610206297503 0.827922077922078 0.003257328990228013 0.05194805194805195
23 0.7874592833876222 0.8084415584415584 0.008143322475570033 0.022727272727272728
4 0.511400651465798 0.8392857142857143 0.008686210640608035 0.11038961038961038
4 0.5200868621064061 0.8425324675324676 0.008686210640608035 0.11363636363636363
23 0.6107491856677525 0.8522727272727273 0.008143322475570033 0.01948051948051948
23 0.6644951140065146 0.8457792207792207 0.006514657980456026 0.016233766233766232
23 0.6514657980456026 0.8506493506493507 0.007057546145494028 0.016233766233766232
23 0.6232356134636265 0.8538961038961039 0.008143322475570033 0.01948051948051948
23 0.6373507057546145 0.8522727272727273 0.006514657980456026 0.012987012987012988
7 0.6332790445168295 0.9431818181818182 0.10857763300760044 0.08766233766233766
4 0.0024429967426710096 0.16071428571428573 0.004885993485342019 0.02922077922077922
4 0.16992399565689467 0.15097402597402598 0.002171552660152009 0.048701298701298704
4 0.5857763300760044 0.10714285714285714 0.003257328990228013 0.045454545454545456
4 0.04668838219326819 0.16396103896103897 0.004343105320304018 0.04220779220779221
4 0.46254071661237783 0.12012987012987013 0.003800217155266015 0.048701298701298704
4 0.30890336590662326 0.13636363636363635 0.004343105320304018 0.048701298701298704
4 0.32356134636264927 0.137987012987013 0.003800217155266015 0.05194805194805195
4 0.03203040173724213 0.16883116883116883 0.004885993485342019 0.048701298701298704
4 0.44733984799131377 0.125 0.0054288816503800215 0.048701298701298704
4 0.6004343105320304 0.11038961038961038 0.004343105320304018 0.045454545454545456
4 0.738870792616721 0.09902597402597403 0.003257328990228013 0.045454545454545456
4 0.7236699239956569 0.10064935064935066 0.003800217155266015 0.045454545454545456
4 0.8615635179153095 0.08603896103896104 0.003257328990228013 0.048701298701298704
4 0.99728555917481 0.07792207792207792 0.002171552660152009 0.05194805194805195
4 0.18621064060803474 0.16883116883116883 0.0027144408251900108 0.04220779220779221
4 0.0019001085776330076 0.19155844155844157 0.003800217155266015 0.032467532467532464
23 0.08143322475570032 0.18344155844155843 0.003800217155266015 0.045454545454545456
23 0.06406080347448426 0.18506493506493507 0.003800217155266015 0.05194805194805195
4 0.8773072747014115 0.1038961038961039 0.0027144408251900108 0.045454545454545456
23 0.07057546145494029 0.18831168831168832 0.004343105320304018 0.05519480519480519
23 0.07600434310532031 0.18668831168831168 0.003800217155266015 0.05519480519480519
4 0.30917480998914226 0.18831168831168832 0.003257328990228013 0.045454545454545456
4 0.3243756786102063 0.18668831168831168 0.0027144408251900108 0.03896103896103896
4 0.03230184581976113 0.22077922077922077 0.004343105320304018 0.04220779220779221
4 0.5863192182410424 0.16233766233766234 0.003257328990228013 0.048701298701298704
4 0.17073832790445168 0.20616883116883117 0.0027144408251900108 0.04220779220779221
4 0.46254071661237783 0.17532467532467533 0.003800217155266015 0.05519480519480519
4 0.44761129207383277 0.17694805194805194 0.004343105320304018 0.048701298701298704
4 0.04695982627578719 0.21915584415584416 0.003800217155266015 0.05194805194805195
4 0.6009771986970684 0.16071428571428573 0.003800217155266015 0.048701298701298704
4 0.7236699239956569 0.1525974025974026 0.003257328990228013 0.04220779220779221
4 0.738870792616721 0.15097402597402598 0.003257328990228013 0.04220779220779221
4 0.8615635179153095 0.14123376623376624 0.0027144408251900108 0.03896103896103896
4 0.002985884907709012 0.2353896103896104 0.005971769815418024 0.048701298701298704
4 0.997557003257329 0.1331168831168831 0.0016286644951140066 0.05194805194805195
4 0.18648208469055375 0.22402597402597402 0.0027144408251900108 0.03896103896103896
4 0.8775787187839305 0.16233766233766234 0.0027144408251900108 0.04220779220779221