4 0.38591269841269843 0.46946564885496184 0.008432539682539682 0.09923664122137404
4 0.18625992063492064 0.9141221374045801 0.013392857142857142 0.06870229007633588
23 0.1949404761904762 0.898854961832061 0.00496031746031746 0.05343511450381679
4 0.3464781746031746 0.6068702290076335 0.005952380952380952 0.030534351145038167
4 0.5478670634920635 0.19274809160305342 0.005456349206349206 0.022900763358778626
4 0.45783730158730157 0.37786259541984735 0.005952380952380952 0.030534351145038167
4 0.25892857142857145 0.7881679389312977 0.005952380952380952 0.026717557251908396
4 0.15302579365079366 0.9923664122137404 0.006448412698412698 0.007633587786259542
4 0.44146825396825395 0.41412213740458015 0.007936507936507936 0.04198473282442748
23 0.5798611111111112 0.14122137404580154 0.003968253968253968 0.04580152671755725
4 0.6418650793650794 0.022900763358778626 0.00496031746031746 0.04580152671755725
23 0.5751488095238095 0.15076335877862596 0.003472222222222222 0.04198473282442748
4 0.5359623015873016 0.2366412213740458 0.004464285714285714 0.05343511450381679
4 0.33804563492063494 0.6450381679389313 0.004464285714285714 0.05343511450381679
4 0.2452876984126984 0.8358778625954199 0.00496031746031746 0.05725190839694656
23 0.5922619047619048 0.12404580152671756 0.00744047619047619 0.03435114503816794
4 0.654265873015873 0.007633587786259542 0.005952380952380952 0.015267175572519083
4 0.5486111111111112 0.21755725190839695 0.005952380952380952 0.026717557251908396
4 0.4585813492063492 0.4026717557251908 0.005952380952380952 0.030534351145038167
4 0.3474702380952381 0.6335877862595419 0.005456349206349206 0.022900763358778626
4 0.25992063492063494 0.816793893129771 0.005952380952380952 0.03435114503816794
4 0.44072420634920634 0.4637404580152672 0.012896825396825396 0.06870229007633588
23 0.5540674603174603 0.24236641221374045 0.007936507936507936 0.04198473282442748
23 0.5818452380952381 0.1965648854961832 0.00496031746031746 0.05343511450381679
23 0.5726686507936508 0.21564885496183206 0.004464285714285714 0.05725190839694656
23 0.5771329365079365 0.20610687022900764 0.004464285714285714 0.05343511450381679
23 0.5684523809523809 0.22519083969465647 0.00496031746031746 0.04961832061068702
23 0.5863095238095238 0.18702290076335878 0.004464285714285714 0.05725190839694656
23 0.5925099206349206 0.17557251908396945 0.00496031746031746 0.05343511450381679
23 0.5553075396825397 0.2748091603053435 0.00744047619047619 0.03816793893129771
15 0.19642857142857142 0.9751908396946565 0.023809523809523808 0.04198473282442748
23 0.6143353174603174 0.1965648854961832 0.006944444444444444 0.03816793893129771
4 0.22123015873015872 0.9904580152671756 0.003968253968253968 0.011450381679389313
23 0.2269345238095238 0.9923664122137404 0.00744047619047619 0.007633587786259542
4 0.6086309523809523 0.21564885496183206 0.003472222222222222 0.04580152671755725
4 0.605406746031746 0.22328244274809161 0.003472222222222222 0.04580152671755725
23 0.6272321428571429 0.18702290076335878 0.00496031746031746 0.05725190839694656
4 0.6225198412698413 0.1965648854961832 0.005952380952380952 0.0648854961832061
23 0.3060515873015873 0.8606870229007634 0.003968253968253968 0.04961832061068702
23 0.31994047619047616 0.8320610687022901 0.003968253968253968 0.05343511450381679
23 0.29712301587301587 0.8797709923664122 0.004464285714285714 0.05343511450381679
23 0.26537698412698413 0.9446564885496184 0.004464285714285714 0.05343511450381679
23 0.30183531746031744 0.8683206106870229 0.003968253968253968 0.05343511450381679
23 0.31101190476190477 0.851145038167939 0.004464285714285714 0.05343511450381679
23 0.25570436507936506 0.9637404580152672 0.00496031746031746 0.05725190839694656
23 0.26959325396825395 0.9351145038167938 0.004464285714285714 0.05725190839694656
23 0.2924107142857143 0.8931297709923665 0.004464285714285714 0.05343511450381679
23 0.26066468253968256 0.9580152671755725 0.00496031746031746 0.05725190839694656
23 0.283234126984127 0.9122137404580153 0.004464285714285714 0.05725190839694656
23 0.27901785714285715 0.9198473282442748 0.004464285714285714 0.05343511450381679
23 0.2740575396825397 0.9293893129770993 0.004464285714285714 0.05725190839694656
23 0.28794642857142855 0.9007633587786259 0.004464285714285714 0.05725190839694656
23 0.3152281746031746 0.8454198473282443 0.005456349206349206 0.061068702290076333
23 0.6153273809523809 0.23091603053435114 0.006944444444444444 0.03435114503816794
4 0.7291666666666666 0.015267175572519083 0.005952380952380952 0.030534351145038167
4 0.716765873015873 0.04198473282442748 0.005952380952380952 0.026717557251908396
23 0.6227678571428571 0.2633587786259542 0.00744047619047619 0.03816793893129771
23 0.2720734126984127 0.982824427480916 0.005456349206349206 0.026717557251908396
23 0.3082837301587302 0.9236641221374046 0.003968253968253968 0.04961832061068702
23 0.31299603174603174 0.9122137404580153 0.003968253968253968 0.05343511450381679
4 0.7242063492063492 0.0648854961832061 0.003472222222222222 0.04198473282442748
23 0.29910714285714285 0.9408396946564885 0.004464285714285714 0.05343511450381679
23 0.2857142857142857 0.9694656488549618 0.00496031746031746 0.05343511450381679
23 0.30357142857142855 0.933206106870229 0.004464285714285714 0.05343511450381679
23 0.28125 0.9732824427480916 0.00496031746031746 0.04580152671755725
23 0.2770337301587302 0.9770992366412213 0.005456349206349206 0.03816793893129771
23 0.29017857142857145 0.9599236641221374 0.004464285714285714 0.05343511450381679
23 0.32217261904761907 0.8950381679389313 0.004464285714285714 0.05343511450381679
23 0.31746031746031744 0.9045801526717557 0.004464285714285714 0.05725190839694656
23 0.2673611111111111 0.9866412213740458 0.00496031746031746 0.019083969465648856
23 0.294890873015873 0.950381679389313 0.004464285714285714 0.05343511450381679
23 0.6240079365079365 0.29961832061068705 0.006944444444444444 0.030534351145038167
4 0.716765873015873 0.1316793893129771 0.005456349206349206 0.022900763358778626
23 0.6247519841269841 0.33396946564885494 0.006448412698412698 0.03435114503816794
4 0.7986111111111112 0.015267175572519083 0.012896825396825396 0.030534351145038167
4 0.7338789682539683 0.13549618320610687 0.008432539682539682 0.09923664122137404
23 0.6257440476190477 0.366412213740458 0.007936507936507936 0.03435114503816794
23 0.5463789682539683 0.5343511450381679 0.00744047619047619 0.03435114503816794
4 0.6121031746031746 0.41603053435114506 0.003472222222222222 0.04580152671755725
4 0.6158234126984127 0.4064885496183206 0.003968253968253968 0.04961832061068702
15 0.5806051587301587 0.4847328244274809 0.05009920634920635 0.3969465648854962
23 0.626984126984127 0.40458015267175573 0.00744047619047619 0.03816793893129771
4 0.8003472222222222 0.05916030534351145 0.012896825396825396 0.0648854961832061
23 0.6282242063492064 0.43702290076335876 0.007936507936507936 0.04198473282442748
4 0.8120039682539683 0.06679389312977099 0.005952380952380952 0.026717557251908396
4 0.8432539682539683 0.02862595419847328 0.008928571428571428 0.05725190839694656
4 0.828125 0.04580152671755725 0.008432539682539682 0.0916030534351145
4 0.8363095238095238 0.03816793893129771 0.008928571428571428 0.07633587786259542
4 0.8199404761904762 0.05725190839694656 0.008432539682539682 0.09923664122137404
4 0.769593253968254 0.16221374045801526 0.007936507936507936 0.09541984732824428
23 0.8623511904761905 0.009541984732824428 0.005456349206349206 0.019083969465648856
4 0.8586309523809523 0.013358778625954198 0.003968253968253968 0.026717557251908396
23 0.6294642857142857 0.4732824427480916 0.006944444444444444 0.03816793893129771
4 0.7767857142857143 0.1736641221374046 0.002976190476190476 0.04198473282442748
4 0.8702876984126984 0.003816793893129771 0.00744047619047619 0.007633587786259542
23 0.8127480158730159 0.10305343511450382 0.006944444444444444 0.03435114503816794
4 0.5535714285714286 0.6393129770992366 0.002976190476190476 0.04198473282442748
4 0.550843253968254 0.6450381679389313 0.003472222222222222 0.04580152671755725
4 0.7356150793650794 0.2786259541984733 0.00496031746031746 0.05725190839694656
23 0.6312003968253969 0.5095419847328244 0.006944444444444444 0.03816793893129771
4 0.7946428571428571 0.1851145038167939 0.007936507936507936 0.09541984732824428
4 0.7869543650793651 0.20419847328244276 0.008928571428571428 0.09541984732824428
15 0.8953373015873016 0.03244274809160305 0.020833333333333332 0.0648854961832061
23 0.8737599206349206 0.04198473282442748 0.004464285714285714 0.05725190839694656
23 0.878968253968254 0.030534351145038167 0.005456349206349206 0.061068702290076333
23 0.8606150793650794 0.07251908396946564 0.00496031746031746 0.05725190839694656
23 0.6324404761904762 0.5438931297709924 0.007936507936507936 0.03816793893129771
23 0.8648313492063492 0.06297709923664122 0.005456349206349206 0.061068702290076333
23 0.6331845238095238 0.5801526717557252 0.00744047619047619 0.03435114503816794
23 0.6247519841269841 0.5992366412213741 0.004464285714285714 0.05343511450381679
23 0.6197916666666666 0.6087786259541985 0.005952380952380952 0.0648854961832061
23 0.8707837301587301 0.11450381679389313 0.00496031746031746 0.05343511450381679
4 0.9312996031746031 0.02099236641221374 0.009424603174603174 0.04198473282442748
23 0.875 0.10687022900763359 0.00496031746031746 0.05343511450381679
4 0.7785218253968254 0.31297709923664124 0.012896825396825396 0.06870229007633588
4 0.8804563492063492 0.10305343511450382 0.006944444444444444 0.06870229007633588
4 0.9109623015873016 0.04770992366412214 0.003968253968253968 0.04580152671755725
23 0.9156746031746031 0.04580152671755725 0.00496031746031746 0.05343511450381679
23 0.9203869047619048 0.03625954198473282 0.00496031746031746 0.05725190839694656
23 0.941468253968254 0.011450381679389313 0.00496031746031746 0.022900763358778626
23 0.9246031746031746 0.026717557251908396 0.004464285714285714 0.05343511450381679
4 0.9379960317460317 0.015267175572519083 0.003968253968253968 0.030534351145038167
23 0.638640873015873 0.6202290076335878 0.00744047619047619 0.03435114503816794
4 0.5860615079365079 0.7423664122137404 0.002976190476190476 0.04198473282442748
4 0.5900297619047619 0.7366412213740458 0.003472222222222222 0.04580152671755725
4 0.798859126984127 0.30725190839694655 0.008432539682539682 0.09541984732824428
4 0.7911706349206349 0.32251908396946566 0.007936507936507936 0.09541984732824428
23 0.6029265873015873 0.7099236641221374 0.00496031746031746 0.05725190839694656
23 0.6135912698412699 0.6927480916030534 0.004464285714285714 0.05343511450381679
23 0.5939980158730159 0.732824427480916 0.00496031746031746 0.05343511450381679
23 0.607390873015873 0.7061068702290076 0.00496031746031746 0.05343511450381679
23 0.6460813492063492 0.6259541984732825 0.00496031746031746 0.05343511450381679
23 0.5982142857142857 0.7270992366412213 0.00496031746031746 0.061068702290076333
23 0.6242559523809523 0.6755725190839694 0.004464285714285714 0.05343511450381679
23 0.6200396825396826 0.6870229007633588 0.004464285714285714 0.05343511450381679
23 0.6334325396825397 0.6603053435114504 0.00496031746031746 0.05725190839694656
23 0.8923611111111112 0.13358778625954199 0.004464285714285714 0.05343511450381679
23 0.6401289682539683 0.6583969465648855 0.00744047619047619 0.03816793893129771
4 0.7847222222222222 0.35877862595419846 0.003968253968253968 0.04961832061068702
4 0.7810019841269841 0.3702290076335878 0.003472222222222222 0.04580152671755725
23 0.9156746031746031 0.09732824427480916 0.00744047619047619 0.03816793893129771
23 0.8807043650793651 0.16984732824427481 0.006944444444444444 0.03816793893129771
4 0.6140873015873016 0.7347328244274809 0.005456349206349206 0.026717557251908396
23 0.5887896825396826 0.7919847328244275 0.00744047619047619 0.03816793893129771
23 0.5959821428571429 0.7767175572519084 0.005952380952380952 0.03816793893129771
4 0.19766865079365079 0.7843511450381679 0.005952380952380952 0.03435114503816794
4 0.18625992063492064 0.8072519083969466 0.005952380952380952 0.030534351145038167
4 0.5895337301587301 0.003816793893129771 0.006448412698412698 0.007633587786259542
4 0.18427579365079366 0.8549618320610687 0.013392857142857142 0.06870229007633588
4 0.20188492063492064 0.8187022900763359 0.01240079365079365 0.0648854961832061
4 0.5939980158730159 0.030534351145038167 0.013392857142857142 0.061068702290076333