23 0.9382080329557158 0.8771929824561403 0.004119464469618949 0.06578947368421052
15 0.7618434603501545 0.6403508771929824 0.010813594232749742 0.17543859649122806
4 0.8112770339855818 0.7236842105263158 0.012358393408856848 0.16228070175438597
4 0.7994335736354274 0.7127192982456141 0.01184346035015448 0.14473684210526316
23 0.9001029866117405 0.8530701754385965 0.005149330587023687 0.07894736842105263
4 0.787590113285273 0.7017543859649122 0.01132852729145211 0.13596491228070176
23 0.8668898043254377 0.8135964912280702 0.006179196704428424 0.08333333333333333
4 0.8928939237899073 0.8486842105263158 0.005664263645726055 0.07894736842105263
4 0.8419155509783728 0.7828947368421053 0.004634397528321318 0.07456140350877193
23 0.8480947476828012 0.7916666666666666 0.004634397528321318 0.07456140350877193
23 0.9104016477857878 0.881578947368421 0.004634397528321318 0.06578947368421052
4 0.8231204943357363 0.7631578947368421 0.006179196704428424 0.07894736842105263
23 0.916065911431514 0.8881578947368421 0.006179196704428424 0.07894736842105263
23 0.8856848609680742 0.8464912280701754 0.004634397528321318 0.07456140350877193
23 0.9222451081359423 0.9013157894736842 0.005149330587023687 0.07017543859649122
23 0.928681771369722 0.9100877192982456 0.003604531410916581 0.07017543859649122
4 0.770854788877446 0.706140350877193 0.005664263645726055 0.07894736842105263
23 0.9559732234809475 0.9736842105263158 0.006694129763130793 0.043859649122807015
23 0.9495365602471678 0.9736842105263158 0.006179196704428424 0.043859649122807015
23 0.9364057672502575 0.9627192982456141 0.005664263645726055 0.06578947368421052
4 0.9423274974253347 0.9714912280701754 0.004119464469618949 0.04824561403508772
15 0.5072090628218332 0.4166666666666667 0.0607621009268795 0.5350877192982456
23 0.8782183316168898 0.9385964912280702 0.005149330587023687 0.06140350877192982
23 0.9085993820803295 0.9714912280701754 0.004634397528321318 0.04824561403508772
23 0.865859938208033 0.9232456140350878 0.003604531410916581 0.07456140350877193
4 0.9214727085478888 0.9802631578947368 0.004634397528321318 0.03070175438596491
4 0.9152935118434603 0.9736842105263158 0.004634397528321318 0.043859649122807015
23 0.8710092687950567 0.9298245614035088 0.003089598352214212 0.05701754385964912
4 0.8908341915550978 0.956140350877193 0.004119464469618949 0.06578947368421052
23 0.8851699279093718 0.9539473684210527 0.004119464469618949 0.06140350877192982
23 0.8398558187435633 0.8925438596491229 0.003089598352214212 0.05263157894736842
4 0.46755921730175076 0.39035087719298245 0.007723995880535531 0.04824561403508772
15 0.6735324407826982 0.6666666666666666 0.028836251287332648 0.20175438596491227
4 0.8220906282183316 0.8728070175438597 0.006179196704428424 0.05701754385964912
23 0.8465499485066942 0.9057017543859649 0.005149330587023687 0.07017543859649122
23 0.46601441812564365 0.44956140350877194 0.008753861997940269 0.039473684210526314
4 0.7857878475798146 0.8947368421052632 0.01184346035015448 0.16228070175438597
4 0.7984037075180227 0.9122807017543859 0.013388259526261586 0.16666666666666666
4 0.7739443872296602 0.8793859649122807 0.013388259526261586 0.16228070175438597
4 0.8573635427394438 0.9890350877192983 0.006179196704428424 0.013157894736842105
4 0.6503604531410917 0.743421052631579 0.012873326467559218 0.14473684210526316
4 0.8455200823892894 0.9802631578947368 0.005149330587023687 0.03070175438596491
23 0.8511843460350155 0.9824561403508771 0.006179196704428424 0.02631578947368421
4 0.8256951596292482 0.9736842105263158 0.004634397528321318 0.043859649122807015
23 0.8321318228630278 0.9736842105263158 0.007209062821833162 0.043859649122807015
23 0.5813594232749743 0.6710526315789473 0.005149330587023687 0.07894736842105263
4 0.5746652935118435 0.6666666666666666 0.005664263645726055 0.07894736842105263
4 0.283470648815654 0.3092105263157895 0.005664263645726055 0.07894736842105263
4 0.2417610710607621 0.25877192982456143 0.006179196704428424 0.07894736842105263
23 0.2286302780638517 0.2412280701754386 0.004634397528321318 0.07017543859649122
23 0.15525231719876417 0.1425438596491228 0.005149330587023687 0.07017543859649122
4 0.29042224510813597 0.32894736842105265 0.005149330587023687 0.07894736842105263
23 0.14186405767250257 0.12719298245614036 0.006694129763130793 0.09649122807017543
4 0.14855818743563337 0.13596491228070176 0.005149330587023687 0.08333333333333333
23 0.21524201853759012 0.22587719298245615 0.004634397528321318 0.06578947368421052
23 0.22193614830072092 0.23464912280701755 0.006179196704428424 0.07894736842105263
23 0.2090628218331617 0.21929824561403508 0.004119464469618949 0.05701754385964912
23 0.23455200823892894 0.2565789473684211 0.004119464469618949 0.07456140350877193
23 0.07028836251287332 0.03728070175438596 0.005664263645726055 0.07456140350877193
4 0.1351699279093718 0.12280701754385964 0.005149330587023687 0.08771929824561403
23 0.19670442842430483 0.20614035087719298 0.005149330587023687 0.07456140350877193
23 0.10993820803295572 0.08991228070175439 0.005149330587023687 0.07456140350877193
23 0.09037075180226571 0.06798245614035088 0.004119464469618949 0.07017543859649122
23 0.12203913491246138 0.10964912280701754 0.005149330587023687 0.07017543859649122
23 0.203913491246138 0.21929824561403508 0.004634397528321318 0.07017543859649122
23 0.07672502574665294 0.04824561403508772 0.006179196704428424 0.07017543859649122
23 0.10324407826982493 0.08552631578947369 0.004634397528321318 0.07456140350877193
4 0.5414521112255407 0.6754385964912281 0.005664263645726055 0.07456140350877193
4 0.08444902162718847 0.05921052631578947 0.006694129763130793 0.08771929824561403
23 0.128475798146241 0.11842105263157894 0.004634397528321318 0.07456140350877193
23 0.11637487126673532 0.1074561403508772 0.004119464469618949 0.06140350877192982
23 0.09654994850669413 0.07894736842105263 0.006179196704428424 0.07894736842105263
4 0.7167868177136972 0.9254385964912281 0.006179196704428424 0.07894736842105263
4 0.7577239958805355 0.9671052631578947 0.005664263645726055 0.05701754385964912
4 0.5115859938208033 0.7105263157894737 0.009268795056642637 0.05701754385964912
4 0.48712667353244077 0.6820175438596491 0.008753861997940269 0.05263157894736842
4 0.5581874356333677 0.7872807017543859 0.007209062821833162 0.08333333333333333
4 0.5674562306900103 0.8048245614035088 0.004634397528321318 0.07456140350877193
23 0.5548403707518023 0.1600877192982456 0.005149330587023687 0.08333333333333333
4 0.9600926879505665 0.7083333333333334 0.004119464469618949 0.05701754385964912
23 0.94129763130793 0.6820175438596491 0.003604531410916581 0.05701754385964912
23 0.9544284243048403 0.6995614035087719 0.004119464469618949 0.07017543859649122
4 0.8949536560247168 0.6293859649122807 0.005664263645726055 0.08771929824561403
4 0.9477342945417095 0.6995614035087719 0.004119464469618949 0.05701754385964912
23 0.9013903192584964 0.6381578947368421 0.004119464469618949 0.07894736842105263
23 0.9132337796086509 0.6535087719298246 0.005664263645726055 0.07456140350877193
23 0.9075695159629248 0.6491228070175439 0.004634397528321318 0.07456140350877193
23 0.7971163748712667 0.5021929824561403 0.005149330587023687 0.07894736842105263
23 0.777806385169928 0.48026315789473684 0.005149330587023687 0.07456140350877193
4 0.8032955715756952 0.5131578947368421 0.005149330587023687 0.06578947368421052
4 0.518280123583934 0.12938596491228072 0.007209062821833162 0.043859649122807015
4 0.7842430484037075 0.4934210526315789 0.004634397528321318 0.06578947368421052
23 0.7587538619979403 0.4583333333333333 0.005664263645726055 0.07456140350877193
4 0.7716271884654995 0.4758771929824561 0.005664263645726055 0.07894736842105263
23 0.790422245108136 0.5 0.005149330587023687 0.06578947368421052
4 0.5018022657054583 0.1162280701754386 0.010298661174047374 0.05701754385964912
15 0.925849639546859 0.7280701754385965 0.018022657054582905 0.20175438596491227
23 0.9389804325437693 0.7763157894736842 0.005149330587023687 0.07894736842105263
23 0.9060247167868177 0.7543859649122807 0.004119464469618949 0.06578947368421052
4 0.5504634397528322 0.27850877192982454 0.007723995880535531 0.039473684210526314
23 0.9127188465499485 0.7675438596491229 0.004119464469618949 0.06140350877192982
4 0.9582904222451082 0.8289473684210527 0.004119464469618949 0.07017543859649122
23 0.772399588053553 0.6052631578947368 0.004119464469618949 0.07456140350877193
23 0.7798661174047374 0.6206140350877193 0.003604531410916581 0.07456140350877193
15 0.9485066941297632 0.8530701754385965 0.010813594232749742 0.11403508771929824
4 0.4701338825952626 0.20614035087719298 0.008753861997940269 0.043859649122807015
4 0.7170442842430484 0.5526315789473685 0.012358393408856848 0.14035087719298245
4 0.7021112255406797 0.5416666666666666 0.010813594232749742 0.14035087719298245