23 0.19122023809523808 0.8385826771653543 0.005952380952380952 0.07086614173228346
4 0.14856150793650794 0.9350393700787402 0.008432539682539682 0.047244094488188976
23 0.3427579365079365 0.5551181102362205 0.006944444444444444 0.03937007874015748
23 0.4538690476190476 0.3346456692913386 0.00744047619047619 0.031496062992125984
4 0.25471230158730157 0.734251968503937 0.00744047619047619 0.03543307086614173
23 0.43725198412698413 0.3720472440944882 0.006944444444444444 0.03543307086614173
23 0.5441468253968254 0.16535433070866143 0.007936507936507936 0.03937007874015748
4 0.5714285714285714 0.12401574803149606 0.003968253968253968 0.047244094488188976
4 0.5763888888888888 0.1141732283464567 0.003968253968253968 0.047244094488188976
23 0.5319940476190477 0.20078740157480315 0.005456349206349206 0.06299212598425197
23 0.33382936507936506 0.5984251968503937 0.006944444444444444 0.07874015748031496
4 0.24107142857142858 0.781496062992126 0.006448412698412698 0.07480314960629922
4 0.6383928571428571 0.015748031496062992 0.005952380952380952 0.031496062992125984
4 0.1349206349206349 0.9783464566929134 0.005952380952380952 0.03543307086614173
23 0.4548611111111111 0.3661417322834646 0.00744047619047619 0.03543307086614173
23 0.544890873015873 0.18700787401574803 0.00744047619047619 0.03543307086614173
23 0.34424603174603174 0.5846456692913385 0.007936507936507936 0.04330708661417323
4 0.25570436507936506 0.7637795275590551 0.006944444444444444 0.03543307086614173
4 0.1498015873015873 0.9744094488188977 0.006944444444444444 0.031496062992125984
23 0.43625992063492064 0.4271653543307087 0.012896825396825396 0.07480314960629922
4 0.21626984126984128 0.952755905511811 0.004464285714285714 0.06299212598425197
4 0.21279761904761904 0.9625984251968503 0.003968253968253968 0.047244094488188976
4 0.6019345238095238 0.1968503937007874 0.003968253968253968 0.051181102362204724
23 0.22271825396825398 0.9468503937007874 0.007936507936507936 0.04330708661417323
4 0.6049107142857143 0.19488188976377951 0.003968253968253968 0.047244094488188976
15 0.19370039682539683 0.937007874015748 0.033234126984126984 0.11811023622047244
4 0.6185515873015873 0.17125984251968504 0.004464285714285714 0.06299212598425197
30 0.23387896825396826 0.9448818897637795 0.010912698412698412 0.08661417322834646
23 0.3152281746031746 0.7854330708661418 0.005952380952380952 0.05905511811023622
23 0.25124007936507936 0.9153543307086615 0.00496031746031746 0.05905511811023622
23 0.30654761904761907 0.8051181102362205 0.003968253968253968 0.05511811023622047
23 0.27827380952380953 0.8622047244094488 0.005456349206349206 0.05511811023622047
23 0.310515873015873 0.797244094488189 0.004464285714285714 0.047244094488188976
23 0.2700892857142857 0.8779527559055118 0.00496031746031746 0.05511811023622047
23 0.3013392857142857 0.8169291338582677 0.003472222222222222 0.04330708661417323
23 0.28348214285714285 0.8503937007874016 0.00496031746031746 0.051181102362204724
23 0.2884424603174603 0.84251968503937 0.004464285714285714 0.04330708661417323
23 0.25669642857142855 0.905511811023622 0.00496031746031746 0.05511811023622047
23 0.26537698412698413 0.8917322834645669 0.005952380952380952 0.051181102362204724
23 0.2924107142857143 0.8385826771653543 0.005456349206349206 0.051181102362204724
23 0.27455357142857145 0.8740157480314961 0.005456349206349206 0.05905511811023622
23 0.2976190476190476 0.8267716535433071 0.00496031746031746 0.04330708661417323
23 0.26066468253968256 0.9015748031496063 0.006448412698412698 0.06299212598425197
4 0.7125496031746031 0.025590551181102362 0.006448412698412698 0.03543307086614173
4 0.7256944444444444 0.00984251968503937 0.007936507936507936 0.01968503937007874
23 0.22271825396825398 0.9822834645669292 0.005952380952380952 0.027559055118110236
23 0.22743055555555555 0.9803149606299213 0.006448412698412698 0.031496062992125984
23 0.6183035714285714 0.24606299212598426 0.00744047619047619 0.04330708661417323
23 0.23660714285714285 0.9881889763779528 0.008928571428571428 0.015748031496062992
23 0.31299603174603174 0.8582677165354331 0.00496031746031746 0.051181102362204724
23 0.2537202380952381 0.9724409448818898 0.004464285714285714 0.047244094488188976
23 0.26711309523809523 0.9488188976377953 0.00496031746031746 0.05511811023622047
23 0.25793650793650796 0.9665354330708661 0.003968253968253968 0.05511811023622047
23 0.2757936507936508 0.9311023622047244 0.005456349206349206 0.06299212598425197
4 0.7202380952380952 0.05708661417322835 0.00496031746031746 0.051181102362204724
23 0.2986111111111111 0.889763779527559 0.005952380952380952 0.05511811023622047
23 0.3033234126984127 0.8818897637795275 0.00744047619047619 0.06299212598425197
23 0.2628968253968254 0.9606299212598425 0.005456349206349206 0.05905511811023622
23 0.31746031746031744 0.8523622047244095 0.005456349206349206 0.06299212598425197
23 0.2941468253968254 0.8996062992125984 0.005456349206349206 0.051181102362204724
23 0.2899305555555556 0.90748031496063 0.005952380952380952 0.05905511811023622
23 0.28521825396825395 0.9173228346456693 0.006944444444444444 0.05905511811023622
23 0.3087797619047619 0.8700787401574803 0.004464285714285714 0.047244094488188976
23 0.2718253968253968 0.9468503937007874 0.00496031746031746 0.051181102362204724
23 0.28100198412698413 0.9330708661417323 0.005456349206349206 0.05511811023622047
23 0.6187996031746031 0.281496062992126 0.007936507936507936 0.04330708661417323
4 0.7125496031746031 0.12401574803149606 0.006448412698412698 0.031496062992125984
23 0.621031746031746 0.31299212598425197 0.006944444444444444 0.03937007874015748
4 0.7938988095238095 0.013779527559055118 0.014384920634920634 0.027559055118110236
4 0.7291666666666666 0.13188976377952755 0.00992063492063492 0.1220472440944882
23 0.6220238095238095 0.35236220472440943 0.006944444444444444 0.04330708661417323
23 0.5424107142857143 0.5137795275590551 0.00744047619047619 0.03937007874015748
15 0.5786210317460317 0.4468503937007874 0.060515873015873016 0.48031496062992124
4 0.6081349206349206 0.3956692913385827 0.003968253968253968 0.05511811023622047
4 0.6111111111111112 0.38976377952755903 0.00496031746031746 0.051181102362204724
23 0.6232638888888888 0.38976377952755903 0.00744047619047619 0.03937007874015748
4 0.7963789682539683 0.05905511811023622 0.013888888888888888 0.07874015748031496
23 0.6240079365079365 0.42913385826771655 0.008432539682539682 0.04330708661417323
4 0.8077876984126984 0.06496062992125984 0.005456349206349206 0.031496062992125984
4 0.7648809523809523 0.1594488188976378 0.008928571428571428 0.0984251968503937
4 0.8239087301587301 0.051181102362204724 0.00992063492063492 0.10236220472440945
4 0.8157242063492064 0.05708661417322835 0.008432539682539682 0.1062992125984252
15 0.751984126984127 0.1889763779527559 0.01488095238095238 0.12598425196850394
4 0.8323412698412699 0.04330708661417323 0.00992063492063492 0.08661417322834646
4 0.8400297619047619 0.03937007874015748 0.009424603174603174 0.07874015748031496
23 0.8586309523809523 0.015748031496062992 0.00496031746031746 0.031496062992125984
23 0.6254960317460317 0.4625984251968504 0.006944444444444444 0.03937007874015748
4 0.8546626984126984 0.017716535433070866 0.00496031746031746 0.03543307086614173
4 0.5493551587301587 0.6220472440944882 0.003968253968253968 0.05511811023622047
4 0.8668154761904762 0.00984251968503937 0.008432539682539682 0.01968503937007874
4 0.5458829365079365 0.6279527559055118 0.00496031746031746 0.05511811023622047
23 0.8087797619047619 0.11220472440944881 0.00744047619047619 0.03543307086614173
23 0.6262400793650794 0.5019685039370079 0.00744047619047619 0.03543307086614173
4 0.7901785714285714 0.18503937007874016 0.008928571428571428 0.11023622047244094
15 0.8903769841269841 0.03346456692913386 0.021825396825396824 0.06692913385826772
4 0.7827380952380952 0.2047244094488189 0.009424603174603174 0.11023622047244094
4 0.8648313492063492 0.05708661417322835 0.00496031746031746 0.05511811023622047
23 0.8556547619047619 0.07677165354330709 0.00496031746031746 0.051181102362204724
23 0.8601190476190477 0.07086614173228346 0.003968253968253968 0.05511811023622047
23 0.8702876984126984 0.051181102362204724 0.005456349206349206 0.06299212598425197
23 0.8747519841269841 0.047244094488188976 0.005456349206349206 0.06299212598425197
23 0.6279761904761905 0.5354330708661418 0.006944444444444444 0.03543307086614173
23 0.6192956349206349 0.5885826771653543 0.00496031746031746 0.051181102362204724
23 0.6294642857142857 0.5728346456692913 0.006944444444444444 0.03937007874015748
23 0.8665674603174603 0.1279527559055118 0.00496031746031746 0.051181102362204724
23 0.871031746031746 0.11811023622047244 0.004464285714285714 0.05511811023622047
4 0.9270833333333334 0.03543307086614173 0.00992063492063492 0.07086614173228346
23 0.9159226190476191 0.051181102362204724 0.004464285714285714 0.051181102362204724
23 0.9114583333333334 0.05905511811023622 0.00496031746031746 0.05511811023622047
23 0.9206349206349206 0.045275590551181105 0.00496031746031746 0.06299212598425197
23 0.6339285714285714 0.6122047244094488 0.006944444444444444 0.03937007874015748
23 0.9377480158730159 0.023622047244094488 0.005456349206349206 0.047244094488188976
4 0.9330357142857143 0.02952755905511811 0.004464285714285714 0.05511811023622047
4 0.580109126984127 0.7263779527559056 0.005456349206349206 0.06299212598425197
4 0.5840773809523809 0.7224409448818898 0.00496031746031746 0.05511811023622047
4 0.7859623015873016 0.32677165354330706 0.009424603174603174 0.1062992125984252
23 0.6411210317460317 0.6141732283464567 0.00496031746031746 0.05511811023622047
23 0.6083829365079365 0.6830708661417323 0.003968253968253968 0.051181102362204724
4 0.7938988095238095 0.3169291338582677 0.009424603174603174 0.1141732283464567
23 0.6197916666666666 0.6653543307086615 0.004464285714285714 0.05905511811023622
30 0.8546626984126984 0.20078740157480315 0.011904761904761904 0.0984251968503937
23 0.6284722222222222 0.6515748031496063 0.003968253968253968 0.047244094488188976
23 0.8876488095238095 0.14763779527559054 0.00496031746031746 0.05511811023622047
30 0.8948412698412699 0.13188976377952755 0.007936507936507936 0.07480314960629922
30 0.9027777777777778 0.12007874015748031 0.008432539682539682 0.07480314960629922
23 0.6356646825396826 0.6535433070866141 0.00744047619047619 0.04330708661417323
4 0.7762896825396826 0.37598425196850394 0.004464285714285714 0.05511811023622047
4 0.7802579365079365 0.3720472440944882 0.004464285714285714 0.05905511811023622
23 0.8754960317460317 0.18700787401574803 0.006944444444444444 0.03937007874015748
23 0.9107142857142857 0.11811023622047244 0.006944444444444444 0.03543307086614173
23 0.5838293650793651 0.7795275590551181 0.006944444444444444 0.03937007874015748
4 0.6088789682539683 0.7303149606299213 0.006448412698412698 0.031496062992125984
4 0.18204365079365079 0.7440944881889764 0.006448412698412698 0.03543307086614173
4 0.1939484126984127 0.7204724409448819 0.005952380952380952 0.031496062992125984
4 0.1800595238095238 0.7933070866141733 0.01488095238095238 0.07874015748031496
4 0.19816468253968253 0.7559055118110236 0.014384920634920634 0.07480314960629922
4 0.5912698412698413 0.01968503937007874 0.01488095238095238 0.03937007874015748
23 0.38268849206349204 0.42322834645669294 0.00992063492063492 0.11023622047244094
4 0.18129960317460317 0.8543307086614174 0.012896825396825396 0.06299212598425197