23 0.11178010471204189 0.905982905982906 0.005235602094240838 0.07264957264957266
23 0.39214659685863873 0.4252136752136752 0.008376963350785341 0.03418803418803419
23 0.16413612565445027 0.8205128205128205 0.008900523560209424 0.08974358974358974
4 0.10549738219895288 0.9273504273504274 0.008376963350785341 0.09401709401709402
4 0.09083769633507853 0.9487179487179487 0.009947643979057591 0.09401709401709402
4 0.09764397905759162 0.9401709401709402 0.008900523560209424 0.09401709401709402
4 0.06387434554973823 0.9786324786324786 0.005235602094240838 0.03418803418803419
4 0.06884816753926702 0.9764957264957265 0.005759162303664921 0.038461538461538464
4 0.07565445026178011 0.9615384615384616 0.009947643979057591 0.06837606837606838
4 0.08298429319371728 0.9551282051282052 0.008900523560209424 0.0811965811965812
23 0.33036649214659686 0.5576923076923077 0.007853403141361256 0.038461538461538464
23 0.3934554973821989 0.452991452991453 0.007329842931937173 0.04700854700854701
23 0.39397905759162305 0.4829059829059829 0.007329842931937173 0.038461538461538464
23 0.26465968586387434 0.7072649572649573 0.007853403141361256 0.042735042735042736
4 0.5397905759162304 0.23931623931623933 0.004712041884816754 0.05982905982905983
4 0.5356020942408377 0.24572649572649571 0.004712041884816754 0.05982905982905983
4 0.5225130890052356 0.2905982905982906 0.008900523560209424 0.09829059829059829
23 0.3950261780104712 0.5170940170940171 0.007329842931937173 0.038461538461538464
23 0.2916230366492147 0.7029914529914529 0.009424083769633508 0.05128205128205128
4 0.5570680628272251 0.24358974358974358 0.011518324607329843 0.06837606837606838
23 0.2481675392670157 0.7799145299145299 0.008900523560209424 0.05128205128205128
23 0.2395287958115183 0.7948717948717948 0.008376963350785341 0.05128205128205128
23 0.2651832460732984 0.75 0.008900523560209424 0.05128205128205128
23 0.2743455497382199 0.7350427350427351 0.008900523560209424 0.04700854700854701
23 0.28298429319371726 0.7200854700854701 0.008376963350785341 0.04700854700854701
23 0.23089005235602095 0.8141025641025641 0.008900523560209424 0.04700854700854701
23 0.25654450261780104 0.7692307692307693 0.008376963350785341 0.05128205128205128
23 0.22172774869109949 0.8290598290598291 0.008900523560209424 0.05128205128205128
23 0.17827225130890054 0.905982905982906 0.008376963350785341 0.04700854700854701
23 0.1955497382198953 0.8760683760683761 0.008900523560209424 0.05128205128205128
23 0.20418848167539266 0.8611111111111112 0.008900523560209424 0.04700854700854701
23 0.2130890052356021 0.844017094017094 0.008376963350785341 0.04700854700854701
23 0.1869109947643979 0.8910256410256411 0.009424083769633508 0.05555555555555555
23 0.16910994764397905 0.9252136752136753 0.008376963350785341 0.04700854700854701
23 0.15209424083769635 0.9551282051282052 0.008376963350785341 0.04700854700854701
23 0.14293193717277486 0.9700854700854701 0.009424083769633508 0.05128205128205128
23 0.16047120418848168 0.9401709401709402 0.008900523560209424 0.05128205128205128
23 0.3 0.7115384615384616 0.007329842931937173 0.08547008547008547
4 0.40523560209424087 0.5427350427350427 0.007329842931937173 0.042735042735042736
23 0.2835078534031414 0.7628205128205128 0.008376963350785341 0.04700854700854701
23 0.2662303664921466 0.7927350427350427 0.008376963350785341 0.042735042735042736
23 0.27486910994764396 0.7777777777777778 0.008900523560209424 0.04700854700854701
23 0.16989528795811518 0.9594017094017094 0.008900523560209424 0.04700854700854701
23 0.17853403141361257 0.9444444444444444 0.008376963350785341 0.04700854700854701
23 0.29240837696335076 0.7457264957264957 0.008900523560209424 0.042735042735042736
23 0.23141361256544501 0.8525641025641025 0.008900523560209424 0.042735042735042736
23 0.2486910994764398 0.8226495726495726 0.007853403141361256 0.04700854700854701
23 0.25759162303664923 0.811965811965812 0.008900523560209424 0.04700854700854701
23 0.19659685863874346 0.9166666666666666 0.008376963350785341 0.042735042735042736
23 0.24031413612565444 0.8418803418803419 0.008376963350785341 0.04700854700854701
23 0.2049738219895288 0.9038461538461539 0.007853403141361256 0.04700854700854701
23 0.22277486910994765 0.8717948717948718 0.008376963350785341 0.04700854700854701
23 0.21413612565445025 0.8867521367521367 0.008376963350785341 0.04700854700854701
23 0.16178010471204188 0.9764957264957265 0.008376963350785341 0.042735042735042736
23 0.18795811518324607 0.9316239316239316 0.008900523560209424 0.042735042735042736
23 0.15287958115183245 0.9850427350427351 0.009424083769633508 0.021367521367521368
23 0.39267015706806285 0.594017094017094 0.007853403141361256 0.038461538461538464
4 0.14921465968586387 0.6025641025641025 0.007853403141361256 0.021367521367521368
23 0.33717277486910996 0.7029914529914529 0.0062827225130890054 0.07264957264957266
4 0.293717277486911 0.7841880341880342 0.008900523560209424 0.04700854700854701
4 0.2672774869109948 0.8290598290598291 0.008900523560209424 0.04700854700854701
4 0.25026178010471206 0.8589743589743589 0.007853403141361256 0.042735042735042736
4 0.28534031413612565 0.8034188034188035 0.007853403141361256 0.04700854700854701
4 0.30261780104712044 0.7735042735042735 0.008376963350785341 0.04700854700854701
4 0.24162303664921467 0.8782051282051282 0.008376963350785341 0.042735042735042736
4 0.2764397905759162 0.8183760683760684 0.008900523560209424 0.04700854700854701
4 0.3460732984293194 0.6965811965811965 0.005235602094240838 0.0641025641025641
23 0.18900523560209423 0.9700854700854701 0.009424083769633508 0.04700854700854701
4 0.25863874345549737 0.8482905982905983 0.008376963350785341 0.04700854700854701
4 0.34214659685863874 0.7051282051282052 0.004712041884816754 0.0641025641025641
4 0.2238219895287958 0.9102564102564102 0.008900523560209424 0.04700854700854701
4 0.23298429319371727 0.8931623931623932 0.009424083769633508 0.05128205128205128
4 0.18010471204188483 0.9786324786324786 0.008376963350785341 0.03418803418803419
4 0.1712041884816754 0.9850427350427351 0.009424083769633508 0.021367521367521368
4 0.21518324607329842 0.9294871794871795 0.008376963350785341 0.04700854700854701
4 0.20654450261780105 0.9444444444444444 0.008900523560209424 0.05128205128205128
4 0.13848167539267014 0.6196581196581197 0.007853403141361256 0.021367521367521368
30 0.06596858638743455 0.7628205128205128 0.01099476439790576 0.05982905982905983
23 0.393717277486911 0.6282051282051282 0.007329842931937173 0.038461538461538464
4 0.053141361256544506 0.7841880341880342 0.005759162303664921 0.04700854700854701
4 0.793717277486911 0.1047008547008547 0.012041884816753926 0.06837606837606838
23 0.27356020942408377 0.3952991452991453 0.009947643979057591 0.042735042735042736
4 0.5005235602094241 0.6217948717948718 0.012041884816753926 0.06837606837606838
4 0.5861256544502618 0.47649572649572647 0.012041884816753926 0.07264957264957266
4 0.2942408376963351 0.9764957264957265 0.012565445026178011 0.038461538461538464
4 0.11910994764397906 0.6709401709401709 0.012565445026178011 0.05982905982905983
4 0.38219895287958117 0.21153846153846154 0.006806282722513089 0.042735042735042736
30 0.10785340314136126 0.7029914529914529 0.012565445026178011 0.0811965811965812
23 0.3018324607329843 0.3504273504273504 0.007329842931937173 0.03418803418803419
4 0.0968586387434555 0.7200854700854701 0.008900523560209424 0.07692307692307693
4 0.7827225130890052 0.21581196581196582 0.007329842931937173 0.042735042735042736
4 0.8363874345549738 0.1346153846153846 0.007853403141361256 0.08974358974358974
4 0.669109947643979 0.43803418803418803 0.008376963350785341 0.09401709401709402
4 0.6293193717277487 0.5064102564102564 0.008376963350785341 0.09829059829059829
4 0.9094240837696335 0.029914529914529916 0.008900523560209424 0.04700854700854701
4 0.8808900523560209 0.07905982905982906 0.012041884816753926 0.06837606837606838
4 0.7848167539267016 0.25 0.008900523560209424 0.04700854700854701
23 0.5209424083769634 0.7072649572649573 0.006806282722513089 0.0811965811965812
4 0.4617801047120419 0.8205128205128205 0.011518324607329843 0.06837606837606838
4 0.7039267015706806 0.3995726495726496 0.009424083769633508 0.05128205128205128
4 0.5939790575916231 0.594017094017094 0.008376963350785341 0.04700854700854701
4 0.5819371727748691 0.6196581196581197 0.007329842931937173 0.04700854700854701
4 0.4968586387434555 0.7670940170940171 0.009424083769633508 0.05128205128205128
23 0.0887434554973822 0.75 0.009947643979057591 0.10683760683760683
4 0.08010471204188482 0.7564102564102564 0.008900523560209424 0.08974358974358974
23 0.14921465968586387 0.6324786324786325 0.009947643979057591 0.05128205128205128
23 0.13952879581151834 0.6538461538461539 0.008376963350785341 0.04700854700854701
23 0.30261780104712044 0.3803418803418803 0.007853403141361256 0.042735042735042736
23 0.27460732984293196 0.43162393162393164 0.009424083769633508 0.05128205128205128
23 0.38717277486910995 0.24145299145299146 0.0062827225130890054 0.03418803418803419
23 0.187434554973822 0.5876068376068376 0.009424083769633508 0.05128205128205128
4 0.04712041884816754 0.8482905982905983 0.011518324607329843 0.06837606837606838
4 0.1405759162303665 0.6923076923076923 0.007853403141361256 0.04700854700854701
23 0.14973821989528796 0.6752136752136753 0.008900523560209424 0.038461538461538464
23 0.38821989528795814 0.27564102564102566 0.007329842931937173 0.038461538461538464
4 0.12094240837696335 0.7435897435897436 0.012565445026178011 0.07264957264957266
4 0.2350785340314136 0.5448717948717948 0.008376963350785341 0.08974358974358974
4 0.45890052356020944 0.15598290598290598 0.008900523560209424 0.09401709401709402
23 0.2756544502617801 0.47435897435897434 0.008900523560209424 0.04700854700854701
15 0.17172774869109947 0.6581196581196581 0.02198952879581152 0.1794871794871795
4 0.18821989528795813 0.6346153846153846 0.008376963350785341 0.04700854700854701
23 0.4746073298429319 0.1388888888888889 0.0062827225130890054 0.07692307692307693
4 0.32827225130890053 0.3952991452991453 0.007853403141361256 0.04700854700854701
23 0.38952879581151834 0.3034188034188034 0.007329842931937173 0.03418803418803419
23 0.14109947643979057 0.7329059829059829 0.008376963350785341 0.04700854700854701
23 0.15130890052356022 0.7158119658119658 0.009424083769633508 0.05128205128205128
4 0.04869109947643979 0.9081196581196581 0.012565445026178011 0.06837606837606838
23 0.2767015706806283 0.5170940170940171 0.007853403141361256 0.04700854700854701
4 0.09947643979057591 0.8269230769230769 0.007853403141361256 0.09829059829059829
4 0.3054973821989529 0.4700854700854701 0.007329842931937173 0.042735042735042736
30 0.08534031413612565 0.8568376068376068 0.012041884816753926 0.0811965811965812
30 0.11099476439790576 0.811965811965812 0.013612565445026177 0.09829059829059829
23 0.09345549738219895 0.8418803418803419 0.005759162303664921 0.07264957264957266
23 0.38979057591623034 0.3333333333333333 0.007853403141361256 0.038461538461538464
23 0.15287958115183245 0.7564102564102564 0.009424083769633508 0.042735042735042736
23 0.2892670157068063 0.5256410256410257 0.011518324607329843 0.06837606837606838
23 0.4214659685863874 0.29914529914529914 0.009424083769633508 0.05128205128205128
4 0.4316753926701571 0.28205128205128205 0.012565445026178011 0.06837606837606838
23 0.2777486910994764 0.5534188034188035 0.008376963350785341 0.04700854700854701
23 0.39083769633507853 0.3611111111111111 0.007329842931937173 0.038461538461538464
4 0.049738219895287955 0.9658119658119658 0.011518324607329843 0.0641025641025641
23 0.15392670157068064 0.7948717948717948 0.008376963350785341 0.042735042735042736
15 0.3599476439790576 0.4423076923076923 0.05602094240837696 0.44871794871794873
4 0.5465968586387434 0.12606837606837606 0.008376963350785341 0.09401709401709402
4 0.537696335078534 0.14102564102564102 0.008376963350785341 0.09401709401709402
23 0.3918848167539267 0.3952991452991453 0.007853403141361256 0.038461538461538464
23 0.14659685863874344 0.8247863247863247 0.006806282722513089 0.0811965811965812
4 0.22408376963350785 0.6901709401709402 0.008376963350785341 0.08974358974358974
4 0.2424083769633508 0.6581196581196581 0.007853403141361256 0.09829059829059829
4 0.21675392670157068 0.7029914529914529 0.008376963350785341 0.09401709401709402
4 0.21020942408376964 0.717948717948718 0.007853403141361256 0.09401709401709402
4 0.23534031413612566 0.6752136752136753 0.008376963350785341 0.09401709401709402
23 0.2793193717277487 0.5982905982905983 0.009424083769633508 0.038461538461538464
23 0.3287958115183246 0.5213675213675214 0.007329842931937173 0.038461538461538464
23 0.17041884816753927 0.7970085470085471 0.004712041884816754 0.0641025641025641
23 0.1356020942408377 0.8568376068376068 0.009424083769633508 0.05128205128205128
4 0.15471204188481674 0.8290598290598291 0.008900523560209424 0.038461538461538464