4 0.9054787759131293 0.07954545454545454 0.006910167818361303 0.09848484848484848
4 0.38647581441263573 0.2878787878787879 0.005923000987166831 0.0946969696969697
4 0.8082428430404739 0.12121212121212122 0.006910167818361303 0.09848484848484848
23 0.9948173741362291 0.06628787878787878 0.003948667324777887 0.05303030303030303
4 0.1799111549851925 0.4015151515151515 0.012833168805528134 0.04924242424242424
23 0.18904244817374136 0.4015151515151515 0.003948667324777887 0.04924242424242424
4 0.660167818361303 0.23106060606060605 0.004935834155972359 0.01893939393939394
4 0.9545903257650543 0.11174242424242424 0.005429417571569595 0.022727272727272728
4 0.34427443237907207 0.35795454545454547 0.005429417571569595 0.022727272727272728
4 0.7544422507403751 0.19318181818181818 0.005429417571569595 0.026515151515151516
4 0.5513326752221125 0.2746212121212121 0.004935834155972359 0.01893939393939394
4 0.4587857847976308 0.3125 0.005429417571569595 0.022727272727272728
4 0.8637709772951628 0.14962121212121213 0.004935834155972359 0.022727272727272728
4 0.2541954590325765 0.3939393939393939 0.005429417571569595 0.01893939393939394
4 0.14511352418558737 0.4375 0.005429417571569595 0.022727272727272728
4 0.04318854886475815 0.48295454545454547 0.004935834155972359 0.022727272727272728
4 0.8497038499506416 0.1590909090909091 0.006910167818361303 0.026515151515151516
4 0.4420039486673248 0.32196969696969696 0.007403751233958539 0.030303030303030304
4 0.03183613030602172 0.48674242424242425 0.006416584402764067 0.026515151515151516
23 0.5839091806515301 0.2765151515151515 0.0029615004935834156 0.041666666666666664
4 0.6475814412635735 0.2518939393939394 0.0034550839091806516 0.05303030303030303
23 0.5789733464955578 0.2784090909090909 0.0029615004935834156 0.03787878787878788
23 0.7053307008884502 0.23106060606060605 0.006416584402764067 0.026515151515151516
23 0.713228035538006 0.22916666666666666 0.006416584402764067 0.030303030303030304
4 0.9471865745310958 0.13446969696969696 0.003948667324777887 0.056818181818181816
4 0.538746298124383 0.29924242424242425 0.0034550839091806516 0.04924242424242424
4 0.7428430404738401 0.2159090909090909 0.003948667324777887 0.056818181818181816
23 0.019743336623889437 0.5075757575757576 0.003948667324777887 0.056818181818181816
4 0.3351431391905232 0.3806818181818182 0.0034550839091806516 0.04924242424242424
4 0.23938795656465942 0.4185606060606061 0.003948667324777887 0.05303030303030303
23 0.7255676209279368 0.22348484848484848 0.005923000987166831 0.03409090909090909
4 0.1305528134254689 0.4621212121212121 0.003948667324777887 0.04924242424242424
23 0.596248766041461 0.2784090909090909 0.006910167818361303 0.026515151515151516
4 0.8635241855873642 0.17613636363636365 0.005429417571569595 0.022727272727272728
4 0.6599210266535045 0.25757575757575757 0.004935834155972359 0.022727272727272728
4 0.7319842053307009 0.22916666666666666 0.0029615004935834156 0.03787878787878788
4 0.71964461994077 0.23295454545454544 0.0029615004935834156 0.041666666666666664
4 0.9548371174728529 0.13825757575757575 0.005429417571569595 0.026515151515151516
4 0.5515794669299111 0.30113636363636365 0.005429417571569595 0.01893939393939394
4 0.6989141164856861 0.24242424242424243 0.0029615004935834156 0.041666666666666664
4 0.4587857847976308 0.3390151515151515 0.005429417571569595 0.022727272727272728
4 0.7551826258637709 0.2196969696969697 0.005429417571569595 0.026515151515151516
4 0.1458538993089832 0.4640151515151515 0.005429417571569595 0.022727272727272728
4 0.3445212240868707 0.38446969696969696 0.004935834155972359 0.01893939393939394
4 0.25444225074037513 0.42424242424242425 0.005429417571569595 0.026515151515151516
23 0.9945705824284304 0.1268939393939394 0.0034550839091806516 0.05303030303030303
4 0.04343534057255676 0.509469696969697 0.005429417571569595 0.022727272727272728
23 0.9326258637709773 0.16666666666666666 0.003948667324777887 0.04924242424242424
23 0.9652023692003948 0.1534090909090909 0.0034550839091806516 0.05303030303030303
23 0.9602665350444225 0.1553030303030303 0.003948667324777887 0.05303030303030303
4 0.4397828232971372 0.3693181818181818 0.012339585389930898 0.04924242424242424
4 0.8474827245804541 0.20454545454545456 0.013820335636722606 0.05303030303030303
23 0.049358341559723594 0.5303030303030303 0.003948667324777887 0.056818181818181816
23 0.054294175715695954 0.5284090909090909 0.003948667324777887 0.04924242424242424
23 0.7055774925962488 0.26515151515151514 0.005923000987166831 0.026515151515151516
23 0.7134748272458046 0.26325757575757575 0.006416584402764067 0.030303030303030304
23 0.7258144126357354 0.25757575757575757 0.006910167818361303 0.03409090909090909
23 0.9814906219151036 0.1590909090909091 0.0034550839091806516 0.05303030303030303
23 0.5562685093780849 0.3333333333333333 0.006910167818361303 0.03409090909090909
23 0.5844027640671273 0.3333333333333333 0.003948667324777887 0.04924242424242424
23 0.5750246791707798 0.3371212121212121 0.0034550839091806516 0.05303030303030303
23 0.579466929911155 0.3352272727272727 0.0034550839091806516 0.04924242424242424
23 0.5705824284304047 0.3390151515151515 0.003948667324777887 0.045454545454545456
23 0.5888450148075025 0.3314393939393939 0.0034550839091806516 0.05303030303030303
23 0.5952615992102666 0.32954545454545453 0.003948667324777887 0.04924242424242424
4 0.032329713721618955 0.5587121212121212 0.005429417571569595 0.09090909090909091
4 0.879812438302073 0.22537878787878787 0.004935834155972359 0.022727272727272728
4 0.8884501480750246 0.2215909090909091 0.004935834155972359 0.022727272727272728
23 0.5565153010858835 0.36742424242424243 0.006910167818361303 0.030303030303030304
4 0.15177690029615004 0.5492424242424242 0.003948667324777887 0.04924242424242424
4 0.10414610069101678 0.5681818181818182 0.0034550839091806516 0.04924242424242424
4 0.1468410661401777 0.5511363636363636 0.003948667324777887 0.05303030303030303
4 0.12833168805528133 0.5587121212121212 0.0034550839091806516 0.05303030303030303
4 0.13277393879565647 0.5568181818181818 0.0029615004935834156 0.05303030303030303
4 0.12339585389930899 0.5606060606060606 0.003948667324777887 0.056818181818181816
4 0.1140177690029615 0.5643939393939394 0.003948667324777887 0.05303030303030303
4 0.11895360315893386 0.5625 0.0034550839091806516 0.05303030303030303
4 0.10019743336623889 0.5700757575757576 0.0034550839091806516 0.04924242424242424
4 0.09526159921026653 0.571969696969697 0.0034550839091806516 0.04924242424242424
4 0.13746298124383022 0.5549242424242424 0.0034550839091806516 0.05303030303030303
4 0.14239881539980256 0.553030303030303 0.0034550839091806516 0.05303030303030303
4 0.10908193484698914 0.5662878787878788 0.003948667324777887 0.04924242424242424
4 0.09032576505429418 0.5776515151515151 0.0034550839091806516 0.05303030303030303
23 0.8803060217176703 0.25946969696969696 0.006910167818361303 0.026515151515151516
23 0.8891905231984205 0.2556818181818182 0.006416584402764067 0.026515151515151516
23 0.03899308983218164 0.5984848484848485 0.003948667324777887 0.04924242424242424
4 0.049358341559723594 0.5984848484848485 0.012833168805528134 0.045454545454545456
15 0.18608094768015795 0.5473484848484849 0.019743336623889437 0.1590909090909091
23 0.910167818361303 0.26325757575757575 0.0034550839091806516 0.04924242424242424
4 0.9943237907206318 0.22916666666666666 0.004935834155972359 0.06060606060606061
4 0.2073050345508391 0.5492424242424242 0.0024679170779861796 0.041666666666666664
23 0.6157453109575518 0.38446969696969696 0.006416584402764067 0.030303030303030304
4 0.21125370187561698 0.5473484848484849 0.0024679170779861796 0.041666666666666664
4 0.16584402764067127 0.5700757575757576 0.005429417571569595 0.01893939393939394
23 0.21717670286278382 0.553030303030303 0.006416584402764067 0.022727272727272728
4 0.6100691016781836 0.3958333333333333 0.0024679170779861796 0.041666666666666664
4 0.6066140177690029 0.3958333333333333 0.0024679170779861796 0.041666666666666664
23 0.6288252714708786 0.3958333333333333 0.003948667324777887 0.05303030303030303
4 0.6238894373149062 0.3977272727272727 0.004442250740375123 0.056818181818181816
4 0.7993583415597236 0.3371212121212121 0.011352418558736426 0.045454545454545456
23 0.8112043435340572 0.3333333333333333 0.006416584402764067 0.026515151515151516
23 0.2981243830207305 0.5397727272727273 0.0029615004935834156 0.045454545454545456
23 0.31243830207305034 0.5340909090909091 0.0029615004935834156 0.04924242424242424
23 0.288746298124383 0.5435606060606061 0.0034550839091806516 0.04924242424242424
23 0.2561697926949654 0.5568181818181818 0.0034550839091806516 0.04924242424242424
23 0.2936821322803554 0.5416666666666666 0.0029615004935834156 0.04924242424242424
23 0.30306021717670284 0.5378787878787878 0.0034550839091806516 0.04924242424242424
23 0.24629812438302073 0.5606060606060606 0.003948667324777887 0.05303030303030303
23 0.8896841066140178 0.30113636363636365 0.006416584402764067 0.026515151515151516
23 0.26061204343534056 0.5549242424242424 0.0034550839091806516 0.05303030303030303
23 0.28381046396841064 0.5492424242424242 0.0034550839091806516 0.04924242424242424
23 0.2512339585389931 0.5625 0.003948667324777887 0.05303030303030303
23 0.2744323790720632 0.553030303030303 0.0034550839091806516 0.05303030303030303
23 0.26999012833168806 0.5549242424242424 0.0034550839091806516 0.04924242424242424
23 0.8324284304047384 0.32765151515151514 0.004935834155972359 0.056818181818181816
23 0.2650542941757157 0.5568181818181818 0.0034550839091806516 0.05303030303030303
23 0.2793682132280355 0.5511363636363636 0.0034550839091806516 0.05303030303030303
23 0.30750246791707797 0.5397727272727273 0.003948667324777887 0.056818181818181816
4 0.1660908193484699 0.5965909090909091 0.005429417571569595 0.026515151515151516
23 0.6159921026653504 0.4185606060606061 0.006416584402764067 0.026515151515151516
23 0.13795656465942743 0.6193181818181818 0.0034550839091806516 0.05303030303030303
23 0.1330207305034551 0.6212121212121212 0.0034550839091806516 0.04924242424242424
23 0.10932872655478776 0.6306818181818182 0.0029615004935834156 0.04924242424242424
23 0.15177690029615004 0.6136363636363636 0.003948667324777887 0.04924242424242424
23 0.11870681145113524 0.6268939393939394 0.003948667324777887 0.05303030303030303
23 0.14733464955577494 0.615530303030303 0.0034550839091806516 0.04924242424242424
23 0.11426456071076012 0.6287878787878788 0.0034550839091806516 0.05303030303030303
23 0.09575518262586377 0.6363636363636364 0.0034550839091806516 0.04924242424242424
23 0.1236426456071076 0.625 0.0034550839091806516 0.04924242424242424
23 0.10044422507403751 0.634469696969697 0.0034550839091806516 0.04924242424242424
23 0.10488647581441264 0.6325757575757576 0.0034550839091806516 0.05303030303030303
23 0.09081934846989141 0.6382575757575758 0.0034550839091806516 0.04924242424242424
23 0.9805034550839091 0.2803030303030303 0.006910167818361303 0.022727272727272728
23 0.12857847976307996 0.6268939393939394 0.003948667324777887 0.05303030303030303
23 0.1428923988153998 0.6212121212121212 0.003948667324777887 0.056818181818181816
4 0.9943237907206318 0.2784090909090909 0.004935834155972359 0.022727272727272728
4 0.7324777887462981 0.39204545454545453 0.005429417571569595 0.022727272727272728
4 0.71964461994077 0.3958333333333333 0.005429417571569595 0.01893939393939394
23 0.22038499506416584 0.6003787878787878 0.0034550839091806516 0.04924242424242424
4 0.8677196446199408 0.3409090909090909 0.006416584402764067 0.09848484848484848
23 0.2159427443237907 0.6022727272727273 0.0034550839091806516 0.04924242424242424
4 0.859822309970385 0.3446969696969697 0.005923000987166831 0.09848484848484848
23 0.05454096742349457 0.6837121212121212 0.0034550839091806516 0.04924242424242424
4 0.05848963474827246 0.6856060606060606 0.0029615004935834156 0.041666666666666664
23 0.8479763079960513 0.36742424242424243 0.0034550839091806516 0.05303030303030303
23 0.6224086870681145 0.4621212121212121 0.006910167818361303 0.030303030303030304
23 0.8529121421520237 0.3693181818181818 0.003948667324777887 0.04924242424242424
4 0.7998519249753209 0.3977272727272727 0.011846001974333662 0.045454545454545456
23 0.22902270483711748 0.6287878787878788 0.006910167818361303 0.030303030303030304
23 0.8121915103652517 0.3939393939393939 0.006910167818361303 0.026515151515151516
23 0.2611056268509378 0.6193181818181818 0.003948667324777887 0.05303030303030303
23 0.29861796643632776 0.6041666666666666 0.0029615004935834156 0.045454545454545456
23 0.3035538005923001 0.6022727272727273 0.0029615004935834156 0.04924242424242424
4 0.7263079960513327 0.4318181818181818 0.0029615004935834156 0.03787878787878788
23 0.28923988153998026 0.6079545454545454 0.0034550839091806516 0.04924242424242424
23 0.2754195459032576 0.6136363636363636 0.003948667324777887 0.04924242424242424
23 0.2936821322803554 0.6060606060606061 0.0034550839091806516 0.04924242424242424
23 0.2704837117472853 0.615530303030303 0.0034550839091806516 0.05303030303030303
23 0.2660414610069102 0.6174242424242424 0.003948667324777887 0.05303030303030303
23 0.27986179664363275 0.6117424242424242 0.0034550839091806516 0.04924242424242424
23 0.3129318854886476 0.5984848484848485 0.0034550839091806516 0.04924242424242424
23 0.24679170779861798 0.625 0.003948667324777887 0.05303030303030303
23 0.3079960513326752 0.6003787878787878 0.0034550839091806516 0.05303030303030303
23 0.2561697926949654 0.6212121212121212 0.0034550839091806516 0.05303030303030303
23 0.28479763079960513 0.6098484848484849 0.0034550839091806516 0.04924242424242424
23 0.25172754195459035 0.6268939393939394 0.0034550839091806516 0.05303030303030303
23 0.8408193484698914 0.39015151515151514 0.006416584402764067 0.030303030303030304
23 0.9960513326752222 0.3314393939393939 0.0034550839091806516 0.04924242424242424
4 0.9454590325765054 0.35795454545454547 0.009378084896347482 0.10606060606060606
4 0.9350937808489634 0.36742424242424243 0.007403751233958539 0.10984848484848485
23 0.9805034550839091 0.3522727272727273 0.005923000987166831 0.026515151515151516
23 0.6226554787759131 0.5 0.006416584402764067 0.022727272727272728
23 0.8852418558736427 0.4015151515151515 0.0034550839091806516 0.04924242424242424
23 0.906959526159921 0.3977272727272727 0.00839091806515301 0.03409090909090909
23 0.8331688055281342 0.4337121212121212 0.0034550839091806516 0.04924242424242424
4 0.7174234945705824 0.48484848484848486 0.004935834155972359 0.01893939393939394
4 0.8405725567620927 0.4393939393939394 0.00839091806515301 0.03787878787878788
4 0.9807502467917077 0.38636363636363635 0.005429417571569595 0.022727272727272728
23 0.8479763079960513 0.4393939393939394 0.003948667324777887 0.045454545454545456
23 0.6224086870681145 0.5340909090909091 0.005923000987166831 0.026515151515151516
4 0.8588351431391905 0.4393939393939394 0.011352418558736426 0.041666666666666664
23 0.9965449160908193 0.3958333333333333 0.0034550839091806516 0.04924242424242424
4 0.8003455083909181 0.4810606060606061 0.011846001974333662 0.045454545454545456
4 0.823050345508391 0.4715909090909091 0.011846001974333662 0.045454545454545456
4 0.7339585389930898 0.5151515151515151 0.005923000987166831 0.0946969696969697
23 0.9802566633761106 0.42045454545454547 0.006416584402764067 0.030303030303030304
23 0.6226554787759131 0.5681818181818182 0.007403751233958539 0.022727272727272728
23 0.540720631786772 0.6041666666666666 0.006910167818361303 0.026515151515151516
4 0.9148568608094768 0.4583333333333333 0.005429417571569595 0.06818181818181818
23 0.9084402764067128 0.4678030303030303 0.0034550839091806516 0.056818181818181816
23 0.9286771964461994 0.4602272727272727 0.0034550839091806516 0.04924242424242424
23 0.9227541954590326 0.4621212121212121 0.0034550839091806516 0.04924242424242424
4 0.607847976307996 0.5928030303030303 0.0024679170779861796 0.041666666666666664
4 0.611796643632774 0.5909090909090909 0.0029615004935834156 0.045454545454545456
15 0.5752714708785784 0.6098484848484849 0.04244817374136229 0.3409090909090909
23 0.6229022704837117 0.6060606060606061 0.006910167818361303 0.030303030303030304
23 0.9921026653504442 0.4659090909090909 0.0034550839091806516 0.05303030303030303
23 0.8864758144126358 0.5075757575757576 0.003948667324777887 0.05303030303030303
4 0.8008390918065152 0.5454545454545454 0.012339585389930898 0.045454545454545456
4 0.8820335636722606 0.5132575757575758 0.0029615004935834156 0.045454545454545456
4 0.9447186574531096 0.48863636363636365 0.006910167818361303 0.10227272727272728
4 0.9550839091806516 0.48295454545454547 0.006416584402764067 0.09848484848484848
23 0.9807502467917077 0.48484848484848486 0.006910167818361303 0.026515151515151516
23 0.9143632773938796 0.5189393939393939 0.006416584402764067 0.026515151515151516
4 0.9222606120434353 0.5189393939393939 0.005429417571569595 0.01893939393939394
23 0.6231490621915103 0.6401515151515151 0.006910167818361303 0.03409090909090909
23 0.8704343534057256 0.5473484848484849 0.007403751233958539 0.026515151515151516
4 0.8119447186574531 0.571969696969697 0.005429417571569595 0.01893939393939394
4 0.8440276406712734 0.5625 0.005923000987166831 0.09090909090909091
4 0.8282329713721619 0.571969696969697 0.005429417571569595 0.09090909090909091
4 0.8366238894373149 0.5700757575757576 0.005923000987166831 0.09090909090909091
4 0.8198420533070089 0.5757575757575758 0.005923000987166831 0.0946969696969697
4 0.7680157946692991 0.5965909090909091 0.005429417571569595 0.08712121212121213
23 0.9291707798617966 0.5359848484848485 0.0034550839091806516 0.04924242424242424
23 0.8627838104639685 0.5776515151515151 0.003948667324777887 0.04924242424242424
23 0.914116485686081 0.5568181818181818 0.006416584402764067 0.022727272727272728
23 0.8770977295162883 0.571969696969697 0.003948667324777887 0.056818181818181816
4 0.922507403751234 0.5568181818181818 0.004935834155972359 0.022727272727272728
4 0.8588351431391905 0.5833333333333334 0.0029615004935834156 0.03787878787878788
23 0.623395853899309 0.678030303030303 0.006416584402764067 0.030303030303030304
4 0.7746791707798618 0.6212121212121212 0.0024679170779861796 0.03787878787878788
4 0.8706811451135242 0.5852272727272727 0.006416584402764067 0.030303030303030304
23 0.8116979269496545 0.6098484848484849 0.006416584402764067 0.026515151515151516
4 0.5449160908193484 0.7178030303030303 0.0024679170779861796 0.03787878787878788
4 0.5419545903257651 0.7178030303030303 0.0024679170779861796 0.041666666666666664
4 0.7319842053307009 0.6571969696969697 0.003948667324777887 0.05303030303030303
23 0.6241362290227048 0.7159090909090909 0.006416584402764067 0.030303030303030304
23 0.9281836130306022 0.6041666666666666 0.006910167818361303 0.026515151515151516
23 0.9148568608094768 0.6098484848484849 0.006416584402764067 0.022727272727272728
4 0.7917077986179665 0.6590909090909091 0.005429417571569595 0.08712121212121213
4 0.7838104639684107 0.6666666666666666 0.006416584402764067 0.09090909090909091
15 0.8953603158933859 0.6212121212121212 0.017275419545903257 0.14393939393939395
23 0.9220138203356367 0.6231060606060606 0.0034550839091806516 0.05303030303030303
23 0.8726554787759131 0.6458333333333334 0.0034550839091806516 0.05303030303030303
23 0.8780848963474828 0.6439393939393939 0.003948667324777887 0.056818181818181816
23 0.8588351431391905 0.6553030303030303 0.003948667324777887 0.05303030303030303
23 0.6243830207305034 0.75 0.007403751233958539 0.026515151515151516
23 0.8632773938795657 0.6534090909090909 0.003948667324777887 0.056818181818181816
23 0.9146100691016782 0.6401515151515151 0.005923000987166831 0.01893939393939394
23 0.93928923988154 0.6420454545454546 0.0034550839091806516 0.04924242424242424
4 0.9348469891411648 0.6477272727272727 0.0024679170779861796 0.03787878787878788
23 0.6241362290227048 0.7878787878787878 0.006910167818361303 0.026515151515151516
23 0.6152517275419546 0.7916666666666666 0.0034550839091806516 0.04924242424242424
23 0.6103158933859822 0.7935606060606061 0.004442250740375123 0.056818181818181816
23 0.8677196446199408 0.7121212121212122 0.003948667324777887 0.04924242424242424
4 0.9299111549851925 0.6875 0.006416584402764067 0.0946969696969697
23 0.8721618953603159 0.7102272727272727 0.003948667324777887 0.04924242424242424
4 0.7727048371174728 0.7575757575757576 0.012339585389930898 0.04924242424242424
4 0.8775913129318855 0.7159090909090909 0.005429417571569595 0.06439393939393939
4 0.9086870681145114 0.7102272727272727 0.0029615004935834156 0.041666666666666664
23 0.9131293188548865 0.7178030303030303 0.003948667324777887 0.04924242424242424
23 0.9180651530108588 0.7140151515151515 0.003948667324777887 0.05303030303030303
23 0.9397828232971372 0.7064393939393939 0.0034550839091806516 0.04924242424242424
23 0.922507403751234 0.7140151515151515 0.0034550839091806516 0.04924242424242424
4 0.9358341559723593 0.7121212121212122 0.0024679170779861796 0.041666666666666664
23 0.6283316880552814 0.8352272727272727 0.006910167818361303 0.026515151515151516
4 0.5737907206317868 0.8693181818181818 0.0024679170779861796 0.03787878787878788
4 0.5777393879565647 0.8712121212121212 0.0024679170779861796 0.041666666666666664
4 0.7924481737413623 0.7840909090909091 0.005923000987166831 0.09090909090909091
4 0.7847976307996052 0.7878787878787878 0.005429417571569595 0.08712121212121213
23 0.59106614017769 0.865530303030303 0.003948667324777887 0.05303030303030303
23 0.6019249753208292 0.865530303030303 0.0034550839091806516 0.04924242424242424
23 0.5816880552813426 0.8731060606060606 0.003948667324777887 0.04924242424242424
23 0.5955083909180652 0.8674242424242424 0.003948667324777887 0.04924242424242424
23 0.6352418558736427 0.8522727272727273 0.003948667324777887 0.04924242424242424
23 0.5861303060217177 0.875 0.0034550839091806516 0.056818181818181816
23 0.6127838104639685 0.8636363636363636 0.0034550839091806516 0.04924242424242424
23 0.6083415597235933 0.8693181818181818 0.0034550839091806516 0.04924242424242424
23 0.6221618953603159 0.8636363636363636 0.003948667324777887 0.05303030303030303
23 0.888203356367226 0.7651515151515151 0.0034550839091806516 0.04924242424242424
23 0.62857847976308 0.8731060606060606 0.006910167818361303 0.030303030303030304
4 0.7773938795656465 0.8125 0.0029615004935834156 0.045454545454545456
4 0.7734452122408687 0.8181818181818182 0.0024679170779861796 0.041666666666666664
23 0.912142152023692 0.7670454545454546 0.006910167818361303 0.030303030303030304
23 0.8761105626850938 0.7803030303030303 0.006416584402764067 0.030303030303030304
4 0.6011846001974334 0.9071969696969697 0.004935834155972359 0.022727272727272728
23 0.5750246791707798 0.9204545454545454 0.006910167818361303 0.030303030303030304
23 0.5824284304047384 0.9185606060606061 0.005429417571569595 0.030303030303030304
4 0.19471865745310957 0.2935606060606061 0.005429417571569595 0.026515151515151516
4 0.1828726554787759 0.29734848484848486 0.005429417571569595 0.022727272727272728
4 0.5974827245804541 0.14583333333333334 0.005429417571569595 0.022727272727272728
4 0.17966436327739388 0.3409090909090909 0.012833168805528134 0.04924242424242424
4 0.19792694965449162 0.3333333333333333 0.011846001974333662 0.045454545454545456
4 0.6006910167818361 0.1856060606060606 0.011846001974333662 0.041666666666666664