23 0.35085836909871243 0.07236842105263158 0.008583690987124463 0.03070175438596491
23 0.2854077253218884 0.02412280701754386 0.008047210300429184 0.03508771929824561
23 0.35085836909871243 0.10307017543859649 0.0075107296137339056 0.043859649122807015
23 0.35032188841201717 0.1337719298245614 0.0075107296137339056 0.03508771929824561
4 0.5010729613733905 0.3157894736842105 0.004291845493562232 0.06140350877192982
4 0.4967811158798283 0.3092105263157895 0.004291845493562232 0.06140350877192982
4 0.48202789699570814 0.3157894736842105 0.008583690987124463 0.10087719298245613
23 0.3497854077253219 0.16885964912280702 0.0075107296137339056 0.03508771929824561
23 0.24222103004291845 0.05263157894736842 0.009120171673819743 0.04824561403508772
4 0.5174356223175965 0.3684210526315789 0.011266094420600859 0.06578947368421052
23 0.19715665236051502 0.015350877192982455 0.009120171673819743 0.03070175438596491
23 0.18830472103004292 0.008771929824561403 0.008583690987124463 0.017543859649122806
23 0.21486051502145923 0.02412280701754386 0.009120171673819743 0.04824561403508772
23 0.22424892703862662 0.03289473684210526 0.009120171673819743 0.043859649122807015
23 0.23310085836909872 0.043859649122807015 0.008583690987124463 0.043859649122807015
23 0.1791845493562232 0.0043859649122807015 0.009656652360515022 0.008771929824561403
23 0.20547210300429183 0.021929824561403508 0.008583690987124463 0.043859649122807015
23 0.24973175965665237 0.08333333333333333 0.006437768240343348 0.08333333333333333
4 0.3583690987124464 0.22149122807017543 0.0075107296137339056 0.039473684210526314
23 0.23202789699570817 0.08552631578947369 0.008583690987124463 0.043859649122807015
23 0.21378755364806867 0.06578947368421052 0.008583690987124463 0.039473684210526314
23 0.2229077253218884 0.07456140350877193 0.009120171673819743 0.043859649122807015
23 0.24087982832618027 0.09649122807017543 0.009120171673819743 0.039473684210526314
23 0.17784334763948498 0.02412280701754386 0.009120171673819743 0.039473684210526314
23 0.1958154506437768 0.043859649122807015 0.008047210300429184 0.043859649122807015
23 0.20466738197424894 0.05921052631578947 0.009120171673819743 0.043859649122807015
23 0.14189914163090128 0.0043859649122807015 0.009120171673819743 0.008771929824561403
23 0.18669527896995708 0.03728070175438596 0.008583690987124463 0.043859649122807015
23 0.15021459227467812 0.010964912280701754 0.008583690987124463 0.021929824561403508
23 0.16872317596566525 0.021929824561403508 0.009120171673819743 0.043859649122807015
23 0.15960300429184548 0.015350877192982455 0.009120171673819743 0.03070175438596491
23 0.34415236051502146 0.23684210526315788 0.008047210300429184 0.03508771929824561
23 0.28594420600858367 0.18421052631578946 0.005901287553648069 0.07017543859649122
4 0.24087982832618027 0.13596491228070176 0.009120171673819743 0.043859649122807015
4 0.21325107296137338 0.10307017543859649 0.009120171673819743 0.043859649122807015
4 0.19554721030042918 0.08333333333333333 0.008047210300429184 0.039473684210526314
4 0.2317596566523605 0.12938596491228072 0.008047210300429184 0.043859649122807015
4 0.24973175965665237 0.1513157894736842 0.008583690987124463 0.043859649122807015
4 0.18642703862660945 0.07675438596491228 0.008583690987124463 0.039473684210526314
4 0.22263948497854077 0.11842105263157894 0.009120171673819743 0.043859649122807015
4 0.2947961373390558 0.20175438596491227 0.004828326180257511 0.06578947368421052
23 0.131706008583691 0.019736842105263157 0.0101931330472103 0.039473684210526314
4 0.20413090128755365 0.09868421052631579 0.008583690987124463 0.043859649122807015
4 0.2907725321888412 0.19736842105263158 0.004291845493562232 0.06578947368421052
4 0.16791845493562232 0.05701754385964912 0.009120171673819743 0.043859649122807015
4 0.17757510729613735 0.06798245614035088 0.009120171673819743 0.04824561403508772
4 0.1223175965665236 0.015350877192982455 0.008583690987124463 0.03070175438596491
4 0.1134656652360515 0.013157894736842105 0.009120171673819743 0.02631578947368421
4 0.15879828326180256 0.05043859649122807 0.008583690987124463 0.043859649122807015
4 0.10434549356223176 0.006578947368421052 0.009120171673819743 0.013157894736842105
4 0.14967811158798283 0.039473684210526314 0.008583690987124463 0.04824561403508772
23 0.3436158798283262 0.2719298245614035 0.0075107296137339056 0.03508771929824561
23 0.9125536480686696 0.9517543859649122 0.009120171673819743 0.043859649122807015
23 0.9122854077253219 0.9846491228070176 0.0101931330472103 0.021929824561403508
23 0.0523068669527897 0.03289473684210526 0.004828326180257511 0.06578947368421052
23 0.04452789699570815 0.02631578947368421 0.004291845493562232 0.05263157894736842
23 0.04801502145922747 0.03289473684210526 0.004828326180257511 0.06578947368421052
23 0.056062231759656654 0.039473684210526314 0.00536480686695279 0.06140350877192982
4 0.02575107296137339 0.06578947368421052 0.012339055793991416 0.07017543859649122
4 0.7513412017167382 0.9122807017543859 0.011802575107296138 0.06578947368421052
4 0.10783261802575107 0.17763157894736842 0.012339055793991416 0.07017543859649122
4 0.4468884120171674 0.5723684210526315 0.011802575107296138 0.06578947368421052
4 0.5354077253218884 0.6776315789473685 0.012339055793991416 0.07017543859649122
4 0.23202789699570817 0.33771929824561403 0.011802575107296138 0.06578947368421052
23 0.18776824034334763 0.3530701754385965 0.009656652360515022 0.05263157894736842
4 0.7363197424892703 0.9824561403508771 0.008047210300429184 0.02631578947368421
4 0.6169527896995708 0.8771929824561403 0.008047210300429184 0.09210526315789473
4 0.5756437768240343 0.831140350877193 0.008047210300429184 0.09649122807017543
23 0.4627145922746781 0.7149122807017544 0.006437768240343348 0.07894736842105263
4 0.055793991416309016 0.25 0.008583690987124463 0.10526315789473684
4 0.401019313304721 0.6513157894736842 0.011266094420600859 0.06578947368421052
4 0.6523605150214592 0.9407894736842105 0.009120171673819743 0.04824561403508772
4 0.18776824034334763 0.41228070175438597 0.012339055793991416 0.07017543859649122
4 0.5378218884120172 0.8135964912280702 0.008583690987124463 0.043859649122807015
4 0.5252145922746781 0.8026315789473685 0.0075107296137339056 0.043859649122807015
4 0.43696351931330474 0.7017543859649122 0.009656652360515022 0.04824561403508772
4 0.22049356223175964 0.46271929824561403 0.009656652360515022 0.039473684210526314
4 0.10568669527896996 0.3399122807017544 0.008583690987124463 0.039473684210526314
4 0.0045600858369098714 0.22807017543859648 0.009120171673819743 0.06140350877192982
4 0.09281115879828326 0.32894736842105265 0.008047210300429184 0.043859649122807015
4 0.4267703862660944 0.02850877192982456 0.009120171673819743 0.05701754385964912
23 0.44259656652360513 0.03728070175438596 0.006437768240343348 0.07456140350877193
23 0.3843884120171674 0.03508771929824561 0.009120171673819743 0.04824561403508772
4 0.39511802575107297 0.04824561403508772 0.012339055793991416 0.06578947368421052
23 0.35273605150214593 0.013157894736842105 0.008047210300429184 0.02631578947368421
15 0.31893776824034337 0.10964912280701754 0.05525751072961373 0.21929824561403508
4 0.5123390557939914 0.22587719298245615 0.008047210300429184 0.09210526315789473
4 0.5032188841201717 0.2149122807017544 0.008047210300429184 0.09210526315789473
23 0.351931330472103 0.041666666666666664 0.008047210300429184 0.03508771929824561