23 0.9541531823085221 0.3016129032258065 0.002696871628910464 0.05161290322580645
23 0.9676375404530745 0.3064516129032258 0.003236245954692557 0.05806451612903226
23 0.9633225458468176 0.3064516129032258 0.003236245954692557 0.04838709677419355
23 0.9719525350593312 0.30806451612903224 0.002696871628910464 0.04838709677419355
23 0.0186084142394822 0.20806451612903226 0.002696871628910464 0.04516129032258064
23 0.9584681769147788 0.3064516129032258 0.004314994606256742 0.05806451612903226
23 0.014293419633225458 0.20806451612903226 0.002157497303128371 0.03870967741935484
23 0.010517799352750809 0.20967741935483872 0.002696871628910464 0.03870967741935484
23 0.97680690399137 0.31129032258064515 0.0037756202804746495 0.054838709677419356
23 0.0056634304207119745 0.20967741935483872 0.003236245954692557 0.041935483870967745
23 0.002157497303128371 0.21129032258064517 0.002696871628910464 0.04838709677419355
4 0.19714131607335492 0.23870967741935484 0.002157497303128371 0.041935483870967745
4 0.18797195253505933 0.24193548387096775 0.002696871628910464 0.035483870967741936
4 0.1836569579288026 0.2403225806451613 0.002696871628910464 0.03870967741935484
4 0.16531823085221142 0.23870967741935484 0.002696871628910464 0.041935483870967745
4 0.20145631067961164 0.2435483870967742 0.0016181229773462784 0.041935483870967745
4 0.1610032362459547 0.23870967741935484 0.002157497303128371 0.03870967741935484
4 0.17017259978425028 0.2403225806451613 0.002696871628910464 0.03870967741935484
4 0.174487594390507 0.2403225806451613 0.002157497303128371 0.041935483870967745
4 0.19282632146709816 0.24193548387096775 0.002157497303128371 0.041935483870967745
4 0.17880258899676377 0.2435483870967742 0.002696871628910464 0.035483870967741936
23 0.7162891046386192 0.33548387096774196 0.004314994606256742 0.054838709677419356
23 0.7114347357065803 0.33548387096774196 0.0037756202804746495 0.05161290322580645
4 0.8290183387270766 0.36935483870967745 0.002157497303128371 0.03870967741935484
4 0.86084142394822 0.3758064516129032 0.002696871628910464 0.04516129032258064
4 0.8376483279395901 0.3741935483870968 0.002696871628910464 0.035483870967741936
4 0.854908306364617 0.3758064516129032 0.002157497303128371 0.035483870967741936
4 0.8462783171521036 0.3741935483870968 0.002696871628910464 0.03225806451612903
4 0.8737864077669902 0.3774193548387097 0.002696871628910464 0.03225806451612903
4 0.8327939590075513 0.3774193548387097 0.003236245954692557 0.041935483870967745
4 0.8700107874865156 0.38064516129032255 0.002696871628910464 0.035483870967741936
4 0.8419633225458468 0.3774193548387097 0.002157497303128371 0.03870967741935484
4 0.8505933117583603 0.3790322580645161 0.003236245954692557 0.041935483870967745
4 0.8864617044228694 0.38225806451612904 0.002696871628910464 0.03870967741935484
4 0.8656957928802589 0.38064516129032255 0.002157497303128371 0.03870967741935484
4 0.8783710895361381 0.38387096774193546 0.002696871628910464 0.041935483870967745
4 0.20442286947141317 0.31451612903225806 0.003236245954692557 0.04838709677419355
4 0.209277238403452 0.31451612903225806 0.0037756202804746495 0.04516129032258064
4 0.8821467098166127 0.38870967741935486 0.002157497303128371 0.04516129032258064
4 0.5528586839266451 0.3564516129032258 0.003236245954692557 0.05161290322580645
4 0.5485436893203883 0.3564516129032258 0.003236245954692557 0.04838709677419355
23 0.0029665587918015104 0.30483870967741933 0.0048543689320388345 0.06129032258064516
4 0.5995145631067961 0.36774193548387096 0.007011866235167206 0.01935483870967742
23 0.5320927723840345 0.36451612903225805 0.008090614886731391 0.025806451612903226
4 0.5250809061488673 0.3741935483870968 0.003236245954692557 0.05161290322580645
4 0.5995145631067961 0.3903225806451613 0.007011866235167206 0.016129032258064516
4 0.5418015102481122 0.3919354838709677 0.007011866235167206 0.016129032258064516
4 0.5320927723840345 0.3935483870967742 0.008629989212513484 0.02258064516129032
4 0.7812837108953614 0.4290322580645161 0.012944983818770227 0.041935483870967745
23 0.8918554476806904 0.4532258064516129 0.004314994606256742 0.05161290322580645
4 0.1518338727076591 0.3758064516129032 0.007551240560949299 0.1032258064516129
4 0.5418015102481122 0.41774193548387095 0.005933117583603021 0.016129032258064516
23 0.0024271844660194173 0.36774193548387096 0.004314994606256742 0.05806451612903226
4 0.8810679611650486 0.4629032258064516 0.01348435814455232 0.02903225806451613
23 0.5326321467098166 0.4258064516129032 0.008629989212513484 0.025806451612903226
23 0.8621898597626753 0.4629032258064516 0.008629989212513484 0.01935483870967742
15 0.1825782092772384 0.3919354838709677 0.036138079827400214 0.16774193548387098
4 0.9336569579288025 0.4806451612903226 0.008629989212513484 0.1032258064516129
4 0.9433656957928802 0.482258064516129 0.006472491909385114 0.1
4 0.9622437971952535 0.4838709677419355 0.006472491909385114 0.0967741935483871
4 0.9714131607335491 0.4854838709677419 0.006472491909385114 0.0935483870967742
4 0.9530744336569579 0.48870967741935484 0.006472491909385114 0.1
4 0.9975728155339806 0.4935483870967742 0.004314994606256742 0.0967741935483871
4 0.9897518878101402 0.4935483870967742 0.005933117583603021 0.1
4 0.9811218985976268 0.49193548387096775 0.005933117583603021 0.0935483870967742
4 0.7810140237324703 0.4774193548387097 0.01348435814455232 0.03225806451612903
4 0.8193096008629989 0.4854838709677419 0.004314994606256742 0.07419354838709677
4 0.8274002157497303 0.4854838709677419 0.0048543689320388345 0.07096774193548387
23 0.5318230852211435 0.4612903225806452 0.008090614886731391 0.025806451612903226
23 0.8344120819848975 0.4967741935483871 0.0037756202804746495 0.04838709677419355
23 0.8829557713052859 0.5016129032258064 0.008090614886731391 0.02258064516129032
23 0.8128371089536138 0.4967741935483871 0.003236245954692557 0.04838709677419355
4 0.8489751887810141 0.5048387096774194 0.012944983818770227 0.02903225806451613
4 0.7988133764832794 0.49838709677419357 0.005393743257820928 0.07096774193548387
4 0.8058252427184466 0.5 0.0048543689320388345 0.06774193548387097
4 0.15965480043149946 0.44516129032258067 0.0037756202804746495 0.04516129032258064
4 0.7286947141316074 0.5112903225806451 0.012944983818770227 0.035483870967741936
23 0.5318230852211435 0.49032258064516127 0.008090614886731391 0.02258064516129032
23 0.6073354908306364 0.5048387096774194 0.008090614886731391 0.02258064516129032
4 0.6170442286947141 0.5096774193548387 0.007551240560949299 0.01935483870967742
15 0.5711974110032363 0.5306451612903226 0.04800431499460626 0.2838709677419355
23 0.5318230852211435 0.5258064516129032 0.009169363538295576 0.025806451612903226
4 0.743797195253506 0.5483870967741935 0.007011866235167206 0.016129032258064516
4 0.616504854368932 0.5387096774193548 0.007011866235167206 0.01935483870967742
23 0.6073354908306364 0.5403225806451613 0.008090614886731391 0.01935483870967742
30 0.8810679611650486 0.5693548387096774 0.012405609492988134 0.06774193548387097
23 0.732740021574973 0.5629032258064516 0.004314994606256742 0.04838709677419355
23 0.72680690399137 0.5629032258064516 0.004314994606256742 0.05161290322580645
23 0.5315533980582524 0.5548387096774193 0.007551240560949299 0.02258064516129032
23 0.953344120819849 0.6016129032258064 0.008629989212513484 0.025806451612903226
4 0.8265911542610572 0.5887096774193549 0.0048543689320388345 0.06774193548387097
4 0.790453074433657 0.5887096774193549 0.0048543689320388345 0.07741935483870968
4 0.8346817691477886 0.5935483870967742 0.0037756202804746495 0.06451612903225806
4 0.8114886731391586 0.5903225806451613 0.004314994606256742 0.07419354838709677
4 0.8190399137001079 0.5919354838709677 0.0048543689320388345 0.07096774193548387
23 0.6070658036677454 0.5693548387096774 0.007551240560949299 0.01935483870967742
4 0.6167745415318231 0.5741935483870968 0.007011866235167206 0.016129032258064516
30 0.8481661272923409 0.5983870967741935 0.011866235167206042 0.06451612903225806
4 0.7537756202804746 0.5870967741935483 0.007011866235167206 0.1032258064516129
4 0.7629449838187702 0.5887096774193549 0.007551240560949299 0.1032258064516129
4 0.7812837108953614 0.5935483870967742 0.006472491909385114 0.0967741935483871
4 0.7721143473570659 0.5935483870967742 0.007011866235167206 0.1
23 0.7456850053937433 0.5903225806451613 0.002696871628910464 0.04516129032258064
4 0.7413700107874865 0.5935483870967742 0.002696871628910464 0.04516129032258064
23 0.9220604099244876 0.6112903225806452 0.002157497303128371 0.04516129032258064
4 0.9452535059331176 0.614516129032258 0.0037756202804746495 0.041935483870967745
4 0.1378101402373247 0.5338709677419354 0.008090614886731391 0.01935483870967742
4 0.9166666666666666 0.614516129032258 0.005393743257820928 0.05806451612903226
4 0.9403991370010788 0.617741935483871 0.003236245954692557 0.04516129032258064
4 0.21763754045307443 0.5419354838709678 0.009169363538295576 0.02903225806451613
4 0.9652103559870551 0.6193548387096774 0.003236245954692557 0.04516129032258064
4 0.15776699029126215 0.535483870967742 0.007551240560949299 0.02258064516129032
4 0.17826321467098166 0.5370967741935484 0.006472491909385114 0.02258064516129032
4 0.9743797195253506 0.6209677419354839 0.003236245954692557 0.04838709677419355
4 0.1680151024811219 0.5370967741935484 0.008629989212513484 0.025806451612903226
4 0.18797195253505933 0.5387096774193548 0.007551240560949299 0.025806451612903226
4 0.2273462783171521 0.5419354838709678 0.008090614886731391 0.025806451612903226
4 0.9603559870550162 0.6193548387096774 0.002157497303128371 0.04838709677419355
4 0.9700647249190939 0.6193548387096774 0.003236245954692557 0.04516129032258064
4 0.2564724919093851 0.5451612903225806 0.009169363538295576 0.02903225806451613
4 0.20738942826321466 0.5403225806451613 0.009708737864077669 0.025806451612903226
4 0.23705501618122976 0.5467741935483871 0.009169363538295576 0.025806451612903226
4 0.12810140237324702 0.535483870967742 0.007011866235167206 0.01935483870967742
4 0.14751887810140238 0.5370967741935484 0.007551240560949299 0.01935483870967742
4 0.24676375404530745 0.5483870967741935 0.009708737864077669 0.02903225806451613
4 0.9797734627831716 0.6241935483870967 0.003236245954692557 0.041935483870967745
4 0.197680690399137 0.5419354838709678 0.008629989212513484 0.025806451612903226
4 0.9846278317152104 0.6241935483870967 0.002696871628910464 0.04516129032258064
4 0.11839266450916937 0.5370967741935484 0.008090614886731391 0.01935483870967742
4 0.9900215749730313 0.6290322580645161 0.0037756202804746495 0.04516129032258064
4 0.9986515641855448 0.6306451612903226 0.0010787486515641855 0.04838709677419355
23 0.8033980582524272 0.6129032258064516 0.003236245954692557 0.05161290322580645
23 0.7969255663430421 0.6112903225806452 0.003236245954692557 0.04516129032258064
4 0.9339266450916937 0.6258064516129033 0.006472491909385114 0.1
4 0.953344120819849 0.6338709677419355 0.008090614886731391 0.02258064516129032
23 0.5320927723840345 0.5903225806451613 0.007011866235167206 0.016129032258064516
23 0.6076051779935275 0.6016129032258064 0.008629989212513484 0.02258064516129032
4 0.6167745415318231 0.6064516129032258 0.007011866235167206 0.01935483870967742
30 0.8686623516720604 0.6387096774193548 0.010248112189859764 0.05806451612903226
23 0.18797195253505933 0.5709677419354838 0.007551240560949299 0.01935483870967742
23 0.14805825242718446 0.5661290322580645 0.008629989212513484 0.025806451612903226
23 0.20738942826321466 0.5725806451612904 0.009169363538295576 0.025806451612903226
23 0.24784250269687164 0.5774193548387097 0.008090614886731391 0.025806451612903226
23 0.11839266450916937 0.5661290322580645 0.009169363538295576 0.03225806451612903
23 0.2273462783171521 0.5774193548387097 0.008629989212513484 0.01935483870967742
23 0.12810140237324702 0.567741935483871 0.008629989212513484 0.02903225806451613
23 0.16747572815533981 0.5709677419354838 0.009708737864077669 0.02903225806451613
23 0.9274541531823085 0.6516129032258065 0.003236245954692557 0.04516129032258064
23 0.21763754045307443 0.5774193548387097 0.008090614886731391 0.02903225806451613
23 0.23705501618122976 0.5790322580645161 0.008090614886731391 0.025806451612903226
23 0.1378101402373247 0.5693548387096774 0.008629989212513484 0.02258064516129032
23 0.2564724919093851 0.5806451612903226 0.007011866235167206 0.02258064516129032
23 0.197680690399137 0.5741935483870968 0.007551240560949299 0.01935483870967742
23 0.17826321467098166 0.5725806451612904 0.009169363538295576 0.02903225806451613
23 0.15776699029126215 0.5709677419354838 0.009708737864077669 0.025806451612903226
4 0.27642934196332253 0.5903225806451613 0.007011866235167206 0.0967741935483871
4 0.26725997842502697 0.5887096774193549 0.006472491909385114 0.0935483870967742
23 0.8438511326860841 0.6516129032258065 0.007551240560949299 0.01935483870967742
23 0.5320927723840345 0.6193548387096774 0.008090614886731391 0.02258064516129032
4 0.6167745415318231 0.635483870967742 0.007011866235167206 0.01935483870967742
23 0.6070658036677454 0.6370967741935484 0.007011866235167206 0.02258064516129032
4 0.7189859762675297 0.6548387096774193 0.005393743257820928 0.08064516129032258
4 0.7114347357065803 0.6580645161290323 0.005393743257820928 0.08064516129032258
23 0.14859762675296656 0.5983870967741935 0.008629989212513484 0.03225806451612903
23 0.1378101402373247 0.5983870967741935 0.010248112189859764 0.02903225806451613
23 0.23759439050701187 0.6080645161290322 0.008090614886731391 0.02258064516129032
23 0.20792880258899676 0.6048387096774194 0.008090614886731391 0.025806451612903226
23 0.15776699029126215 0.6 0.009169363538295576 0.03225806451612903
23 0.22842502696871628 0.6064516129032258 0.007551240560949299 0.02258064516129032
23 0.17772384034519956 0.6048387096774194 0.008090614886731391 0.025806451612903226
23 0.21817691477885653 0.6096774193548387 0.009169363538295576 0.025806451612903226
15 0.7308522114347357 0.6629032258064517 0.010248112189859764 0.11290322580645161
23 0.24784250269687164 0.6129032258064516 0.007551240560949299 0.02258064516129032
23 0.11785329018338728 0.5983870967741935 0.009169363538295576 0.02258064516129032
23 0.18743257820927725 0.6064516129032258 0.007551240560949299 0.03225806451612903
23 0.1680151024811219 0.6048387096774194 0.009169363538295576 0.025806451612903226
23 0.2575512405609493 0.6129032258064516 0.008629989212513484 0.025806451612903226
23 0.197680690399137 0.6064516129032258 0.009169363538295576 0.02903225806451613
23 0.12810140237324702 0.603225806451613 0.007551240560949299 0.025806451612903226
15 0.918015102481122 0.6919354838709677 0.011326860841423949 0.07419354838709677
23 0.5312837108953614 0.6548387096774193 0.007551240560949299 0.02258064516129032
4 0.7535059331175836 0.6774193548387096 0.008629989212513484 0.02258064516129032
4 0.7648327939590076 0.6790322580645162 0.007551240560949299 0.01935483870967742
4 0.8344120819848975 0.6870967741935484 0.005933117583603021 0.07741935483870968
4 0.778856526429342 0.6838709677419355 0.011866235167206042 0.02903225806451613
4 0.616504854368932 0.667741935483871 0.006472491909385114 0.01935483870967742
23 0.6073354908306364 0.6693548387096774 0.007011866235167206 0.02258064516129032
30 0.8004314994606256 0.6887096774193548 0.010787486515641856 0.054838709677419356
4 0.7901833872707659 0.6983870967741935 0.004314994606256742 0.05161290322580645
4 0.5949298813376483 0.6903225806451613 0.0037756202804746495 0.054838709677419356
4 0.5992448759439051 0.6935483870967742 0.003236245954692557 0.04838709677419355
23 0.5318230852211435 0.6870967741935484 0.008629989212513484 0.025806451612903226
4 0.616504854368932 0.7 0.007011866235167206 0.01935483870967742
23 0.6073354908306364 0.6983870967741935 0.007011866235167206 0.02258064516129032
7 0.9765372168284789 0.7516129032258064 0.045307443365695796 0.11612903225806452
4 0.5469255663430421 0.7112903225806452 0.0037756202804746495 0.04838709677419355
4 0.5512405609492989 0.7112903225806452 0.002696871628910464 0.04838709677419355
4 0.5555555555555556 0.7161290322580646 0.0037756202804746495 0.04838709677419355
4 0.5598705501618123 0.7161290322580646 0.003236245954692557 0.04516129032258064
4 0.918824163969795 0.7596774193548387 0.009169363538295576 0.02903225806451613
23 0.5318230852211435 0.7193548387096774 0.008090614886731391 0.02903225806451613
4 0.7532362459546925 0.7451612903225806 0.004314994606256742 0.054838709677419356
4 0.8217367853290184 0.7564516129032258 0.008090614886731391 0.025806451612903226
4 0.831984897518878 0.7580645161290323 0.009169363538295576 0.02258064516129032
30 0.7802049622437972 0.7516129032258064 0.009708737864077669 0.06774193548387097
23 0.7899137001078749 0.7629032258064516 0.002696871628910464 0.05806451612903226
30 0.7996224379719525 0.7629032258064516 0.009708737864077669 0.06129032258064516
4 0.6852750809061489 0.7741935483870968 0.003236245954692557 0.04838709677419355
4 0.8427723840345199 0.7967741935483871 0.01348435814455232 0.025806451612903226
4 0.7602481121898598 0.8016129032258065 0.009169363538295576 0.02258064516129032
4 0.70361380798274 0.7951612903225806 0.006472491909385114 0.1032258064516129
4 0.6939050701186623 0.7951612903225806 0.007551240560949299 0.1032258064516129
23 0.8007011866235167 0.8112903225806452 0.008090614886731391 0.025806451612903226
23 0.8098705501618123 0.8161290322580645 0.008090614886731391 0.01935483870967742
4 0.7446062567421791 0.8096774193548387 0.014563106796116505 0.04516129032258064
23 0.7704962243797195 0.8225806451612904 0.0037756202804746495 0.04838709677419355
30 0.7793959007551241 0.8612903225806452 0.008629989212513484 0.06774193548387097
23 0.7680690399137001 0.8661290322580645 0.009169363538295576 0.02258064516129032
4 0.5593311758360302 0.8451612903225807 0.011326860841423949 0.11290322580645161
4 0.5091693635382956 0.85 0.0037756202804746495 0.054838709677419356
30 0.743797195253506 0.8741935483870967 0.010787486515641856 0.06774193548387097
4 0.7529665587918015 0.8774193548387097 0.005393743257820928 0.054838709677419356
23 0.5140237324703344 0.853225806451613 0.0037756202804746495 0.05161290322580645
23 0.5490830636461704 0.8661290322580645 0.003236245954692557 0.05161290322580645
23 0.767529665587918 0.8919354838709678 0.008090614886731391 0.02258064516129032
4 0.4929881337648328 0.867741935483871 0.008629989212513484 0.10967741935483871
4 0.5016181229773463 0.8709677419354839 0.008629989212513484 0.11290322580645161
23 0.5916936353829557 0.9 0.008090614886731391 0.01935483870967742
23 0.645091693635383 0.9048387096774193 0.006472491909385114 0.016129032258064516
23 0.6321467098166127 0.9080645161290323 0.007011866235167206 0.016129032258064516
23 0.6040992448759439 0.9048387096774193 0.008090614886731391 0.01935483870967742
23 0.6181229773462783 0.9064516129032258 0.006472491909385114 0.012903225806451613
7 0.6135382955771306 0.9741935483870968 0.10841423948220065 0.04516129032258064
4 0.15803667745415317 0.11290322580645161 0.002157497303128371 0.04838709677419355
4 0.5711974110032363 0.15645161290322582 0.003236245954692557 0.04516129032258064
4 0.03559870550161812 0.1 0.004314994606256742 0.041935483870967745
4 0.4487594390507012 0.1435483870967742 0.0037756202804746495 0.04838709677419355
4 0.2961165048543689 0.12741935483870967 0.004314994606256742 0.04838709677419355
4 0.3106796116504854 0.13225806451612904 0.0037756202804746495 0.05161290322580645
4 0.021035598705501618 0.10161290322580645 0.0048543689320388345 0.04838709677419355
4 0.4336569579288026 0.14516129032258066 0.005393743257820928 0.04838709677419355
4 0.5857605177993528 0.16129032258064516 0.004314994606256742 0.04516129032258064
4 0.7233009708737864 0.1774193548387097 0.003236245954692557 0.04516129032258064
4 0.7081984897518878 0.17580645161290323 0.0037756202804746495 0.04516129032258064
4 0.8451995685005393 0.19032258064516128 0.003236245954692557 0.04838709677419355
4 0.9970334412081985 0.20967741935483872 0.0037756202804746495 0.04516129032258064
4 0.9808522114347357 0.21129032258064517 0.0037756202804746495 0.04838709677419355
4 0.17421790722761596 0.1338709677419355 0.002696871628910464 0.041935483870967745
23 0.07011866235167206 0.12580645161290321 0.0037756202804746495 0.04516129032258064
23 0.05285868392664509 0.12419354838709677 0.0037756202804746495 0.05161290322580645
4 0.8605717367853291 0.21129032258064517 0.002696871628910464 0.04516129032258064
23 0.0593311758360302 0.12741935483870967 0.004314994606256742 0.054838709677419356
23 0.06472491909385113 0.12903225806451613 0.0037756202804746495 0.054838709677419356
4 0.29584681769147786 0.17903225806451614 0.003236245954692557 0.04516129032258064
4 0.31094929881337646 0.18064516129032257 0.002696871628910464 0.03870967741935484
4 0.020765911542610573 0.1532258064516129 0.004314994606256742 0.041935483870967745
4 0.5714670981661273 0.21129032258064517 0.003236245954692557 0.04838709677419355
4 0.15830636461704423 0.16774193548387098 0.002696871628910464 0.041935483870967745
4 0.44848975188781015 0.19838709677419356 0.0037756202804746495 0.054838709677419356
4 0.43338727076591155 0.1967741935483871 0.004314994606256742 0.04838709677419355
4 0.03532901833872708 0.15483870967741936 0.0037756202804746495 0.05161290322580645
4 0.5860302049622438 0.2129032258064516 0.0037756202804746495 0.04838709677419355
4 0.7079288025889967 0.22741935483870968 0.003236245954692557 0.041935483870967745
4 0.7230312837108953 0.22903225806451613 0.003236245954692557 0.041935483870967745
4 0.8449298813376483 0.24516129032258063 0.002696871628910464 0.03870967741935484
4 0.9970334412081985 0.2645161290322581 0.0037756202804746495 0.04516129032258064
4 0.9808522114347357 0.2661290322580645 0.002696871628910464 0.04838709677419355
4 0.1739482200647249 0.18870967741935485 0.002696871628910464 0.03870967741935484
4 0.8605717367853291 0.2693548387096774 0.002696871628910464 0.041935483870967745