23 0.3583061889250814 0.47044025157232705 0.025515743756786103 0.016981132075471698
23 0.2774158523344191 0.4550314465408805 0.02280130293159609 0.014465408805031447
15 0.8460912052117264 0.5764150943396227 0.13137893593919653 0.1459119496855346
15 0.7114549402823018 0.5522012578616352 0.1264929424538545 0.1440251572327044
15 0.31514657980456023 0.4716981132075472 0.05374592833876222 0.0660377358490566
15 0.5743756786102063 0.5254716981132076 0.1248642779587405 0.1440251572327044
15 0.44082519001085774 0.5018867924528302 0.1254071661237785 0.14779874213836477
23 0.2744299674267101 0.4710691823899371 0.02225841476655809 0.01509433962264151
15 0.20901194353963085 0.46352201257861636 0.08143322475570032 0.06855345911949685
15 0.13382193268186754 0.44937106918238995 0.07980456026058631 0.0710691823899371
15 0.3520629750271444 0.5119496855345912 0.028773072747014114 0.035849056603773584
15 0.04723127035830619 0.46226415094339623 0.09446254071661238 0.13333333333333333
15 0.2782301845819761 0.519182389937107 0.03528773072747014 0.048427672955974846
15 0.31731813246471224 0.5311320754716982 0.03637350705754615 0.04654088050314465
15 0.2003257328990228 0.5229559748427673 0.08034744842562432 0.07044025157232704
15 0.1259500542888165 0.5084905660377359 0.08143322475570032 0.06981132075471698
15 0.6248642779587406 0.6147798742138365 0.03691639522258415 0.04716981132075472
15 0.3550488599348534 0.5641509433962264 0.03203040173724213 0.0440251572327044
15 0.8289902280130294 0.6858490566037736 0.05374592833876222 0.06477987421383648
15 0.30917480998914226 0.5836477987421383 0.03691639522258415 0.05157232704402516
15 0.6935396308360477 0.6628930817610063 0.05428881650380022 0.06352201257861635
15 0.4239956568946797 0.6091194968553459 0.053203040173724216 0.06666666666666667
15 0.5597176981541803 0.6367924528301887 0.053203040173724216 0.06477987421383648
15 0.2690010857763301 0.5792452830188679 0.03908794788273615 0.04779874213836478
15 0.6183496199782845 0.6606918238993711 0.03745928338762215 0.04339622641509434
15 0.4834419109663409 0.6339622641509434 0.03311617806731813 0.04213836477987421
15 0.3488056460369164 0.6091194968553459 0.03691639522258415 0.0440251572327044
15 0.04723127035830619 0.5783018867924529 0.09446254071661238 0.11006289308176101
15 0.1566232356134636 0.6264150943396226 0.1487513572204126 0.16729559748427672
15 0.6810532030401737 0.759748427672956 0.1254071661237785 0.13962264150943396
15 0.2782301845819761 0.6783018867924528 0.1259500542888165 0.13962264150943396
15 0.8159609120521173 0.789308176100629 0.1254071661237785 0.1440251572327044
15 0.5466883821932682 0.7361635220125786 0.1281216069489685 0.14276729559748427
15 0.41015200868621066 0.710377358490566 0.12323561346362649 0.14465408805031446
15 0.04343105320304017 0.6660377358490566 0.08686210640608034 0.10440251572327044
15 0.8650922909880565 0.8754716981132076 0.03311617806731813 0.04779874213836478
15 0.7296416938110749 0.849685534591195 0.03474484256243214 0.045283018867924525
15 0.17942453854505971 0.7371069182389937 0.03908794788273615 0.05157232704402516
15 0.5941910966340934 0.8232704402515724 0.03420195439739414 0.04779874213836478
15 0.09500542888165038 0.7226415094339622 0.035830618892508145 0.048427672955974846
15 0.4595548317046688 0.7977987421383648 0.03257328990228013 0.04591194968553459
15 0.13707926167209555 0.7323899371069182 0.03691639522258415 0.04779874213836478
4 0.20901194353963085 0.7528301886792453 0.023344191096634093 0.03962264150943396
15 0.7994028230184582 0.8977987421383647 0.05374592833876222 0.06729559748427673
15 0.6644951140065146 0.870754716981132 0.05211726384364821 0.062264150943396226
15 0.5295874049945711 0.8452830188679246 0.05646036916395222 0.06729559748427673
15 0.3952225841476656 0.8182389937106919 0.05211726384364821 0.06540880503144654
15 0.26031487513572205 0.7933962264150943 0.046145494028230184 0.06289308176100629
15 0.031216069489685125 0.7471698113207547 0.05646036916395222 0.062264150943396226
15 0.8593919652551575 0.920125786163522 0.03474484256243214 0.042767295597484274
15 0.5887622149837134 0.8660377358490566 0.03474484256243214 0.03962264150943396
15 0.7247557003257329 0.8952830188679245 0.03908794788273615 0.0440251572327044
15 0.4543973941368078 0.8430817610062893 0.031487513572204126 0.04213836477987421
15 0.32084690553745926 0.8179245283018868 0.035830618892508145 0.04465408805031446
4 0.20494028230184583 0.012578616352201259 0.03745928338762215 0.025157232704402517
15 0.16422366992399565 0.8113207547169812 0.07763300760043432 0.09874213836477988
15 0.08794788273615635 0.7984276729559748 0.08306188925081433 0.09622641509433963
23 0.03637350705754615 0.8106918238993711 0.03691639522258415 0.06855345911949685
15 0.7858306188925082 0.960691823899371 0.12975027144408252 0.07735849056603773
15 0.6520086862106406 0.9477987421383648 0.12920738327904452 0.10314465408805032
15 0.5165580890336591 0.9349056603773584 0.1264929424538545 0.1289308176100629
15 0.9044516829533116 0.1610062893081761 0.12866449511400652 0.14654088050314465
15 0.3802931596091205 0.9169811320754717 0.13083604777415853 0.1490566037735849
15 0.247014115092291 0.8908805031446541 0.1281216069489685 0.1471698113207547
15 0.16449511400651465 0.889308176100629 0.03311617806731813 0.048427672955974846
15 0.7714440825190011 0.13584905660377358 0.1237785016286645 0.14150943396226415
4 0.023615635179153095 0.8694968553459119 0.02714440825190011 0.0559748427672956
4 0.004343105320304018 0.8811320754716981 0.008686210640608035 0.025157232704402517
15 0.6349077090119435 0.11037735849056604 0.1259500542888165 0.1440251572327044
15 0.500542888165038 0.0830188679245283 0.1259500542888165 0.1471698113207547
15 0.15988056460369163 0.9279874213836478 0.02768729641693811 0.02389937106918239
15 0.36590662323561346 0.0660377358490566 0.12920738327904452 0.1320754716981132
4 0.018729641693811076 0.9025157232704403 0.023344191096634093 0.016981132075471698
15 0.07790445168295332 0.024528301886792454 0.030944625407166124 0.0389937106918239
15 0.13952225841476656 0.043081761006289306 0.08957654723127036 0.07924528301886792
15 0.07166123778501629 0.06761006289308176 0.030944625407166124 0.03647798742138365
15 0.9533116178067318 0.2490566037735849 0.035830618892508145 0.04779874213836478
15 0.8178610206297503 0.22264150943396227 0.03691639522258415 0.04716981132075472
15 0.6829533116178067 0.1968553459119497 0.03691639522258415 0.04716981132075472
15 0.41340933767643867 0.1449685534591195 0.03854505971769816 0.04654088050314465
15 0.5507600434310532 0.17452830188679244 0.03745928338762215 0.04591194968553459
15 0.12975027144408252 0.11415094339622642 0.09120521172638436 0.07987421383647798
15 0.8870792616720955 0.27075471698113207 0.05157437567861021 0.061635220125786164
15 0.753800217155266 0.24465408805031447 0.053203040173724216 0.06352201257861635
15 0.6205211726384365 0.2188679245283019 0.05591748099891422 0.06666666666666667
15 0.24457111834961998 0.1430817610062893 0.09283387622149837 0.09371069182389936
15 0.48425624321389793 0.19402515723270441 0.05537459283387622 0.06415094339622641
15 0.3496199782844734 0.16666666666666666 0.050488599348534204 0.06792452830188679
15 0.9476112920738328 0.2930817610062893 0.03528773072747014 0.04654088050314465
15 0.6777958740499457 0.24119496855345912 0.03311617806731813 0.0389937106918239
15 0.8118892508143323 0.2691823899371069 0.03474484256243214 0.042767295597484274
15 0.5458740499457112 0.21761006289308177 0.04234527687296417 0.045283018867924525
15 0.40770901194353965 0.189937106918239 0.03854505971769816 0.04654088050314465
15 0.06677524429967427 0.12358490566037736 0.041802388707926165 0.062264150943396226
15 0.12106406080347448 0.18176100628930816 0.09066232356134636 0.08238993710691823
15 0.255157437567861 0.21761006289308177 0.05646036916395222 0.059748427672955975
15 0.20684039087947884 0.20943396226415095 0.03637350705754615 0.057232704402515724
15 0.05808903365906623 0.18962264150943398 0.04343105320304017 0.0559748427672956
15 0.8743213897937026 0.36886792452830186 0.1264929424538545 0.14465408805031446
15 0.6050488599348535 0.3163522012578616 0.1248642779587405 0.14150943396226415
15 0.4728555917480999 0.2908805031446541 0.1275787187839305 0.14276729559748427
15 0.740228013029316 0.3452830188679245 0.12106406080347448 0.13836477987421383
15 0.33740499457111833 0.26761006289308176 0.12269272529858849 0.14088050314465408
15 0.04750271444082519 0.24245283018867925 0.03637350705754615 0.042767295597484274
15 0.23262757871878392 0.2858490566037736 0.08957654723127036 0.09119496855345911
15 0.1240499457111835 0.2858490566037736 0.1281216069489685 0.14528301886792452
15 0.9239956568946797 0.45943396226415095 0.03908794788273615 0.04654088050314465
15 0.6547231270358306 0.4066037735849057 0.039630836047774155 0.04716981132075472
15 0.38463626492942454 0.3531446540880503 0.03474484256243214 0.04716981132075472
15 0.5176438653637351 0.3836477987421384 0.038002171552660155 0.05408805031446541
15 0.04125950054288816 0.28679245283018867 0.038002171552660155 0.0440251572327044
15 0.21009771986970685 0.3443396226415094 0.03908794788273615 0.048427672955974846
15 0.248914223669924 0.3534591194968553 0.035830618892508145 0.04465408805031446
15 0.8583061889250815 0.47861635220125787 0.05646036916395222 0.06792452830188679
15 0.7233984799131379 0.45251572327044026 0.05157437567861021 0.06037735849056604
15 0.5893051031487514 0.42830188679245285 0.051031487513572206 0.06477987421383648
15 0.32003257328990226 0.37830188679245286 0.05646036916395222 0.06918238993710692
15 0.4541259500542888 0.40628930817610065 0.051031487513572206 0.05786163522012579
15 0.7825732899022801 0.4761006289308176 0.03745928338762215 0.04465408805031446
15 0.9172095548317046 0.5040880503144655 0.03528773072747014 0.04339622641509434
15 0.6484799131378935 0.4518867924528302 0.03474484256243214 0.042767295597484274
15 0.3808360477741585 0.39842767295597487 0.03637350705754615 0.04465408805031446
15 0.5133007600434311 0.4279874213836478 0.035830618892508145 0.03773584905660377
15 0.2252985884907709 0.4037735849056604 0.06188925081433225 0.06037735849056604
15 0.12242128121606949 0.3839622641509434 0.05537459283387622 0.0559748427672956
15 0.1745385450597177 0.3965408805031447 0.057003257328990226 0.05660377358490566
15 0.029315960912052116 0.36761006289308173 0.04017372421281216 0.05660377358490566
15 0.07030401737242128 0.3757861635220126 0.05646036916395222 0.05471698113207547
15 0.28691639522258416 0.007861635220125786 0.039630836047774155 0.015723270440251572
23 0.36020629750271443 0.4540880503144654 0.025515743756786103 0.01761006289308176
23 0.2779587404994571 0.43742138364779876 0.021715526601520086 0.012578616352201259