4 0.7839305103148752 0.6227621483375959 0.013029315960912053 0.010869565217391304
4 0.7817589576547231 0.6307544757033248 0.01248642779587405 0.00959079283887468
4 0.7795874049945711 0.6406649616368286 0.014657980456026058 0.008951406649616368
4 0.7774158523344191 0.6480179028132992 0.01248642779587405 0.008312020460358057
23 0.6036916395222585 0.6042199488491049 0.01248642779587405 0.008951406649616368
23 0.5781758957654723 0.5981457800511509 0.009771986970684038 0.0076726342710997444
23 0.5903908794788274 0.6016624040920716 0.009771986970684038 0.007033248081841432
23 0.5304017372421281 0.5866368286445013 0.008143322475570033 0.015345268542199489
23 0.5244299674267101 0.5856777493606138 0.00760043431053203 0.014705882352941176
23 0.5537459283387622 0.5955882352941176 0.00760043431053203 0.015345268542199489
23 0.5613463626492943 0.59846547314578 0.00760043431053203 0.01278772378516624
4 0.7752442996742671 0.6617647058823529 0.01520086862106406 0.010230179028132993
23 0.6028773072747015 0.6112531969309463 0.01031487513572204 0.00639386189258312
23 0.5901194353963084 0.6080562659846548 0.010857763300760043 0.008951406649616368
23 0.5762757871878393 0.6054987212276215 0.011400651465798045 0.008312020460358057
4 0.048859934853420196 0.45044757033248084 0.013029315960912053 0.008951406649616368
23 0.5152008686210641 0.592071611253197 0.00760043431053203 0.0159846547314578
23 0.509771986970684 0.5911125319693095 0.004885993485342019 0.011508951406649617
4 0.7717155266015201 0.670076726342711 0.016829533116178068 0.012148337595907928
23 0.5358306188925082 0.6007033248081841 0.01248642779587405 0.008312020460358057
4 0.04723127035830619 0.45812020460358055 0.01248642779587405 0.008312020460358057
23 0.5252442996742671 0.6029411764705882 0.005971769815418024 0.01278772378516624
23 0.6145494028230185 0.6304347826086957 0.007057546145494028 0.015345268542199489
23 0.5648751357220413 0.6160485933503836 0.006514657980456026 0.016624040920716114
23 0.5708469055374593 0.6176470588235294 0.008686210640608035 0.01918158567774936
23 0.6091205211726385 0.6288363171355499 0.007057546145494028 0.016624040920716114
23 0.5342019543973942 0.6077365728900256 0.011400651465798045 0.008312020460358057
23 0.5591748099891423 0.614769820971867 0.007057546145494028 0.015345268542199489
23 0.5534744842562432 0.6150895140664961 0.006514657980456026 0.014066496163682864
4 0.7717155266015201 0.6812659846547314 0.014657980456026058 0.010230179028132993
4 0.02280130293159609 0.4632352941176471 0.02008686210640608 0.015345268542199489
23 0.5792616720955484 0.6301150895140665 0.013029315960912053 0.00959079283887468
4 0.7700868621064061 0.6879795396419437 0.014115092290988056 0.008312020460358057
30 0.6411509229098805 0.6608056265984654 0.017915309446254073 0.023017902813299233
4 0.7673724212812161 0.7036445012787724 0.013572204125950055 0.008312020460358057
23 0.06867535287730728 0.5 0.008143322475570033 0.015345268542199489
4 0.5127578718783931 0.6301150895140665 0.008143322475570033 0.01278772378516624
4 0.5722041259500543 0.6531329923273658 0.007057546145494028 0.0159846547314578
4 0.7638436482084691 0.7106777493606138 0.014115092290988056 0.00959079283887468
23 0.6503800217155266 0.6806265984654731 0.008143322475570033 0.014705882352941176
4 0.7304560260586319 0.7039641943734015 0.010857763300760043 0.008951406649616368
23 0.6264929424538545 0.6735933503836317 0.011400651465798045 0.007033248081841432
4 0.7290988056460369 0.7103580562659847 0.011400651465798045 0.008312020460358057
23 0.06568946796959826 0.5166240409207161 0.009229098805646038 0.0159846547314578
4 0.34283387622149836 0.6032608695652174 0.006514657980456026 0.017263427109974423
4 0.3479913137893594 0.6070971867007673 0.007057546145494028 0.0159846547314578
4 0.3558631921824104 0.6099744245524297 0.009771986970684038 0.021739130434782608
4 0.6506514657980456 0.6978900255754475 0.01520086862106406 0.016624040920716114
23 0.6216069489685125 0.6892583120204604 0.01248642779587405 0.0076726342710997444
23 0.6183496199782845 0.698849104859335 0.013572204125950055 0.008312020460358057
4 0.6682953311617806 0.7167519181585678 0.014657980456026058 0.01278772378516624
23 0.5219869706840391 0.6758312020460358 0.013029315960912053 0.010869565217391304
23 0.6183496199782845 0.704923273657289 0.01248642779587405 0.007033248081841432
23 0.5198154180238871 0.6838235294117647 0.013029315960912053 0.008312020460358057
23 0.6156351791530945 0.7125959079283888 0.013029315960912053 0.00959079283887468
23 0.5176438653637351 0.6911764705882353 0.013029315960912053 0.008312020460358057
23 0.6226927252985885 0.7218670076726342 0.011943539630836048 0.005754475703324808
23 0.2779587404994571 0.6265984654731458 0.01248642779587405 0.00639386189258312
23 0.25678610206297503 0.6237212276214834 0.021172638436482084 0.015345268542199489
23 0.5165580890336591 0.6998081841432225 0.014115092290988056 0.00959079283887468
23 0.6210640608034745 0.7311381074168798 0.011943539630836048 0.008312020460358057
23 0.18078175895765472 0.6019820971867008 0.01737242128121607 0.013427109974424553
15 0.5713897937024973 0.7180306905370843 0.0732899022801303 0.10933503836317135
4 0.2774158523344191 0.6336317135549873 0.013029315960912053 0.0076726342710997444
4 0.1995114006514658 0.6112531969309463 0.013029315960912053 0.008951406649616368
23 0.5149294245385451 0.7046035805626598 0.01248642779587405 0.008312020460358057
23 0.4258957654723127 0.6812659846547314 0.014657980456026058 0.011508951406649617
23 0.6194353963083605 0.7388107416879796 0.013029315960912053 0.008951406649616368
4 0.43919652551574373 0.6863810741687979 0.01031487513572204 0.008312020460358057
23 0.5130293159609121 0.7125959079283888 0.016286644951140065 0.011508951406649617
30 0.00515743756786102 0.5639386189258312 0.01031487513572204 0.01918158567774936
23 0.5127578718783931 0.7205882352941176 0.014115092290988056 0.010230179028132993
4 0.6150922909880565 0.7512787723785166 0.011943539630836048 0.0076726342710997444
4 0.0019001085776330076 0.573849104859335 0.003800217155266015 0.008312020460358057
4 0.007328990228013029 0.5786445012787724 0.008686210640608035 0.00959079283887468
23 0.510043431053203 0.729539641943734 0.014657980456026058 0.008951406649616368
4 0.6140065146579805 0.7653452685421995 0.01248642779587405 0.007033248081841432
4 0.6017915309446255 0.7666240409207161 0.008686210640608035 0.0159846547314578
4 0.6121064060803475 0.7714194373401535 0.013029315960912053 0.007033248081841432
23 0.5268729641693811 0.7484015345268542 0.010857763300760043 0.008951406649616368
30 0.007057546145494028 0.5968670076726342 0.014115092290988056 0.03260869565217391
4 0.6012486427795874 0.7781329923273658 0.008686210640608035 0.005115089514066497
4 0.014657980456026058 0.6070971867007673 0.008143322475570033 0.0159846547314578
4 0.5377307274701412 0.7659846547314578 0.010857763300760043 0.008951406649616368
4 0.5613463626492943 0.7730179028132992 0.009771986970684038 0.007033248081841432
23 0.5746471226927253 0.7768542199488491 0.009771986970684038 0.0076726342710997444
23 0.5184581976112921 0.764386189258312 0.007057546145494028 0.015345268542199489
4 0.007328990228013029 0.6182864450127877 0.01248642779587405 0.008312020460358057
23 0.005971769815418024 0.6265984654731458 0.01031487513572204 0.008312020460358057
23 0.2282844733984799 0.6943734015345269 0.01031487513572204 0.017902813299232736
23 0.20602605863192183 0.6886189258312021 0.009229098805646038 0.017902813299232736
23 0.23452768729641693 0.69693094629156 0.006514657980456026 0.0159846547314578
23 0.1976112920738328 0.6860613810741688 0.008143322475570033 0.015345268542199489
4 0.5806188925081434 0.801150895140665 0.011943539630836048 0.010230179028132993
23 0.4519543973941368 0.774616368286445 0.00760043431053203 0.014705882352941176
4 0.6970684039087948 0.8478260869565217 0.008143322475570033 0.0159846547314578
4 0.6891965255157437 0.8462276214833759 0.008143322475570033 0.016624040920716114
4 0.6758957654723127 0.8500639386189258 0.008143322475570033 0.00639386189258312
23 0.7312703583061889 0.8670076726342711 0.008143322475570033 0.013427109974424553
4 0.746199782844734 0.8721227621483376 0.0249728555917481 0.01918158567774936
30 0.9077090119435396 0.9287084398976982 0.018458197611292075 0.023017902813299233
30 0.8922366992399565 0.9309462915601023 0.013572204125950055 0.0159846547314578
4 0.6351791530944625 0.8551790281329923 0.011943539630836048 0.010230179028132993
4 0.6552660152008686 0.8692455242966752 0.013572204125950055 0.008951406649616368
4 0.6205211726384365 0.8641304347826086 0.008686210640608035 0.00639386189258312
4 0.7304560260586319 0.8970588235294118 0.014115092290988056 0.010869565217391304
4 0.5192725298588491 0.8366368286445013 0.013572204125950055 0.012148337595907928
4 0.48941368078175895 0.8276854219948849 0.013029315960912053 0.008951406649616368
4 0.506243213897937 0.8324808184143222 0.01248642779587405 0.00959079283887468
4 0.5325732899022801 0.8411125319693095 0.013572204125950055 0.010230179028132993
4 0.5466883821932682 0.8452685421994884 0.013029315960912053 0.010869565217391304
4 0.5944625407166124 0.860613810741688 0.01248642779587405 0.008312020460358057
23 0.5621606948968513 0.8535805626598465 0.014115092290988056 0.010230179028132993
4 0.4144951140065147 0.8110613810741688 0.008686210640608035 0.015345268542199489
4 0.7277415852334419 0.9047314578005116 0.01248642779587405 0.0076726342710997444
4 0.6517372421281216 0.8877877237851662 0.014115092290988056 0.010230179028132993
23 0.8224755700325733 0.09526854219948849 0.01248642779587405 0.010869565217391304
23 0.761672095548317 0.9287084398976982 0.00760043431053203 0.014705882352941176
23 0.5667752442996743 0.8794757033248082 0.01248642779587405 0.012148337595907928
4 0.7195982627578719 0.926150895140665 0.009229098805646038 0.017263427109974423
23 0.2673724212812161 0.7953964194373402 0.008686210640608035 0.017263427109974423
15 0.8026601520086862 0.9411764705882353 0.10586319218241043 0.11636828644501279
23 0.01764386536373507 0.7304987212276215 0.006514657980456026 0.015345268542199489
23 0.029044516829533115 0.7340153452685422 0.00760043431053203 0.019820971867007674
23 0.02280130293159609 0.7320971867007673 0.008686210640608035 0.01918158567774936
23 0.011129207383279044 0.7289002557544757 0.009229098805646038 0.015345268542199489
23 0.09039087947882736 0.754156010230179 0.014657980456026058 0.010230179028132993
23 0.751628664495114 0.9501278772378516 0.014657980456026058 0.00959079283887468
15 0.0494028230184582 0.7493606138107417 0.04451682953311618 0.04859335038363171
23 0.38409337676438654 0.8494245524296675 0.014657980456026058 0.008951406649616368
23 0.6976112920738328 0.9434143222506394 0.009771986970684038 0.015345268542199489
23 0.6411509229098805 0.9274296675191815 0.013029315960912053 0.008951406649616368
4 0.6726384364820847 0.9373401534526854 0.009229098805646038 0.01854219948849105
4 0.6601520086862106 0.9351023017902813 0.008143322475570033 0.015345268542199489
4 0.6859391965255157 0.9427749360613811 0.008143322475570033 0.0159846547314578
4 0.6666666666666666 0.9370204603580563 0.005971769815418024 0.015345268542199489
4 0.6796959826275787 0.9414961636828645 0.00760043431053203 0.016624040920716114
4 0.6541802388707926 0.9347826086956522 0.006514657980456026 0.01278772378516624
4 0.31487513572204123 0.8561381074168798 0.006514657980456026 0.016624040920716114
4 0.3262757871878393 0.8602941176470589 0.008686210640608035 0.01918158567774936
4 0.6859391965255157 0.9664322250639387 0.025515743756786103 0.01918158567774936
4 0.33686210640608033 0.8638107416879796 0.009771986970684038 0.020460358056265986
23 0.30944625407166126 0.8558184143222506 0.008143322475570033 0.01854219948849105
23 0.31921824104234525 0.8593350383631714 0.008143322475570033 0.016624040920716114
23 0.3311617806731813 0.8634910485933504 0.006514657980456026 0.0159846547314578
23 0.44543973941368076 0.9037723785166241 0.008686210640608035 0.017263427109974423
4 0.3241042345276873 0.879156010230179 0.007057546145494028 0.014066496163682864
4 0.3132464712269272 0.8769181585677749 0.008143322475570033 0.0159846547314578
4 0.3300760043431053 0.9008951406649617 0.007057546145494028 0.014066496163682864
4 0.33631921824104233 0.9034526854219949 0.006514657980456026 0.014066496163682864
23 0.8194896851248643 0.10869565217391304 0.013572204125950055 0.008951406649616368
4 0.6682953311617806 0.06489769820971868 0.013029315960912053 0.008951406649616368
23 0.5304017372421281 0.029092071611253198 0.01031487513572204 0.007033248081841432
4 0.6948968512486428 0.07896419437340153 0.011943539630836048 0.010230179028132993
23 0.6658523344191096 0.07289002557544758 0.01520086862106406 0.00959079283887468
23 0.6015200868621065 0.06585677749360613 0.015743756786102063 0.010869565217391304
23 0.753528773072747 0.11636828644501279 0.008143322475570033 0.014066496163682864
4 0.99457111834962 0.18861892583120204 0.009229098805646038 0.017263427109974423
4 0.5998914223669924 0.07320971867007672 0.015743756786102063 0.011508951406649617
23 0.5963626492942454 0.0872762148337596 0.008143322475570033 0.016624040920716114
23 0.4370249728555918 0.04411764705882353 0.043973941368078175 0.05115089514066496
4 0.4747557003257329 0.056265984654731455 0.01520086862106406 0.008951406649616368
4 0.9220955483170467 0.18765984654731457 0.013572204125950055 0.010869565217391304
23 0.5884907709011944 0.08983375959079284 0.008686210640608035 0.017263427109974423
4 0.9212812160694897 0.1940537084398977 0.013029315960912053 0.007033248081841432
23 0.5599891422366993 0.08919437340153452 0.0054288816503800215 0.012148337595907928
23 0.5537459283387622 0.08759590792838874 0.007057546145494028 0.013427109974424553
23 0.5447882736156352 0.08535805626598465 0.0054288816503800215 0.010869565217391304
4 0.9196525515743756 0.20140664961636828 0.013029315960912053 0.00959079283887468
4 0.8783930510314875 0.18989769820971866 0.009229098805646038 0.017263427109974423
30 0.8534201954397395 0.18925831202046037 0.02062975027144408 0.023657289002557546
4 0.8664495114006515 0.19373401534526855 0.008143322475570033 0.017263427109974423
23 0.9180238870792616 0.21163682864450128 0.013029315960912053 0.01278772378516624
23 0.49022801302931596 0.08663682864450128 0.0054288816503800215 0.010869565217391304
23 0.497014115092291 0.08855498721227621 0.006514657980456026 0.010869565217391304
4 0.4807274701411509 0.08567774936061381 0.010857763300760043 0.008951406649616368
23 0.9039087947882736 0.2145140664961637 0.009771986970684038 0.017263427109974423
23 0.9153094462540716 0.22122762148337596 0.013029315960912053 0.008951406649616368
23 0.1454940282301846 0.02557544757033248 0.013572204125950055 0.00959079283887468
23 0.14277958740499458 0.036125319693094626 0.014657980456026058 0.008951406649616368
4 0.4725841476655809 0.14066496163682865 0.0054288816503800215 0.010230179028132993
4 0.4598262757871878 0.13714833759590792 0.006514657980456026 0.012148337595907928
4 0.44435396308360475 0.1336317135549872 0.007057546145494028 0.010869565217391304
4 0.4511400651465798 0.1358695652173913 0.0054288816503800215 0.012148337595907928
4 0.43023887079261675 0.12947570332480818 0.008686210640608035 0.012148337595907928
4 0.501628664495114 0.1512148337595908 0.009771986970684038 0.014705882352941176
23 0.13137893593919653 0.0792838874680307 0.013029315960912053 0.00959079283887468
30 0.13925081433224756 0.09558823529411764 0.02062975027144408 0.020460358056265986
23 0.15255157437567862 0.11381074168797954 0.013572204125950055 0.008951406649616368
23 0.13735070575461455 0.10933503836317135 0.013029315960912053 0.0076726342710997444
4 0.5361020629750272 0.22921994884910485 0.008143322475570033 0.0159846547314578
4 0.47041259500542887 0.2113171355498721 0.008143322475570033 0.013427109974424553
4 0.5564603691639523 0.23657289002557544 0.00760043431053203 0.015345268542199489
4 0.508686210640608 0.2231457800511509 0.009771986970684038 0.014066496163682864
4 0.40553745928338764 0.19277493606138107 0.008143322475570033 0.014705882352941176
23 0.0982627578718784 0.1118925831202046 0.008686210640608035 0.015345268542199489
23 0.7749728555917481 0.340153452685422 0.008686210640608035 0.014705882352941176
30 0.8162323561346363 0.35358056265984655 0.02008686210640608 0.019820971867007674
30 0.7869163952225842 0.3523017902813299 0.019001085776330078 0.020460358056265986
30 0.8306188925081434 0.36508951406649615 0.017915309446254073 0.024936061381074168
23 0.2255700325732899 0.1889386189258312 0.01248642779587405 0.00959079283887468
23 0.9098805646036916 0.3922634271099744 0.008143322475570033 0.0159846547314578
23 0.8086319218241043 0.3631713554987212 0.013029315960912053 0.008951406649616368
23 0.7719869706840391 0.3539002557544757 0.009229098805646038 0.014066496163682864
23 0.20792616720955484 0.1882992327365729 0.013572204125950055 0.00959079283887468
23 0.8067318132464713 0.3692455242966752 0.01248642779587405 0.00959079283887468
23 0.998371335504886 0.4290281329923274 0.002171552660152009 0.020460358056265986
23 0.20684039087947884 0.20172634271099743 0.006514657980456026 0.014066496163682864
23 0.7687296416938111 0.36668797953964194 0.011943539630836048 0.010230179028132993
23 0.22421281216069489 0.20684143222506393 0.005971769815418024 0.015345268542199489
23 0.21878393051031486 0.20588235294117646 0.006514657980456026 0.014066496163682864
23 0.2299131378935939 0.20907928388746802 0.007057546145494028 0.013427109974424553
23 0.7869163952225842 0.37404092071611256 0.013572204125950055 0.00959079283887468
23 0.8303474484256244 0.3874680306905371 0.005971769815418024 0.0159846547314578
23 0.8091748099891423 0.3820332480818414 0.007057546145494028 0.013427109974424553
23 0.9001085776330076 0.4092071611253197 0.008686210640608035 0.015345268542199489
30 0.8194896851248643 0.38618925831202044 0.017915309446254073 0.024296675191815855
30 0.08984799131378936 0.1745524296675192 0.026601520086862108 0.024936061381074168
23 0.16883821932681867 0.20907928388746802 0.007057546145494028 0.0159846547314578
23 0.1756243213897937 0.21099744245524296 0.007057546145494028 0.014705882352941176
23 0.8140608034744843 0.40121483375959077 0.013029315960912053 0.010869565217391304
23 0.8260043431053203 0.4079283887468031 0.011400651465798045 0.017902813299232736
4 0.6150922909880565 0.3532608695652174 0.01031487513572204 0.016624040920716114
4 0.6286644951140065 0.3570971867007673 0.011400651465798045 0.01918158567774936
4 0.5480456026058632 0.33951406649616367 0.015743756786102063 0.017263427109974423
23 0.07681867535287731 0.20236572890025575 0.007057546145494028 0.0159846547314578
23 0.8099891422366993 0.4235933503836317 0.011400651465798045 0.0076726342710997444
4 0.511129207383279 0.3385549872122762 0.013029315960912053 0.016624040920716114
30 0.08550488599348534 0.21611253196930946 0.017915309446254073 0.02557544757033248
23 0.0730184581976113 0.21771099744245526 0.006514657980456026 0.01278772378516624
23 0.7923452768729642 0.430306905370844 0.00760043431053203 0.015345268542199489
23 0.751900108577633 0.41975703324808183 0.007057546145494028 0.017263427109974423
4 0.7809446254071661 0.42838874680306904 0.00760043431053203 0.0159846547314578
23 0.8007600434310532 0.4354219948849105 0.00760043431053203 0.014066496163682864
23 0.0993485342019544 0.23273657289002558 0.008686210640608035 0.00639386189258312
4 0.8189467969598263 0.44661125319693096 0.014115092290988056 0.010230179028132993
23 0.08686210640608034 0.2317774936061381 0.013029315960912053 0.008951406649616368
30 0.06786102062975027 0.23337595907928388 0.014657980456026058 0.01918158567774936
23 0.755700325732899 0.4360613810741688 0.005971769815418024 0.015345268542199489
4 0.8165038002171553 0.4539641943734015 0.01248642779587405 0.010869565217391304
23 0.0998914223669924 0.2442455242966752 0.005971769815418024 0.01278772378516624
23 0.09446254071661238 0.24328644501278773 0.005971769815418024 0.01278772378516624
23 0.749185667752443 0.4360613810741688 0.007057546145494028 0.014066496163682864
23 0.761672095548317 0.4398976982097187 0.008143322475570033 0.017263427109974423
4 0.8143322475570033 0.4664322250639386 0.014115092290988056 0.010230179028132993
23 0.0751900108577633 0.25191815856777494 0.00760043431053203 0.0159846547314578
23 0.09256243213897937 0.25767263427109977 0.007057546145494028 0.01278772378516624
23 0.08604777415852334 0.2557544757033248 0.006514657980456026 0.015345268542199489
23 0.08089033659066232 0.2551150895140665 0.007057546145494028 0.014705882352941176
4 0.8132464712269273 0.47346547314578 0.014657980456026058 0.008312020460358057
23 0.7163409337676439 0.44565217391304346 0.01737242128121607 0.010869565217391304
23 0.06786102062975027 0.2557544757033248 0.007057546145494028 0.014705882352941176
30 0.11563517915309446 0.270460358056266 0.01737242128121607 0.0159846547314578
4 0.8121606948968513 0.4789002557544757 0.01248642779587405 0.008312020460358057
23 0.7144408251900108 0.45428388746803067 0.016829533116178068 0.008312020460358057
4 0.06026058631921824 0.26694373401534527 0.01248642779587405 0.008951406649616368
4 0.8124321389793703 0.4881713554987212 0.013029315960912053 0.00959079283887468
23 0.7119978284473398 0.4600383631713555 0.014657980456026058 0.00959079283887468
23 0.1278501628664495 0.2893222506393862 0.005971769815418024 0.013427109974424553
30 0.11454940282301845 0.2861253196930946 0.02280130293159609 0.021099744245524295
23 0.07111834961997829 0.2739769820971867 0.007057546145494028 0.017263427109974423
15 0.08604777415852334 0.2797314578005115 0.025515743756786103 0.0319693094629156
23 0.05836047774158523 0.2739769820971867 0.014115092290988056 0.00959079283887468
23 0.056731813246471224 0.28164961636828645 0.014657980456026058 0.008312020460358057
23 0.10857763300760044 0.29731457800511507 0.009771986970684038 0.00639386189258312
23 0.06840390879478828 0.29028132992327366 0.00760043431053203 0.014066496163682864
15 0.13219326818675353 0.3110613810741688 0.024429967426710098 0.024296675191815855
4 0.05564603691639522 0.2883631713554987 0.01248642779587405 0.008312020460358057
4 0.07871878393051031 0.29923273657289 0.01520086862106406 0.011508951406649617
23 0.09364820846905537 0.30498721227621484 0.007057546145494028 0.016624040920716114
23 0.08821932681867535 0.3040281329923274 0.007057546145494028 0.017263427109974423
30 0.10939196525515743 0.3101023017902813 0.02225841476655809 0.021099744245524295
4 0.7261129207383279 0.4913682864450128 0.0249728555917481 0.017263427109974423
4 0.05456026058631922 0.29475703324808183 0.011943539630836048 0.008312020460358057
4 0.8059174809989142 0.518542199488491 0.013029315960912053 0.008951406649616368
23 0.07736156351791532 0.3059462915601023 0.013572204125950055 0.008312020460358057
23 0.06460369163952226 0.30434782608695654 0.008143322475570033 0.013427109974424553
23 0.052931596091205214 0.3014705882352941 0.014115092290988056 0.010230179028132993
4 0.8037459283387622 0.52653452685422 0.013029315960912053 0.0076726342710997444
15 0.1278501628664495 0.32864450127877237 0.02225841476655809 0.021739130434782608
4 0.8015743756786102 0.5313299232736572 0.011943539630836048 0.008951406649616368
23 0.12947882736156352 0.34175191815856776 0.008686210640608035 0.00639386189258312
4 0.8007600434310532 0.540920716112532 0.013029315960912053 0.00959079283887468
4 0.7983170466883822 0.5473145780051151 0.014657980456026058 0.008951406649616368
4 0.7969598262757872 0.5556265984654731 0.014657980456026058 0.008312020460358057
4 0.7956026058631922 0.5623401534526854 0.011400651465798045 0.008312020460358057
4 0.7939739413680782 0.5706521739130435 0.013572204125950055 0.011508951406649617
4 0.7923452768729642 0.5786445012787724 0.014657980456026058 0.010230179028132993
4 0.7912595005428882 0.5856777493606138 0.01248642779587405 0.008312020460358057
4 0.7890879478827362 0.5927109974424553 0.013572204125950055 0.00959079283887468
4 0.7885450597176982 0.5991048593350383 0.014657980456026058 0.010230179028132993
23 0.03637350705754615 0.3874680306905371 0.013029315960912053 0.010230179028132993
4 0.7855591748099892 0.6096547314578005 0.010857763300760043 0.0076726342710997444
23 0.048588490770901195 0.3983375959079284 0.013572204125950055 0.008951406649616368
4 0.03501628664495114 0.39514066496163686 0.01248642779587405 0.008312020460358057
4 0.7847448425624322 0.6160485933503836 0.011943539630836048 0.008312020460358057