4 0.22655426765015807 0.5102925243770314 0.01791359325605901 0.010292524377031419
4 0.2249736564805058 0.5224810400866738 0.016332982086406742 0.010292524377031419
4 0.22365648050579556 0.5333152762730228 0.01685985247629083 0.009209100758396533
4 0.22207586933614332 0.5446912242686891 0.01791359325605901 0.010292524377031419
4 0.1994204425711275 0.010021668472372697 0.006322444678609062 0.009209100758396533
23 0.2112750263435195 0.011917659804983749 0.02054794520547945 0.016793066088840736
4 0.4807692307692308 0.5839653304442037 0.008956796628029505 0.018418201516793065
23 0.059536354056902004 0.5755687973997833 0.013171759747102213 0.024918743228602384
23 0.002107481559536354 0.5793607800650055 0.004214963119072708 0.01570964247020585
7 0.9654899894625922 0.6901408450704225 0.06796628029504742 0.39869989165763814
7 0.880927291886196 0.6812026002166848 0.08429926238145416 0.40736728060671723
4 0.4857744994731296 0.6438244853737811 0.007903055848261328 0.014084507042253521
23 0.05400421496311907 0.6026543878656555 0.0136986301369863 0.012459371614301192
4 0.003951527924130664 0.5969664138678223 0.007903055848261328 0.015167930660888408
15 0.505795574288725 0.6657638136511376 0.026870389884088516 0.03737811484290358
4 0.3269230769230769 0.6489707475622969 0.019494204425711276 0.012459371614301192
30 0.020021074815595362 0.6248645720476707 0.040042149631190724 0.06121343445287107
4 0.32481559536354054 0.6592632719393283 0.01791359325605901 0.011375947995666305
4 0.7903055848261328 0.718851570964247 0.007376185458377239 0.010292524377031419
4 0.7845100105374078 0.7180390032502708 0.005268703898840885 0.011375947995666305
4 0.19810326659641728 0.021397616468039005 0.005795574288724974 0.009750812567713976
15 0.5948366701791359 0.7063921993499458 0.06111696522655427 0.09263271939328277
4 0.47892518440463644 0.7015167930660888 0.02054794520547945 0.011375947995666305
4 0.4370389884088514 0.7007042253521126 0.0136986301369863 0.007042253521126761
23 0.24815595363540568 0.6841820151679306 0.01738672286617492 0.013542795232936078
23 0.23761854583772393 0.6836403033586133 0.007376185458377239 0.013542795232936078
4 0.23129610115911486 0.6833694474539544 0.00684931506849315 0.014626218851570965
23 0.25790305584826134 0.6868905742145178 0.00684931506849315 0.014626218851570965
15 0.24236037934668073 0.7096424702058505 0.029504741833508957 0.038461538461538464
4 0.6232876712328768 0.7513542795232936 0.01053740779768177 0.005958829902491874
4 0.6343519494204426 0.7562296858071506 0.01053740779768177 0.017876489707475622
4 0.13830347734457324 0.7055796316359697 0.012118018967334035 0.007583965330444204
4 0.25790305584826134 0.7221018418201517 0.007376185458377239 0.013001083423618635
7 0.7721285563751317 0.7827735644637053 0.04636459430979979 0.10996749729144095
4 0.10484720758693361 0.7221018418201517 0.007903055848261328 0.013001083423618635
15 0.5031612223393045 0.7657096424702059 0.025816649104320338 0.03412784398699892
15 0.5389884088514225 0.7765438786565547 0.037934668071654375 0.0276273022751896
4 0.5076396206533192 0.787919826652221 0.008429926238145416 0.005958829902491874
4 0.5210748155953635 0.7903575297941495 0.013171759747102213 0.005417118093174431
4 0.7968914646996839 0.09859154929577464 0.03898840885142255 0.035752979414951244
4 0.26053740779768175 0.7911700975081257 0.01738672286617492 0.009750812567713976
23 0.1380400421496312 0.7822318526543879 0.009483667017913594 0.005958829902491874
23 0.13724973656480505 0.7881906825568797 0.012644889357218124 0.007042253521126761
15 0.5958904109589042 0.8377573131094258 0.08535300316122234 0.08721560130010834
4 0.20916754478398314 0.7998374864572048 0.011591148577449948 0.020043336944745395
30 0.23129610115911486 0.8071505958829902 0.040042149631190724 0.056338028169014086
30 0.3132244467860906 0.8234019501625135 0.05374077976817703 0.041170097508125676
30 0.4707586933614331 0.8480498374864572 0.014752370916754479 0.01895991332611051
15 0.1356691253951528 0.040628385698808236 0.11959957850368809 0.08125677139761647
30 0.4488935721812434 0.8648429035752979 0.014752370916754479 0.01950162513542795
30 0.4691780821917808 0.8680931744312026 0.015806111696522657 0.02112676056338028
30 0.8234984193888304 0.1067172264355363 0.03635405690200211 0.05742145178764897
30 0.5682297154899895 0.8903033586132177 0.01738672286617492 0.02275189599133261
23 0.7687038988408852 0.9228060671722643 0.009483667017913594 0.01895991332611051
7 0.7963645943097998 0.9322860238353196 0.029504741833508957 0.06067172264355363
4 0.8437829293993677 0.9395991332611051 0.012644889357218124 0.005958829902491874
15 0.3103266596417281 0.8840736728060672 0.016332982086406742 0.015167930660888408
7 0.34272918861959956 0.05877573131094258 0.24499473129610116 0.08017334777898158
4 0.6322444678609063 0.921180931744312 0.012644889357218124 0.0065005417118093175
23 0.684668071654373 0.9268689057421452 0.011591148577449948 0.017876489707475622
23 0.6936248682824026 0.9276814734561214 0.011064278187565859 0.020043336944745395
4 0.8443097997892518 0.9458288190682557 0.012644889357218124 0.007042253521126761
23 0.6620126448893572 0.9265980498374865 0.011064278187565859 0.0065005417118093175
4 0.2660695468914647 0.8854279523293608 0.00684931506849315 0.010834236186348862
4 0.25316122233930455 0.8840736728060672 0.005795574288724974 0.010834236186348862
4 0.25974710221285563 0.8856988082340195 0.004741833508956797 0.010834236186348862
4 0.7789778714436248 0.942578548212351 0.004214963119072708 0.007583965330444204
23 0.7515806111696522 0.94068255687974 0.007903055848261328 0.011917659804983749
4 0.6304004214963119 0.9284940411700975 0.012118018967334035 0.005417118093174431
23 0.6612223393045311 0.9325568797399784 0.012118018967334035 0.005958829902491874
4 0.7431506849315068 0.9447453954496208 0.006322444678609062 0.010834236186348862
4 0.6298735511064278 0.9344528710725893 0.011064278187565859 0.0065005417118093175
23 0.660695468914647 0.9390574214517876 0.012644889357218124 0.005417118093174431
15 0.3100632244467861 0.9022210184182016 0.0184404636459431 0.018418201516793065
4 0.29557428872497366 0.9146803900325027 0.005795574288724974 0.009750812567713976
4 0.28951527924130666 0.9152221018418202 0.00684931506849315 0.010834236186348862
4 0.2845100105374078 0.9146803900325027 0.005268703898840885 0.009209100758396533
23 0.31533192834562696 0.9217226435536294 0.00684931506849315 0.013542795232936078
23 0.3047945205479452 0.9217226435536294 0.005268703898840885 0.014084507042253521
15 0.7457850368809273 0.9729144095341279 0.05426765015806112 0.05308775731310943
4 0.7118018967334035 0.97670639219935 0.012644889357218124 0.007042253521126761
4 0.7112750263435195 0.9832069339111592 0.012118018967334035 0.0065005417118093175
4 0.7747629083245522 0.9899783315276273 0.010010537407797681 0.004875406283856988
4 0.7091675447839831 0.9943120260021668 0.01053740779768177 0.007042253521126761
7 0.3548472075869336 0.9444745395449621 0.08166491043203372 0.09100758396533044
7 0.4504741833508957 0.949349945828819 0.0916754478398314 0.10021668472372698
4 0.7091675447839831 0.9972914409534128 0.026343519494204427 0.004333694474539545
7 0.1596417281348788 0.9184723726977249 0.2613277133825079 0.11971830985915492
7 0.5985247629083246 0.9553087757313109 0.0779768177028451 0.08829902491874322
7 0.6161749209694415 0.09913326110509209 0.2713382507903056 0.07854821235102925
23 0.1970495258166491 0.06798483206933911 0.005795574288724974 0.009209100758396533
4 0.8069020021074815 0.13434452871072589 0.008956796628029505 0.0065005417118093175
7 0.059272918861959956 0.053629469122426866 0.0321390937829294 0.05308775731310943
23 0.8169125395152792 0.13542795232936078 0.01053740779768177 0.007042253521126761
23 0.2017913593256059 0.06906825568797399 0.005795574288724974 0.009750812567713976
4 0.874868282402529 0.14409534127843987 0.01053740779768177 0.005958829902491874
4 0.09957850368809273 0.07475622968580715 0.008429926238145416 0.005958829902491874
4 0.08008429926238145 0.07394366197183098 0.004214963119072708 0.00866738894907909
4 0.9907797681770284 0.1722643553629469 0.006322444678609062 0.009750812567713976
23 0.8537934668071654 0.159534127843987 0.006322444678609062 0.010834236186348862
4 0.13408851422550053 0.0828819068255688 0.004214963119072708 0.008125677139761646
23 0.8827713382507903 0.16603466955579632 0.007903055848261328 0.013542795232936078
4 0.15015806111696522 0.0880281690140845 0.004741833508956797 0.009750812567713976
30 0.4041095890410959 0.11646803900325027 0.05374077976817703 0.04008667388949079
30 0.22102212855637512 0.09832069339111593 0.05426765015806112 0.04008667388949079
4 0.9204425711275026 0.1744312026002167 0.010010537407797681 0.020585048754062838
30 0.3519494204425711 0.1129469122426869 0.05637513171759747 0.04008667388949079
23 0.0458377239199157 0.0804442036836403 0.010010537407797681 0.005958829902491874
30 0.6354056902002108 0.14490790899241604 0.0136986301369863 0.01950162513542795
23 0.9891991570073762 0.18309859154929578 0.00684931506849315 0.011375947995666305
30 0.5590094836670179 0.13651137594799567 0.015279241306638568 0.022210184182015168
4 0.8524762908324552 0.1709100758396533 0.005795574288724974 0.009209100758396533
4 0.9409905163329821 0.18066088840736727 0.00684931506849315 0.009209100758396533
4 0.9473129610115911 0.18120260021668472 0.005268703898840885 0.009750812567713976
4 0.9525816649104321 0.18174431202600216 0.005795574288724974 0.009750812567713976
4 0.9594309799789252 0.18309859154929578 0.005795574288724974 0.009750812567713976
23 0.045574288724973655 0.0853196099674973 0.01053740779768177 0.005958829902491874
4 0.5814014752370916 0.14490790899241604 0.005795574288724974 0.009750812567713976
30 0.47839831401475236 0.13488624052004333 0.06006322444678609 0.041170097508125676
4 0.9884088514225501 0.19393282773564463 0.004741833508956797 0.007583965330444204
4 0.06981032665964172 0.09615384615384616 0.010010537407797681 0.0065005417118093175
30 0.5521601685985248 0.15167930660888407 0.015806111696522657 0.013001083423618635
4 0.166754478398314 0.11267605633802817 0.011591148577449948 0.005958829902491874
23 0.17966280295047418 0.11403033586132177 0.005268703898840885 0.010292524377031419
4 0.9233403582718651 0.19447453954496208 0.006322444678609062 0.009750812567713976
15 0.6003688092729189 0.16007583965330444 0.03582718651211802 0.04658721560130011
4 0.934141201264489 0.19664138678223186 0.005795574288724974 0.010834236186348862
4 0.5803477344573235 0.15899241603466954 0.005795574288724974 0.00866738894907909
30 0.10748155953635406 0.1105092091007584 0.015806111696522657 0.013542795232936078
15 0.6654373024236038 0.17307692307692307 0.044257112750263436 0.040628385698808236
4 0.8456269757639621 0.19257854821235104 0.005268703898840885 0.008125677139761646
4 0.8548472075869337 0.19420368364030335 0.004741833508956797 0.00866738894907909
4 0.8503688092729189 0.1936619718309859 0.0036880927291886197 0.008125677139761646
4 0.8638040042149632 0.19501625135427952 0.005268703898840885 0.009209100758396533
4 0.8685458377239199 0.19555796316359697 0.0036880927291886197 0.009209100758396533
4 0.8732876712328768 0.19664138678223186 0.005268703898840885 0.008125677139761646
4 0.8590621707060063 0.19501625135427952 0.005268703898840885 0.00866738894907909
4 0.8769757639620653 0.1969122426868906 0.006322444678609062 0.009209100758396533
4 0.8883034773445733 0.19880823401950162 0.011064278187565859 0.005958829902491874
15 0.14199157007376184 0.12080173347778982 0.0368809272918862 0.030335861321776816
23 0.17650158061116966 0.1256771397616468 0.006322444678609062 0.013001083423618635
30 0.6301369863013698 0.1757854821235103 0.015279241306638568 0.020043336944745395
4 0.16464699683877765 0.1270314192849404 0.011591148577449948 0.0065005417118093175
30 0.7776606954689147 0.19393282773564463 0.03898840885142255 0.056338028169014086
4 0.5792939936775553 0.1747020585048754 0.006322444678609062 0.00866738894907909
15 0.2821390937829294 0.14247020585048753 0.0368809272918862 0.029794149512459372
15 0.08140147523709168 0.12296858071505959 0.03477344573234984 0.04333694474539545
30 0.5640147523709168 0.17524377031419286 0.019494204425711276 0.01733477789815818
4 0.5495258166491043 0.1757854821235103 0.011591148577449948 0.005958829902491874
30 0.16807165437302424 0.1394907908992416 0.02160168598524763 0.016793066088840736
23 0.9973656480505796 0.23185265438786565 0.004214963119072708 0.013001083423618635
4 0.4607481559536354 0.18526543878656554 0.005795574288724974 0.010834236186348862
4 0.618809272918862 0.20395449620801734 0.006322444678609062 0.010292524377031419
4 0.5721812434141201 0.19907908992416035 0.005795574288724974 0.009209100758396533
4 0.5808746048472075 0.20043336944745396 0.005795574288724974 0.010834236186348862
4 0.5993150684931506 0.202329360780065 0.007376185458377239 0.009209100758396533
4 0.4528451001053741 0.1882448537378115 0.011591148577449948 0.023835319609967497
4 0.5342465753424658 0.2009750812567714 0.005795574288724974 0.010292524377031419
4 0.6543730242360379 0.21370530877573132 0.008429926238145416 0.009750812567713976
4 0.6475237091675448 0.21370530877573132 0.006322444678609062 0.010292524377031419
4 0.9707586933614331 0.2540628385698808 0.01053740779768177 0.0065005417118093175
30 0.9949947312961012 0.2692307692307692 0.008956796628029505 0.014084507042253521
7 0.40858798735511065 0.22047670639219935 0.7623814541622761 0.13488624052004333
4 0.9683877766069547 0.28602383531960995 0.01053740779768177 0.007583965330444204
4 0.9781348788198103 0.3114842903575298 0.010010537407797681 0.005417118093174431
4 0.9770811380400422 0.31690140845070425 0.009483667017913594 0.005958829902491874
7 0.40226554267650155 0.2600216684723727 0.7544783983140148 0.11917659804983749
4 0.9755005268703899 0.340465872156013 0.010010537407797681 0.007042253521126761
30 0.12223393045310854 0.2521668472372698 0.0184404636459431 0.01570964247020585
23 0.9596944151738672 0.34479956663055256 0.011064278187565859 0.0065005417118093175
4 0.9797154899894626 0.3480498374864572 0.01053740779768177 0.005958829902491874
4 0.9594309799789252 0.3496749729144095 0.008429926238145416 0.005417118093174431
4 0.9747102212855637 0.3540086673889491 0.010010537407797681 0.004333694474539545
23 0.148840885142255 0.26652221018418204 0.012118018967334035 0.005958829902491874
4 0.958113804004215 0.355092091007584 0.011064278187565859 0.005417118093174431
4 0.9752370916754478 0.3591549295774648 0.008429926238145416 0.005958829902491874
23 0.1714963119072708 0.2727518959913326 0.012644889357218124 0.005958829902491874
23 0.13777660695468916 0.27193932827735645 0.011064278187565859 0.005958829902491874
23 0.958113804004215 0.3605092091007584 0.010010537407797681 0.005417118093174431
23 0.1559536354056902 0.2738353196099675 0.012644889357218124 0.005958829902491874
4 0.1261854583772392 0.2711267605633803 0.009483667017913594 0.005417118093174431
23 0.9855110642781876 0.3640303358613218 0.009483667017913594 0.005958829902491874
23 0.11617492096944151 0.27058504875406286 0.011064278187565859 0.0065005417118093175
23 0.9660168598524763 0.366738894907909 0.004214963119072708 0.010834236186348862
23 0.9570600632244468 0.3670097508125677 0.009483667017913594 0.004333694474539545
4 0.17044257112750263 0.28358613217768147 0.012644889357218124 0.005417118093174431
23 0.10010537407797682 0.27708559046587217 0.012118018967334035 0.005958829902491874
4 0.9570600632244468 0.3718851570964247 0.011064278187565859 0.005417118093174431
23 0.11907270811380401 0.2822318526543879 0.007376185458377239 0.011917659804983749
4 0.11433087460484721 0.28196099674972913 0.005795574288724974 0.011375947995666305
23 0.05374077976817703 0.2778981581798483 0.012118018967334035 0.005958829902491874
23 0.0987881981032666 0.2833152762730228 0.011591148577449948 0.005958829902491874
4 0.030031612223393046 0.2776273022751896 0.012644889357218124 0.0065005417118093175
23 0.07402528977871443 0.2825027085590466 0.012118018967334035 0.007583965330444204
4 0.9006849315068494 0.37486457204767065 0.012118018967334035 0.005958829902491874
23 0.0982613277133825 0.2898158179848321 0.012118018967334035 0.005958829902491874
30 0.06138040042149631 0.28710725893824485 0.015279241306638568 0.01733477789815818
23 0.1701791359325606 0.30092091007583965 0.011591148577449948 0.005417118093174431
15 0.13962065331928344 0.2992957746478873 0.04056902002107481 0.05037919826652221
23 0.09773445732349842 0.2952329360780065 0.011591148577449948 0.005958829902491874
4 0.1691253951527924 0.30633802816901406 0.010010537407797681 0.005417118093174431
30 0.9828767123287672 0.39409534127843987 0.019494204425711276 0.01570964247020585
23 0.09747102212855638 0.30119176598049835 0.012118018967334035 0.007042253521126761
4 0.9006849315068494 0.3892199349945829 0.019494204425711276 0.010834236186348862
15 0.03635405690200211 0.2982123510292524 0.04056902002107481 0.041170097508125676
23 0.9565331928345627 0.397887323943662 0.009483667017913594 0.007042253521126761
4 0.16043203371970496 0.3128385698808234 0.006322444678609062 0.011917659804983749
4 0.11275026343519494 0.31933911159263273 0.010010537407797681 0.007042253521126761
4 0.18361433087460485 0.3290899241603467 0.007376185458377239 0.012459371614301192
4 0.25737618545837726 0.33856988082340195 0.005795574288724974 0.012459371614301192
4 0.9449420442571127 0.41359696641386784 0.005268703898840885 0.009209100758396533
4 0.023972602739726026 0.31608884073672805 0.011591148577449948 0.011917659804983749
4 0.28187565858798735 0.34398699891657636 0.00684931506849315 0.011917659804983749
4 0.11143308746048472 0.3271939328277356 0.0136986301369863 0.007042253521126761
30 0.8506322444678609 0.4284940411700975 0.026343519494204427 0.029794149512459372
4 0.9312434141201265 0.44366197183098594 0.005268703898840885 0.011375947995666305
30 0.9035827186512118 0.44393282773564463 0.015806111696522657 0.02112676056338028
7 0.34351949420442573 0.02464788732394366 0.23814541622760801 0.04929577464788732
7 0.6217070600632244 0.04035752979414951 0.2702845100105374 0.08071505958829903