4 0.8776824034334764 0.591275659824047 0.006974248927038627 0.02126099706744868
23 0.5048283261802575 0.5546187683284457 0.013948497854077254 0.010263929618768328
23 0.49543991416309013 0.5634164222873901 0.00536480686695279 0.016129032258064516
15 0.5745708154506438 0.013196480938416423 0.03165236051502146 0.013929618768328446
23 0.5040236051502146 0.5700146627565983 0.013412017167381975 0.008797653958944282
7 0.7569742489270386 0.6125366568914956 0.08047210300429185 0.42668621700879766
7 0.9015557939914163 0.6374633431085044 0.08208154506437768 0.4222873900293255
7 0.9651287553648069 0.6499266862170088 0.06866952789699571 0.42888563049853373
7 0.6826716738197425 0.6022727272727273 0.07564377682403434 0.4237536656891496
7 0.8280579399141631 0.6275659824046921 0.0815450643776824 0.4310850439882698
7 0.6102467811158798 0.591642228739003 0.07564377682403434 0.42595307917888564
4 0.44259656652360513 0.5865102639296188 0.013948497854077254 0.007331378299120235
4 0.4281115879828326 0.5846774193548387 0.012875536480686695 0.010997067448680353
4 0.4715665236051502 0.5949413489736071 0.02092274678111588 0.015395894428152493
4 0.4565450643776824 0.5982404692082112 0.005901287553648069 0.017595307917888565
23 0.5008047210300429 0.6063049853372434 0.011802575107296138 0.007331378299120235
23 0.450912017167382 0.6026392961876833 0.004828326180257511 0.013196480938416423
23 0.44527896995708155 0.6030058651026393 0.005901287553648069 0.016129032258064516
23 0.49141630901287553 0.6143695014662757 0.006974248927038627 0.01686217008797654
23 0.4844420600858369 0.6140029325513197 0.005901287553648069 0.01686217008797654
4 0.4165772532188841 0.6033724340175953 0.00536480686695279 0.01906158357771261
23 0.4230150214592275 0.6044721407624634 0.005901287553648069 0.017595307917888565
23 0.7049356223175965 0.03519061583577713 0.004828326180257511 0.009530791788856305
23 0.4863197424892704 0.6411290322580645 0.00536480686695279 0.01686217008797654
23 0.789431330472103 0.6961143695014663 0.013948497854077254 0.011730205278592375
23 0.5042918454935622 0.6506598240469208 0.005901287553648069 0.01686217008797654
23 0.6255364806866953 0.6719208211143695 0.009120171673819743 0.007331378299120235
23 0.9353540772532188 0.7243401759530792 0.011802575107296138 0.008064516129032258
23 0.0700107296137339 0.5806451612903226 0.004828326180257511 0.010997067448680353
23 0.06464592274678112 0.5806451612903226 0.004828326180257511 0.01466275659824047
23 0.14619098712446352 0.594208211143695 0.00536480686695279 0.015395894428152493
23 0.05552575107296137 0.5791788856304986 0.006437768240343348 0.01466275659824047
4 0.10568669527896996 0.5883431085043989 0.006437768240343348 0.018328445747800588
23 0.0944206008583691 0.5861436950146628 0.006437768240343348 0.01906158357771261
4 0.10032188841201717 0.5872434017595308 0.005901287553648069 0.017595307917888565
23 0.0890557939914163 0.5861436950146628 0.004828326180257511 0.015395894428152493
23 0.08369098712446352 0.5861436950146628 0.005901287553648069 0.01906158357771261
23 0.9348175965665236 0.7316715542521994 0.01072961373390558 0.007331378299120235
4 0.2052038626609442 0.6092375366568915 0.012875536480686695 0.008064516129032258
23 0.7175429184549357 0.6968475073313783 0.013412017167381975 0.008064516129032258
23 0.6445815450643777 0.6843841642228738 0.011266094420600859 0.006598240469208211
4 0.19179184549356224 0.6085043988269795 0.013412017167381975 0.008797653958944282
23 0.6247317596566524 0.6810850439882697 0.009120171673819743 0.010263929618768328
23 0.6976931330472103 0.6935483870967742 0.009656652360515022 0.009530791788856305
15 0.6668454935622318 0.038856304985337244 0.03862660944206009 0.03519061583577713
23 0.8626609442060086 0.7239736070381232 0.011266094420600859 0.007331378299120235
23 0.5005364806866953 0.6693548387096774 0.00536480686695279 0.017595307917888565
23 0.8618562231759657 0.7313049853372434 0.011266094420600859 0.005865102639296188
23 0.08744635193133048 0.6030058651026393 0.00536480686695279 0.016129032258064516
23 0.09334763948497854 0.6044721407624634 0.004828326180257511 0.015395894428152493
23 0.07510729613733906 0.6015395894428153 0.00536480686695279 0.012463343108504398
23 0.08100858369098712 0.6033724340175953 0.004828326180257511 0.01466275659824047
30 0.44393776824034337 0.6678885630498533 0.04935622317596566 0.09604105571847507
4 0.16523605150214593 0.6209677419354839 0.005901287553648069 0.017595307917888565
30 0.4002145922746781 0.6612903225806451 0.049892703862660946 0.09824046920821114
4 0.17274678111587982 0.623900293255132 0.008583690987124463 0.021994134897360705
4 0.8610515021459227 0.7401026392961877 0.013412017167381975 0.008797653958944282
23 0.10380901287553648 0.6143695014662757 0.004291845493562232 0.01466275659824047
23 0.0979077253218884 0.6151026392961877 0.004828326180257511 0.016129032258064516
4 0.13546137339055794 0.6220674486803519 0.006437768240343348 0.020527859237536656
4 0.13009656652360516 0.6217008797653959 0.005901287553648069 0.01906158357771261
4 0.14189914163090128 0.624633431085044 0.008047210300429184 0.021994134897360705
15 0.19447424892703863 0.6334310850439883 0.03755364806866953 0.04252199413489736
4 0.6421673819742489 0.7100439882697948 0.014484978540772532 0.009530791788856305
23 0.15101931330472104 0.6356304985337243 0.012875536480686695 0.009530791788856305
30 0.3425429184549356 0.6693548387096774 0.04935622317596566 0.09457478005865103
23 0.16416309012875535 0.6400293255131965 0.012339055793991416 0.010263929618768328
30 0.3009656652360515 0.6638563049853372 0.049892703862660946 0.09604105571847507
4 0.7135193133047211 0.7353372434017595 0.013412017167381975 0.009530791788856305
23 0.10166309012875537 0.6392961876832844 0.004828326180257511 0.015395894428152493
23 0.18428111587982832 0.656158357771261 0.015021459227467811 0.008797653958944282
4 0.20198497854077252 0.6598240469208211 0.01555793991416309 0.010263929618768328
4 0.5128755364806867 0.7357038123167156 0.013948497854077254 0.008064516129032258
4 0.9275751072961373 0.8053519061583577 0.01555793991416309 0.009530791788856305
4 0.7832618025751072 0.782991202346041 0.013412017167381975 0.009530791788856305
23 0.4659334763948498 0.7335043988269795 0.011802575107296138 0.007331378299120235
23 0.6936695278969958 0.03995601173020528 0.012339055793991416 0.007331378299120235
23 0.4653969957081545 0.7401026392961877 0.013948497854077254 0.008797653958944282
4 0.2846030042918455 0.7126099706744868 0.013948497854077254 0.009530791788856305
4 0.46486051502145925 0.7474340175953079 0.012339055793991416 0.008064516129032258
4 0.5844957081545065 0.02309384164222874 0.011266094420600859 0.008064516129032258
4 0.5726931330472103 0.020894428152492667 0.012339055793991416 0.009530791788856305
23 0.46512875536480686 0.7547653958944281 0.013948497854077254 0.007331378299120235
23 0.46405579399141633 0.7613636363636364 0.013412017167381975 0.007331378299120235
4 0.3798283261802575 0.7470674486803519 0.009656652360515022 0.020527859237536656
4 0.5236051502145923 0.7734604105571847 0.012339055793991416 0.009530791788856305
15 0.4916845493562232 0.7719941348973607 0.04774678111587983 0.0718475073313783
4 0.4637875536480687 0.7694281524926686 0.013412017167381975 0.008797653958944282
23 0.44876609442060084 0.7690615835777126 0.00536480686695279 0.01466275659824047
4 0.4541309012875536 0.7701612903225806 0.006437768240343348 0.016129032258064516
4 0.3623927038626609 0.7554985337243402 0.012875536480686695 0.007331378299120235
4 0.33530042918454933 0.751466275659824 0.008047210300429184 0.019794721407624633
4 0.46217811158798283 0.7756598240469208 0.011266094420600859 0.007331378299120235
4 0.4302575107296137 0.7712609970674487 0.0075107296137339056 0.01906158357771261
4 0.46110515021459225 0.782258064516129 0.011802575107296138 0.008064516129032258
23 0.35971030042918456 0.7668621700879765 0.00536480686695279 0.015395894428152493
23 0.36507510729613735 0.7683284457478006 0.005901287553648069 0.016129032258064516
4 0.4613733905579399 0.7903225806451613 0.011802575107296138 0.008064516129032258
4 0.5203862660944206 0.8024193548387096 0.012875536480686695 0.008064516129032258
15 0.40370171673819744 0.7844574780058651 0.04881974248927039 0.07258064516129033
23 0.7186158798283262 0.8387096774193549 0.013948497854077254 0.010997067448680353
4 0.7577789699570815 0.8504398826979472 0.006437768240343348 0.018328445747800588
23 0.35783261802575106 0.783357771260997 0.005901287553648069 0.01686217008797654
23 0.3634656652360515 0.7859237536656891 0.006437768240343348 0.016129032258064516
4 0.7446351931330472 0.8497067448680352 0.006437768240343348 0.020527859237536656
4 0.7505364806866953 0.8515395894428153 0.0075107296137339056 0.019794721407624633
4 0.6115879828326181 0.033357771260997066 0.009120171673819743 0.021994134897360705
4 0.30069742489270385 0.781158357771261 0.015021459227467811 0.008797653958944282
4 0.4281115879828326 0.8064516129032258 0.006437768240343348 0.020527859237536656
4 0.7376609442060086 0.8632697947214076 0.0075107296137339056 0.01686217008797654
4 0.6925965665236051 0.047653958944281524 0.011266094420600859 0.009530791788856305
23 0.2880901287553648 0.7895894428152492 0.005901287553648069 0.013929618768328446
23 0.51931330472103 0.8321114369501467 0.011802575107296138 0.007331378299120235
4 0.7438304721030042 0.8782991202346041 0.0075107296137339056 0.017595307917888565
23 0.7331008583690987 0.8775659824046921 0.013412017167381975 0.007331378299120235
23 0.2792381974248927 0.8042521994134897 0.006437768240343348 0.01686217008797654
15 0.3052575107296137 0.8101173020527859 0.03272532188841202 0.051319648093841645
23 0.7314914163090128 0.8823313782991202 0.012339055793991416 0.009530791788856305
4 0.25375536480686695 0.8163489736070382 0.006974248927038627 0.017595307917888565
4 0.8049892703862661 0.9123900293255132 0.013412017167381975 0.011730205278592375
4 0.5217274678111588 0.8647360703812317 0.005901287553648069 0.016129032258064516
15 0.0930793991416309 0.7936217008797654 0.03165236051502146 0.047653958944281524
4 0.4809549356223176 0.8632697947214076 0.013948497854077254 0.010263929618768328
4 0.49839055793991416 0.8662023460410557 0.01072961373390558 0.006598240469208211
4 0.8044527896995708 0.9204545454545454 0.01555793991416309 0.012463343108504398
15 0.6064914163090128 0.8892961876832844 0.07564377682403434 0.12976539589442815
4 0.49624463519313305 0.8731671554252199 0.014484978540772532 0.010263929618768328
4 0.48068669527896996 0.8706011730205279 0.012875536480686695 0.008064516129032258
4 0.8041845493562232 0.9292521994134897 0.016094420600858368 0.012463343108504398
15 0.8326180257510729 0.9362170087976539 0.04291845493562232 0.060117302052785926
4 0.4804184549356223 0.8793988269794721 0.013412017167381975 0.010263929618768328
4 0.8031115879828327 0.9402492668621701 0.014484978540772532 0.011730205278592375
4 0.3232296137339056 0.0021994134897360706 0.009120171673819743 0.004398826979472141
23 0.6917918454935622 0.05571847507331378 0.012875536480686695 0.008797653958944282
4 0.8025751072961373 0.9519794721407625 0.017703862660944206 0.013929618768328446
4 0.43991416309012876 0.014296187683284457 0.0075107296137339056 0.01686217008797654
4 0.47854077253218885 0.906524926686217 0.015021459227467811 0.010263929618768328
4 0.8012339055793991 0.9611436950146628 0.015021459227467811 0.010263929618768328
4 0.8304721030042919 0.9721407624633431 0.013412017167381975 0.010263929618768328
4 0.47719957081545067 0.9149560117302052 0.014484978540772532 0.008797653958944282
4 0.8159871244635193 0.9725073313782991 0.006437768240343348 0.015395894428152493
4 0.8473712446351931 0.9780058651026393 0.005901287553648069 0.015395894428152493
4 0.8111587982832618 0.9725073313782991 0.008047210300429184 0.018328445747800588
4 0.8210836909871244 0.9743401759530792 0.006437768240343348 0.01686217008797654
4 0.8420064377682404 0.9776392961876833 0.008047210300429184 0.01906158357771261
23 0.8530042918454935 0.9802052785923754 0.00536480686695279 0.01906158357771261
4 0.4761266094420601 0.9222873900293255 0.014484978540772532 0.008797653958944282
4 0.8272532188841202 0.9842375366568915 0.0075107296137339056 0.01906158357771261
4 0.8023068669527897 0.9805718475073314 0.0101931330472103 0.024193548387096774
4 0.8336909871244635 0.9857038123167156 0.008583690987124463 0.01906158357771261
4 0.47585836909871243 0.9310850439882697 0.014484978540772532 0.010263929618768328
23 0.8436158798283262 0.9934017595307918 0.011802575107296138 0.009530791788856305
4 0.8159871244635193 0.9890029325513197 0.013412017167381975 0.008064516129032258
4 0.42569742489270385 0.01466275659824047 0.005901287553648069 0.01466275659824047
4 0.3728540772532189 0.008064516129032258 0.006437768240343348 0.016129032258064516
4 0.38197424892703863 0.008797653958944282 0.006437768240343348 0.017595307917888565
4 0.4155042918454936 0.01466275659824047 0.0075107296137339056 0.017595307917888565
4 0.48792918454935624 0.026759530791788857 0.006437768240343348 0.01906158357771261
23 0.47129828326180256 0.024560117302052785 0.012339055793991416 0.007331378299120235
4 0.40477467811158796 0.013563049853372434 0.009656652360515022 0.01906158357771261
4 0.391362660944206 0.012829912023460411 0.0075107296137339056 0.018328445747800588
23 0.4584227467811159 0.023826979472140762 0.011266094420600859 0.008064516129032258
23 0.6920600858369099 0.06378299120234604 0.013412017167381975 0.008797653958944282
23 0.7341738197424893 0.07624633431085044 0.0075107296137339056 0.01686217008797654
23 0.4707618025751073 0.03262463343108504 0.011266094420600859 0.008797653958944282
4 0.6496781115879828 0.062683284457478 0.009120171673819743 0.019794721407624633
4 0.6638948497854077 0.06524926686217009 0.008583690987124463 0.020527859237536656
4 0.6569206008583691 0.06451612903225806 0.006437768240343348 0.01906158357771261
4 0.6797210300429185 0.06854838709677419 0.008583690987124463 0.019794721407624633
23 0.7196888412017167 0.07661290322580645 0.0075107296137339056 0.01686217008797654
23 0.7242489270386266 0.07881231671554252 0.006974248927038627 0.015395894428152493
23 0.27414163090128757 0.005865102639296188 0.006437768240343348 0.011730205278592375
23 0.2792381974248927 0.006231671554252199 0.004828326180257511 0.012463343108504398
23 0.19098712446351931 0.004032258064516129 0.006437768240343348 0.008064516129032258
23 0.16496781115879827 0.0018328445747800588 0.006974248927038627 0.0036656891495601175
23 0.19527896995708155 0.004398826979472141 0.00536480686695279 0.008797653958944282
23 0.3409334763948498 0.026392961876832845 0.006437768240343348 0.016129032258064516
23 0.34549356223175964 0.02932551319648094 0.006437768240343348 0.01686217008797654
23 0.7127145922746781 0.093841642228739 0.006974248927038627 0.01686217008797654
23 0.7180793991416309 0.09567448680351906 0.0075107296137339056 0.01466275659824047
23 0.7242489270386266 0.0967741935483871 0.00536480686695279 0.016129032258064516
23 0.7446351931330472 0.10080645161290322 0.0075107296137339056 0.017595307917888565
23 0.1271459227467811 0.0032991202346041057 0.006437768240343348 0.006598240469208211
23 0.12151287553648069 0.002932551319648094 0.006974248927038627 0.005865102639296188
4 0.8417381974248928 0.1312316715542522 0.011266094420600859 0.008064516129032258
4 0.8554184549356223 0.13416422287390029 0.012875536480686695 0.010997067448680353
4 0.7738733905579399 0.12866568914956011 0.006974248927038627 0.01906158357771261
4 0.7690450643776824 0.12866568914956011 0.00536480686695279 0.018328445747800588
23 0.7631437768240343 0.1282991202346041 0.006437768240343348 0.016129032258064516
23 0.7679721030042919 0.1469941348973607 0.006437768240343348 0.017595307917888565
23 0.7736051502145923 0.14846041055718476 0.004828326180257511 0.016129032258064516
4 0.8395922746781116 0.16642228739002932 0.011802575107296138 0.008797653958944282
23 0.8538090128755365 0.17228739002932553 0.012339055793991416 0.008797653958944282
23 0.8395922746781116 0.17302052785923755 0.011802575107296138 0.007331378299120235
7 0.9125536480686696 0.1972140762463343 0.06276824034334764 0.2661290322580645
7 0.9750536480686696 0.21077712609970675 0.04881974248927039 0.27052785923753664
23 0.8524678111587983 0.18181818181818182 0.011802575107296138 0.008064516129032258
23 0.8390557939914163 0.18035190615835778 0.01072961373390558 0.008797653958944282
23 0.8500536480686696 0.18878299120234604 0.012339055793991416 0.008797653958944282
23 0.8497854077253219 0.19831378299120234 0.0101931330472103 0.008797653958944282
23 0.8320815450643777 0.2254398826979472 0.011802575107296138 0.008797653958944282
23 0.846030042918455 0.2287390029325513 0.01072961373390558 0.008064516129032258
23 0.8589055793991416 0.25219941348973607 0.014484978540772532 0.010997067448680353
23 0.8374463519313304 0.2565982404692082 0.012875536480686695 0.008064516129032258
4 0.858637339055794 0.26099706744868034 0.013412017167381975 0.009530791788856305
23 0.8358369098712446 0.2631964809384164 0.012339055793991416 0.008797653958944282
23 0.4715665236051502 0.20197947214076245 0.004828326180257511 0.013196480938416423
23 0.47585836909871243 0.20344574780058652 0.005901287553648069 0.015395894428152493
4 0.16550429184549356 0.15139296187683285 0.006437768240343348 0.017595307917888565
23 0.37526824034334766 0.18658357771260997 0.005901287553648069 0.015395894428152493
23 0.5008047210300429 0.20747800586510265 0.005901287553648069 0.016129032258064516
23 0.4613733905579399 0.20161290322580644 0.004291845493562232 0.015395894428152493
23 0.4667381974248927 0.20271260997067447 0.004828326180257511 0.015395894428152493
23 0.33583690987124465 0.1807184750733138 0.004828326180257511 0.01466275659824047
23 0.42623390557939916 0.19574780058651026 0.00536480686695279 0.015395894428152493
23 0.4812231759656652 0.20491202346041057 0.004291845493562232 0.01686217008797654
23 0.42140557939914164 0.19574780058651026 0.004291845493562232 0.017595307917888565
23 0.3409334763948498 0.18218475073313783 0.006437768240343348 0.01686217008797654
23 0.3803648068669528 0.18878299120234604 0.006974248927038627 0.01686217008797654
23 0.5061695278969958 0.21004398826979473 0.0075107296137339056 0.01906158357771261
23 0.19340128755364808 0.1590909090909091 0.00536480686695279 0.016129032258064516
23 0.1990343347639485 0.16055718475073313 0.00536480686695279 0.016129032258064516
23 0.23363733905579398 0.16642228739002932 0.005901287553648069 0.013929618768328446
23 0.2384656652360515 0.16788856304985336 0.005901287553648069 0.01686217008797654
4 0.07349785407725322 0.1528592375366569 0.016630901287553648 0.008797653958944282
4 0.6333154506437768 0.249633431085044 0.013948497854077254 0.008064516129032258
23 0.07162017167381975 0.16129032258064516 0.012339055793991416 0.008797653958944282
4 0.6689914163090128 0.2624633431085044 0.012875536480686695 0.008064516129032258
4 0.05686695278969957 0.16129032258064516 0.011266094420600859 0.008064516129032258
4 0.6368025751072961 0.2591642228739003 0.012339055793991416 0.010263929618768328
23 0.0802038626609442 0.16678885630498533 0.005901287553648069 0.015395894428152493
4 0.6196351931330472 0.25843108504398826 0.012339055793991416 0.010997067448680353
4 0.6515557939914163 0.26392961876832843 0.011266094420600859 0.006598240469208211
4 0.70681330472103 0.2730938416422287 0.014484978540772532 0.009530791788856305
4 0.6783798283261803 0.2719941348973607 0.012339055793991416 0.008064516129032258
4 0.07081545064377683 0.17008797653958943 0.01072961373390558 0.008064516129032258
4 0.05686695278969957 0.16862170087976538 0.01072961373390558 0.006598240469208211
23 0.6649678111587983 0.27126099706744866 0.011266094420600859 0.008064516129032258
4 0.677843347639485 0.2785923753665689 0.012875536480686695 0.008797653958944282
23 0.03862660944206009 0.17302052785923755 0.005901287553648069 0.01686217008797654
23 0.6641630901287554 0.2785923753665689 0.011266094420600859 0.006598240469208211
23 0.03353004291845493 0.17412023460410558 0.005901287553648069 0.016129032258064516
23 0.04372317596566524 0.17595307917888564 0.005901287553648069 0.01686217008797654
4 0.6016630901287554 0.2697947214076246 0.012339055793991416 0.008064516129032258
23 0.6630901287553648 0.2844574780058651 0.012339055793991416 0.008064516129032258
4 0.677038626609442 0.2873900293255132 0.012875536480686695 0.011730205278592375
23 0.6011266094420601 0.27749266862170086 0.011802575107296138 0.008064516129032258
4 0.6628218884120172 0.2932551319648094 0.01072961373390558 0.008064516129032258
4 0.7347103004291845 0.3053519061583578 0.013412017167381975 0.009530791788856305
23 0.6003218884120172 0.28482404692082114 0.011802575107296138 0.007331378299120235
23 0.7701180257510729 0.31414956011730205 0.005901287553648069 0.01686217008797654
23 0.79318669527897 0.31781524926686217 0.006437768240343348 0.01686217008797654
4 0.7553648068669528 0.31158357771260997 0.006974248927038627 0.01686217008797654
23 0.7253218884120172 0.30718475073313783 0.006437768240343348 0.016129032258064516
23 0.7803111587982833 0.31671554252199413 0.005901287553648069 0.016129032258064516
23 0.7864806866952789 0.3185483870967742 0.00536480686695279 0.016129032258064516
4 0.8009656652360515 0.32074780058651026 0.006974248927038627 0.018328445747800588
4 0.8068669527896996 0.3225806451612903 0.005901287553648069 0.017595307917888565
23 0.5992489270386266 0.29215542521994137 0.01072961373390558 0.008064516129032258
4 0.5989806866952789 0.2994868035190616 0.013412017167381975 0.007331378299120235
4 0.6907188841201717 0.3156158357771261 0.013948497854077254 0.009530791788856305
23 0.7647532188841202 0.3280791788856305 0.013412017167381975 0.008797653958944282
15 0.6298283261802575 0.3053519061583578 0.049892703862660946 0.08577712609970674
4 0.5370171673819742 0.29215542521994137 0.017703862660944206 0.012463343108504398
4 0.14619098712446352 0.22727272727272727 0.013948497854077254 0.008797653958944282
23 0.7237124463519313 0.3262463343108504 0.006437768240343348 0.018328445747800588
23 0.8004291845493562 0.3390762463343108 0.005901287553648069 0.017595307917888565
23 0.7854077253218884 0.33724340175953077 0.00536480686695279 0.015395894428152493
23 0.7918454935622318 0.3383431085043988 0.006974248927038627 0.01686217008797654
23 0.778969957081545 0.33614369501466274 0.005901287553648069 0.018328445747800588
4 0.717274678111588 0.3258797653958944 0.0075107296137339056 0.018328445747800588
4 0.8092811158798283 0.3420087976539589 0.006437768240343348 0.016129032258064516
23 0.5989806866952789 0.30755131964809385 0.011266094420600859 0.007331378299120235
23 0.6593347639484979 0.32001466275659823 0.011802575107296138 0.007331378299120235
23 0.6727467811158798 0.3222140762463343 0.011266094420600859 0.008797653958944282
15 0.06866952789699571 0.22287390029325513 0.0536480686695279 0.09824046920821114
4 0.529774678111588 0.3002199413489736 0.015021459227467811 0.009530791788856305
23 0.5979077253218884 0.31341642228739003 0.011266094420600859 0.008797653958944282
4 0.6853540772532188 0.3317448680351906 0.011802575107296138 0.008064516129032258
23 0.657725321888412 0.32697947214076245 0.01072961373390558 0.007331378299120235
23 0.6719420600858369 0.3310117302052786 0.011802575107296138 0.008797653958944282
4 0.5287017167381974 0.3068181818181818 0.013948497854077254 0.009530791788856305
23 0.5971030042918455 0.32111436950146627 0.0101931330472103 0.006598240469208211
23 0.657725321888412 0.33357771260997066 0.011266094420600859 0.008064516129032258
4 0.6842811158798283 0.3387096774193548 0.012339055793991416 0.008797653958944282
23 0.6714055793991416 0.3376099706744868 0.011802575107296138 0.008797653958944282
23 0.5965665236051502 0.3284457478005865 0.0101931330472103 0.008797653958944282
23 0.6708690987124464 0.34384164222873903 0.012339055793991416 0.010263929618768328
23 0.39431330472103004 0.29765395894428154 0.005901287553648069 0.016129032258064516
4 0.6574570815450643 0.3416422287390029 0.013412017167381975 0.009530791788856305
4 0.6840128755364807 0.3464076246334311 0.012875536480686695 0.009530791788856305
4 0.38412017167381973 0.29802052785923755 0.006974248927038627 0.01906158357771261
23 0.024141630901287552 0.2375366568914956 0.006974248927038627 0.016129032258064516
23 0.5957618025751072 0.3357771260997067 0.0101931330472103 0.007331378299120235
4 0.2615343347639485 0.28482404692082114 0.014484978540772532 0.010263929618768328
4 0.657725321888412 0.35153958944281527 0.012875536480686695 0.010263929618768328
23 0.595225321888412 0.34237536656891493 0.009656652360515022 0.005131964809384164
23 0.6035407725321889 0.35117302052785926 0.005901287553648069 0.01686217008797654
23 0.5174356223175965 0.33687683284457476 0.012339055793991416 0.008797653958944282
4 0.6872317596566524 0.3651026392961877 0.012339055793991416 0.008064516129032258
23 0.5946888412017167 0.3497067448680352 0.011266094420600859 0.005865102639296188
23 0.5295064377682404 0.33944281524926684 0.011802575107296138 0.007331378299120235
4 0.9138948497854077 0.4039589442815249 0.014484978540772532 0.010263929618768328
23 0.27655579399141633 0.3035190615835777 0.012339055793991416 0.009530791788856305
23 0.2636802575107296 0.30168621700879766 0.012339055793991416 0.008064516129032258
23 0.5933476394849786 0.35703812316715544 0.0101931330472103 0.005865102639296188
23 0.1290236051502146 0.2796920821114369 0.012339055793991416 0.008797653958944282
4 0.8581008583690987 0.40212609970674484 0.013948497854077254 0.009530791788856305
4 0.6625536480686696 0.3691348973607038 0.005901287553648069 0.01686217008797654
4 0.6566523605150214 0.3687683284457478 0.005901287553648069 0.01686217008797654
4 0.6499463519313304 0.37023460410557185 0.006974248927038627 0.020527859237536656
23 0.5085836909871244 0.3493401759530792 0.0075107296137339056 0.01906158357771261
23 0.5992489270386266 0.3651026392961877 0.011266094420600859 0.006598240469208211
23 0.5836909871244635 0.3625366568914956 0.00536480686695279 0.01686217008797654
23 0.2784334763948498 0.312316715542522 0.013948497854077254 0.010263929618768328
23 0.03031115879828326 0.2719941348973607 0.004828326180257511 0.016129032258064516
23 0.024409871244635194 0.27089442815249265 0.00536480686695279 0.013929618768328446
4 0.5021459227467812 0.3555718475073314 0.008583690987124463 0.01686217008797654
4 0.2958690987124464 0.32404692082111436 0.012875536480686695 0.008797653958944282
23 0.5885193133047211 0.37609970674486803 0.006437768240343348 0.01686217008797654
4 0.5957618025751072 0.3786656891495601 0.0075107296137339056 0.01686217008797654
4 0.6016630901287554 0.38049853372434017 0.00536480686695279 0.016129032258064516
4 0.8910944206008584 0.4303519061583578 0.006437768240343348 0.017595307917888565
23 0.296137339055794 0.3313782991202346 0.013412017167381975 0.010263929618768328
23 0.5252145922746781 0.36986803519061584 0.012339055793991416 0.008797653958944282
4 0.4468884120171674 0.3618035190615836 0.013948497854077254 0.008064516129032258
4 0.7953326180257511 0.4241202346041056 0.005901287553648069 0.01686217008797654
23 0.44662017167381973 0.3720674486803519 0.01072961373390558 0.008064516129032258
4 0.589324034334764 0.4094574780058651 0.015021459227467811 0.010997067448680353
4 0.5276287553648069 0.41019061583577715 0.006974248927038627 0.018328445747800588
4 0.5871781115879828 0.4252199413489736 0.013948497854077254 0.010263929618768328
23 0.46834763948497854 0.4142228739002933 0.01072961373390558 0.007331378299120235
23 0.4841738197424893 0.42338709677419356 0.01072961373390558 0.006598240469208211
4 0.47129828326180256 0.42265395894428154 0.013412017167381975 0.007331378299120235
4 0.596030042918455 0.4468475073313783 0.0075107296137339056 0.01906158357771261
4 0.24892703862660945 0.39002932551319647 0.0075107296137339056 0.017595307917888565
4 0.4694206008583691 0.42998533724340177 0.012875536480686695 0.010997067448680353
23 0.48390557939914164 0.43218475073313783 0.011266094420600859 0.008797653958944282
4 0.6684549356223176 0.46480938416422285 0.0075107296137339056 0.018328445747800588
23 0.4560085836909871 0.42925219941348974 0.012339055793991416 0.008797653958944282
7 0.5490879828326181 0.45197947214076245 0.08315450643776824 0.48826979472140764
4 0.5252145922746781 0.4479472140762463 0.006437768240343348 0.01906158357771261
23 0.28084763948497854 0.43585043988269795 0.013412017167381975 0.008797653958944282
4 0.2542918454935622 0.4314516129032258 0.013412017167381975 0.009530791788856305
4 0.5158261802575107 0.4871700879765396 0.017167381974248927 0.011730205278592375