7 0.013959390862944163 0.5978818998716303 0.027918781725888325 0.07637997432605904
15 0.5186125211505922 0.6652759948652118 0.043993231810490696 0.044287548138639284
4 0.7813028764805414 0.7021822849807445 0.01015228426395939 0.019255455712451863
15 0.823181049069374 0.70795892169448 0.05922165820642978 0.05006418485237484
30 0.7571912013536379 0.7028241335044929 0.02622673434856176 0.02631578947368421
7 0.9175126903553299 0.7445442875481386 0.0922165820642978 0.21501925545571246
7 0.2225042301184433 0.031450577663671375 0.12521150592216582 0.044929396662387676
15 0.5114213197969543 0.7130937098844673 0.04483925549915398 0.044287548138639284
15 0.04949238578680203 0.6591784338896021 0.06006768189509306 0.03080872913992298
4 0.2986463620981388 0.6983311938382541 0.009306260575296108 0.012836970474967908
15 0.8181049069373942 0.7612323491655969 0.028764805414551606 0.025673940949935817
30 0.7601522842639594 0.7554557124518614 0.032148900169204735 0.01797175866495507
4 0.8604060913705583 0.7682926829268293 0.023688663282571912 0.010911424903722721
23 0.10744500846023688 0.6810012836970475 0.018612521150592216 0.009627727856225931
23 0.10575296108291032 0.6925545571245186 0.0194585448392555 0.007702182284980745
15 0.04187817258883249 0.6941591784338896 0.06260575296108291 0.037227214377406934
15 0.12309644670050761 0.7102053915275995 0.0338409475465313 0.02631578947368421
30 0.7982233502538071 0.7933247753530167 0.05583756345177665 0.03594351732991014
4 0.550761421319797 0.7708600770218228 0.012690355329949238 0.01668806161745828
4 0.7990693739424704 0.8196405648267009 0.02707275803722504 0.013478818998716302
15 0.17808798646362098 0.7455070603337612 0.06091370558375635 0.036585365853658534
4 0.07021996615905245 0.7355584082156611 0.009306260575296108 0.017329910141206675
15 0.5528764805414551 0.8039152759948652 0.031302876480541454 0.038510911424903725
4 0.5283417935702199 0.8013478818998716 0.015228426395939087 0.02053915275994865
30 0.5964467005076142 0.8112965340179717 0.05922165820642978 0.03594351732991014
15 0.4543147208121827 0.8064826700898587 0.03299492385786802 0.028883183568677792
15 0.09348561759729272 0.7779204107830552 0.0922165820642978 0.059050064184852376
15 0.2203891708967851 0.7962130937098845 0.02622673434856176 0.026957637997432605
15 0.2563451776649746 0.80198973042362 0.023688663282571912 0.023106546854942234
4 0.44839255499153974 0.8292682926829268 0.01692047377326565 0.021181001283697046
15 0.24957698815566837 0.829589216944801 0.027918781725888325 0.026957637997432605
33 0.2131979695431472 0.8260590500641849 0.02961082910321489 0.025673940949935817
4 0.06387478849407784 0.8170731707317073 0.009306260575296108 0.013478818998716302
7 0.11040609137055837 0.08729139922978177 0.04991539763113367 0.07894736842105263
30 0.9564297800338409 0.21148908857509627 0.028764805414551606 0.019255455712451863
33 0.9864636209813875 0.23010269576379974 0.025380710659898477 0.045571245186136075
15 0.8756345177664975 0.21758664955070603 0.06091370558375635 0.044287548138639284
30 0.950507614213198 0.2365211810012837 0.032148900169204735 0.02053915275994865
4 0.8790186125211505 0.2506418485237484 0.016074450084602367 0.02053915275994865
4 0.850253807106599 0.25096277278562257 0.011844331641285956 0.012836970474967908
23 0.20939086294416243 0.20057766367137356 0.027918781725888325 0.010911424903722721
23 0.20769881556683586 0.21373555840821565 0.02707275803722504 0.011553273427471117
15 0.9369712351945855 0.305198973042362 0.11844331641285956 0.10077021822849808
15 0.30879864636209814 0.23138639281129653 0.1412859560067682 0.10847240051347883
23 0.20516074450084604 0.22593068035943517 0.02707275803722504 0.011553273427471117
23 0.20516074450084604 0.2371630295250321 0.030456852791878174 0.010911424903722721
4 0.8362944162436549 0.34403080872913994 0.01015228426395939 0.013478818998716302
4 0.8591370558375635 0.3465982028241335 0.02622673434856176 0.028883183568677792
4 0.8197969543147208 0.3443517329910141 0.011844331641285956 0.016046213093709884
4 0.37817258883248733 0.2942875481386393 0.028764805414551606 0.012836970474967908
15 0.6510152284263959 0.3475609756097561 0.15228426395939088 0.1123234916559692
15 0.3849407783417936 0.32188703465982027 0.06598984771573604 0.023106546854942234
4 0.9420473773265652 0.42233632862644416 0.011844331641285956 0.01540436456996149
15 0.8578680203045685 0.4579589216944801 0.16666666666666666 0.08921694480102696
4 0.7648054145516074 0.49903722721437743 0.011844331641285956 0.01668806161745828
4 0.9111675126903553 0.5186136071887034 0.016074450084602367 0.02053915275994865
4 0.8498307952622673 0.5394736842105263 0.018612521150592216 0.009627727856225931
4 0.8134517766497462 0.535622593068036 0.02030456852791878 0.010911424903722721
4 0.8828257191201354 0.5446084724005135 0.01692047377326565 0.011553273427471117
15 0.20135363790186125 0.46309370988446724 0.03722504230118443 0.026957637997432605
4 0.9276649746192893 0.5651476251604621 0.015228426395939087 0.02374839537869063
15 0.8494077834179357 0.5776636713735558 0.05752961082910321 0.03530166880616174
15 0.7669204737732657 0.5680359435173299 0.06091370558375635 0.03209242618741977
7 0.02622673434856176 0.4942233632862644 0.048223350253807105 0.09563543003851091
15 0.5803722504230119 0.5651476251604621 0.11928934010152284 0.13478818998716302
15 0.8925549915397631 0.6055840821566111 0.03299492385786802 0.02631578947368421
4 0.7588832487309645 0.5901797175866496 0.02284263959390863 0.009627727856225931
30 0.8565989847715736 0.6075096277278562 0.030456852791878174 0.021181001283697046
30 0.8227580372250423 0.6036585365853658 0.031302876480541454 0.02053915275994865
0 0.8079526226734348 0.6177792041078306 0.004230118443316413 0.006418485237483954
15 0.8887478849407784 0.631578947368421 0.031302876480541454 0.025673940949935817
15 0.754653130287648 0.6232349165596919 0.05583756345177665 0.03337612323491656
15 0.33121827411167515 0.5940308087291399 0.2639593908629442 0.20154043645699615
4 0.7258883248730964 0.6434531450577664 0.025380710659898477 0.011553273427471117
7 0.48307952622673433 0.05455712451861361 0.1446700507614213 0.0410783055198973
15 0.08417935702199661 0.5680359435173299 0.048223350253807105 0.04621309370988447
0 0.8498307952622673 0.6643132220795892 0.025380710659898477 0.021822849807445442
15 0.14086294416243655 0.5840821566110398 0.0583756345177665 0.03530166880616174
15 0.7457698815566836 0.6684852374839538 0.06260575296108291 0.03401797175866496