23 0.18589055793991416 0.5042932628797886 0.013948497854077254 0.010568031704095112
23 0.16952789699570817 0.49966974900924704 0.012339055793991416 0.010568031704095112
23 0.10944206008583691 0.4900924702774108 0.009656652360515022 0.017173051519154558
23 0.11883047210300429 0.4930647291941876 0.009656652360515022 0.015852047556142668
23 0.12875536480686695 0.4963672391017173 0.009120171673819743 0.015852047556142668
23 0.1826716738197425 0.5158520475561427 0.013412017167381975 0.009907529722589167
4 0.16630901287553648 0.5115587846763541 0.013412017167381975 0.011889035667107
7 0.7569742489270386 0.1287978863936592 0.1834763948497854 0.15059445178335534
15 0.7540236051502146 0.7110303830911493 0.11856223175965665 0.14795244385733158
4 0.6923283261802575 0.6912153236459709 0.012875536480686695 0.011228533685601057
23 0.4468884120171674 0.6139365918097754 0.008583690987124463 0.015852047556142668
23 0.4364270386266094 0.6103038309114928 0.009120171673819743 0.015852047556142668
23 0.41523605150214593 0.6033685601056803 0.009120171673819743 0.015191545574636724
23 0.42623390557939916 0.607001321003963 0.008583690987124463 0.015852047556142668
23 0.4063841201716738 0.6003963011889035 0.009656652360515022 0.016512549537648614
15 0.2668991416309013 0.5558124174372523 0.16469957081545064 0.20277410832232498
23 0.16416309012875535 0.5224570673712021 0.011802575107296138 0.010568031704095112
23 0.18052575107296137 0.5287318361955086 0.014484978540772532 0.011889035667107
23 0.6896459227467812 0.7034346103038309 0.012339055793991416 0.009907529722589167
23 0.17837982832618027 0.5409511228533685 0.01555793991416309 0.013210039630118891
23 0.16174892703862662 0.535336856010568 0.013412017167381975 0.011228533685601057
23 0.4216738197424893 0.6274768824306473 0.009656652360515022 0.015852047556142668
23 0.44259656652360513 0.6340819022457067 0.008583690987124463 0.015191545574636724
23 0.43186695278969955 0.631439894319683 0.008583690987124463 0.015191545574636724
4 0.4112124463519313 0.6245046235138706 0.009120171673819743 0.015852047556142668
23 0.6880364806866953 0.7159841479524438 0.012875536480686695 0.010568031704095112
23 0.17542918454935622 0.5515191545574637 0.017167381974248927 0.013870541611624834
23 0.15933476394849785 0.5468956406869221 0.012875536480686695 0.011228533685601057
23 0.6671137339055794 0.714993394980185 0.012339055793991416 0.009907529722589167
23 0.3551502145922747 0.6162483487450462 0.012875536480686695 0.011228533685601057
23 0.6856223175965666 0.726552179656539 0.012875536480686695 0.010568031704095112
23 0.6655042918454935 0.7275429326287979 0.013412017167381975 0.011889035667107
23 0.15611587982832617 0.559445178335535 0.013412017167381975 0.011889035667107
23 0.1719420600858369 0.5677014531043593 0.015021459227467811 0.013870541611624834
23 0.39002145922746784 0.6400264200792602 0.0101931330472103 0.017173051519154558
23 0.3994098712446352 0.6433289299867899 0.009656652360515022 0.016512549537648614
23 0.35246781115879827 0.6291281373844122 0.013948497854077254 0.011228533685601057
23 0.6832081545064378 0.738110964332893 0.011802575107296138 0.010568031704095112
7 0.9321351931330472 0.19253632760898282 0.13465665236051502 0.14597093791281374
23 0.6628218884120172 0.739101717305152 0.012875536480686695 0.010568031704095112
23 0.15396995708154507 0.5713342140026421 0.012875536480686695 0.010568031704095112
15 0.42006437768240346 0.6601717305151915 0.03487124463519313 0.04491413474240423
23 0.17006437768240343 0.5792602377807133 0.014484978540772532 0.011228533685601057
23 0.6799892703862661 0.75 0.012339055793991416 0.010568031704095112
23 0.3500536480686695 0.642668428005284 0.012875536480686695 0.010568031704095112
23 0.6604077253218884 0.7506605019815059 0.012875536480686695 0.011228533685601057
4 0.16738197424892703 0.5914795244385733 0.015021459227467811 0.011228533685601057
23 0.14833690987124465 0.5898282694848085 0.011802575107296138 0.009907529722589167
23 0.3471030042918455 0.6562087186261559 0.012875536480686695 0.010568031704095112
4 0.6579935622317596 0.761889035667107 0.013948497854077254 0.011228533685601057
23 0.7009120171673819 0.7817040951122853 0.008047210300429184 0.015191545574636724
23 0.6821351931330472 0.7760898282694848 0.009656652360515022 0.016512549537648614
23 0.6917918454935622 0.7800528401585205 0.008583690987124463 0.015191545574636724
23 0.6716738197424893 0.773447820343461 0.008047210300429184 0.015191545574636724
23 0.3444206008583691 0.6680977542932629 0.013412017167381975 0.011889035667107
23 0.4189914163090129 0.6941875825627477 0.0101931330472103 0.017173051519154558
23 0.4291845493562232 0.6981505944517834 0.009656652360515022 0.017173051519154558
23 0.4069206008583691 0.6955085865257595 0.0101931330472103 0.016512549537648614
23 0.398068669527897 0.6928665785997358 0.009656652360515022 0.016512549537648614
23 0.34120171673819744 0.6813077939233818 0.012875536480686695 0.011228533685601057
23 0.6773068669527897 0.797886393659181 0.008047210300429184 0.015191545574636724
23 0.6864270386266095 0.8015191545574637 0.009120171673819743 0.01453104359313078
23 0.6958154506437768 0.8044914134742405 0.009656652360515022 0.017173051519154558
23 0.4248927038626609 0.7179656538969617 0.0101931330472103 0.0178335535006605
23 0.41496781115879827 0.714663143989432 0.009120171673819743 0.015852047556142668
23 0.7929184549356223 0.8586525759577279 0.013948497854077254 0.012549537648612946
23 0.8095493562231759 0.869550858652576 0.012875536480686695 0.011228533685601057
4 0.3782188841201717 0.7278731836195509 0.0101931330472103 0.017173051519154558
4 0.38814377682403434 0.7311756935270806 0.009656652360515022 0.016512549537648614
7 0.4855150214592275 0.07298546895640687 0.16523605150214593 0.14597093791281374
23 0.7905042918454935 0.8698811096433289 0.013412017167381975 0.011228533685601057
23 0.8074034334763949 0.8811096433289299 0.013412017167381975 0.011889035667107
23 0.7880901287553648 0.881439894319683 0.013412017167381975 0.011889035667107
23 0.8049892703862661 0.8933289299867899 0.013948497854077254 0.011889035667107
15 0.7475858369098712 0.8758256274768824 0.06706008583690987 0.07926023778071334
23 0.7854077253218884 0.892998678996037 0.012875536480686695 0.010568031704095112
23 0.8025751072961373 0.9042272126816381 0.012875536480686695 0.010568031704095112
23 0.783530042918455 0.904557463672391 0.012339055793991416 0.010568031704095112
23 0.799892703862661 0.9154557463672391 0.012339055793991416 0.010568031704095112
23 0.773068669527897 0.9326287978863936 0.012875536480686695 0.009907529722589167
23 0.7542918454935622 0.9270145310435931 0.013412017167381975 0.011228533685601057
23 0.7703862660944206 0.9441875825627477 0.012875536480686695 0.011228533685601057
23 0.7521459227467812 0.9389035667107001 0.012875536480686695 0.010568031704095112
7 0.6177575107296137 0.10733157199471599 0.08261802575107297 0.13870541611624834
4 0.654774678111588 0.97556142668428 0.028433476394849784 0.047556142668428
4 0.6783798283261803 0.9795244385733157 0.028433476394849784 0.03963011889035667
4 0.7234442060085837 0.98778071334214 0.028433476394849784 0.023117569352708058
4 0.7473175965665236 0.9917437252311757 0.028969957081545063 0.015191545574636724
23 0.9975858369098712 0.3190224570673712 0.0037553648068669528 0.015852047556142668
23 0.9900751072961373 0.3157199471598415 0.009120171673819743 0.015191545574636724
23 0.9790772532188842 0.3120871862615588 0.009120171673819743 0.015852047556142668
23 0.9691523605150214 0.30944517833553503 0.0101931330472103 0.017173051519154558
23 0.37473175965665234 0.11624834874504623 0.013412017167381975 0.011228533685601057
23 0.7290772532188842 0.23645970937912814 0.009656652360515022 0.016512549537648614
4 0.6630901287553648 0.21532364597093792 0.012339055793991416 0.010568031704095112
4 0.6389484978540773 0.20805812417437253 0.013412017167381975 0.011889035667107
4 0.6883047210300429 0.22424042272126815 0.013948497854077254 0.011228533685601057
30 0.8363733905579399 0.273778071334214 0.018776824034334765 0.023117569352708058
30 0.8202789699570815 0.2691545574636724 0.017703862660944206 0.023778071334214
30 0.8516630901287554 0.2797225891677675 0.018240343347639486 0.023117569352708058
23 0.8782188841201717 0.2883091149273448 0.009120171673819743 0.015191545574636724
30 0.7886266094420601 0.25891677675033026 0.018776824034334765 0.023117569352708058
30 0.7422210300429185 0.24405548216644649 0.019313304721030045 0.023778071334214
30 0.7588519313304721 0.24966974900924702 0.017167381974248927 0.022457067371202115
30 0.8044527896995708 0.26486129458388374 0.017167381974248927 0.023778071334214
23 0.8873390557939914 0.2919418758256275 0.009120171673819743 0.015852047556142668
30 0.7733369098712446 0.25429326287978865 0.017167381974248927 0.022457067371202115
23 0.8967274678111588 0.2952443857331572 0.009656652360515022 0.017173051519154558
4 0.8688304721030042 0.285997357992074 0.008583690987124463 0.015191545574636724
23 0.9061158798283262 0.29821664464993397 0.01072961373390558 0.018494055482166448
23 0.41604077253218885 0.1380449141347424 0.008047210300429184 0.01453104359313078
23 0.4627145922746781 0.15323645970937913 0.009120171673819743 0.015852047556142668
23 0.47263948497854075 0.15653896961690886 0.008583690987124463 0.015191545574636724
23 0.4061158798283262 0.13540290620871862 0.008047210300429184 0.015191545574636724
23 0.48175965665236054 0.16017173051519154 0.008047210300429184 0.015191545574636724
23 0.44393776824034337 0.14795244385733158 0.009656652360515022 0.016512549537648614
23 0.4533261802575107 0.15092470277410833 0.009656652360515022 0.016512549537648614
23 0.434549356223176 0.14464993394980186 0.009120171673819743 0.015852047556142668
23 0.4251609442060086 0.14233817701453105 0.008047210300429184 0.015852047556142668
23 0.5544527896995708 0.1856010568031704 0.012339055793991416 0.011228533685601057
4 0.3728540772532189 0.12780713342140027 0.015021459227467811 0.012549537648612946
15 0.5228004291845494 0.17800528401585206 0.04452789699570815 0.047556142668428
4 0.18562231759656653 0.07067371202113606 0.03594420600858369 0.018494055482166448
23 0.5509656652360515 0.19682959048877147 0.011802575107296138 0.010568031704095112
23 0.3707081545064378 0.13936591809775428 0.013948497854077254 0.012549537648612946
23 0.8350321888412017 0.2952443857331572 0.008047210300429184 0.015191545574636724
23 0.8505901287553648 0.3005284015852048 0.009120171673819743 0.015191545574636724
23 0.8031115879828327 0.285997357992074 0.0075107296137339056 0.01453104359313078
23 0.7719957081545065 0.27575957727873185 0.01072961373390558 0.018494055482166448
23 0.755901287553648 0.2704755614266843 0.008583690987124463 0.015852047556142668
23 0.8186695278969958 0.2912813738441215 0.008583690987124463 0.015191545574636724
23 0.740343347639485 0.2661822985468956 0.008047210300429184 0.015852047556142668
23 0.7870171673819742 0.2813738441215324 0.009656652360515022 0.016512549537648614
4 0.4396459227467811 0.16974900924702774 0.008583690987124463 0.015852047556142668
4 0.4012875536480687 0.1568692206076618 0.008583690987124463 0.015191545574636724
23 0.4490343347639485 0.17272126816380448 0.009656652360515022 0.017173051519154558
4 0.4206008583690987 0.16347424042272127 0.008047210300429184 0.015852047556142668
23 0.41094420600858367 0.16083223249669748 0.008583690987124463 0.015852047556142668
23 0.42972103004291845 0.16710700132100395 0.009120171673819743 0.017173051519154558
15 0.9771995708154506 0.3487450462351387 0.04452789699570815 0.05019815059445178
30 0.8637339055793991 0.3137384412153236 0.017167381974248927 0.022457067371202115
4 0.3677575107296137 0.15059445178335534 0.012339055793991416 0.011228533685601057
15 0.8889484978540773 0.3252972258916777 0.02682403433476395 0.04227212681638045
4 0.3876072961373391 0.1621532364597094 0.008047210300429184 0.01453104359313078
23 0.22800429184549356 0.11624834874504623 0.012875536480686695 0.010568031704095112
23 0.210568669527897 0.1119550858652576 0.011802575107296138 0.009907529722589167
30 0.8428111587982833 0.32331571994715985 0.018240343347639486 0.021796565389696168
30 0.825107296137339 0.3180317040951123 0.017703862660944206 0.021136063408190225
30 0.7800429184549357 0.30317040951122853 0.017703862660944206 0.021136063408190225
30 0.8111587982832618 0.31340819022457067 0.016630901287553648 0.021136063408190225
30 0.7644849785407726 0.29788639365918096 0.018776824034334765 0.022457067371202115
30 0.7333690987124464 0.2876486129458388 0.017703862660944206 0.022457067371202115
30 0.7489270386266095 0.2929326287978864 0.017167381974248927 0.022457067371202115
30 0.7958690987124464 0.309114927344782 0.017703862660944206 0.021136063408190225
4 0.15853004291845493 0.09940554821664464 0.02682403433476395 0.015191545574636724
4 0.18910944206008584 0.1096433289299868 0.008583690987124463 0.015852047556142668
4 0.17945278969957082 0.10700132100396301 0.0101931330472103 0.016512549537648614
15 0.3226931330472103 0.15852047556142668 0.028433476394849784 0.03896961690885073
23 0.38358369098712447 0.18262879788639366 0.008047210300429184 0.015191545574636724
4 0.39243562231759654 0.1856010568031704 0.009656652360515022 0.016512549537648614
4 0.4208690987124464 0.19484808454425362 0.009656652360515022 0.016512549537648614
23 0.40155579399141633 0.18923381770145312 0.008583690987124463 0.015191545574636724
23 0.411480686695279 0.19253632760898282 0.008583690987124463 0.015191545574636724
23 0.24007510729613735 0.14200792602377807 0.009120171673819743 0.016512549537648614
4 0.23068669527896996 0.13969616908850727 0.008047210300429184 0.01453104359313078
23 0.8782188841201717 0.35468956406869223 0.009656652360515022 0.016512549537648614
23 0.8873390557939914 0.3583223249669749 0.008583690987124463 0.015852047556142668
4 0.7494635193133047 0.31836195508586523 0.009656652360515022 0.017173051519154558
4 0.7363197424892703 0.3200132100396301 0.009120171673819743 0.015852047556142668
23 0.42569742489270385 0.21829590488771466 0.009656652360515022 0.016512549537648614
23 0.41630901287553645 0.21532364597093792 0.008583690987124463 0.015852047556142668
15 0.9831008583690987 0.404227212681638 0.03272532188841202 0.046235138705416116
23 0.40665236051502146 0.2120211360634082 0.009120171673819743 0.015191545574636724
23 0.36400214592274677 0.19815059445178335 0.008583690987124463 0.015852047556142668
23 0.39753218884120173 0.2097093791281374 0.009656652360515022 0.017173051519154558
23 0.3546137339055794 0.1955085865257596 0.0101931330472103 0.017173051519154558
23 0.3784871244635193 0.20343461030383092 0.009120171673819743 0.015191545574636724
23 0.38814377682403434 0.2073976221928666 0.009120171673819743 0.015852047556142668
23 0.7988197424892703 0.3464332892998679 0.008047210300429184 0.015852047556142668
15 0.6461909871244635 0.29590488771466317 0.0890557939914163 0.09180977542932629
23 0.7888948497854077 0.3437912813738441 0.009656652360515022 0.016512549537648614
23 0.31491416309012876 0.18923381770145312 0.008583690987124463 0.015852047556142668
23 0.3240343347639485 0.19319682959048878 0.009120171673819743 0.015852047556142668
23 0.30552575107296137 0.18692206076618229 0.009656652360515022 0.016512549537648614
15 0.20949570815450644 0.16875825627476881 0.04881974248927039 0.05019815059445178
4 0.37446351931330474 0.22457067371202113 0.008047210300429184 0.015191545574636724
23 0.34951716738197425 0.21730515191545574 0.008583690987124463 0.015852047556142668
4 0.4208690987124464 0.2407529722589168 0.008047210300429184 0.015191545574636724
23 0.3591738197424893 0.22027741083223248 0.009120171673819743 0.015191545574636724
23 0.4562768240343348 0.2523117569352708 0.015021459227467811 0.012549537648612946
4 0.38358369098712447 0.22919418758256274 0.008583690987124463 0.015191545574636724
4 0.3927038626609442 0.23216644649933948 0.009656652360515022 0.016512549537648614
4 0.9152360515021459 0.4085204755614267 0.04291845493562232 0.03500660501981506
4 0.49490343347639487 0.27113606340819024 0.0101931330472103 0.017173051519154558
23 0.5134120171673819 0.2774108322324967 0.009656652360515022 0.015852047556142668
30 0.47022532188841204 0.2638705416116248 0.02092274678111588 0.02443857331571995
23 0.48471030042918456 0.2691545574636724 0.01072961373390558 0.0178335535006605
23 0.45359442060085836 0.2638705416116248 0.013948497854077254 0.011889035667107
23 0.16201716738197425 0.17503302509907528 0.008583690987124463 0.015852047556142668
4 0.15262875536480686 0.17206076618229854 0.008047210300429184 0.015852047556142668
23 0.1427038626609442 0.16941875825627478 0.01072961373390558 0.0178335535006605
23 0.45064377682403434 0.27708058124174373 0.014484978540772532 0.011889035667107
23 0.8811695278969958 0.4233817701453104 0.013948497854077254 0.011228533685601057
23 0.21566523605150215 0.20376486129458388 0.008583690987124463 0.0178335535006605
4 0.4895386266094421 0.29557463672391016 0.009656652360515022 0.015852047556142668
23 0.19662017167381973 0.19881109643328929 0.008583690987124463 0.015191545574636724
23 0.6507510729613734 0.3487450462351387 0.0075107296137339056 0.01453104359313078
4 0.2065450643776824 0.202113606340819 0.008583690987124463 0.015191545574636724
23 0.48068669527896996 0.29260237780713344 0.009120171673819743 0.016512549537648614
30 0.4656652360515021 0.2883091149273448 0.019313304721030045 0.02443857331571995
23 0.5085836909871244 0.30250990752972257 0.009120171673819743 0.017173051519154558
23 0.6410944206008584 0.34610303830911493 0.008583690987124463 0.015852047556142668
23 0.6314377682403434 0.34313077939233816 0.008047210300429184 0.015852047556142668
23 0.6604077253218884 0.3527080581241744 0.009120171673819743 0.016512549537648614
15 0.9957081545064378 0.46730515191545574 0.0075107296137339056 0.03236459709379128
23 0.6223175965665236 0.34081902245706736 0.008583690987124463 0.016512549537648614
23 0.5954935622317596 0.3319022457067371 0.009656652360515022 0.016512549537648614
23 0.5673283261802575 0.32331571994715985 0.009656652360515022 0.016512549537648614
23 0.5767167381974249 0.32628797886393657 0.009656652360515022 0.016512549537648614
23 0.5861051502145923 0.32926023778071334 0.009120171673819743 0.015852047556142668
23 0.44849785407725323 0.28963011889035667 0.015021459227467811 0.011889035667107
23 0.8996781115879828 0.440224570673712 0.014484978540772532 0.011228533685601057
23 0.8779506437768241 0.4346103038309115 0.013412017167381975 0.011889035667107
4 0.6958154506437768 0.3764861294583884 0.012875536480686695 0.010568031704095112
23 0.680793991416309 0.37153236459709377 0.012339055793991416 0.009907529722589167
4 0.6569206008583691 0.36856010568031705 0.006974248927038627 0.012549537648612946
4 0.6381437768240343 0.3629458388375165 0.009120171673819743 0.015852047556142668
4 0.6475321888412017 0.36591809775429324 0.009120171673819743 0.015852047556142668
4 0.6284871244635193 0.36129458388375163 0.009120171673819743 0.015191545574636724
23 0.4458154506437768 0.3021796565389696 0.014484978540772532 0.011889035667107
23 0.5909334763948498 0.35237780713342143 0.009120171673819743 0.015191545574636724
23 0.5726931330472103 0.3467635402906209 0.009120171673819743 0.015191545574636724
23 0.5820815450643777 0.35006605019815057 0.009656652360515022 0.015852047556142668
23 0.5536480686695279 0.3404887714663144 0.008583690987124463 0.015852047556142668
23 0.5633047210300429 0.3437912813738441 0.009120171673819743 0.015852047556142668
4 0.6928648068669528 0.3870541611624835 0.013412017167381975 0.011889035667107
23 0.6786480686695279 0.38375165125495375 0.013412017167381975 0.010568031704095112
4 0.48471030042918456 0.3200132100396301 0.009656652360515022 0.016512549537648614
30 0.46030042918454933 0.31175693527080584 0.019313304721030045 0.023778071334214
23 0.1311695278969957 0.20409511228533686 0.013412017167381975 0.011889035667107
23 0.47532188841201717 0.31737120211360637 0.009656652360515022 0.016512549537648614
23 0.5032188841201717 0.3266182298546896 0.009656652360515022 0.016512549537648614
23 0.44340128755364805 0.3130779392338177 0.013412017167381975 0.011228533685601057
4 0.6904506437768241 0.3986129458388375 0.013412017167381975 0.011228533685601057
4 0.6341201716738197 0.38077939233817704 0.008583690987124463 0.015852047556142668
4 0.6528969957081545 0.3870541611624835 0.009120171673819743 0.017173051519154558
4 0.625 0.37780713342140027 0.008583690987124463 0.015191545574636724
23 0.6762339055793991 0.39464993394980186 0.013412017167381975 0.010568031704095112
23 0.1298283261802575 0.21499339498018494 0.013412017167381975 0.011889035667107
15 0.3782188841201717 0.29920739762219284 0.12446351931330472 0.13011889035667107
15 0.23953862660944206 0.26221928665786 0.04345493562231759 0.04557463672391017
23 0.12741416309012876 0.22655217965653898 0.012875536480686695 0.009907529722589167
23 0.4667381974248927 0.3414795244385733 0.008583690987124463 0.015852047556142668
23 0.43991416309012876 0.33256274768824307 0.013412017167381975 0.011228533685601057
30 0.4884656652360515 0.34841479524438573 0.019313304721030045 0.023778071334214
23 0.5010729613733905 0.3527080581241744 0.009656652360515022 0.016512549537648614
23 0.4573497854077253 0.33883751651254956 0.009120171673819743 0.016512549537648614
23 0.47585836909871243 0.345112285336856 0.009120171673819743 0.018494055482166448
4 0.30472103004291845 0.2892998678996037 0.008583690987124463 0.01453104359313078
4 0.31410944206008584 0.29227212681638043 0.009120171673819743 0.015852047556142668
4 0.2958690987124464 0.2869881109643329 0.009656652360515022 0.016512549537648614
23 0.4366952789699571 0.34445178335535004 0.013412017167381975 0.011889035667107
4 0.6832081545064378 0.43394980184940557 0.0101931330472103 0.0178335535006605
23 0.4340128755364807 0.35667107001321 0.013412017167381975 0.011889035667107
23 0.5686695278969958 0.40158520475561427 0.013948497854077254 0.011889035667107
23 0.4519849785407725 0.36393659180977544 0.009120171673819743 0.017173051519154558
23 0.47719957081545067 0.37219286657859973 0.008583690987124463 0.015852047556142668
30 0.4637875536480687 0.3682298546895641 0.01984978540772532 0.02443857331571995
15 0.18159871244635192 0.2836856010568032 0.04291845493562232 0.04689564068692206
4 0.4321351931330472 0.3682298546895641 0.013948497854077254 0.012549537648612946
15 0.9460836909871244 0.5399603698811096 0.09549356223175966 0.13870541611624834
23 0.566255364806867 0.41446499339498016 0.013948497854077254 0.011889035667107
15 0.7682403433476395 0.4894319682959049 0.20225321888412018 0.2476882430647292
4 0.9935622317596566 0.5680317040951123 0.011802575107296138 0.011889035667107
23 0.5630364806866953 0.4270145310435931 0.012875536480686695 0.010568031704095112
15 0.6067596566523605 0.44352708058124174 0.0740343347639485 0.12087186261558784
4 0.6759656652360515 0.4669749009247028 0.009120171673819743 0.015852047556142668
4 0.4248927038626609 0.3903566710700132 0.008583690987124463 0.013870541611624834
4 0.4063841201716738 0.3844121532364597 0.009120171673819743 0.01453104359313078
4 0.3760729613733906 0.3751651254953765 0.008583690987124463 0.01453104359313078
4 0.39645922746781115 0.3817701453104359 0.009120171673819743 0.013870541611624834
4 0.4155042918454936 0.3880449141347424 0.009120171673819743 0.013870541611624834
4 0.35675965665236054 0.36922060766182296 0.009656652360515022 0.016512549537648614
4 0.3165236051502146 0.3560105680317041 0.009120171673819743 0.015191545574636724
4 0.32564377682403434 0.3589828269484808 0.008583690987124463 0.01453104359313078
4 0.3873390557939914 0.3794583883751651 0.009120171673819743 0.01453104359313078
4 0.3666845493562232 0.3725231175693527 0.009656652360515022 0.015852047556142668
4 0.3071351931330472 0.35303830911492734 0.009120171673819743 0.01453104359313078
4 0.33503218884120173 0.3629458388375165 0.008583690987124463 0.013870541611624834
4 0.28835836909871243 0.3474240422721268 0.008583690987124463 0.015852047556142668
4 0.29747854077253216 0.3503963011889036 0.009120171673819743 0.015852047556142668
23 0.9924892703862661 0.5795904887714664 0.013412017167381975 0.011228533685601057
4 0.49436695278969955 0.4187582562747688 0.012875536480686695 0.012549537648612946
23 0.5595493562231759 0.4464993394980185 0.012339055793991416 0.010568031704095112
23 0.9906115879828327 0.5914795244385733 0.012339055793991416 0.011228533685601057
4 0.4388412017167382 0.4108322324966975 0.013412017167381975 0.011228533685601057
23 0.42033261802575106 0.41149273447820345 0.009120171673819743 0.0178335535006605
23 0.351931330472103 0.3890356671070013 0.009656652360515022 0.017173051519154558
23 0.29318669527896996 0.3702113606340819 0.008583690987124463 0.016512549537648614
23 0.361587982832618 0.39299867899603697 0.008047210300429184 0.015852047556142668
23 0.39216738197424894 0.40290620871862615 0.009120171673819743 0.016512549537648614
23 0.33074034334763946 0.38243064729194187 0.009120171673819743 0.015852047556142668
23 0.3436158798283262 0.3867239101717305 0.008583690987124463 0.015852047556142668
23 0.2840665236051502 0.36723910171730517 0.009120171673819743 0.016512549537648614
23 0.40155579399141633 0.4058784676354029 0.0101931330472103 0.017173051519154558
23 0.38277896995708155 0.40059445178335534 0.009120171673819743 0.015191545574636724
23 0.3715128755364807 0.3966314398943197 0.009656652360515022 0.016512549537648614
23 0.30150214592274677 0.3735138705416116 0.009120171673819743 0.015852047556142668
23 0.32108369098712447 0.38011889035667107 0.008583690987124463 0.015852047556142668
23 0.3114270386266094 0.37681638044914134 0.009656652360515022 0.0178335535006605
23 0.41067596566523606 0.4105019815059445 0.008583690987124463 0.01453104359313078
23 0.5563304721030042 0.4583883751651255 0.012875536480686695 0.011228533685601057
23 0.987392703862661 0.6027080581241744 0.012339055793991416 0.010568031704095112
4 0.43589055793991416 0.42140026420079263 0.012339055793991416 0.010568031704095112
23 0.6373390557939914 0.49207397622192867 0.013948497854077254 0.011889035667107
30 0.6598712446351931 0.5036327608982827 0.017703862660944206 0.021136063408190225
23 0.8881437768240343 0.5871862615587847 0.009656652360515022 0.016512549537648614
23 0.8967274678111588 0.5904887714663144 0.008047210300429184 0.015852047556142668
30 0.6343884120171673 0.5075957727873184 0.016094420600858368 0.018494055482166448
23 0.6569206008583691 0.5188243064729194 0.012875536480686695 0.010568031704095112
23 0.630901287553648 0.524108322324967 0.013412017167381975 0.011889035667107
23 0.4455472103004292 0.46433289299867897 0.01072961373390558 0.015852047556142668
4 0.4366952789699571 0.46202113606340817 0.01072961373390558 0.016512549537648614
23 0.4552038626609442 0.46829590488771466 0.011802575107296138 0.017173051519154558
23 0.4659334763948498 0.4722589167767503 0.0101931330472103 0.016512549537648614
30 0.6526287553648069 0.5359973579920739 0.017167381974248927 0.021136063408190225
30 0.6279506437768241 0.5402906208718626 0.01555793991416309 0.018494055482166448
23 0.6494098712446352 0.5505284015852048 0.013948497854077254 0.011228533685601057
23 0.45144849785407726 0.48877146631439894 0.011266094420600859 0.017173051519154558
23 0.460568669527897 0.4917437252311757 0.01072961373390558 0.015852047556142668
4 0.4401824034334764 0.48645970937912814 0.01072961373390558 0.01915455746367239
23 0.3251072961373391 0.4593791281373844 0.008583690987124463 0.01453104359313078
23 0.3342274678111588 0.4630118890356671 0.008583690987124463 0.015191545574636724
23 0.21754291845493562 0.4299867899603699 0.012339055793991416 0.011228533685601057
23 0.1365343347639485 0.40455746367239104 0.008583690987124463 0.015191545574636724
23 0.14511802575107297 0.4081902245706737 0.009120171673819743 0.017173051519154558
23 0.15531115879828325 0.41215323645970936 0.0101931330472103 0.015852047556142668
4 0.28487124463519314 0.4633421400264201 0.02628755364806867 0.021796565389696168
23 0.21486051502145923 0.44286657859973577 0.012875536480686695 0.011228533685601057
15 0.43910944206008584 0.5194848084544254 0.04560085836909871 0.04689564068692206
15 0.9329399141630901 0.6852708058124174 0.049892703862660946 0.05019815059445178
23 0.7009120171673819 0.6099735799207398 0.009120171673819743 0.016512549537648614
23 0.6915236051502146 0.607001321003963 0.008583690987124463 0.015852047556142668
23 0.7103004291845494 0.6139365918097754 0.009120171673819743 0.015852047556142668
23 0.6719420600858369 0.6010568031704095 0.009656652360515022 0.016512549537648614
23 0.6821351931330472 0.6046895640686922 0.009656652360515022 0.016512549537648614
23 0.13626609442060086 0.428665785997358 0.008583690987124463 0.016512549537648614
23 0.1542381974248927 0.4346103038309115 0.009120171673819743 0.015191545574636724
4 0.1263412017167382 0.42536327608982827 0.009120171673819743 0.015852047556142668
23 0.1453862660944206 0.4322985468956407 0.009120171673819743 0.015191545574636724
4 0.7274678111587983 0.6261558784676354 0.009120171673819743 0.015191545574636724
4 0.7368562231759657 0.6294583883751651 0.008583690987124463 0.015191545574636724
23 0.6968884120171673 0.631439894319683 0.008047210300429184 0.015191545574636724
23 0.6869635193133047 0.6281373844121533 0.009120171673819743 0.015191545574636724
23 0.6679184549356223 0.6218626155878467 0.008047210300429184 0.015852047556142668
23 0.677843347639485 0.6248348745046235 0.008583690987124463 0.015852047556142668
23 0.19313304721030042 0.47060766182298547 0.013948497854077254 0.011889035667107
23 0.4401824034334764 0.5554821664464994 0.008583690987124463 0.015852047556142668
4 0.44957081545064376 0.558454425363276 0.009120171673819743 0.015852047556142668
23 0.43079399141630903 0.5525099075297226 0.009120171673819743 0.015852047556142668
23 0.42140557939914164 0.5492073976221928 0.008583690987124463 0.015191545574636724
15 0.1338519313304721 0.46268163804491413 0.03594420600858369 0.042932628797886396
23 0.1901824034334764 0.48183619550858653 0.012875536480686695 0.009907529722589167
23 0.17355150214592274 0.47655217965653895 0.012875536480686695 0.010568031704095112
23 0.6829399141630901 0.6492734478203435 0.009120171673819743 0.016512549537648614
23 0.6730150214592274 0.6466314398943197 0.008583690987124463 0.015852047556142668
23 0.6630901287553648 0.6433289299867899 0.009120171673819743 0.015191545574636724
23 0.6923283261802575 0.6529062087186261 0.008583690987124463 0.016512549537648614
23 0.4364270386266094 0.5746367239101717 0.008583690987124463 0.015852047556142668
23 0.4458154506437768 0.5779392338177014 0.008583690987124463 0.015852047556142668
23 0.1880364806866953 0.49339498018494055 0.015021459227467811 0.012549537648612946
23 0.17167381974248927 0.48811096433289297 0.013412017167381975 0.010568031704095112