7 0.047382671480144405 0.6955479452054795 0.05054151624548736 0.08013698630136987
15 0.6024368231046932 0.65 0.04512635379061372 0.04657534246575343
4 0.8862815884476535 0.6287671232876713 0.009927797833935019 0.02054794520547945
15 0.930956678700361 0.6256849315068493 0.061371841155234655 0.05273972602739726
30 0.8619133574007221 0.6352739726027398 0.02707581227436823 0.0273972602739726
7 0.06046931407942238 0.06575342465753424 0.12093862815884476 0.045205479452054796
15 0.6137184115523465 0.7003424657534246 0.04693140794223827 0.04589041095890411
15 0.11913357400722022 0.7482876712328768 0.0631768953068592 0.031506849315068496
4 0.3894404332129964 0.7325342465753425 0.009927797833935019 0.0136986301369863
15 0.9467509025270758 0.6815068493150684 0.029783393501805054 0.02671232876712329
30 0.8853790613718412 0.6883561643835616 0.033393501805054154 0.018493150684931507
4 0.9896209386281588 0.6791095890410959 0.01895306859205776 0.011643835616438357
23 0.18682310469314078 0.7575342465753425 0.01895306859205776 0.009589041095890411
23 0.18953068592057762 0.7698630136986301 0.02075812274368231 0.007534246575342466
15 0.12454873646209386 0.785958904109589 0.06498194945848375 0.038356164383561646
15 0.21435018050541516 0.7842465753424658 0.03429602888086643 0.0273972602739726
4 0.056407942238267145 0.7986301369863014 0.009025270758122744 0.0136986301369863
30 0.9386281588447654 0.7188356164383561 0.058664259927797835 0.036986301369863014
4 0.6764440433212996 0.7506849315068493 0.01263537906137184 0.017123287671232876
4 0.9499097472924187 0.7458904109589041 0.027978339350180504 0.0136986301369863
15 0.2842960288808664 0.8078767123287671 0.06407942238267147 0.03767123287671233
4 0.16967509025270758 0.821917808219178 0.009025270758122744 0.018493150684931507
15 0.6913357400722022 0.7842465753424658 0.0315884476534296 0.0410958904109589
4 0.6651624548736462 0.7873287671232877 0.015342960288808664 0.021232876712328767
30 0.7387184115523465 0.7821917808219178 0.06227436823104693 0.036986301369863014
15 0.5911552346570397 0.8089041095890411 0.03429602888086643 0.030136986301369864
15 0.21028880866425992 0.8602739726027397 0.09657039711191336 0.06095890410958904
15 0.34747292418772563 0.8506849315068493 0.02707581227436823 0.028082191780821917
15 0.3862815884476534 0.8486301369863014 0.024368231046931407 0.023972602739726026
4 0.5938628158844765 0.833904109589041 0.017148014440433214 0.021917808219178082
15 0.39034296028880866 0.8784246575342466 0.027978339350180504 0.028082191780821917
33 0.35153429602888087 0.8828767123287671 0.030685920577617327 0.02671232876712329
4 0.19494584837545126 0.9068493150684932 0.009927797833935019 0.014383561643835616
30 0.8754512635379061 0.0863013698630137 0.029783393501805054 0.01986301369863014
33 0.9205776173285198 0.09691780821917809 0.04061371841155235 0.04726027397260274
15 0.7951263537906137 0.11095890410958904 0.0631768953068592 0.04589041095890411
30 0.8790613718411552 0.1136986301369863 0.033393501805054154 0.021232876712328767
4 0.8113718411552346 0.14383561643835616 0.016245487364620937 0.021917808219178082
4 0.7820397111913358 0.1506849315068493 0.01263537906137184 0.0136986301369863
23 0.10514440433212996 0.24212328767123287 0.02888086642599278 0.010958904109589041
23 0.10875451263537907 0.25582191780821917 0.02888086642599278 0.011643835616438357
15 0.8921480144404332 0.18698630136986302 0.12274368231046931 0.10547945205479452
15 0.21886281588447654 0.2513698630136986 0.14711191335740073 0.11301369863013698
23 0.11055956678700361 0.2688356164383562 0.02888086642599278 0.011643835616438357
23 0.11507220216606498 0.2804794520547945 0.032490974729241874 0.010958904109589041
4 0.8037003610108303 0.2493150684931507 0.010830324909747292 0.014383561643835616
4 0.8280685920577617 0.24691780821917808 0.026173285198555957 0.030136986301369864
4 0.7870036101083032 0.2534246575342466 0.011732851985559567 0.017123287671232876
4 0.3145306859205776 0.30068493150684933 0.030685920577617327 0.013013698630136987
15 0.615072202166065 0.2945205479452055 0.1588447653429603 0.11643835616438356
15 0.3325812274368231 0.3273972602739726 0.0703971119133574 0.022602739726027398
4 0.9422382671480144 0.3061643835616438 0.01263537906137184 0.01643835616438356
15 0.8700361010830325 0.36164383561643837 0.17509025270758122 0.0910958904109589
4 0.7906137184115524 0.4243150684931507 0.011732851985559567 0.01780821917808219
4 0.9481046931407943 0.41164383561643836 0.016245487364620937 0.021917808219178082
4 0.8935018050541517 0.4469178082191781 0.01895306859205776 0.009589041095890411
4 0.8546931407942239 0.45102739726027397 0.02075812274368231 0.010958904109589041
4 0.9291516245487365 0.4448630136986301 0.017148014440433214 0.012328767123287671
15 0.1990072202166065 0.5133561643835617 0.0388086642599278 0.028082191780821917
4 0.9833032490974729 0.4558219178082192 0.015342960288808664 0.024657534246575342
15 0.907942238267148 0.48595890410958903 0.05956678700361011 0.036301369863013695
15 0.8194945848375451 0.4945205479452055 0.06407942238267147 0.03287671232876712
7 0.031137184115523464 0.583904109589041 0.04693140794223827 0.10136986301369863
15 0.6272563176895307 0.5332191780821918 0.12184115523465704 0.14178082191780822
15 0.9629963898916968 0.5051369863013698 0.03429602888086643 0.0273972602739726
4 0.8194945848375451 0.5191780821917809 0.023465703971119134 0.010273972602739725
30 0.9264440433212996 0.5150684931506849 0.0315884476534296 0.021917808219178082
30 0.8903429602888087 0.5184931506849315 0.032490974729241874 0.021232876712328767
0 0.8808664259927798 0.5366438356164384 0.004512635379061372 0.00684931506849315
15 0.9688628158844765 0.5325342465753424 0.032490974729241874 0.02671232876712329
15 0.8280685920577617 0.5541095890410959 0.058664259927797835 0.03424657534246575
15 0.3831227436823105 0.6184931506849315 0.2743682310469314 0.2095890410958904
4 0.8064079422382672 0.5811643835616438 0.026173285198555957 0.011643835616438357
7 0.32942238267148016 0.031164383561643836 0.15342960288808663 0.03972602739726028
15 0.11913357400722022 0.6469178082191781 0.04963898916967509 0.04863013698630137
0 0.9413357400722022 0.575 0.026173285198555957 0.023287671232876714
15 0.18366425992779783 0.6506849315068494 0.061371841155234655 0.036301369863013695
15 0.8366425992779783 0.6023972602739726 0.06498194945848375 0.03424657534246575