4 0.3227329974811083 0.1076923076923077 0.036523929471032744 0.07032967032967033
4 0.2484256926952141 0.1445054945054945 0.03904282115869018 0.06923076923076923
4 0.12909319899244331 0.1989010989010989 0.03400503778337532 0.06153846153846154
4 0.5601385390428212 0.027472527472527472 0.03841309823677582 0.054945054945054944
4 0.3853904282115869 0.08901098901098901 0.05982367758186398 0.07142857142857142
4 0.03620906801007557 0.2521978021978022 0.07241813602015114 0.14835164835164835
23 0.16309823677581864 0.2587912087912088 0.0163727959697733 0.05384615384615385
4 0.17758186397984888 0.25384615384615383 0.03400503778337532 0.08131868131868132
23 0.12311083123425692 0.2785714285714286 0.018261964735516372 0.04725274725274725
4 0.25220403022670024 0.22527472527472528 0.02518891687657431 0.07912087912087912
23 0.11083123425692695 0.28736263736263734 0.020780856423173802 0.046153846153846156
23 0.04722921914357683 0.317032967032967 0.0163727959697733 0.05384615384615385
23 0.535264483627204 0.1054945054945055 0.018891687657430732 0.054945054945054944
23 0.33123425692695213 0.1945054945054945 0.01952141057934509 0.05824175824175824
23 0.14011335012594459 0.27802197802197803 0.01700251889168766 0.045054945054945054
23 0.1533375314861461 0.27307692307692305 0.018891687657430732 0.07032967032967033
23 0.5223551637279596 0.11263736263736264 0.017632241813602016 0.04725274725274725
23 0.24464735516372796 0.23461538461538461 0.017632241813602016 0.04725274725274725
4 0.2770780856423174 0.22252747252747251 0.05100755667506297 0.11428571428571428
23 0.482367758186398 0.13351648351648351 0.01700251889168766 0.04065934065934066
23 0.3183249370277078 0.20714285714285716 0.02204030226700252 0.06153846153846154
23 0.5094458438287154 0.12417582417582418 0.020151133501259445 0.04065934065934066
4 0.3466624685138539 0.19505494505494506 0.02204030226700252 0.08021978021978023
23 0.4704030226700252 0.1423076923076923 0.020780856423173802 0.05054945054945055
23 0.038727959697732996 0.3302197802197802 0.02392947103274559 0.06263736263736264
23 0.49779596977329976 0.13131868131868132 0.0163727959697733 0.05274725274725275
33 0.6158690176322418 0.08351648351648351 0.12846347607052896 0.13626373626373625
4 0.720088161209068 0.03956043956043956 0.020780856423173802 0.06373626373626373
15 0.4086901763224181 0.17582417582417584 0.10957178841309824 0.13956043956043956
4 0.6889168765743073 0.0543956043956044 0.02518891687657431 0.06813186813186813
4 0.7027707808564232 0.0489010989010989 0.02392947103274559 0.07362637362637363
15 0.21001259445843828 0.3076923076923077 0.005037783375314861 0.025274725274725275
4 0.16845088161209068 0.3730769230769231 0.04030226700251889 0.07472527472527472
15 0.8797229219143576 0.12857142857142856 0.1341309823677582 0.14945054945054945
23 0.5346347607052897 0.27912087912087913 0.015113350125944584 0.031868131868131866
15 0.07273299748110831 0.4807692307692308 0.12279596977329975 0.16263736263736264
23 0.5941435768261965 0.25659340659340657 0.023299748110831235 0.06703296703296703
15 0.464735516372796 0.3148351648351648 0.13287153652392947 0.16263736263736264
15 0.25692695214105793 0.41483516483516486 0.13287153652392947 0.14835164835164835
15 0.7295340050377834 0.21428571428571427 0.19269521410579346 0.17802197802197803
15 0.9149874055415617 0.3120879120879121 0.10894206549118388 0.13736263736263737
15 0.0966624685138539 0.6725274725274726 0.11964735516372796 0.13406593406593406
15 0.5462846347607053 0.4796703296703297 0.2367758186397985 0.2703296703296703
23 0.3479219143576826 0.5675824175824176 0.015743073047858942 0.04835164835164835
15 0.2858942065491184 0.5967032967032967 0.1397984886649874 0.17032967032967034
15 0.7572418136020151 0.3967032967032967 0.14672544080604533 0.17362637362637362
33 0.31045340050377834 0.7818681318681319 0.12594458438287154 0.15054945054945054
15 0.1205919395465995 0.8670329670329671 0.11586901763224182 0.13846153846153847
15 0.5708438287153652 0.8686813186813187 0.14105793450881612 0.17802197802197803
15 0.34036523929471035 0.951098901098901 0.12027707808564232 0.0956043956043956
23 0.4005037783375315 0.9472527472527472 0.028337531486146095 0.08021978021978023
23 0.9238035264483627 0.721978021978022 0.02204030226700252 0.06043956043956044
23 0.6841939546599496 0.8302197802197803 0.03400503778337532 0.07912087912087912