15 0.47363636363636363 0.6535812672176309 0.05090909090909091 0.048898071625344354
4 0.7518181818181818 0.7079889807162535 0.012727272727272728 0.02066115702479339
15 0.7959090909090909 0.7165977961432507 0.06727272727272728 0.05647382920110193
30 0.725909090909091 0.7076446280991735 0.03 0.028925619834710745
7 0.8931818181818182 0.7613636363636364 0.1190909090909091 0.23071625344352617
15 0.46136363636363636 0.7042011019283747 0.05181818181818182 0.048898071625344354
4 0.23454545454545456 0.6763085399449036 0.011818181818181818 0.014462809917355372
15 0.785 0.7734159779614325 0.03272727272727273 0.028236914600550965
30 0.7236363636363636 0.7641184573002755 0.035454545454545454 0.02066115702479339
4 0.83 0.7830578512396694 0.025454545454545455 0.013085399449035813
23 0.031363636363636364 0.647038567493113 0.02 0.011019283746556474
23 0.028181818181818183 0.6594352617079889 0.02090909090909091 0.008953168044077135
15 0.045 0.6790633608815427 0.038181818181818185 0.029614325068870524
30 0.7604545454545455 0.8068181818181818 0.06272727272727273 0.04132231404958678
4 0.49772727272727274 0.7682506887052342 0.014545454545454545 0.01790633608815427
4 0.759090909090909 0.8350550964187328 0.02909090909090909 0.01584022038567493
15 0.1009090909090909 0.7200413223140496 0.06727272727272728 0.04201101928374656
15 0.4968181818181818 0.8037190082644629 0.03727272727272727 0.04269972451790634
4 0.47045454545454546 0.7999311294765841 0.01818181818181818 0.02203856749311295
30 0.5427272727272727 0.8140495867768595 0.06545454545454546 0.04132231404958678
15 0.39090909090909093 0.8013085399449036 0.038181818181818185 0.03236914600550964
15 0.029545454545454545 0.7503443526170799 0.05909090909090909 0.06818181818181818
15 0.1409090909090909 0.7768595041322314 0.03 0.029614325068870524
15 0.17909090909090908 0.7851239669421488 0.02727272727272727 0.025482093663911846
4 0.38227272727272726 0.8254132231404959 0.02 0.022727272727272728
15 0.1690909090909091 0.8143939393939394 0.031818181818181815 0.029614325068870524
33 0.13045454545454546 0.8081955922865014 0.03363636363636364 0.028925619834710745
30 0.9854545454545455 0.1924931129476584 0.02727272727272727 0.022727272727272728
15 0.9009090909090909 0.19490358126721763 0.06909090909090909 0.05027548209366391
30 0.9790909090909091 0.21935261707988982 0.035454545454545454 0.023415977961432508
4 0.9013636363636364 0.23002754820936638 0.019090909090909092 0.02203856749311295
4 0.87 0.22899449035812672 0.014545454545454545 0.014462809917355372
23 0.18818181818181817 0.1387741046831956 0.03 0.013085399449035813
23 0.185 0.15254820936639119 0.02909090909090909 0.013774104683195593
15 0.9445454545454546 0.29201101928374656 0.10909090909090909 0.11294765840220386
15 0.2913636363636364 0.17699724517906337 0.16 0.12190082644628099
23 0.18136363636363637 0.165633608815427 0.02909090909090909 0.013774104683195593
23 0.18 0.17768595041322313 0.03272727272727273 0.013085399449035813
4 0.8459090909090909 0.3278236914600551 0.012727272727272728 0.015151515151515152
4 0.87 0.3319559228650138 0.03 0.03168044077134986
4 0.8286363636363636 0.3274793388429752 0.013636363636363636 0.01790633608815427
4 0.35954545454545456 0.24862258953168045 0.031818181818181815 0.015151515151515152
15 0.6468181818181818 0.3212809917355372 0.17181818181818181 0.12603305785123967
15 0.36454545454545456 0.2785812672176309 0.07181818181818182 0.027548209366391185
4 0.9513636363636364 0.4176997245179063 0.014545454545454545 0.01652892561983471
15 0.8577272727272728 0.4511019283746556 0.18363636363636363 0.10330578512396695
4 0.7540909090909091 0.4896694214876033 0.013636363636363636 0.01859504132231405
4 0.9090909090909091 0.5189393939393939 0.019090909090909092 0.02203856749311295
4 0.8413636363636363 0.5378787878787878 0.02 0.011019283746556474
4 0.8027272727272727 0.5316804407713499 0.02181818181818182 0.012396694214876033
4 0.8759090909090909 0.5454545454545454 0.019090909090909092 0.013085399449035813
15 0.15363636363636363 0.4194214876033058 0.04181818181818182 0.030303030303030304
4 0.9222727272727272 0.5695592286501377 0.01818181818181818 0.025482093663911846
15 0.8372727272727273 0.5785123966942148 0.06363636363636363 0.03994490358126722
15 0.7495454545454545 0.5637052341597796 0.06727272727272728 0.0371900826446281
15 0.55 0.5499311294765841 0.1390909090909091 0.14807162534435261
15 0.8804545454545455 0.6108815426997245 0.03727272727272727 0.028925619834710745
4 0.7386363636363636 0.5867768595041323 0.024545454545454544 0.011707988980716254
30 0.8418181818181818 0.6108815426997245 0.03363636363636364 0.024104683195592287
30 0.8059090909090909 0.6050275482093664 0.034545454545454546 0.023415977961432508
0 0.7886363636363637 0.6191460055096418 0.005454545454545455 0.007575757575757576
15 0.8736363636363637 0.6384297520661157 0.035454545454545454 0.028925619834710745
15 0.730909090909091 0.6222451790633609 0.06181818181818182 0.03856749311294766
15 0.28 0.5668044077134986 0.29818181818181816 0.2265840220385675
4 0.6981818181818182 0.6418732782369146 0.02727272727272727 0.013774104683195593
7 0.4959090909090909 0.012396694214876033 0.1572727272727273 0.024793388429752067
15 0.023181818181818182 0.5247933884297521 0.046363636363636364 0.05234159779614325
0 0.8286363636363636 0.6714876033057852 0.02909090909090909 0.024793388429752067
15 0.07681818181818181 0.5451101928374655 0.06454545454545454 0.040633608815427
15 0.7168181818181818 0.6701101928374655 0.06909090909090909 0.03925619834710744