23 0.2151639344262295 0.5841740226986128 0.012807377049180328 0.00819672131147541
23 0.1995389344262295 0.587641866330391 0.011270491803278689 0.008827238335435058
23 0.14395491803278687 0.6068726355611601 0.007684426229508197 0.015762925598991173
23 0.15292008196721313 0.605296343001261 0.00819672131147541 0.014501891551071878
23 0.16265368852459017 0.6037200504413619 0.007684426229508197 0.014501891551071878
23 0.21593237704918034 0.5955233291298865 0.012295081967213115 0.007566204287515763
4 0.20056352459016394 0.5996216897856242 0.012295081967213115 0.009457755359394703
7 0.6055327868852459 0.02711223203026482 0.16700819672131148 0.05422446406052964
15 0.7774077868852459 0.5047288776796973 0.10450819672131148 0.1305170239596469
4 0.7169569672131147 0.516078184110971 0.0117827868852459 0.009457755359394703
23 0.47797131147540983 0.5605296343001261 0.007172131147540984 0.014501891551071878
23 0.4677254098360656 0.5621059268600253 0.007684426229508197 0.014501891551071878
23 0.44697745901639346 0.5658890290037831 0.007684426229508197 0.013871374527112233
23 0.4577356557377049 0.5639974779319041 0.007172131147540984 0.014501891551071878
23 0.43826844262295084 0.5674653215636822 0.007684426229508197 0.015132408575031526
15 0.3019979508196721 0.5920554854981085 0.1449795081967213 0.17843631778058008
23 0.20158811475409835 0.6100252206809584 0.010758196721311475 0.008827238335435058
23 0.2179815573770492 0.6081336696090794 0.01331967213114754 0.009457755359394703
23 0.7184938524590164 0.5277427490542245 0.011270491803278689 0.00819672131147541
23 0.2197745901639344 0.619798234552333 0.01485655737704918 0.010718789407313998
23 0.2036372950819672 0.6226355611601513 0.012295081967213115 0.008827238335435058
23 0.4600409836065574 0.5838587641866331 0.00819672131147541 0.014501891551071878
23 0.4802766393442623 0.580390920554855 0.007172131147540984 0.013871374527112233
23 0.47003073770491804 0.5829129886506935 0.007172131147540984 0.013871374527112233
4 0.44979508196721313 0.5863808322824716 0.007684426229508197 0.014501891551071878
23 0.7207991803278688 0.5394073139974779 0.0117827868852459 0.008827238335435058
23 0.22054303278688525 0.6305170239596469 0.015881147540983607 0.011349306431273645
23 0.20491803278688525 0.6336696090794451 0.0117827868852459 0.009457755359394703
23 0.7021004098360656 0.5485498108448928 0.011270491803278689 0.00819672131147541
23 0.3980532786885246 0.6049810844892812 0.0117827868852459 0.009457755359394703
23 0.7220799180327869 0.550126103404792 0.0117827868852459 0.008827238335435058
23 0.704405737704918 0.5602143757881463 0.012295081967213115 0.009457755359394703
23 0.20568647540983606 0.6462799495586381 0.012295081967213115 0.01008827238335435
23 0.2223360655737705 0.6459646910466582 0.013831967213114754 0.011349306431273645
23 0.4359631147540984 0.6097099621689785 0.00819672131147541 0.015762925598991173
23 0.4451844262295082 0.6081336696090794 0.007684426229508197 0.015132408575031526
23 0.39959016393442626 0.6172761664564943 0.012807377049180328 0.008827238335435058
23 0.7233606557377049 0.5614754098360656 0.010758196721311475 0.008827238335435058
7 0.7797131147540983 0.014817150063051702 0.11987704918032786 0.029634300126103404
23 0.7056864754098361 0.5712484237074401 0.0117827868852459 0.008827238335435058
23 0.2074795081967213 0.6576292559899117 0.0117827868852459 0.008827238335435058
15 0.46849385245901637 0.6138083228247163 0.030225409836065573 0.03972257250945776
23 0.22412909836065573 0.657313997477932 0.01331967213114754 0.008827238335435058
23 0.7241290983606558 0.5734552332912989 0.011270491803278689 0.008827238335435058
23 0.4016393442622951 0.630201765447667 0.0117827868852459 0.008827238335435058
23 0.7069672131147541 0.5825977301387137 0.0117827868852459 0.009457755359394703
4 0.22540983606557377 0.6689785624211854 0.013831967213114754 0.009457755359394703
23 0.20824795081967212 0.6765447667087011 0.010758196721311475 0.00819672131147541
23 0.4031762295081967 0.6434426229508197 0.0117827868852459 0.008827238335435058
4 0.7082479508196722 0.5939470365699874 0.012807377049180328 0.008827238335435058
23 0.7520491803278688 0.5914249684741488 0.00665983606557377 0.013871374527112233
23 0.7338627049180327 0.5952080706179067 0.007684426229508197 0.015132408575031526
23 0.7435963114754098 0.5942622950819673 0.007172131147540984 0.013871374527112233
23 0.7238729508196722 0.5974148802017655 0.00665983606557377 0.013871374527112233
23 0.40445696721311475 0.655422446406053 0.012295081967213115 0.01008827238335435
23 0.47771516393442626 0.6440731399747793 0.00819672131147541 0.015762925598991173
23 0.4879610655737705 0.64281210592686 0.007684426229508197 0.015762925598991173
23 0.46746926229508196 0.6506935687263556 0.008709016393442622 0.015132408575031526
23 0.45901639344262296 0.6522698612862547 0.00819672131147541 0.015132408575031526
23 0.40548155737704916 0.6686633039092056 0.0117827868852459 0.009457755359394703
23 0.7361680327868853 0.6163303909205549 0.00665983606557377 0.013871374527112233
23 0.7453893442622951 0.6153846153846154 0.007684426229508197 0.013240857503152586
23 0.7546106557377049 0.6138083228247163 0.007684426229508197 0.015762925598991173
23 0.49001024590163933 0.6620428751576293 0.00819672131147541 0.01639344262295082
23 0.4805327868852459 0.6639344262295082 0.007684426229508197 0.014501891551071878
23 0.8563012295081968 0.6166456494325346 0.012807377049180328 0.01008827238335435
23 0.8742315573770492 0.6185372005044136 0.0117827868852459 0.009457755359394703
4 0.4521004098360656 0.6923076923076923 0.008709016393442622 0.015762925598991173
4 0.4618340163934426 0.6907313997477932 0.00819672131147541 0.015132408575031526
7 0.34451844262295084 0.07093316519546028 0.14293032786885246 0.11916771752837327
23 0.8575819672131147 0.6279949558638083 0.012295081967213115 0.008827238335435058
23 0.8760245901639344 0.6298865069356873 0.012295081967213115 0.009457755359394703
23 0.8588627049180327 0.6390290037831021 0.012295081967213115 0.009457755359394703
23 0.8773053278688525 0.6415510718789408 0.012807377049180328 0.009457755359394703
15 0.8217213114754098 0.6525851197982345 0.05891393442622951 0.06935687263556116
23 0.8601434426229508 0.6503783102143758 0.0117827868852459 0.008827238335435058
23 0.8785860655737705 0.6522698612862547 0.0117827868852459 0.008827238335435058
23 0.8619364754098361 0.6614123581336696 0.011270491803278689 0.008827238335435058
23 0.8798668032786885 0.6636191677175284 0.011270491803278689 0.008827238335435058
23 0.8611680327868853 0.691046658259773 0.0117827868852459 0.00819672131147541
23 0.8429815573770492 0.694829760403531 0.012295081967213115 0.008827238335435058
23 0.8624487704918032 0.7020807061790668 0.0117827868852459 0.009457755359394703
23 0.8447745901639344 0.7058638083228247 0.0117827868852459 0.008827238335435058
7 0.4761782786885246 0.05075662042875158 0.06711065573770492 0.10151324085750316
7 0.9039446721311475 0.014501891551071878 0.06915983606557377 0.029003783102143757
4 0.9293032786885246 0.7433795712484237 0.04252049180327869 0.03026481715006305
4 0.7710040983606558 0.7849936948297604 0.02305327868852459 0.04791929382093316
4 0.7938012295081968 0.7808953341740227 0.02305327868852459 0.04728877679697352
4 0.8386270491803278 0.7742749054224464 0.022540983606557378 0.04665825977301387
4 0.8619364754098361 0.7704918032786885 0.02305327868852459 0.04665825977301387
4 0.9331454918032787 0.7733291298865069 0.042008196721311473 0.029634300126103404
4 0.9375 0.8020176544766708 0.04252049180327869 0.031525851197982346
4 0.845030737704918 0.8256620428751577 0.022028688524590164 0.04665825977301387
4 0.8009733606557377 0.8338587641866331 0.0235655737704918 0.046027742749054225
4 0.7766393442622951 0.8385876418663304 0.02151639344262295 0.046027742749054225
15 0.7405225409836066 0.862547288776797 0.048668032786885244 0.04287515762925599
15 0.6841700819672131 0.8723203026481715 0.04969262295081967 0.044136191677175286
15 0.984375 0.8363808322824716 0.030225409836065573 0.046027742749054225
4 0.4605532786885246 0.9347414880201765 0.012295081967213115 0.010718789407313998
4 0.4100922131147541 0.9441992433795713 0.01331967213114754 0.012610340479192938
23 0.3880635245901639 0.9568095838587641 0.01331967213114754 0.011349306431273645
15 0.891905737704918 0.8701134930643127 0.0507172131147541 0.04287515762925599
4 0.8078893442622951 0.8861916771752837 0.02459016393442623 0.04791929382093316
23 0.46234631147540983 0.9457755359394704 0.01331967213114754 0.011349306431273645
4 0.8514344262295082 0.8786254728877679 0.024077868852459015 0.04791929382093316
23 0.4964139344262295 0.9404161412358134 0.012295081967213115 0.011349306431273645
23 0.4113729508196721 0.955233291298865 0.012807377049180328 0.010718789407313998
4 0.7843237704918032 0.8915510718789408 0.022028688524590164 0.04728877679697352
7 0.4667008196721312 0.9706809583858764 0.13114754098360656 0.05737704918032787
7 0.33299180327868855 0.9854981084489282 0.07991803278688525 0.027742749054224466
23 0.3921618852459016 0.987389659520807 0.01331967213114754 0.011349306431273645
15 0.9462090163934426 0.8921815889029003 0.0389344262295082 0.040983606557377046
23 0.9152151639344263 0.035939470365699874 0.007684426229508197 0.014501891551071878
23 0.9249487704918032 0.034363177805800754 0.00665983606557377 0.014501891551071878
23 0.90625 0.03814627994955864 0.007684426229508197 0.014501891551071878
23 0.875 0.04728877679697352 0.007172131147540984 0.013871374527112233
23 0.8650102459016393 0.04918032786885246 0.007684426229508197 0.013871374527112233
23 0.8542520491803278 0.0510718789407314 0.007684426229508197 0.014501891551071878
23 0.8447745901639344 0.05327868852459016 0.00819672131147541 0.015762925598991173
23 0.8842213114754098 0.04634300126103405 0.007684426229508197 0.013871374527112233
23 0.2635758196721312 0.15636822194199243 0.012295081967213115 0.008827238335435058
23 0.6114241803278688 0.09930643127364439 0.007684426229508197 0.015132408575031526
4 0.5471311475409836 0.11097099621689786 0.011270491803278689 0.008827238335435058
4 0.5238217213114754 0.11569987389659521 0.012295081967213115 0.009457755359394703
4 0.5719774590163934 0.1075031525851198 0.012807377049180328 0.008827238335435058
30 0.7172131147540983 0.08291298865069358 0.01639344262295082 0.02080706179066835
30 0.7015881147540983 0.08638083228247162 0.015368852459016393 0.02080706179066835
30 0.7325819672131147 0.08102143757881462 0.015881147540983607 0.0201765447667087
23 0.758452868852459 0.0766078184110971 0.007684426229508197 0.013871374527112233
30 0.670594262295082 0.09174022698612863 0.01639344262295082 0.02080706179066835
30 0.6255122950819673 0.09993694829760404 0.016905737704918034 0.02080706179066835
30 0.641905737704918 0.09741488020176545 0.01485655737704918 0.0201765447667087
30 0.6864754098360656 0.08953341740226986 0.01485655737704918 0.021437578814627996
23 0.7676741803278688 0.07534678436317781 0.007684426229508197 0.014501891551071878
30 0.6559938524590164 0.09489281210592686 0.01485655737704918 0.0201765447667087
23 0.7766393442622951 0.07377049180327869 0.007684426229508197 0.015762925598991173
4 0.7492315573770492 0.07881462799495587 0.007172131147540984 0.013871374527112233
23 0.7858606557377049 0.07219419924337957 0.008709016393442622 0.017023959646910468
23 0.30660860655737704 0.15636822194199243 0.00665983606557377 0.013240857503152586
23 0.352202868852459 0.14848675914249684 0.007684426229508197 0.014501891551071878
23 0.3619364754098361 0.14691046658259774 0.007172131147540984 0.013871374527112233
23 0.29713114754098363 0.15889029003783103 0.00665983606557377 0.013871374527112233
23 0.3711577868852459 0.14596469104665827 0.00665983606557377 0.013871374527112233
23 0.33401639344262296 0.15226986128625472 0.007684426229508197 0.015132408575031526
23 0.3432377049180328 0.15069356872635561 0.007684426229508197 0.015132408575031526
23 0.3250512295081967 0.15384615384615385 0.007684426229508197 0.014501891551071878
23 0.31582991803278687 0.1560529634300126 0.00665983606557377 0.014501891551071878
23 0.44287909836065575 0.13493064312736444 0.011270491803278689 0.009457755359394703
4 0.26536885245901637 0.16740226986128626 0.013831967213114754 0.01008827238335435
15 0.41265368852459017 0.1424968474148802 0.039959016393442626 0.0403530895334174
4 0.08376024590163934 0.20334174022698612 0.03432377049180328 0.012610340479192938
4 0.9300717213114754 0.06147540983606557 0.007172131147540984 0.014501891551071878
23 0.44313524590163933 0.14627994955863807 0.010758196721311475 0.008827238335435058
23 0.2671618852459016 0.1787515762925599 0.012807377049180328 0.01008827238335435
23 0.7225922131147541 0.10245901639344263 0.00665983606557377 0.013871374527112233
23 0.7377049180327869 0.09962168978562422 0.007684426229508197 0.013871374527112233
23 0.6918545081967213 0.10907944514501891 0.006147540983606557 0.013240857503152586
23 0.6613729508196722 0.11412358133669609 0.008709016393442622 0.017023959646910468
23 0.6454918032786885 0.1169609079445145 0.007172131147540984 0.014501891551071878
23 0.7069672131147541 0.1062421185372005 0.007172131147540984 0.013871374527112233
23 0.6303790983606558 0.12011349306431274 0.00665983606557377 0.014501891551071878
23 0.6762295081967213 0.11223203026481715 0.00819672131147541 0.015132408575031526
4 0.33709016393442626 0.1733921815889029 0.007172131147540984 0.014501891551071878
4 0.2994364754098361 0.1800126103404792 0.007172131147540984 0.013871374527112233
23 0.34605532786885246 0.17181588902900377 0.007684426229508197 0.015762925598991173
4 0.31813524590163933 0.17686002522068095 0.00665983606557377 0.014501891551071878
23 0.30917008196721313 0.17906683480453972 0.007172131147540984 0.014501891551071878
23 0.32735655737704916 0.17591424968474148 0.007172131147540984 0.015762925598991173
15 0.8662909836065574 0.08259773013871374 0.04610655737704918 0.0416141235813367
30 0.7533299180327869 0.10529634300126103 0.015368852459016393 0.019546027742749054
4 0.26793032786885246 0.18978562421185372 0.011270491803278689 0.009457755359394703
15 0.7792008196721312 0.10403530895334175 0.022540983606557378 0.038461538461538464
4 0.2886782786885246 0.19073139974779318 0.00665983606557377 0.013240857503152586
23 0.13473360655737704 0.22383354350567466 0.0117827868852459 0.008827238335435058
23 0.11808401639344263 0.22793190416141235 0.010758196721311475 0.00819672131147541
30 0.7379610655737705 0.12326607818411098 0.015881147540983607 0.019546027742749054
30 0.7207991803278688 0.12704918032786885 0.015368852459016393 0.018915510718789406
30 0.6764856557377049 0.1346153846153846 0.015368852459016393 0.018915510718789406
30 0.7069672131147541 0.12925598991172763 0.014344262295081968 0.01828499369482976
30 0.6613729508196722 0.1371374527112232 0.01639344262295082 0.019546027742749054
30 0.6308913934426229 0.1424968474148802 0.015881147540983607 0.019546027742749054
30 0.6462602459016393 0.1396595208070618 0.015368852459016393 0.019546027742749054
30 0.6923668032786885 0.13240857503152584 0.015368852459016393 0.018915510718789406
4 0.06839139344262295 0.2408575031525851 0.025614754098360656 0.011349306431273645
4 0.09836065573770492 0.23581336696090793 0.007172131147540984 0.014501891551071878
4 0.08939549180327869 0.2380201765447667 0.008709016393442622 0.015132408575031526
15 0.2307889344262295 0.21752837326607818 0.02459016393442623 0.03467843631778058
23 0.29149590163934425 0.21059268600252207 0.00665983606557377 0.013871374527112233
4 0.30020491803278687 0.20933165195460277 0.00819672131147541 0.015132408575031526
4 0.328125 0.2042875157629256 0.00819672131147541 0.015132408575031526
23 0.3094262295081967 0.2083858764186633 0.007172131147540984 0.013871374527112233
23 0.31915983606557374 0.20649432534678436 0.007172131147540984 0.013871374527112233
23 0.15317622950819673 0.2408575031525851 0.007172131147540984 0.015132408575031526
4 0.1442110655737705 0.24306431273644388 0.00665983606557377 0.013240857503152586
23 0.7784323770491803 0.1346153846153846 0.007684426229508197 0.015132408575031526
23 0.7876536885245902 0.13366960907944514 0.007172131147540984 0.014501891551071878
4 0.6544569672131147 0.16204287515762925 0.007684426229508197 0.015762925598991173
4 0.6434426229508197 0.16960907944514503 0.007684426229508197 0.014501891551071878
23 0.3396516393442623 0.2228877679697352 0.007684426229508197 0.015132408575031526
23 0.33043032786885246 0.2244640605296343 0.007172131147540984 0.014501891551071878
15 0.8903688524590164 0.1273644388398487 0.0389344262295082 0.03909205548549811
23 0.3206967213114754 0.2260403530895334 0.007684426229508197 0.013871374527112233
23 0.2792008196721312 0.23329129886506936 0.007172131147540984 0.014501891551071878
23 0.31224385245901637 0.22824716267339218 0.007684426229508197 0.015762925598991173
23 0.2699795081967213 0.23549810844892813 0.00819672131147541 0.015762925598991173
23 0.29354508196721313 0.23139974779319042 0.007684426229508197 0.013871374527112233
23 0.30302254098360654 0.23045397225725095 0.007684426229508197 0.014501891551071878
23 0.7061987704918032 0.16393442622950818 0.00665983606557377 0.014501891551071878
15 0.5566086065573771 0.18978562421185372 0.08043032786885246 0.07818411097099622
23 0.6967213114754098 0.16614123581336696 0.007684426229508197 0.015132408575031526
23 0.2333504098360656 0.24810844892812106 0.007172131147540984 0.014501891551071878
23 0.24257172131147542 0.2471626733921816 0.007684426229508197 0.014501891551071878
23 0.22412909836065573 0.25031525851197983 0.007684426229508197 0.015132408575031526
15 0.9275102459016393 0.13114754098360656 0.033299180327868855 0.0308953341740227
15 0.13422131147540983 0.2786885245901639 0.04405737704918033 0.04224464060529634
4 0.2963627049180328 0.25189155107187894 0.00665983606557377 0.013871374527112233
23 0.27202868852459017 0.2566204287515763 0.007172131147540984 0.014501891551071878
4 0.34195696721311475 0.244640605296343 0.00665983606557377 0.013871374527112233
23 0.2817622950819672 0.25504413619167715 0.007684426229508197 0.013871374527112233
23 0.3765368852459016 0.23865069356872637 0.013831967213114754 0.01008827238335435
4 0.3055840163934426 0.2515762925598991 0.007172131147540984 0.013871374527112233
4 0.31480532786885246 0.25 0.00819672131147541 0.015132408575031526
4 0.8276127049180327 0.16519546027742749 0.03944672131147541 0.02837326607818411
4 0.41623975409836067 0.23738965952080707 0.00819672131147541 0.015762925598991173
23 0.4344262295081967 0.23423707440100883 0.00819672131147541 0.014501891551071878
30 0.39241803278688525 0.2421185372005044 0.018954918032786885 0.02080706179066835
23 0.4067622950819672 0.2405422446406053 0.008709016393442622 0.01639344262295082
23 0.37781762295081966 0.25 0.012807377049180328 0.009457755359394703
23 0.9426229508196722 0.15794451450189156 0.012295081967213115 0.008827238335435058
23 0.09451844262295082 0.30580075662042877 0.007172131147540984 0.014501891551071878
4 0.08529713114754098 0.3073770491803279 0.00665983606557377 0.014501891551071878
23 0.07581967213114754 0.3098991172761665 0.008709016393442622 0.01639344262295082
23 0.3793545081967213 0.26292559899117274 0.01331967213114754 0.009457755359394703
23 0.8017418032786885 0.19388398486759142 0.012807377049180328 0.008827238335435058
23 0.15035860655737704 0.3064312736443884 0.00665983606557377 0.01639344262295082
4 0.41905737704918034 0.26134930643127363 0.00819672131147541 0.014501891551071878
23 0.13242827868852458 0.3108448928121059 0.007172131147540984 0.013871374527112233
23 0.5765881147540983 0.233921815889029 0.006147540983606557 0.013240857503152586
4 0.14190573770491804 0.3092686002522068 0.007172131147540984 0.013871374527112233
23 0.4103483606557377 0.26261034047919296 0.007172131147540984 0.015132408575031526
30 0.3957479508196721 0.2657629255989912 0.016905737704918034 0.022068095838587643
23 0.43775614754098363 0.25851197982345525 0.007172131147540984 0.015762925598991173
23 0.5676229508196722 0.23612862547288777 0.007172131147540984 0.014501891551071878
23 0.5578893442622951 0.23770491803278687 0.00665983606557377 0.014501891551071878
23 0.5863217213114754 0.23297604035308953 0.007172131147540984 0.015132408575031526
15 0.9244364754098361 0.174968474148802 0.0235655737704918 0.027742749054224466
23 0.5494364754098361 0.23991172761664564 0.00665983606557377 0.015132408575031526
23 0.5230532786885246 0.244640605296343 0.007684426229508197 0.015132408575031526
23 0.4956454918032787 0.25 0.007684426229508197 0.015132408575031526
23 0.5048668032786885 0.2484237074401009 0.007684426229508197 0.015132408575031526
23 0.5140881147540983 0.24684741488020176 0.007684426229508197 0.014501891551071878
23 0.38114754098360654 0.27490542244640603 0.013831967213114754 0.01008827238335435
4 0.9454405737704918 0.17843631778058008 0.0117827868852459 0.00819672131147541
23 0.8232581967213115 0.2001891551071879 0.01331967213114754 0.008827238335435058
23 0.8025102459016393 0.20491803278688525 0.012295081967213115 0.009457755359394703
4 0.6247438524590164 0.23770491803278687 0.0117827868852459 0.008827238335435058
23 0.6101434426229508 0.24022698612862547 0.011270491803278689 0.00819672131147541
7 0.9638831967213115 0.1825346784363178 0.015368852459016393 0.0605296343001261
4 0.5881147540983607 0.2484237074401009 0.0056352459016393444 0.011349306431273645
4 0.5699282786885246 0.25220680958385877 0.007684426229508197 0.014501891551071878
4 0.5791495901639344 0.25063051702395966 0.007684426229508197 0.014501891551071878
4 0.5609631147540983 0.25504413619167715 0.007684426229508197 0.013871374527112233
23 0.9467213114754098 0.18915510718789408 0.012295081967213115 0.008827238335435058
23 0.3826844262295082 0.28720050441361916 0.01331967213114754 0.009457755359394703
23 0.5253586065573771 0.2645018915510719 0.007684426229508197 0.013871374527112233
23 0.5076844262295082 0.2682849936948298 0.007684426229508197 0.013871374527112233
23 0.516905737704918 0.26670870113493067 0.00819672131147541 0.014501891551071878
23 0.4889856557377049 0.271437578814628 0.007172131147540984 0.014501891551071878
23 0.4984631147540984 0.2698612862547289 0.007684426229508197 0.014501891551071878
4 0.6255122950819673 0.2484237074401009 0.012295081967213115 0.009457755359394703
23 0.6119364754098361 0.25220680958385877 0.012295081967213115 0.00819672131147541
4 0.42213114754098363 0.2849936948297604 0.007684426229508197 0.015132408575031526
30 0.3983094262295082 0.2890920554854981 0.016905737704918034 0.02080706179066835
23 0.07633196721311475 0.3452080706179067 0.012295081967213115 0.009457755359394703
23 0.4131659836065574 0.28720050441361916 0.00819672131147541 0.015132408575031526
23 0.4405737704918033 0.28247162673392184 0.007684426229508197 0.015132408575031526
23 0.9472336065573771 0.19987389659520807 0.012295081967213115 0.008827238335435058
23 0.3837090163934426 0.2979192938209332 0.012295081967213115 0.008827238335435058
4 0.6267930327868853 0.2597730138713745 0.012295081967213115 0.008827238335435058
4 0.5719774590163934 0.2698612862547289 0.007172131147540984 0.014501891551071878
4 0.5901639344262295 0.26670870113493067 0.007172131147540984 0.015762925598991173
4 0.5627561475409836 0.271437578814628 0.007172131147540984 0.013871374527112233
23 0.6132172131147541 0.26261034047919296 0.012295081967213115 0.00819672131147541
23 0.0783811475409836 0.35592686002522067 0.012295081967213115 0.009457755359394703
15 0.32223360655737704 0.3155737704918033 0.11219262295081968 0.11097099621689786
23 0.9487704918032787 0.21216897856242117 0.010758196721311475 0.008827238335435058
15 0.18929303278688525 0.3467843631778058 0.03944672131147541 0.03909205548549811
23 0.07966188524590163 0.3669609079445145 0.0117827868852459 0.00819672131147541
23 0.41290983606557374 0.3121059268600252 0.007172131147540984 0.014501891551071878
23 0.3865266393442623 0.31651954602774274 0.012295081967213115 0.008827238335435058
30 0.43417008196721313 0.3083228247162673 0.016905737704918034 0.02080706179066835
23 0.4462090163934426 0.30611601513240855 0.007684426229508197 0.015132408575031526
23 0.4036885245901639 0.31431273644388397 0.007172131147540984 0.015132408575031526
23 0.42213114754098363 0.31116015132408575 0.007684426229508197 0.017023959646910468
4 0.2546106557377049 0.34047919293820933 0.007172131147540984 0.013240857503152586
4 0.26383196721311475 0.3389029003783102 0.007684426229508197 0.014501891551071878
4 0.2461577868852459 0.3426860025220681 0.00819672131147541 0.015132408575031526
23 0.38729508196721313 0.32849936948297603 0.012295081967213115 0.009457755359394703
4 0.6311475409836066 0.2938209331651955 0.00819672131147541 0.01639344262295082
23 0.3885758196721312 0.34047919293820933 0.012295081967213115 0.009457755359394703
23 0.5207479508196722 0.31809583858764184 0.012807377049180328 0.009457755359394703
23 0.40650614754098363 0.3385876418663304 0.007172131147540984 0.015762925598991173
23 0.43135245901639346 0.33417402269861285 0.007172131147540984 0.014501891551071878
30 0.4182889344262295 0.3370113493064313 0.017418032786885244 0.021437578814627996
15 0.1447233606557377 0.3921815889029004 0.038422131147540985 0.0403530895334174
4 0.39036885245901637 0.35151324085750313 0.012807377049180328 0.01008827238335435
15 0.8944672131147541 0.266078184110971 0.08196721311475409 0.12484237074401008
23 0.5225409836065574 0.3307061790668348 0.012807377049180328 0.009457755359394703
15 0.7228483606557377 0.30359394703657 0.17827868852459017 0.21752837326607818
4 0.9454405737704918 0.2689155107187894 0.0117827868852459 0.009457755359394703
23 0.5235655737704918 0.34300126103404793 0.0117827868852459 0.008827238335435058
15 0.5668545081967213 0.3376418663303909 0.061987704918032786 0.11034047919293821
4 0.6347336065573771 0.32629255989911726 0.007684426229508197 0.014501891551071878
4 0.39088114754098363 0.37421185372005045 0.007172131147540984 0.012610340479192938
4 0.37269467213114754 0.37736443883984866 0.00819672131147541 0.013240857503152586
4 0.3432377049180328 0.3833543505674653 0.007172131147540984 0.013240857503152586
4 0.3632172131147541 0.37988650693568726 0.007684426229508197 0.012610340479192938
4 0.3819159836065574 0.3764186633039092 0.007684426229508197 0.012610340479192938
4 0.3245389344262295 0.3871374527112232 0.00819672131147541 0.015132408575031526
4 0.2850922131147541 0.3937578814627995 0.007684426229508197 0.013871374527112233
4 0.2943135245901639 0.3921815889029004 0.007172131147540984 0.013240857503152586
4 0.35450819672131145 0.3817780580075662 0.007684426229508197 0.013240857503152586
4 0.33427254098360654 0.38524590163934425 0.00819672131147541 0.014501891551071878
4 0.27587090163934425 0.39564943253467844 0.007684426229508197 0.013240857503152586
4 0.30353483606557374 0.3912358133669609 0.007172131147540984 0.012610340479192938
4 0.2576844262295082 0.3994325346784363 0.007172131147540984 0.014501891551071878
4 0.26690573770491804 0.3975409836065574 0.007684426229508197 0.014501891551071878
23 0.9472336065573771 0.27994955863808324 0.012295081967213115 0.008827238335435058
4 0.4605532786885246 0.3672761664564943 0.0117827868852459 0.010718789407313998
23 0.5261270491803278 0.3619167717528373 0.011270491803278689 0.008827238335435058
23 0.9490266393442623 0.29129886506935687 0.011270491803278689 0.009457755359394703
4 0.4093237704918033 0.3858764186633039 0.012295081967213115 0.008827238335435058
23 0.39344262295081966 0.39501891551071877 0.007172131147540984 0.01639344262295082
23 0.32633196721311475 0.40636822194199246 0.007684426229508197 0.015762925598991173
23 0.2692110655737705 0.4170870113493064 0.00665983606557377 0.015132408575031526
23 0.3360655737704918 0.40542244640605296 0.00665983606557377 0.014501891551071878
23 0.36603483606557374 0.4003783102143758 0.007172131147540984 0.015132408575031526
23 0.3055840163934426 0.41078184110970994 0.007684426229508197 0.014501891551071878
23 0.31839139344262296 0.4085750315258512 0.007172131147540984 0.014501891551071878
23 0.25998975409836067 0.41866330390920553 0.007172131147540984 0.015132408575031526
23 0.37525614754098363 0.39880201765447665 0.00819672131147541 0.015762925598991173
23 0.35706967213114754 0.4025851197982345 0.007684426229508197 0.013871374527112233
23 0.3457991803278688 0.4044766708701135 0.007684426229508197 0.015132408575031526
23 0.2774077868852459 0.416141235813367 0.007684426229508197 0.014501891551071878
23 0.29661885245901637 0.4129886506935687 0.007172131147540984 0.014501891551071878
23 0.28688524590163933 0.4145649432534678 0.007684426229508197 0.01639344262295082
23 0.38447745901639346 0.39848675914249687 0.007172131147540984 0.013240857503152586
23 0.5268954918032787 0.3735813366960908 0.0117827868852459 0.009457755359394703
23 0.9497950819672131 0.3026481715006305 0.011270491803278689 0.008827238335435058
4 0.4100922131147541 0.39659520807061793 0.011270491803278689 0.008827238335435058
23 0.6083504098360656 0.36601513240857503 0.012807377049180328 0.009457755359394703
30 0.6316598360655737 0.3656998738965952 0.015368852459016393 0.018915510718789406
23 0.8575819672131147 0.3344892812105927 0.007684426229508197 0.015132408575031526
23 0.8662909836065574 0.33354350567465324 0.00665983606557377 0.014501891551071878
30 0.610655737704918 0.38083228247162676 0.014344262295081968 0.015762925598991173
23 0.6337090163934426 0.38083228247162676 0.0117827868852459 0.008827238335435058
23 0.6124487704918032 0.39722572509457754 0.012295081967213115 0.009457755359394703
23 0.43135245901639346 0.4296973518284994 0.009221311475409836 0.014501891551071878
4 0.4228995901639344 0.43190416141235816 0.009221311475409836 0.015132408575031526
23 0.4410860655737705 0.4287515762925599 0.010245901639344262 0.015132408575031526
23 0.45184426229508196 0.4274905422446406 0.008709016393442622 0.015132408575031526
30 0.6352459016393442 0.3975409836065574 0.01485655737704918 0.01828499369482976
30 0.6147540983606558 0.4126733921815889 0.013831967213114754 0.01639344262295082
7 0.9828381147540983 0.35119798234552335 0.024077868852459015 0.1343001261034048
23 0.6367827868852459 0.4120428751576293 0.012807377049180328 0.008827238335435058
23 0.44390368852459017 0.44861286254728877 0.00973360655737705 0.015762925598991173
23 0.453125 0.44703656998738966 0.009221311475409836 0.014501891551071878
4 0.4334016393442623 0.45176544766708704 0.008709016393442622 0.01828499369482976
23 0.3240266393442623 0.4807692307692308 0.007172131147540984 0.013240857503152586
23 0.3332479508196721 0.4798234552332913 0.007172131147540984 0.013871374527112233
23 0.22054303278688525 0.5044136191677175 0.011270491803278689 0.009457755359394703
23 0.1416495901639344 0.5192307692307693 0.007172131147540984 0.013871374527112233
23 0.15035860655737704 0.5186002522068096 0.007172131147540984 0.015762925598991173
23 0.1606045081967213 0.5173392181588903 0.008709016393442622 0.014501891551071878
4 0.289702868852459 0.5025220680958385 0.02459016393442623 0.017654476670870115
23 0.22207991803278687 0.5170239596469105 0.0117827868852459 0.009457755359394703
15 0.4426229508196721 0.4813997477931904 0.04149590163934426 0.0403530895334174
15 0.9267418032786885 0.400063051702396 0.045081967213114756 0.04287515762925599
23 0.7000512295081968 0.44041614123581335 0.007172131147540984 0.015132408575031526
23 0.6910860655737705 0.44199243379571246 0.007172131147540984 0.014501891551071878
23 0.7092725409836066 0.4394703656998739 0.007684426229508197 0.014501891551071878
23 0.671875 0.44609079445145017 0.007684426229508197 0.015132408575031526
23 0.6818647540983607 0.44419924337957123 0.007684426229508197 0.015132408575031526
23 0.14856557377049182 0.5403530895334174 0.00665983606557377 0.015132408575031526
23 0.16649590163934427 0.5372005044136192 0.007684426229508197 0.013871374527112233
4 0.13908811475409835 0.5419293820933165 0.007684426229508197 0.014501891551071878
23 0.15778688524590165 0.5394073139974779 0.007684426229508197 0.013871374527112233
4 0.7282274590163934 0.4426229508196721 0.007684426229508197 0.013871374527112233
4 0.7374487704918032 0.441046658259773 0.007172131147540984 0.013871374527112233
23 0.703125 0.4609079445145019 0.00665983606557377 0.013871374527112233
23 0.6933913934426229 0.46279949558638084 0.007684426229508197 0.013871374527112233
23 0.6746926229508197 0.46595208070617905 0.00665983606557377 0.014501891551071878
23 0.6841700819672131 0.46437578814627994 0.007172131147540984 0.014501891551071878
23 0.21157786885245902 0.5510718789407314 0.012807377049180328 0.009457755359394703
23 0.45440573770491804 0.5122950819672131 0.007172131147540984 0.014501891551071878
4 0.46337090163934425 0.510718789407314 0.007684426229508197 0.014501891551071878
23 0.4451844262295082 0.5138713745271122 0.007684426229508197 0.014501891551071878
23 0.4359631147540984 0.5154476670870114 0.007172131147540984 0.013871374527112233
15 0.1570184426229508 0.5715636822194199 0.031762295081967214 0.03783102143757881
23 0.21234631147540983 0.562421185372005 0.0117827868852459 0.00819672131147541
23 0.19595286885245902 0.5652585119798235 0.0117827868852459 0.008827238335435058
23 0.6962090163934426 0.48329129886506933 0.007172131147540984 0.015132408575031526
23 0.6867315573770492 0.4854981084489281 0.007172131147540984 0.014501891551071878
23 0.6769979508196722 0.48707440100882726 0.007684426229508197 0.013871374527112233
23 0.7054303278688525 0.4823455233291299 0.00665983606557377 0.015132408575031526
23 0.4569672131147541 0.5308953341740227 0.007172131147540984 0.014501891551071878
23 0.4661885245901639 0.5293190416141236 0.007172131147540984 0.014501891551071878
23 0.21413934426229508 0.5737704918032787 0.013831967213114754 0.01008827238335435
23 0.19774590163934427 0.5766078184110971 0.012295081967213115 0.00819672131147541