4 0.393859649122807 0.11707566462167689 0.026900584795321637 0.05623721881390593
4 0.3219298245614035 0.12116564417177914 0.02982456140350877 0.053169734151329244
4 0.20730994152046783 0.12321063394683027 0.025730994152046785 0.04805725971370143
4 0.6192982456140351 0.12423312883435583 0.02631578947368421 0.06850715746421268
4 0.4523391812865497 0.12474437627811862 0.05087719298245614 0.046012269938650305
4 0.10292397660818714 0.1273006134969325 0.0824561403508772 0.10633946830265849
23 0.2304093567251462 0.19069529652351738 0.008771929824561403 0.04805725971370143
4 0.24415204678362573 0.19222903885480572 0.02280701754385965 0.06748466257668712
23 0.19181286549707602 0.19274028629856851 0.011695906432748537 0.03987730061349693
4 0.31491228070175437 0.19529652351738241 0.014035087719298246 0.06952965235173825
23 0.17982456140350878 0.19580777096114518 0.014619883040935672 0.03783231083844581
23 0.11842105263157894 0.19785276073619631 0.008771929824561403 0.04805725971370143
23 0.5853801169590643 0.19887525562372188 0.011111111111111112 0.04805725971370143
23 0.39035087719298245 0.19887525562372188 0.011111111111111112 0.05112474437627812
23 0.20730994152046783 0.19938650306748465 0.010526315789473684 0.03885480572597137
23 0.2195906432748538 0.19989775051124745 0.00935672514619883 0.06339468302658487
23 0.5730994152046783 0.19989775051124745 0.011695906432748537 0.03987730061349693
23 0.30701754385964913 0.200920245398773 0.011111111111111112 0.03987730061349693
4 0.33801169590643276 0.20245398773006135 0.03508771929824561 0.09406952965235174
23 0.5342105263157895 0.20296523517382414 0.011111111111111112 0.03374233128834356
23 0.3769005847953216 0.20501022494887525 0.013450292397660818 0.053169734151329244
23 0.5599415204678363 0.20552147239263804 0.014619883040935672 0.032719836400818
4 0.404093567251462 0.20552147239263804 0.011111111111111112 0.07157464212678936
23 0.5222222222222223 0.2065439672801636 0.013450292397660818 0.04294478527607362
4 0.9 0.2065439672801636 0.03216374269005848 0.03783231083844581
23 0.10906432748538011 0.2065439672801636 0.0152046783625731 0.053169734151329244
23 0.5485380116959064 0.20705521472392638 0.008771929824561403 0.04703476482617587
33 0.6608187134502924 0.21012269938650308 0.11169590643274854 0.081799591002045
4 0.7605263157894737 0.2116564417177914 0.012280701754385965 0.05623721881390593
15 0.46228070175438596 0.21216768916155418 0.0912280701754386 0.09406952965235174
4 0.7304093567251462 0.21267893660531698 0.015789473684210527 0.05828220858895705
4 0.743859649122807 0.21319018404907975 0.013450292397660818 0.06441717791411043
15 0.26637426900584793 0.25306748466257667 0.0011695906432748538 0.023517382413087935
4 0.22076023391812866 0.2960122699386503 0.0304093567251462 0.05828220858895705
15 0.8929824561403509 0.35480572597137017 0.1152046783625731 0.09406952965235174
23 0.5625730994152047 0.3553169734151329 0.011111111111111112 0.026584867075664622
15 0.12046783625730995 0.3558282208588957 0.10175438596491228 0.1114519427402863
23 0.6190058479532163 0.35838445807770963 0.014035087719298246 0.05725971370143149
15 0.4950292397660819 0.35991820040899797 0.11228070175438597 0.10736196319018405
15 0.29473684210526313 0.36860940695296524 0.11403508771929824 0.09202453987730061
15 0.7464912280701754 0.37321063394683024 0.17017543859649123 0.09713701431492842
15 0.9011695906432748 0.5342535787321063 0.0912280701754386 0.09202453987730061
15 0.11725146198830409 0.5383435582822086 0.1023391812865497 0.08384458077709611
15 0.5470760233918128 0.5408997955010225 0.2023391812865497 0.17075664621676892
23 0.3570175438596491 0.5419222903885481 0.00935672514619883 0.041922290388548056
15 0.2976608187134503 0.5439672801635992 0.11812865497076024 0.1114519427402863
15 0.747953216374269 0.5485685071574642 0.12456140350877193 0.11247443762781185
33 0.295906432748538 0.7213701431492843 0.1064327485380117 0.09815950920245399
15 0.11374269005847953 0.7234151329243353 0.09824561403508772 0.08997955010224949
15 0.5190058479532164 0.901840490797546 0.11812865497076024 0.1196319018404908
15 0.11695906432748537 0.90439672801636 0.10701754385964912 0.09202453987730061
15 0.2982456140350877 0.9054192229038854 0.10175438596491228 0.08997955010224949
23 0.35555555555555557 0.9054192229038854 0.01695906432748538 0.06952965235173825
23 0.856140350877193 0.9079754601226994 0.014035087719298246 0.05214723926380368
23 0.6263157894736842 0.911042944785276 0.023391812865497075 0.065439672801636