4 0.9682459677419355 0.5103305785123967 0.004032258064516129 0.014462809917355372
23 0.6300403225806451 0.030303030303030304 0.009072580645161291 0.005509641873278237
4 0.96875 0.5275482093663911 0.003528225806451613 0.01652892561983471
4 0.8472782258064516 0.5371900826446281 0.005040322580645161 0.01928374655647383
4 0.5342741935483871 0.03305785123966942 0.006048387096774193 0.01859504132231405
23 0.4964717741935484 0.5612947658402204 0.012600806451612902 0.007575757575757576
4 0.9813508064516129 0.5654269972451791 0.014112903225806451 0.007575757575757576
23 0.4884072580645161 0.5709366391184573 0.003528225806451613 0.014462809917355372
15 0.5161290322580645 0.03581267217630854 0.028729838709677418 0.026859504132231406
30 0.11794354838709678 0.03581267217630854 0.02620967741935484 0.05853994490358127
23 0.4969758064516129 0.5757575757575758 0.012096774193548387 0.006198347107438017
7 0.7363911290322581 0.5757575757575758 0.04032258064516129 0.3973829201101928
7 0.8734879032258065 0.5764462809917356 0.04233870967741935 0.3925619834710744
7 0.9420362903225806 0.5771349862258953 0.04536290322580645 0.39807162534435264
7 0.6663306451612904 0.5778236914600551 0.036290322580645164 0.39462809917355374
7 0.8039314516129032 0.5785123966942148 0.04133064516129032 0.40082644628099173
7 0.5977822580645161 0.5792011019283747 0.03578629032258065 0.3973829201101928
23 0.6290322580645161 0.03650137741046832 0.008568548387096774 0.005509641873278237
4 0.4410282258064516 0.6005509641873278 0.012600806451612902 0.0048209366391184574
4 0.4274193548387097 0.6012396694214877 0.011592741935483871 0.008264462809917356
4 0.46875 0.6039944903581267 0.018649193548387098 0.011707988980716254
4 0.45514112903225806 0.609504132231405 0.004032258064516129 0.01584022038567493
23 0.4969758064516129 0.6101928374655647 0.010584677419354838 0.005509641873278237
23 0.4501008064516129 0.6143250688705234 0.003528225806451613 0.011707988980716254
23 0.44506048387096775 0.6157024793388429 0.0045362903225806455 0.014462809917355372
23 0.4889112903225806 0.6191460055096418 0.005040322580645161 0.015151515151515152
23 0.48235887096774194 0.6198347107438017 0.004032258064516129 0.015151515151515152
4 0.4183467741935484 0.6205234159779615 0.003528225806451613 0.01721763085399449
23 0.42439516129032256 0.6205234159779615 0.004032258064516129 0.01584022038567493
23 0.639616935483871 0.04201101928374656 0.003528225806451613 0.013774104683195593
23 0.48639112903225806 0.6446280991735537 0.003528225806451613 0.015151515151515152
23 0.7736895161290323 0.6487603305785123 0.012600806451612902 0.008953168044077135
23 0.5040322580645161 0.6508264462809917 0.004032258064516129 0.015151515151515152
23 0.6189516129032258 0.6515151515151515 0.008064516129032258 0.005509641873278237
23 0.9122983870967742 0.6522038567493113 0.010584677419354838 0.006198347107438017
23 0.09324596774193548 0.6535812672176309 0.003528225806451613 0.009641873278236915
23 0.08820564516129033 0.6542699724517906 0.003528225806451613 0.013085399449035813
23 0.16532258064516128 0.6542699724517906 0.004032258064516129 0.013774104683195593
23 0.07963709677419355 0.6542699724517906 0.005040322580645161 0.013085399449035813
4 0.12701612903225806 0.6549586776859504 0.0045362903225806455 0.01652892561983471
23 0.11643145161290322 0.6549586776859504 0.0045362903225806455 0.01721763085399449
4 0.1219758064516129 0.6549586776859504 0.004032258064516129 0.01584022038567493
23 0.11139112903225806 0.6556473829201102 0.003528225806451613 0.013774104683195593
23 0.1063508064516129 0.65633608815427 0.004032258064516129 0.01721763085399449
23 0.9122983870967742 0.6590909090909091 0.009576612903225807 0.005509641873278237
4 0.2217741935483871 0.6590909090909091 0.011592741935483871 0.005509641873278237
23 0.7066532258064516 0.6604683195592287 0.012096774193548387 0.005509641873278237
23 0.6376008064516129 0.6604683195592287 0.010080645161290322 0.0048209366391184574
4 0.2091733870967742 0.6604683195592287 0.012096774193548387 0.006198347107438017
23 0.6189516129032258 0.6604683195592287 0.008064516129032258 0.008264462809917356
23 0.6880040322580645 0.6604683195592287 0.008568548387096774 0.007575757575757576
15 0.6043346774193549 0.0440771349862259 0.03377016129032258 0.048209366391184574
23 0.8442540322580645 0.6632231404958677 0.010080645161290322 0.005509641873278237
23 0.5020161290322581 0.668732782369146 0.003528225806451613 0.01584022038567493
23 0.8442540322580645 0.6701101928374655 0.010080645161290322 0.004132231404958678
23 0.11139112903225806 0.6714876033057852 0.004032258064516129 0.014462809917355372
23 0.11693548387096774 0.6721763085399449 0.003528225806451613 0.013774104683195593
23 0.09979838709677419 0.6721763085399449 0.004032258064516129 0.011019283746556474
23 0.10534274193548387 0.6728650137741047 0.003528225806451613 0.013085399449035813
30 0.4490927419354839 0.6763085399449036 0.03931451612903226 0.08402203856749312
4 0.18548387096774194 0.6763085399449036 0.004032258064516129 0.01584022038567493
30 0.40776209677419356 0.6769972451790633 0.03931451612903226 0.08608815426997245
4 0.19254032258064516 0.6776859504132231 0.00655241935483871 0.01997245179063361
4 0.8442540322580645 0.678374655647383 0.012096774193548387 0.006198347107438017
23 0.1275201612903226 0.6797520661157025 0.0030241935483870967 0.013085399449035813
23 0.1219758064516129 0.681129476584022 0.0030241935483870967 0.014462809917355372
4 0.15776209677419356 0.6818181818181818 0.0045362903225806455 0.01859504132231405
4 0.15272177419354838 0.6825068870523416 0.004032258064516129 0.01721763085399449
4 0.16381048387096775 0.6831955922865014 0.006048387096774193 0.01997245179063361
15 0.21370967741935484 0.6831955922865014 0.03225806451612903 0.03512396694214876
4 0.6376008064516129 0.6845730027548209 0.01310483870967742 0.006887052341597796
7 0.9879032258064516 0.6849173553719008 0.023185483870967742 0.22107438016528927
23 0.17338709677419356 0.6921487603305785 0.011592741935483871 0.006887052341597796
30 0.3548387096774194 0.6935261707988981 0.03931451612903226 0.08264462809917356
23 0.18598790322580644 0.6942148760330579 0.011088709677419355 0.007575757575757576
30 0.3155241935483871 0.6949035812672176 0.039818548387096774 0.08402203856749312
4 0.7061491935483871 0.696969696969697 0.012096774193548387 0.006887052341597796
23 0.1275201612903226 0.703168044077135 0.003528225806451613 0.013774104683195593
23 0.2061491935483871 0.7059228650137741 0.013608870967741936 0.006198347107438017
4 0.22278225806451613 0.7066115702479339 0.014112903225806451 0.007575757575757576
4 0.5191532258064516 0.7286501377410468 0.012600806451612902 0.005509641873278237
4 0.9117943548387096 0.7286501377410468 0.014112903225806451 0.006887052341597796
4 0.7752016129032258 0.7307162534435262 0.012096774193548387 0.006887052341597796
23 0.4753024193548387 0.7341597796143251 0.010584677419354838 0.0048209366391184574
23 0.6295362903225806 0.05165289256198347 0.011088709677419355 0.0048209366391184574
23 0.4753024193548387 0.740358126721763 0.012600806451612902 0.006198347107438017
4 0.30443548387096775 0.7431129476584022 0.012600806451612902 0.006887052341597796
4 0.4753024193548387 0.7472451790633609 0.011088709677419355 0.005509641873278237
4 0.5262096774193549 0.05303030303030303 0.010080645161290322 0.006198347107438017
4 0.5151209677419355 0.05303030303030303 0.011088709677419355 0.006887052341597796
23 0.47631048387096775 0.7541322314049587 0.012600806451612902 0.0048209366391184574
23 0.47580645161290325 0.7603305785123967 0.012096774193548387 0.0048209366391184574
4 0.3961693548387097 0.7603305785123967 0.007560483870967742 0.01790633608815427
4 0.532258064516129 0.762396694214876 0.011088709677419355 0.006887052341597796
15 0.5025201612903226 0.7658402203856749 0.039818548387096774 0.06129476584022039
4 0.47631048387096775 0.7679063360881543 0.012096774193548387 0.006198347107438017
23 0.4621975806451613 0.7699724517906336 0.004032258064516129 0.013085399449035813
4 0.46723790322580644 0.7699724517906336 0.005040322580645161 0.014462809917355372
4 0.3805443548387097 0.7706611570247934 0.011592741935483871 0.0048209366391184574
4 0.3548387096774194 0.7713498622589532 0.006048387096774193 0.01790633608815427
4 0.29435483870967744 0.05578512396694215 0.004032258064516129 0.013085399449035813
4 0.4753024193548387 0.7741046831955923 0.010080645161290322 0.005509641873278237
4 0.44506048387096775 0.7747933884297521 0.005544354838709678 0.01721763085399449
23 0.019153225806451613 0.05647382920110193 0.012600806451612902 0.006887052341597796
4 0.4747983870967742 0.7803030303030303 0.010584677419354838 0.006198347107438017
23 0.3790322580645161 0.7816804407713499 0.004032258064516129 0.013774104683195593
23 0.3840725806451613 0.7823691460055097 0.0045362903225806455 0.014462809917355372
4 0.2878024193548387 0.05647382920110193 0.00655241935483871 0.01859504132231405
4 0.47580645161290325 0.7878787878787878 0.010584677419354838 0.006198347107438017
4 0.5317540322580645 0.7899449035812672 0.011592741935483871 0.005509641873278237
15 0.4213709677419355 0.7913223140495868 0.040826612903225805 0.06198347107438017
23 0.719758064516129 0.7926997245179064 0.012600806451612902 0.008264462809917356
4 0.7570564516129032 0.7975206611570248 0.0045362903225806455 0.01652892561983471
23 0.3785282258064516 0.7975206611570248 0.004032258064516129 0.015151515151515152
4 0.3084677419354839 0.05785123966942149 0.007056451612903226 0.02134986225895317
23 0.3840725806451613 0.7988980716253443 0.005040322580645161 0.014462809917355372
4 0.7449596774193549 0.7988980716253443 0.0045362903225806455 0.01859504132231405
4 0.7505040322580645 0.7995867768595041 0.005544354838709678 0.01790633608815427
4 0.5524193548387096 0.05853994490358127 0.007056451612903226 0.01997245179063361
4 0.3251008064516129 0.8044077134986226 0.013608870967741936 0.006198347107438017
4 0.44606854838709675 0.8078512396694215 0.0045362903225806455 0.01859504132231405
4 0.7394153225806451 0.8126721763085399 0.005544354838709678 0.015151515151515152
4 0.6290322580645161 0.05922865013774105 0.010080645161290322 0.007575757575757576
23 0.31401209677419356 0.8140495867768595 0.0045362903225806455 0.012396694214876033
23 0.5332661290322581 0.8174931129476584 0.010584677419354838 0.0048209366391184574
4 0.7464717741935484 0.8257575757575758 0.005544354838709678 0.01584022038567493
23 0.7363911290322581 0.8264462809917356 0.012096774193548387 0.0048209366391184574
23 0.3069556451612903 0.8292011019283747 0.0045362903225806455 0.015151515151515152
15 0.3316532258064516 0.8305785123966942 0.02721774193548387 0.0440771349862259
23 0.735383064516129 0.831267217630854 0.011088709677419355 0.006887052341597796
4 0.2842741935483871 0.8443526170798898 0.005040322580645161 0.01584022038567493
15 0.9798387096774194 0.8477961432506887 0.022681451612903226 0.02203856749311295
4 0.8064516129032258 0.8477961432506887 0.012096774193548387 0.008953168044077135
4 0.5383064516129032 0.8477961432506887 0.0045362903225806455 0.014462809917355372
15 0.13256048387096775 0.8484848484848485 0.02620967741935484 0.040633608815427
4 0.5 0.8526170798898072 0.012600806451612902 0.007575757575757576
4 0.516633064516129 0.8526170798898072 0.009576612903225807 0.0048209366391184574
4 0.8064516129032258 0.8553719008264463 0.013608870967741936 0.009641873278236915
15 0.6194556451612904 0.8574380165289256 0.06149193548387097 0.11225895316804407
4 0.5151209677419355 0.859504132231405 0.01310483870967742 0.007575757575757576
4 0.5005040322580645 0.859504132231405 0.011592741935483871 0.005509641873278237
4 0.23891129032258066 0.0640495867768595 0.0045362903225806455 0.01652892561983471
23 0.9727822580645161 0.8636363636363636 0.012096774193548387 0.006198347107438017
4 0.8069556451612904 0.8636363636363636 0.014616935483870967 0.009641873278236915
23 0.9848790322580645 0.8650137741046832 0.010584677419354838 0.006887052341597796
15 0.8341733870967742 0.8657024793388429 0.036290322580645164 0.05096418732782369
23 0.036290322580645164 0.06473829201101929 0.011592741935483871 0.007575757575757576
4 0.24848790322580644 0.06473829201101929 0.005040322580645161 0.015151515151515152
4 0.501008064516129 0.8677685950413223 0.012096774193548387 0.007575757575757576
4 0.20514112903225806 0.06542699724517906 0.005544354838709678 0.01859504132231405
4 0.21824596774193547 0.06542699724517906 0.00655241935483871 0.01721763085399449
4 0.8069556451612904 0.8739669421487604 0.01310483870967742 0.008953168044077135
4 0.2127016129032258 0.06611570247933884 0.00655241935483871 0.01721763085399449
4 0.2605846774193548 0.06611570247933884 0.005040322580645161 0.01721763085399449
4 0.27318548387096775 0.06611570247933884 0.004032258064516129 0.014462809917355372
4 0.28024193548387094 0.06680440771349862 0.00655241935483871 0.01790633608815427
4 0.2318548387096774 0.06680440771349862 0.006048387096774193 0.01721763085399449
23 0.6290322580645161 0.06680440771349862 0.011592741935483871 0.006198347107438017
4 0.8074596774193549 0.8849862258953168 0.015625 0.010330578512396695
4 0.390625 0.0674931129476584 0.005544354838709678 0.015151515151515152
4 0.5015120967741935 0.8932506887052342 0.013608870967741936 0.007575757575757576
4 0.8069556451612904 0.8939393939393939 0.013608870967741936 0.007575757575757576
4 0.8351814516129032 0.8994490358126722 0.012096774193548387 0.007575757575757576
4 0.501008064516129 0.9015151515151515 0.01310483870967742 0.006198347107438017
4 0.8215725806451613 0.9022038567493113 0.005040322580645161 0.013774104683195593
4 0.8513104838709677 0.9022038567493113 0.0045362903225806455 0.013774104683195593
4 0.8170362903225806 0.9028925619834711 0.006048387096774193 0.01652892561983471
4 0.8266129032258065 0.9028925619834711 0.0045362903225806455 0.015151515151515152
4 0.8462701612903226 0.9028925619834711 0.006048387096774193 0.01721763085399449
23 0.8568548387096774 0.9035812672176309 0.003528225806451613 0.01721763085399449
4 0.5005040322580645 0.9084022038567493 0.01310483870967742 0.006198347107438017
4 0.8331653225806451 0.9111570247933884 0.005544354838709678 0.01721763085399449
4 0.8094758064516129 0.9118457300275482 0.007560483870967742 0.02134986225895317
4 0.8392137096774194 0.9118457300275482 0.00655241935483871 0.01721763085399449
4 0.501008064516129 0.9166666666666666 0.01310483870967742 0.007575757575757576
23 0.8492943548387096 0.9173553719008265 0.010584677419354838 0.007575757575757576
4 0.8230846774193549 0.9173553719008265 0.012096774193548387 0.005509641873278237
4 0.37752016129032256 0.07024793388429752 0.0045362903225806455 0.013085399449035813
4 0.3276209677419355 0.0709366391184573 0.004032258064516129 0.01584022038567493
4 0.33618951612903225 0.07162534435261708 0.0045362903225806455 0.01584022038567493
4 0.36794354838709675 0.07162534435261708 0.005544354838709678 0.01584022038567493
4 0.43649193548387094 0.07162534435261708 0.0045362903225806455 0.01721763085399449
23 0.42086693548387094 0.07231404958677685 0.011088709677419355 0.0048209366391184574
4 0.35786290322580644 0.07231404958677685 0.007560483870967742 0.01652892561983471
4 0.34526209677419356 0.07369146005509641 0.005544354838709678 0.01652892561983471
4 0.13004032258064516 0.07369146005509641 0.00655241935483871 0.01721763085399449
23 0.40877016129032256 0.07369146005509641 0.010080645161290322 0.006198347107438017
23 0.6300403225806451 0.0743801652892562 0.012096774193548387 0.006198347107438017
4 0.11693548387096774 0.07506887052341597 0.005040322580645161 0.01859504132231405
4 0.10332661290322581 0.07644628099173553 0.004032258064516129 0.01584022038567493
4 0.10987903225806452 0.07644628099173553 0.003528225806451613 0.01721763085399449
23 0.6703629032258065 0.07920110192837465 0.005544354838709678 0.015151515151515152
23 0.42086693548387094 0.07988980716253444 0.010080645161290322 0.006887052341597796
4 0.5902217741935484 0.07988980716253444 0.007056451612903226 0.01721763085399449
4 0.6038306451612904 0.07988980716253444 0.00655241935483871 0.01859504132231405
4 0.09425403225806452 0.08057851239669421 0.007056451612903226 0.013085399449035813
4 0.5972782258064516 0.08057851239669421 0.0045362903225806455 0.01721763085399449
4 0.0690524193548387 0.08057851239669421 0.0045362903225806455 0.01584022038567493
4 0.6189516129032258 0.08057851239669421 0.00655241935483871 0.01790633608815427
4 0.061995967741935484 0.081267217630854 0.005040322580645161 0.01652892561983471
4 0.08618951612903226 0.081267217630854 0.0045362903225806455 0.01790633608815427
23 0.6567540322580645 0.08195592286501377 0.005544354838709678 0.015151515151515152
4 0.07661290322580645 0.08264462809917356 0.006048387096774193 0.01652892561983471
23 0.6612903225806451 0.08333333333333333 0.005544354838709678 0.013774104683195593
4 0.04485887096774194 0.08333333333333333 0.017137096774193547 0.011019283746556474
23 0.23487903225806453 0.08333333333333333 0.0045362903225806455 0.014462809917355372
23 0.2399193548387097 0.08333333333333333 0.0030241935483870967 0.013085399449035813
23 0.15725806451612903 0.09228650137741047 0.004032258064516129 0.015151515151515152
23 0.13256048387096775 0.09297520661157024 0.005040322580645161 0.013774104683195593
23 0.16129032258064516 0.09366391184573003 0.003528225806451613 0.013085399449035813
23 0.29939516129032256 0.0943526170798898 0.005040322580645161 0.014462809917355372
23 0.30393145161290325 0.09641873278236915 0.0045362903225806455 0.015151515151515152
23 0.6517137096774194 0.09917355371900827 0.005040322580645161 0.015151515151515152
23 0.6567540322580645 0.09986225895316804 0.006048387096774193 0.013085399449035813
23 0.6628024193548387 0.09986225895316804 0.004032258064516129 0.014462809917355372
23 0.6819556451612904 0.10055096418732783 0.005544354838709678 0.01584022038567493
23 0.09727822580645161 0.10055096418732783 0.004032258064516129 0.01652892561983471
23 0.09223790322580645 0.1012396694214876 0.0045362903225806455 0.015151515151515152
23 0.9616935483870968 0.10674931129476584 0.010584677419354838 0.007575757575757576
4 0.9606854838709677 0.11363636363636363 0.010584677419354838 0.0048209366391184574
4 0.7752016129032258 0.11363636363636363 0.010080645161290322 0.006198347107438017
4 0.7883064516129032 0.11432506887052342 0.011592741935483871 0.008264462809917356
23 0.9606854838709677 0.12190082644628099 0.012096774193548387 0.007575757575757576
4 0.7116935483870968 0.12190082644628099 0.005040322580645161 0.01721763085399449
4 0.7071572580645161 0.12258953168044077 0.003528225806451613 0.01652892561983471
23 0.7016129032258065 0.12327823691460055 0.005040322580645161 0.014462809917355372
23 0.9601814516129032 0.12741046831955924 0.011088709677419355 0.006198347107438017
4 0.9606854838709677 0.13360881542699724 0.012096774193548387 0.005509641873278237
23 0.7076612903225806 0.13980716253443526 0.0045362903225806455 0.01584022038567493
23 0.7132056451612904 0.14049586776859505 0.0030241935483870967 0.014462809917355372
4 0.9606854838709677 0.14118457300275483 0.010584677419354838 0.006887052341597796
4 0.7762096774193549 0.14669421487603307 0.010584677419354838 0.006887052341597796
4 0.9601814516129032 0.1487603305785124 0.012096774193548387 0.006887052341597796
23 0.7898185483870968 0.15013774104683195 0.011088709677419355 0.006198347107438017
23 0.7767137096774194 0.15289256198347106 0.010584677419354838 0.005509641873278237
7 0.8467741935483871 0.15426997245179064 0.03679435483870968 0.2644628099173554
7 0.9107862903225806 0.15633608815426997 0.03225806451612903 0.2692837465564738
23 0.7893145161290323 0.1590909090909091 0.010584677419354838 0.006198347107438017
23 0.7767137096774194 0.15977961432506887 0.009576612903225807 0.006887052341597796
23 0.7878024193548387 0.1659779614325069 0.011088709677419355 0.006198347107438017
4 0.9783266129032258 0.16735537190082644 0.012096774193548387 0.006887052341597796
23 0.7883064516129032 0.174931129476584 0.009072580645161291 0.006887052341597796
23 0.9783266129032258 0.1756198347107438 0.010080645161290322 0.006198347107438017
4 0.9747983870967742 0.1887052341597796 0.005040322580645161 0.01790633608815427
4 0.9818548387096774 0.19077134986225897 0.0045362903225806455 0.01584022038567493
23 0.7741935483870968 0.20316804407713498 0.010584677419354838 0.006887052341597796
23 0.7872983870967742 0.20385674931129477 0.009576612903225807 0.006198347107438017
23 0.8014112903225806 0.2238292011019284 0.01310483870967742 0.008264462809917356
23 0.7817540322580645 0.23140495867768596 0.011592741935483871 0.005509641873278237
4 0.8019153225806451 0.23209366391184574 0.012096774193548387 0.006887052341597796
23 0.7807459677419355 0.23760330578512398 0.011088709677419355 0.006198347107438017
23 0.43598790322580644 0.23760330578512398 0.003528225806451613 0.011707988980716254
23 0.44002016129032256 0.23829201101928374 0.0045362903225806455 0.013774104683195593
4 0.1461693548387097 0.23829201101928374 0.0045362903225806455 0.01584022038567493
23 0.34475806451612906 0.23829201101928374 0.0045362903225806455 0.013774104683195593
23 0.4637096774193548 0.23829201101928374 0.0045362903225806455 0.014462809917355372
23 0.4264112903225806 0.23898071625344353 0.0030241935483870967 0.013774104683195593
23 0.4314516129032258 0.23898071625344353 0.003528225806451613 0.013774104683195593
23 0.3074596774193548 0.23898071625344353 0.003528225806451613 0.013085399449035813
23 0.39314516129032256 0.23898071625344353 0.004032258064516129 0.013774104683195593
23 0.44506048387096775 0.23898071625344353 0.0025201612903225806 0.01584022038567493
23 0.38860887096774194 0.2396694214876033 0.0025201612903225806 0.01652892561983471
23 0.3125 0.2396694214876033 0.0045362903225806455 0.015151515151515152
23 0.3497983870967742 0.2396694214876033 0.005040322580645161 0.015151515151515152
23 0.46875 0.2396694214876033 0.005544354838709678 0.01721763085399449
23 0.17288306451612903 0.24104683195592286 0.004032258064516129 0.014462809917355372
23 0.17842741935483872 0.24173553719008264 0.004032258064516129 0.014462809917355372
23 0.21118951612903225 0.24173553719008264 0.0045362903225806455 0.012396694214876033
23 0.2157258064516129 0.24242424242424243 0.004032258064516129 0.015151515151515152
4 0.06048387096774194 0.25413223140495866 0.015120967741935484 0.005509641873278237
23 0.9490927419354839 0.2568870523415978 0.009072580645161291 0.0048209366391184574
4 0.5907258064516129 0.2568870523415978 0.012600806451612902 0.005509641873278237
23 0.059475806451612906 0.26239669421487605 0.011088709677419355 0.006198347107438017
4 0.625 0.2630853994490358 0.011592741935483871 0.005509641873278237
23 0.9490927419354839 0.26377410468319556 0.010080645161290322 0.006887052341597796
4 0.04586693548387097 0.2644628099173554 0.010080645161290322 0.006198347107438017
4 0.594758064516129 0.26515151515151514 0.011088709677419355 0.007575757575757576
23 0.06804435483870967 0.26584022038567495 0.0045362903225806455 0.013774104683195593
4 0.5786290322580645 0.26721763085399447 0.011088709677419355 0.008264462809917356
4 0.6088709677419355 0.26721763085399447 0.010080645161290322 0.0048209366391184574
4 0.6612903225806451 0.26721763085399447 0.01310483870967742 0.006887052341597796
4 0.6345766129032258 0.2706611570247934 0.011088709677419355 0.005509641873278237
4 0.059475806451612906 0.2706611570247934 0.009576612903225807 0.006198347107438017
4 0.046370967741935484 0.2713498622589532 0.009576612903225807 0.0048209366391184574
4 0.9495967741935484 0.2713498622589532 0.012096774193548387 0.006887052341597796
23 0.6219758064516129 0.27203856749311295 0.010080645161290322 0.006198347107438017
4 0.6345766129032258 0.2768595041322314 0.011592741935483871 0.006198347107438017
23 0.029737903225806453 0.27823691460055094 0.004032258064516129 0.015151515151515152
23 0.6219758064516129 0.27892561983471076 0.010080645161290322 0.0048209366391184574
23 0.9490927419354839 0.27892561983471076 0.010584677419354838 0.005509641873278237
23 0.025201612903225805 0.2803030303030303 0.0045362903225806455 0.014462809917355372
23 0.03477822580645161 0.2803030303030303 0.004032258064516129 0.015151515151515152
4 0.5630040322580645 0.2803030303030303 0.011088709677419355 0.005509641873278237
23 0.6214717741935484 0.284435261707989 0.011088709677419355 0.005509641873278237
23 0.9495967741935484 0.28512396694214875 0.011088709677419355 0.007575757575757576
4 0.6345766129032258 0.28512396694214875 0.011592741935483871 0.008953168044077135
23 0.5630040322580645 0.2878787878787879 0.010584677419354838 0.006198347107438017
4 0.6219758064516129 0.2926997245179063 0.009576612903225807 0.006198347107438017
4 0.6900201612903226 0.2926997245179063 0.012096774193548387 0.006887052341597796
23 0.5630040322580645 0.29476584022038566 0.010584677419354838 0.005509641873278237
23 0.7237903225806451 0.29545454545454547 0.004032258064516129 0.015151515151515152
23 0.7454637096774194 0.29545454545454547 0.0045362903225806455 0.015151515151515152
4 0.7096774193548387 0.29545454545454547 0.005040322580645161 0.015151515151515152
23 0.6814516129032258 0.29614325068870523 0.005040322580645161 0.014462809917355372
23 0.733366935483871 0.29614325068870523 0.0045362903225806455 0.014462809917355372
23 0.7394153225806451 0.296831955922865 0.004032258064516129 0.014462809917355372
4 0.7530241935483871 0.296831955922865 0.005040322580645161 0.01652892561983471
4 0.7585685483870968 0.2975206611570248 0.004032258064516129 0.01584022038567493
4 0.9495967741935484 0.3002754820936639 0.012096774193548387 0.01859504132231405
23 0.5625 0.30165289256198347 0.009576612903225807 0.006198347107438017
4 0.5630040322580645 0.3085399449035813 0.012096774193548387 0.0048209366391184574
4 0.6496975806451613 0.30922865013774103 0.012600806451612902 0.006887052341597796
23 0.719758064516129 0.30922865013774103 0.012096774193548387 0.006198347107438017
15 0.5922379032258065 0.30922865013774103 0.04032258064516129 0.0743801652892562
4 0.5045362903225806 0.31129476584022037 0.016129032258064516 0.008953168044077135
4 0.1345766129032258 0.3119834710743802 0.012600806451612902 0.006198347107438017
23 0.592741935483871 0.009641873278236915 0.005040322580645161 0.014462809917355372
4 0.5992943548387096 0.009641873278236915 0.005544354838709678 0.01721763085399449
23 0.6814516129032258 0.3140495867768595 0.0045362903225806455 0.01652892561983471
23 0.7540322580645161 0.3140495867768595 0.004032258064516129 0.01584022038567493
23 0.7399193548387096 0.31473829201101927 0.004032258064516129 0.013774104683195593
23 0.7459677419354839 0.31473829201101927 0.005040322580645161 0.015151515151515152
23 0.7338709677419355 0.31473829201101927 0.004032258064516129 0.01652892561983471
4 0.6754032258064516 0.31473829201101927 0.005544354838709678 0.01652892561983471
4 0.7626008064516129 0.3154269972451791 0.005040322580645161 0.014462809917355372
23 0.563508064516129 0.31611570247933884 0.010080645161290322 0.005509641873278237
23 0.6209677419354839 0.3181818181818182 0.010584677419354838 0.005509641873278237
23 0.6335685483870968 0.3181818181818182 0.010080645161290322 0.006887052341597796
15 0.061995967741935484 0.3202479338842975 0.04284274193548387 0.08608815426997245
4 0.49848790322580644 0.3202479338842975 0.013608870967741936 0.006887052341597796
23 0.5630040322580645 0.3216253443526171 0.010080645161290322 0.006887052341597796
4 0.6461693548387096 0.325068870523416 0.010584677419354838 0.006198347107438017
23 0.6199596774193549 0.325068870523416 0.009576612903225807 0.005509641873278237
23 0.6335685483870968 0.32644628099173556 0.010584677419354838 0.006887052341597796
4 0.49798387096774194 0.32644628099173556 0.012600806451612902 0.006887052341597796
23 0.5630040322580645 0.32920110192837465 0.009072580645161291 0.0048209366391184574
23 0.6204637096774194 0.331267217630854 0.010080645161290322 0.006198347107438017
4 0.6456653225806451 0.3319559228650138 0.011088709677419355 0.006198347107438017
23 0.6335685483870968 0.33264462809917356 0.010584677419354838 0.006887052341597796
23 0.5630040322580645 0.33608815426997246 0.009072580645161291 0.006887052341597796
23 0.6335685483870968 0.33884297520661155 0.011088709677419355 0.007575757575757576
23 0.3719758064516129 0.33884297520661155 0.0045362903225806455 0.014462809917355372
4 0.6209677419354839 0.33884297520661155 0.012096774193548387 0.006887052341597796
4 0.6461693548387096 0.33884297520661155 0.011592741935483871 0.006887052341597796
4 0.3623991935483871 0.3409090909090909 0.005040322580645161 0.01721763085399449
23 0.021673387096774195 0.3409090909090909 0.005544354838709678 0.014462809917355372
23 0.5630040322580645 0.34297520661157027 0.009072580645161291 0.005509641873278237
23 0.7454637096774194 0.012396694214876033 0.0030241935483870967 0.014462809917355372
23 0.7414314516129032 0.013085399449035813 0.004032258064516129 0.01790633608815427
4 0.2469758064516129 0.3477961432506887 0.01310483870967742 0.007575757575757576
4 0.6219758064516129 0.3477961432506887 0.011592741935483871 0.007575757575757576
23 0.5630040322580645 0.34917355371900827 0.009072580645161291 0.003443526170798898
23 0.7505040322580645 0.013085399449035813 0.0045362903225806455 0.014462809917355372
23 0.5715725806451613 0.3560606060606061 0.004032258064516129 0.015151515151515152
23 0.4899193548387097 0.3560606060606061 0.011088709677419355 0.006198347107438017
4 0.6507056451612904 0.3560606060606061 0.011088709677419355 0.005509641873278237
23 0.5630040322580645 0.3560606060606061 0.010080645161290322 0.004132231404958678
23 0.5015120967741935 0.35674931129476584 0.010584677419354838 0.0048209366391184574
4 0.8654233870967742 0.35674931129476584 0.01310483870967742 0.007575757575757576
23 0.2626008064516129 0.36294765840220383 0.011088709677419355 0.006887052341597796
23 0.2505040322580645 0.36294765840220383 0.011088709677419355 0.005509641873278237
23 0.5625 0.36294765840220383 0.009072580645161291 0.004132231404958678
23 0.12298387096774194 0.36363636363636365 0.011088709677419355 0.006198347107438017
4 0.8130040322580645 0.36363636363636365 0.012600806451612902 0.006887052341597796
4 0.6280241935483871 0.36363636363636365 0.004032258064516129 0.015151515151515152
4 0.6224798387096774 0.3643250688705234 0.004032258064516129 0.015151515151515152
23 0.6209677419354839 0.014462809917355372 0.011088709677419355 0.005509641873278237
4 0.5841733870967742 0.015151515151515152 0.011592741935483871 0.006887052341597796
4 0.6164314516129032 0.36639118457300274 0.005040322580645161 0.01859504132231405
23 0.48286290322580644 0.3691460055096419 0.005544354838709678 0.01721763085399449
23 0.5685483870967742 0.36983471074380164 0.010080645161290322 0.0048209366391184574
23 0.5539314516129032 0.36983471074380164 0.003528225806451613 0.015151515151515152
23 0.2651209677419355 0.37052341597796146 0.012600806451612902 0.007575757575757576
23 0.03024193548387097 0.371900826446281 0.0030241935483870967 0.014462809917355372
23 0.02469758064516129 0.371900826446281 0.004032258064516129 0.012396694214876033
4 0.47731854838709675 0.3760330578512397 0.00655241935483871 0.015151515151515152
4 0.28225806451612906 0.3787878787878788 0.011592741935483871 0.006198347107438017
23 0.5594758064516129 0.38154269972451793 0.0045362903225806455 0.015151515151515152
4 0.5665322580645161 0.38292011019283745 0.005544354838709678 0.015151515151515152
4 0.5720766129032258 0.38360881542699726 0.004032258064516129 0.014462809917355372
4 0.8462701612903226 0.3849862258953168 0.0045362903225806455 0.01584022038567493
23 0.28326612903225806 0.3856749311294766 0.012096774193548387 0.007575757575757576
23 0.5 0.3856749311294766 0.011088709677419355 0.006198347107438017
4 0.4264112903225806 0.390495867768595 0.012600806451612902 0.005509641873278237
4 0.7565524193548387 0.3939393939393939 0.004032258064516129 0.015151515151515152
23 0.4269153225806452 0.400137741046832 0.009576612903225807 0.006198347107438017
4 0.9858870967741935 0.4049586776859504 0.004032258064516129 0.01652892561983471
30 0.9763104838709677 0.4056473829201102 0.012600806451612902 0.02066115702479339
4 0.5630040322580645 0.41253443526170797 0.013608870967741936 0.008264462809917356
4 0.5055443548387096 0.4228650137741047 0.005040322580645161 0.01652892561983471
4 0.5625 0.42768595041322316 0.012600806451612902 0.007575757575757576
4 0.579133064516129 0.02134986225895317 0.012096774193548387 0.006198347107438017
23 0.45060483870967744 0.4359504132231405 0.009576612903225807 0.005509641873278237
30 0.1587701612903226 0.02203856749311295 0.04334677419354839 0.03443526170798898
23 0.46622983870967744 0.44214876033057854 0.009576612903225807 0.0048209366391184574
4 0.45413306451612906 0.44352617079889806 0.012096774193548387 0.0048209366391184574
23 0.6290322580645161 0.022727272727272728 0.011088709677419355 0.006198347107438017
4 0.5725806451612904 0.4462809917355372 0.005544354838709678 0.01721763085399449
4 0.2439516129032258 0.4476584022038568 0.005544354838709678 0.01584022038567493
4 0.453125 0.45041322314049587 0.011592741935483871 0.008264462809917356
23 0.46673387096774194 0.45041322314049587 0.010080645161290322 0.006887052341597796
4 0.641633064516129 0.45179063360881544 0.005544354838709678 0.01652892561983471
23 0.4405241935483871 0.45179063360881544 0.011088709677419355 0.006198347107438017
7 0.5292338709677419 0.45867768595041325 0.03780241935483871 0.4559228650137741
4 0.5065524193548387 0.45867768595041325 0.0045362903225806455 0.01721763085399449
4 0.9863911290322581 0.4662534435261708 0.0045362903225806455 0.014462809917355372
4 0.9823588709677419 0.4807162534435262 0.012096774193548387 0.007575757575757576
23 0.2777217741935484 0.4855371900826446 0.012096774193548387 0.006198347107438017
4 0.25252016129032256 0.4855371900826446 0.012096774193548387 0.006887052341597796
4 0.9682459677419355 0.49173553719008267 0.004032258064516129 0.01584022038567493
30 0.24899193548387097 0.027548209366391185 0.043850806451612906 0.03443526170798898
4 0.501008064516129 0.4965564738292011 0.015625 0.008264462809917356
30 0.2923387096774194 0.027548209366391185 0.04334677419354839 0.03650137741046832