4 0.29585152838427947 0.4408817635270541 0.003820960698689956 0.01002004008016032
4 0.6195414847161572 0.48547094188376755 0.014192139737991267 0.0070140280561122245
23 0.6544759825327511 0.053356713426853705 0.0054585152838427945 0.008016032064128256
4 0.1421943231441048 0.42910821643286573 0.0032751091703056767 0.006012024048096192
4 0.8084061135371179 0.5155310621242485 0.0027292576419213972 0.011523046092184368
23 0.6645742358078602 0.05536072144288577 0.0016375545851528383 0.00751503006012024
4 0.8771834061135371 0.5278056112224448 0.007096069868995633 0.012024048096192385
23 0.9153930131004366 0.5333166332665331 0.006550218340611353 0.011022044088176353
4 0.38346069868995636 0.4656813627254509 0.014737991266375546 0.008016032064128256
15 0.17576419213973798 0.4393787575150301 0.05349344978165939 0.06462925851703406
4 0.5330240174672489 0.03882765531062124 0.01037117903930131 0.005511022044088177
23 0.5930676855895196 0.04659318637274549 0.007641921397379912 0.00501002004008016
23 0.36572052401746724 0.469438877755511 0.013646288209606987 0.005511022044088177
4 0.5556768558951966 0.042334669338677355 0.010917030567685589 0.0035070140280561123
4 0.3635371179039301 0.4736973947895792 0.012554585152838428 0.008016032064128256
23 0.38209606986899564 0.4777054108216433 0.014192139737991267 0.008016032064128256
4 0.21206331877729256 0.4574148296593186 0.009825327510917031 0.00501002004008016
4 0.6020742358078602 0.04884769539078156 0.0032751091703056767 0.001503006012024048
4 0.5777838427947598 0.045591182364729456 0.009279475982532752 0.006012024048096192
23 0.7562772925764192 0.5290581162324649 0.013100436681222707 0.006513026052104208
4 0.28957423580786024 0.46993987975951906 0.003820960698689956 0.009519038076152305
4 0.3624454148471616 0.47970941883767537 0.013100436681222707 0.0070140280561122245
4 0.3818231441048035 0.4837174348697395 0.013646288209606987 0.0070140280561122245
4 0.13891921397379914 0.4529058116232465 0.0049126637554585155 0.009018036072144289
23 0.7554585152838428 0.5350701402805611 0.012554585152838428 0.006012024048096192
4 0.8531659388646288 0.5506012024048096 0.01146288209606987 0.006513026052104208
23 0.3231441048034934 0.014278557114228457 0.004366812227074236 0.008517034068136272
4 0.28793668122270744 0.4837174348697395 0.003820960698689956 0.009018036072144289
23 0.18968340611353712 0.4782064128256513 0.007641921397379912 0.0035070140280561123
4 0.1615720524017467 0.4749498997995992 0.004366812227074236 0.00250501002004008
4 0.14956331877729256 0.47344689378757515 0.007096069868995633 0.0035070140280561123
23 0.17385371179039302 0.47720440881763526 0.0049126637554585155 0.0035070140280561123
4 0.8709061135371179 0.5681362725450901 0.007096069868995633 0.011523046092184368
23 0.6239082969432315 0.5368236472945892 0.013100436681222707 0.006513026052104208
23 0.14874454148471616 0.47945891783567135 0.008733624454148471 0.0045090180360721445
4 0.2857532751091703 0.49824649298597196 0.0032751091703056767 0.0070140280561122245
30 0.3392467248908297 0.5055110220440882 0.05294759825327511 0.03507014028056112
4 0.6159934497816594 0.5413326653306614 0.014192139737991267 0.0070140280561122245
23 0.6323689956331878 0.5433366733466933 0.01146288209606987 0.0070140280561122245
4 0.12117903930131005 0.47945891783567135 0.004366812227074236 0.00751503006012024
4 0.3894650655021834 0.5155310621242485 0.014192139737991267 0.00751503006012024
4 0.6894104803493449 0.5548597194388778 0.014737991266375546 0.008016032064128256
23 0.37472707423580787 0.5157815631262525 0.006550218340611353 0.011523046092184368
4 0.8698144104803494 0.5801603206412825 0.006550218340611353 0.011523046092184368
4 0.28329694323144106 0.5105210420841684 0.0032751091703056767 0.005511022044088177
23 0.7510917030567685 0.5738977955911824 0.012554585152838428 0.006012024048096192
23 0.13673580786026202 0.4962424849699399 0.01146288209606987 0.00501002004008016
4 0.86735807860262 0.5914328657314629 0.006004366812227074 0.010521042084168337
23 0.3548034934497817 0.5263026052104208 0.013646288209606987 0.006012024048096192
23 0.38509825327510916 0.530310621242485 0.007641921397379912 0.011022044088176353
23 0.7508187772925764 0.5789078156312625 0.012554585152838428 0.006513026052104208
23 0.1318231441048035 0.5 0.006004366812227074 0.003006012024048096
23 0.35343886462882096 0.531813627254509 0.014192139737991267 0.0070140280561122245
4 0.2808406113537118 0.5237975951903807 0.0032751091703056767 0.006513026052104208
23 0.13618995633187772 0.5067635270541082 0.0054585152838427945 0.0045090180360721445
4 0.1765829694323144 0.5130260521042084 0.006550218340611353 0.0045090180360721445
4 0.8657205240174672 0.6032064128256514 0.008187772925764192 0.011523046092184368
4 0.3288755458515284 0.5345691382765531 0.008733624454148471 0.013527054108216433
4 0.13482532751091703 0.5120240480961924 0.006004366812227074 0.00250501002004008
4 0.13346069868995633 0.5180360721442886 0.008187772925764192 0.00250501002004008
4 0.27838427947598254 0.5403306613226453 0.0032751091703056767 0.009018036072144289
4 0.7456331877729258 0.6024549098196392 0.014192139737991267 0.0070140280561122245
4 0.13209606986899564 0.5237975951903807 0.008187772925764192 0.004008016032064128
4 0.7448144104803494 0.6104709418837675 0.014192139737991267 0.008517034068136272
4 0.38209606986899564 0.5636272545090181 0.014737991266375546 0.008016032064128256
4 0.14929039301310043 0.5373246492985972 0.004366812227074236 0.00250501002004008
4 0.14792576419213974 0.5425851703406813 0.004366812227074236 0.003006012024048096
30 0.8474344978165939 0.6327655310621243 0.035480349344978165 0.04759519038076152
4 0.23580786026200873 0.5543587174348698 0.006004366812227074 0.012024048096192385
4 0.2292576419213974 0.5541082164328658 0.007641921397379912 0.013026052104208416
23 0.4036572052401747 0.5776553106212425 0.006550218340611353 0.011022044088176353
23 0.39737991266375544 0.5769038076152304 0.007641921397379912 0.012525050100200401
4 0.4462336244541485 0.5851703406813628 0.007641921397379912 0.012525050100200401
4 0.582150655021834 0.6042084168336673 0.006550218340611353 0.011022044088176353
23 0.576146288209607 0.6034569138276553 0.006550218340611353 0.010521042084168337
23 0.57014192139738 0.6032064128256514 0.006550218340611353 0.012525050100200401
23 0.5641375545851528 0.6024549098196392 0.006004366812227074 0.012024048096192385
4 0.5573144104803494 0.6014529058116233 0.008733624454148471 0.013026052104208416
4 0.5865174672489083 0.6112224448897795 0.007096069868995633 0.011523046092184368
30 0.3654475982532751 0.5839178356713427 0.056768558951965066 0.03557114228456914
4 0.39929039301310043 0.5891783567134269 0.012554585152838428 0.00751503006012024
4 0.5979803493449781 0.6162324649298597 0.007641921397379912 0.012525050100200401
23 0.605349344978166 0.6177354709418837 0.007096069868995633 0.011523046092184368
4 0.400382096069869 0.5989478957915831 0.008733624454148471 0.012525050100200401
30 0.8406113537117904 0.6628256513026052 0.02019650655021834 0.014028056112224449
23 0.8627183406113537 0.6660821643286573 0.007641921397379912 0.011523046092184368
23 0.8556222707423581 0.6658316633266533 0.007096069868995633 0.011523046092184368
4 0.2046943231441048 0.593436873747495 0.008187772925764192 0.013026052104208416
23 0.3234170305676856 0.6092184368737475 0.007096069868995633 0.012024048096192385
4 0.3174126637554585 0.6089679358717435 0.007096069868995633 0.011523046092184368
4 0.4317685589519651 0.625751503006012 0.007641921397379912 0.01002004008016032
4 0.7298034934497817 0.6658316633266533 0.014192139737991267 0.00751503006012024
4 0.0851528384279476 0.6064629258517034 0.014192139737991267 0.00751503006012024
23 0.824235807860262 0.7076653306613226 0.007096069868995633 0.011523046092184368
23 0.0927947598253275 0.6139779559118237 0.007096069868995633 0.012024048096192385
4 0.0837882096069869 0.6127254509018036 0.013100436681222707 0.006513026052104208
23 0.8392467248908297 0.7101703406813628 0.007096069868995633 0.011523046092184368
23 0.8316048034934498 0.7096693386773547 0.007096069868995633 0.011022044088176353
23 0.09934497816593886 0.6152304609218436 0.006550218340611353 0.013026052104208416
4 0.24399563318777293 0.6380260521042084 0.013100436681222707 0.0070140280561122245
23 0.08215065502183407 0.6192384769539078 0.013100436681222707 0.008016032064128256
23 0.8269650655021834 0.7221943887775552 0.006550218340611353 0.011523046092184368
23 0.834061135371179 0.7236973947895792 0.007096069868995633 0.011523046092184368
23 0.8198689956331878 0.7219438877755511 0.007641921397379912 0.011523046092184368
4 0.22898471615720525 0.6460420841683366 0.008187772925764192 0.013026052104208416
23 0.8133187772925764 0.7219438877755511 0.0054585152838427945 0.011022044088176353
4 0.5851528384279476 0.6991482965931863 0.009825327510917031 0.004008016032064128
4 0.6026200873362445 0.7014028056112225 0.008187772925764192 0.0035070140280561123
4 0.5068231441048034 0.689128256513026 0.012554585152838428 0.006012024048096192
4 0.4868995633187773 0.6871242484969939 0.01037117903930131 0.0035070140280561123
23 0.32751091703056767 0.6685871743486974 0.0027292576419213972 0.0070140280561122245
30 0.37554585152838427 0.6756012024048096 0.009279475982532752 0.008517034068136272
4 0.550764192139738 0.6983967935871743 0.003820960698689956 0.008517034068136272
23 0.3419759825327511 0.6713426853707415 0.0032751091703056767 0.00751503006012024
4 0.45496724890829693 0.6863727454909819 0.006004366812227074 0.010521042084168337
4 0.5431222707423581 0.6978957915831663 0.004366812227074236 0.009018036072144289
30 0.3564410480349345 0.6738476953907816 0.01037117903930131 0.00751503006012024
4 0.5594978165938864 0.7009018036072144 0.003820960698689956 0.008016032064128256
4 0.6290938864628821 0.7119238476953907 0.0054585152838427945 0.008016032064128256
23 0.5278384279475983 0.6988977955911824 0.007641921397379912 0.004008016032064128
4 0.6490174672489083 0.7154308617234469 0.006004366812227074 0.008016032064128256
4 0.6558406113537117 0.7164328657314629 0.0032751091703056767 0.008517034068136272
4 0.7295305676855895 0.7259519038076152 0.002183406113537118 0.006513026052104208
4 0.6209061135371179 0.7119238476953907 0.003820960698689956 0.009519038076152305
4 0.6353711790393013 0.7136773547094188 0.0032751091703056767 0.009018036072144289
4 0.6623908296943232 0.7171843687374749 0.0027292576419213972 0.009018036072144289
4 0.6839519650655022 0.719939879759519 0.0032751091703056767 0.008016032064128256
4 0.710971615720524 0.7234468937875751 0.0032751091703056767 0.008016032064128256
4 0.7164301310043668 0.7246993987975952 0.0032751091703056767 0.0070140280561122245
4 0.6694868995633187 0.718687374749499 0.003820960698689956 0.009519038076152305
4 0.704967248908297 0.7236973947895792 0.0032751091703056767 0.008517034068136272
4 0.6129912663755459 0.7119238476953907 0.0054585152838427945 0.008016032064128256
4 0.7347161572052402 0.7277054108216433 0.0027292576419213972 0.008517034068136272
4 0.6411026200873362 0.7154308617234469 0.004366812227074236 0.008016032064128256
4 0.6784934497816594 0.720440881763527 0.0027292576419213972 0.008517034068136272
4 0.5791484716157205 0.7074148296593187 0.010917030567685589 0.004008016032064128
4 0.722707423580786 0.7264529058116233 0.0027292576419213972 0.008016032064128256
4 0.2259825327510917 0.6625751503006012 0.008733624454148471 0.013026052104208416
4 0.7409934497816594 0.7289579158316634 0.003820960698689956 0.008517034068136272
23 0.8335152838427947 0.7412324649298597 0.007641921397379912 0.010521042084168337
23 0.8264192139737991 0.7404809619238477 0.007096069868995633 0.011523046092184368
4 0.5791484716157205 0.7146793587174348 0.014737991266375546 0.00501002004008016
23 0.36217248908296945 0.68812625250501 0.002183406113537118 0.00751503006012024
23 0.3837336244541485 0.6908817635270541 0.0049126637554585155 0.01002004008016032
23 0.36899563318777295 0.689629258517034 0.0032751091703056767 0.0070140280561122245
23 0.3771834061135371 0.6906312625250501 0.0049126637554585155 0.010521042084168337
30 0.34989082969432317 0.6886272545090181 0.01037117903930131 0.008517034068136272
23 0.33406113537117904 0.686623246492986 0.0027292576419213972 0.008016032064128256
23 0.3269650655021834 0.686623246492986 0.006004366812227074 0.009519038076152305
4 0.6039847161572053 0.7244488977955912 0.0032751091703056767 0.008517034068136272
4 0.6460152838427947 0.7302104208416834 0.006004366812227074 0.008517034068136272
4 0.660207423580786 0.7322144288577155 0.003820960698689956 0.01002004008016032
4 0.9486899563318777 0.7692885771543087 0.014192139737991267 0.00751503006012024
4 0.6094432314410481 0.7257014028056112 0.004366812227074236 0.008016032064128256
4 0.5775109170305677 0.7214428857715431 0.009825327510917031 0.004008016032064128
4 0.05185589519650655 0.658817635270541 0.006004366812227074 0.011022044088176353
23 0.08788209606986899 0.6638276553106213 0.006004366812227074 0.010521042084168337
4 0.08187772925764192 0.6630761523046093 0.006004366812227074 0.01002004008016032
4 0.05758733624454149 0.6605711422845691 0.006004366812227074 0.011022044088176353
4 0.03275109170305677 0.657314629258517 0.007641921397379912 0.012525050100200401
4 0.06413755458515284 0.6613226452905812 0.006004366812227074 0.010521042084168337
4 0.03875545851528384 0.658066132264529 0.006550218340611353 0.011523046092184368
4 0.0453056768558952 0.658817635270541 0.006550218340611353 0.011022044088176353
4 0.06959606986899564 0.6620741482965932 0.006004366812227074 0.012024048096192385
4 0.07587336244541484 0.6638276553106213 0.006004366812227074 0.011022044088176353
4 0.5660480349344978 0.7279559118236473 0.01037117903930131 0.004008016032064128
4 0.5540393013100436 0.7297094188376754 0.0032751091703056767 0.00751503006012024
4 0.30431222707423583 0.6988977955911824 0.013646288209606987 0.006513026052104208
23 0.08870087336244542 0.6730961923847696 0.007641921397379912 0.004008016032064128
4 0.5657751091703057 0.7357214428857716 0.008187772925764192 0.003006012024048096
23 0.94132096069869 0.7860721442885772 0.013646288209606987 0.006012024048096192
4 0.7797489082969432 0.7672845691382766 0.007096069868995633 0.012024048096192385
23 0.7680131004366813 0.7657815631262525 0.007096069868995633 0.011022044088176353
4 0.08897379912663755 0.6781062124248497 0.009279475982532752 0.0035070140280561123
23 0.7977620087336245 0.7700400801603207 0.006550218340611353 0.011022044088176353
23 0.7731986899563319 0.7670340681362725 0.006550218340611353 0.011022044088176353
4 0.7609170305676856 0.7657815631262525 0.008187772925764192 0.011523046092184368
4 0.5649563318777293 0.7417334669338678 0.010917030567685589 0.0045090180360721445
4 0.5796943231441049 0.7434869739478958 0.008733624454148471 0.0035070140280561123
4 0.0212882096069869 0.6745991983967936 0.01146288209606987 0.006012024048096192
4 0.0865174672489083 0.6843687374749499 0.007096069868995633 0.001503006012024048
23 0.08706331877729258 0.687625250501002 0.006550218340611353 0.003006012024048096
4 0.02046943231441048 0.6798597194388778 0.012554585152838428 0.006513026052104208
4 0.5802401746724891 0.7542585170340681 0.0049126637554585155 0.008016032064128256
4 0.795032751091703 0.7828156312625251 0.007096069868995633 0.013026052104208416
23 0.7884825327510917 0.782565130260521 0.006004366812227074 0.011022044088176353
23 0.7554585152838428 0.7783066132264529 0.007096069868995633 0.013026052104208416
4 0.767467248908297 0.7798096192384769 0.007641921397379912 0.011523046092184368
4 0.7614628820960698 0.7790581162324649 0.006550218340611353 0.012024048096192385
4 0.7745633187772926 0.780811623246493 0.006004366812227074 0.012024048096192385
4 0.7811135371179039 0.781563126252505 0.006550218340611353 0.011022044088176353
15 0.6247270742358079 0.7620240480961924 0.0769650655021834 0.045591182364729456
4 0.08542576419213974 0.6938877755511023 0.006550218340611353 0.003006012024048096
15 0.05376637554585153 0.6898797595190381 0.056222707423580785 0.047094188376753505
4 0.7281659388646288 0.7773046092184369 0.008733624454148471 0.005511022044088177
4 0.02019650655021834 0.685871743486974 0.013646288209606987 0.0070140280561122245
23 0.7150655021834061 0.7770541082164328 0.008187772925764192 0.004008016032064128
4 0.01910480349344978 0.6918837675350702 0.013646288209606987 0.00751503006012024
4 0.0851528384279476 0.7004008016032064 0.008733624454148471 0.004008016032064128
7 0.3531659388646288 0.7354709418837675 0.3482532751091703 0.06813627254509018
4 0.018286026200873363 0.6973947895791583 0.012554585152838428 0.006012024048096192
23 0.08324235807860263 0.7056613226452906 0.007641921397379912 0.0035070140280561123
4 0.08351528384279476 0.7114228456913828 0.014192139737991267 0.006513026052104208
4 0.016921397379912665 0.7029058116232465 0.013646288209606987 0.0070140280561122245
4 0.6896834061135371 0.7910821643286573 0.006004366812227074 0.00250501002004008
4 0.9203056768558951 0.11698396793587175 0.012008733624454149 0.006513026052104208
4 0.5766921397379913 0.7770541082164328 0.0032751091703056767 0.008517034068136272
4 0.016102620087336244 0.7086673346693386 0.012008733624454149 0.006012024048096192
4 0.8444323144104804 0.8171342685370742 0.006004366812227074 0.011523046092184368
23 0.38318777292576417 0.7582665330661322 0.010917030567685589 0.005511022044088177
23 0.07778384279475982 0.7201903807615231 0.007641921397379912 0.012024048096192385
23 0.07123362445414848 0.7194388777555111 0.006550218340611353 0.012024048096192385
23 0.6143558951965066 0.7935871743486974 0.01146288209606987 0.006513026052104208
23 0.6364628820960698 0.7968436873747495 0.003820960698689956 0.008517034068136272
4 0.6282751091703057 0.7958416833667334 0.0032751091703056767 0.009018036072144289
4 0.5832423580786026 0.7910821643286573 0.0032751091703056767 0.00751503006012024
23 0.6427401746724891 0.7990981963927856 0.0054585152838427945 0.009018036072144289
23 0.04585152838427948 0.7226953907815631 0.007096069868995633 0.01002004008016032
23 0.05294759825327511 0.7236973947895792 0.008187772925764192 0.01002004008016032
4 0.673853711790393 0.8041082164328658 0.0054585152838427945 0.002004008016032064
4 0.03384279475982533 0.7216933867735471 0.006550218340611353 0.011523046092184368
4 0.6528384279475983 0.8016032064128257 0.003820960698689956 0.006012024048096192
4 0.011735807860262008 0.718937875751503 0.007096069868995633 0.011022044088176353
4 0.018286026200873363 0.719689378757515 0.006004366812227074 0.011022044088176353
4 0.6479257641921398 0.8018537074148296 0.0027292576419213972 0.006513026052104208
23 0.6135371179039302 0.7993486973947895 0.006550218340611353 0.003006012024048096
23 0.08624454148471616 0.7359719438877755 0.006004366812227074 0.012024048096192385
23 0.09852620087336245 0.7382264529058116 0.0027292576419213972 0.00751503006012024
23 0.0927947598253275 0.7374749498997996 0.0032751091703056767 0.006513026052104208
23 0.08024017467248909 0.7362224448897795 0.007096069868995633 0.011523046092184368
23 0.7221615720524017 0.09343687374749499 0.013100436681222707 0.006513026052104208
4 0.5824235807860262 0.8041082164328658 0.0054585152838427945 0.010521042084168337
4 0.5952510917030568 0.8066132264529058 0.004366812227074236 0.008517034068136272
4 0.5881550218340611 0.8063627254509018 0.004366812227074236 0.008517034068136272
4 0.6009825327510917 0.8081162324649298 0.0032751091703056767 0.0070140280561122245
4 0.6411026200873362 0.8136272545090181 0.0032751091703056767 0.0070140280561122245
4 0.6350982532751092 0.813376753507014 0.0027292576419213972 0.008016032064128256
23 0.8455240174672489 0.8461923847695391 0.013646288209606987 0.006012024048096192
23 0.8605349344978166 0.8484468937875751 0.012554585152838428 0.006513026052104208
4 0.6209061135371179 0.8231462925851704 0.008187772925764192 0.00501002004008016
4 0.8449781659388647 0.8527054108216433 0.014192139737991267 0.0070140280561122245
4 0.5720524017467249 0.8178857715430862 0.01146288209606987 0.0070140280561122245
4 0.6023471615720524 0.8243987975951904 0.004366812227074236 0.010521042084168337
4 0.6099890829694323 0.8259018036072144 0.0032751091703056767 0.010521042084168337
4 0.5925218340611353 0.8246492985971944 0.0027292576419213972 0.011523046092184368
23 0.10971615720524018 0.7622745490981964 0.010917030567685589 0.018036072144288578
23 0.12308951965065502 0.7660320641282565 0.006550218340611353 0.011022044088176353
23 0.12963973799126638 0.7667835671342685 0.0054585152838427945 0.011523046092184368
4 0.8436135371179039 0.8624749498997996 0.014737991266375546 0.008016032064128256
15 0.7633733624454149 0.8577154308617234 0.11080786026200873 0.10120240480961924
23 0.8572598253275109 0.8699899799599199 0.010917030567685589 0.006012024048096192
23 0.8425218340611353 0.8684869739478958 0.013646288209606987 0.006012024048096192
4 0.1236353711790393 0.7798096192384769 0.007096069868995633 0.011523046092184368
23 0.11708515283842795 0.779559118236473 0.006550218340611353 0.011523046092184368
23 0.10562227074235808 0.7780561122244489 0.006550218340611353 0.010521042084168337
4 0.12882096069868995 0.781563126252505 0.006550218340611353 0.012024048096192385
23 0.09961790393013101 0.7788076152304609 0.006004366812227074 0.011022044088176353
23 0.09306768558951965 0.7783066132264529 0.007641921397379912 0.011523046092184368
23 0.8422489082969432 0.875 0.013646288209606987 0.0070140280561122245
23 0.8561681222707423 0.877254509018036 0.012008733624454149 0.006012024048096192
23 0.8403384279475983 0.8807615230460922 0.013100436681222707 0.006513026052104208
23 0.8558951965065502 0.8832665330661322 0.012554585152838428 0.006513026052104208
30 0.2808406113537118 0.04158316633266533 0.027292576419213975 0.02655310621242485
7 0.33897379912663755 0.8216432865731463 0.34443231441048033 0.07014028056112225
23 0.8392467248908297 0.8867735470941884 0.012554585152838428 0.005511022044088177
23 0.9186681222707423 0.12449899799599198 0.01037117903930131 0.006513026052104208
23 0.736353711790393 0.10095190380761523 0.012554585152838428 0.0070140280561122245
23 0.7205240174672489 0.09944889779559118 0.013646288209606987 0.006012024048096192
23 0.8384279475982532 0.8932865731462926 0.012554585152838428 0.006012024048096192
23 0.642467248908297 0.8684869739478958 0.012008733624454149 0.006012024048096192
4 0.9039301310043668 0.907314629258517 0.008187772925764192 0.013026052104208416
4 0.8973799126637555 0.906312625250501 0.007641921397379912 0.012525050100200401
4 0.912117903930131 0.908817635270541 0.008187772925764192 0.012525050100200401
4 0.9189410480349345 0.9098196392785571 0.007641921397379912 0.012525050100200401
23 0.1359170305676856 0.8086172344689379 0.006004366812227074 0.012525050100200401
4 0.21451965065502182 0.8238977955911824 0.013646288209606987 0.0070140280561122245
4 0.18995633187772926 0.8216432865731463 0.014192139737991267 0.00751503006012024
4 0.3392467248908297 0.8409318637274549 0.014192139737991267 0.006012024048096192
23 0.835971615720524 0.908066132264529 0.012008733624454149 0.006513026052104208
23 0.8509825327510917 0.9110721442885772 0.012554585152838428 0.00751503006012024
4 0.19868995633187772 0.034569138276553106 0.007096069868995633 0.0045090180360721445
4 0.8356986899563319 0.9175851703406813 0.014737991266375546 0.008016032064128256
4 0.8512554585152838 0.9195891783567134 0.010917030567685589 0.00751503006012024
23 0.6203602620087336 0.8945390781563126 0.014737991266375546 0.008016032064128256
4 0.5360262008733624 0.8845190380761523 0.013646288209606987 0.008016032064128256
4 0.8979257641921398 0.9398797595190381 0.008733624454148471 0.012024048096192385
4 0.8919213973799127 0.939128256513026 0.007096069868995633 0.011022044088176353
4 0.9069323144104804 0.9416332665330661 0.006550218340611353 0.012024048096192385
4 0.27456331877729256 0.8599699398797596 0.008187772925764192 0.013527054108216433
4 0.914028384279476 0.9423847695390781 0.007641921397379912 0.011523046092184368
23 0.2631004366812227 0.8594689378757515 0.006004366812227074 0.011523046092184368
15 0.08406113537117904 0.8374248496993988 0.0982532751091703 0.11372745490981964
23 0.03302401746724891 0.8314128256513026 0.013100436681222707 0.006513026052104208
23 0.7898471615720524 0.9321142284569138 0.01146288209606987 0.0070140280561122245
15 0.6293668122270742 0.9113226452905812 0.03766375545851528 0.026052104208416832
4 0.7022379912663755 0.9208416833667334 0.014192139737991267 0.00751503006012024
4 0.5286572052401747 0.8997995991983968 0.013100436681222707 0.00751503006012024
23 0.7631004366812227 0.9301102204408818 0.007096069868995633 0.011022044088176353
23 0.75764192139738 0.9298597194388778 0.007096069868995633 0.011523046092184368
23 0.7691048034934498 0.9313627254509018 0.007096069868995633 0.011022044088176353
23 0.7783842794759825 0.9326152304609219 0.008187772925764192 0.011523046092184368
23 0.7431768558951966 0.9281062124248497 0.007096069868995633 0.011022044088176353
23 0.8122270742358079 0.937374749498998 0.013646288209606987 0.008016032064128256
4 0.7516375545851528 0.9296092184368737 0.006550218340611353 0.011523046092184368
23 0.03165938864628821 0.8376753507014028 0.01146288209606987 0.0070140280561122245
23 0.7336244541484717 0.9298597194388778 0.007096069868995633 0.011022044088176353
23 0.789028384279476 0.938376753507014 0.012008733624454149 0.00501002004008016
4 0.6582969432314411 0.9281062124248497 0.013646288209606987 0.006513026052104208
23 0.7770196506550219 0.9436372745490982 0.010917030567685589 0.006012024048096192
23 0.7581877729257642 0.9411322645290581 0.012554585152838428 0.006513026052104208
4 0.7671943231441049 0.9441382765531062 0.007096069868995633 0.012024048096192385
23 0.9181222707423581 0.1310120240480962 0.010917030567685589 0.005511022044088177
23 0.7464519650655022 0.9431362725450901 0.006550218340611353 0.011523046092184368
23 0.7399017467248908 0.9426352705410822 0.007096069868995633 0.012024048096192385
4 0.6839519650655022 0.936122244488978 0.013100436681222707 0.0070140280561122245
4 0.726528384279476 0.9421342685370742 0.008187772925764192 0.012525050100200401
23 0.7756550218340611 0.9493987975951904 0.012008733624454149 0.00501002004008016
23 0.7568231441048034 0.9468937875751503 0.012008733624454149 0.006012024048096192
23 0.38509825327510916 0.06312625250501001 0.007096069868995633 0.01002004008016032
15 0.016102620087336244 0.8599699398797596 0.03220524017467249 0.02755511022044088
4 0.9148471615720524 0.9759519038076152 0.013100436681222707 0.00751503006012024
23 0.8911026200873362 0.9739478957915831 0.012008733624454149 0.006513026052104208
7 0.3239628820960699 0.9018036072144289 0.3318777292576419 0.0716432865731463
4 0.39192139737991266 0.06462925851703406 0.0054585152838427945 0.011523046092184368
23 0.9028384279475983 0.9789579158316634 0.008187772925764192 0.012525050100200401
23 0.8894650655021834 0.9802104208416834 0.012008733624454149 0.006513026052104208
30 0.9148471615720524 0.9874749498997996 0.019650655021834062 0.01503006012024048
4 0.1956877729257642 0.04033066132264529 0.007096069868995633 0.00501002004008016
23 0.896561135371179 0.9882264529058116 0.01037117903930131 0.006012024048096192
30 0.9672489082969432 0.1402805611222445 0.025109170305676855 0.02655310621242485
23 0.6577510917030568 0.9666833667334669 0.006004366812227074 0.011523046092184368
23 0.6842248908296943 0.970440881763527 0.006550218340611353 0.01002004008016032
23 0.6637554585152838 0.968436873747495 0.006550218340611353 0.010521042084168337
23 0.6705786026200873 0.969188376753507 0.006004366812227074 0.011523046092184368
23 0.7521834061135371 0.9802104208416834 0.007641921397379912 0.011022044088176353
23 0.6771288209606987 0.970691382765531 0.006550218340611353 0.010521042084168337
23 0.7450873362445415 0.9799599198396793 0.007641921397379912 0.01002004008016032
23 0.7590065502183406 0.9822144288577155 0.007096069868995633 0.010521042084168337
23 0.7385371179039302 0.9799599198396793 0.007641921397379912 0.01002004008016032
23 0.6391921397379913 0.969188376753507 0.0054585152838427945 0.011523046092184368
4 0.4099344978165939 0.06988977955911824 0.008187772925764192 0.0035070140280561123
30 0.36572052401746724 0.9386272545090181 0.021834061135371178 0.016533066132264528
4 0.30594978165938863 0.9313627254509018 0.01037117903930131 0.006513026052104208
4 0.29366812227074235 0.9296092184368737 0.012554585152838428 0.006513026052104208
4 0.31905021834061137 0.9331162324649298 0.012008733624454149 0.006012024048096192
23 0.832150655021834 0.9964929859719439 0.01146288209606987 0.006012024048096192
23 0.8427947598253275 0.996993987975952 0.012008733624454149 0.00501002004008016
30 0.7243449781659389 0.11097194388777555 0.017467248908296942 0.012024048096192385
4 0.6531113537117904 0.9797094188376754 0.006550218340611353 0.012525050100200401
4 0.761735807860262 0.9937374749498998 0.009279475982532752 0.011523046092184368
4 0.6593886462882096 0.9809619238476954 0.006550218340611353 0.011523046092184368
4 0.8228711790393013 0.997745490981964 0.007096069868995633 0.0035070140280561123
4 0.8108624454148472 0.9972444889779559 0.007096069868995633 0.0045090180360721445
4 0.7358078602620087 0.9907314629258517 0.008733624454148471 0.013527054108216433
4 0.7530021834061136 0.9934869739478958 0.007641921397379912 0.011523046092184368
4 0.7442685589519651 0.9924849699398798 0.008187772925764192 0.012024048096192385
4 0.8165938864628821 0.997745490981964 0.007641921397379912 0.0035070140280561123
4 0.6820414847161572 0.9849699398797596 0.007096069868995633 0.012024048096192385
4 0.6664847161572053 0.9829659318637275 0.008187772925764192 0.012525050100200401
4 0.6727620087336245 0.9837174348697395 0.007096069868995633 0.012525050100200401
23 0.31877729257641924 0.93812625250501 0.012554585152838428 0.006513026052104208
4 0.29175764192139736 0.9356212424849699 0.013100436681222707 0.006012024048096192
4 0.29175764192139736 0.9411322645290581 0.012554585152838428 0.005511022044088177
4 0.05185589519650655 0.9110721442885772 0.007641921397379912 0.011523046092184368
4 0.9459606986899564 0.14003006012024047 0.008187772925764192 0.013527054108216433
4 0.29012008733624456 0.9453907815631263 0.013646288209606987 0.006513026052104208
15 0.07860262008733625 0.9185871743486974 0.043668122270742356 0.03406813627254509
4 0.2893013100436681 0.9509018036072144 0.012554585152838428 0.006513026052104208
4 0.28793668122270744 0.9569138276553106 0.012554585152838428 0.00751503006012024
4 0.1956877729257642 0.045841683366733464 0.007096069868995633 0.0035070140280561123
23 0.9841703056768559 0.14954909819639278 0.008187772925764192 0.012525050100200401
4 0.19759825327510916 0.05260521042084168 0.006550218340611353 0.004008016032064128
23 0.7191593886462883 0.11998997995991983 0.014737991266375546 0.006012024048096192
30 0.4009279475982533 0.08191382765531062 0.008733624454148471 0.013527054108216433
23 0.7177947598253275 0.125250501002004 0.012008733624454149 0.0070140280561122245
23 0.8182314410480349 0.13827655310621242 0.01146288209606987 0.0070140280561122245
23 0.9817139737991266 0.16157314629258518 0.007096069868995633 0.012024048096192385
30 0.9634279475982532 0.16307615230460923 0.028930131004366814 0.02404809619238477
23 0.7016921397379913 0.12925851703406813 0.013100436681222707 0.0070140280561122245
23 0.8174126637554585 0.14478957915831664 0.013100436681222707 0.0070140280561122245
4 0.7794759825327511 0.14003006012024047 0.013100436681222707 0.0070140280561122245
23 0.7177947598253275 0.13251503006012025 0.013646288209606987 0.00751503006012024
4 0.6891375545851528 0.1317635270541082 0.007641921397379912 0.012024048096192385
23 0.42358078602620086 0.09894789579158317 0.0054585152838427945 0.010521042084168337
30 0.34934497816593885 0.0909318637274549 0.028384279475982533 0.028056112224448898
23 0.9931768558951966 0.17635270541082165 0.012554585152838428 0.008016032064128256
23 0.99235807860262 0.18261523046092185 0.012554585152838428 0.006012024048096192
4 0.9282205240174672 0.17585170340681364 0.014737991266375546 0.0070140280561122245
4 0.7396288209606987 0.15506012024048096 0.009279475982532752 0.014028056112224449
4 0.42276200873362446 0.11472945891783567 0.004366812227074236 0.009519038076152305
23 0.6984170305676856 0.15080160320641284 0.013100436681222707 0.006012024048096192
4 0.6975982532751092 0.156563126252505 0.014192139737991267 0.008016032064128256
30 0.9838973799126638 0.1936372745490982 0.0212882096069869 0.015531062124248497
4 0.9287663755458515 0.19814629258517033 0.007641921397379912 0.013026052104208416
23 0.8103165938864629 0.18386773547094187 0.013100436681222707 0.006012024048096192
23 0.3160480349344978 0.125250501002004 0.006004366812227074 0.004008016032064128
23 0.8103165938864629 0.18987975951903807 0.013100436681222707 0.006513026052104208
23 0.3558951965065502 0.1342685370741483 0.0049126637554585155 0.008517034068136272
4 0.7832969432314411 0.18987975951903807 0.013646288209606987 0.00751503006012024
23 0.34934497816593885 0.13451903807615231 0.0049126637554585155 0.009018036072144289
4 0.9268558951965066 0.21467935871743488 0.013646288209606987 0.0070140280561122245
23 0.3741812227074236 0.1437875751503006 0.006004366812227074 0.008517034068136272
4 0.31850436681222705 0.13652304609218438 0.0049126637554585155 0.009519038076152305
23 0.38236899563318777 0.14579158316633267 0.0032751091703056767 0.008517034068136272
4 0.8056768558951966 0.21367735470941884 0.013100436681222707 0.005511022044088177
23 0.40911572052401746 0.16407815631262526 0.007096069868995633 0.003006012024048096
4 0.9334061135371179 0.23321643286573146 0.008187772925764192 0.013026052104208416
15 0.9778930131004366 0.24173346693386774 0.04312227074235808 0.03857715430861723
23 0.4093886462882096 0.16958917835671342 0.007641921397379912 0.0045090180360721445
23 0.4855349344978166 0.18036072144288579 0.008733624454148471 0.01503006012024048
23 0.49153930131004364 0.1816132264529058 0.004366812227074236 0.009519038076152305
4 0.5889737991266376 0.1968937875751503 0.006550218340611353 0.013026052104208416
23 0.40529475982532753 0.1751002004008016 0.01037117903930131 0.0045090180360721445
4 0.5155567685589519 0.18987975951903807 0.0054585152838427945 0.010521042084168337
23 0.5040938864628821 0.18837675350701402 0.006550218340611353 0.003006012024048096
4 0.5221069868995634 0.1906312625250501 0.006004366812227074 0.01002004008016032
4 0.5270196506550219 0.1933867735470942 0.003820960698689956 0.009519038076152305
15 0.3419759825327511 0.17059118236472945 0.07587336244541484 0.045591182364729456
4 0.9241266375545851 0.2469939879759519 0.014737991266375546 0.00751503006012024
23 0.5483078602620087 0.19864729458917835 0.0054585152838427945 0.009018036072144289
23 0.5027292576419214 0.19438877755511022 0.01037117903930131 0.0045090180360721445
4 0.48417030567685587 0.1938877755511022 0.008733624454148471 0.011022044088176353
23 0.8029475982532751 0.23496993987975953 0.013646288209606987 0.0070140280561122245
23 0.38700873362445415 0.18236472945891782 0.0032751091703056767 0.009519038076152305
30 0.6421943231441049 0.024549098196392786 0.01146288209606987 0.011022044088176353
23 0.8010371179039302 0.2407314629258517 0.01037117903930131 0.00501002004008016
4 0.5013646288209607 0.20265531062124248 0.012554585152838428 0.0070140280561122245
23 0.9707969432314411 0.2647795591182365 0.007096069868995633 0.012525050100200401
23 0.9871724890829694 0.26678356713426854 0.007641921397379912 0.011523046092184368
23 0.9645196506550219 0.26402805611222446 0.007096069868995633 0.011022044088176353
4 0.927674672489083 0.2597695390781563 0.008187772925764192 0.012525050100200401
4 0.5835152838427947 0.21693386773547094 0.0032751091703056767 0.008016032064128256
4 0.6168122270742358 0.0217935871743487 0.004366812227074236 0.009519038076152305
4 0.5605895196506551 0.2154308617234469 0.014737991266375546 0.006012024048096192
4 0.3837336244541485 0.1936372745490982 0.003820960698689956 0.00751503006012024
23 0.4020196506550218 0.19739478957915832 0.008187772925764192 0.005511022044088177
4 0.48116812227074235 0.2096693386773547 0.0049126637554585155 0.008016032064128256
4 0.9830786026200873 0.2750501002004008 0.013646288209606987 0.00751503006012024
4 0.4028384279475983 0.20265531062124248 0.008733624454148471 0.004008016032064128
23 0.6290938864628821 0.024298597194388778 0.0032751091703056767 0.0070140280561122245
4 0.9623362445414847 0.27730460921843686 0.007096069868995633 0.012525050100200401
23 0.9552401746724891 0.27680360721442887 0.007096069868995633 0.013026052104208416
4 0.9189410480349345 0.2732965931863727 0.006550218340611353 0.012024048096192385
23 0.6230895196506551 0.023547094188376753 0.004366812227074236 0.0070140280561122245
4 0.4017467248908297 0.2091683366733467 0.008187772925764192 0.0045090180360721445
4 0.35207423580786024 0.20566132264529058 0.003820960698689956 0.009519038076152305
23 0.33324235807860264 0.2036573146292585 0.0054585152838427945 0.008517034068136272
23 0.34661572052401746 0.20541082164328658 0.0032751091703056767 0.008016032064128256
23 0.3763646288209607 0.2094188376753507 0.0054585152838427945 0.01002004008016032
23 0.36981441048034935 0.20841683366733466 0.004366812227074236 0.008016032064128256
23 0.40065502183406115 0.2129258517034068 0.009279475982532752 0.005511022044088177
4 0.30540393013100436 0.2006513026052104 0.006004366812227074 0.011523046092184368
4 0.3179585152838428 0.2029058116232465 0.006550218340611353 0.003006012024048096
4 0.34170305676855894 0.2059118236472946 0.006550218340611353 0.006513026052104208
23 0.3578056768558952 0.20841683366733466 0.0032751091703056767 0.008016032064128256
4 0.5818777292576419 0.23847695390781562 0.0054585152838427945 0.010521042084168337
23 0.3640829694323144 0.21067134268537074 0.0032751091703056767 0.008016032064128256
4 0.5008187772925764 0.22895791583166333 0.013646288209606987 0.008517034068136272
4 0.9170305676855895 0.28557114228456915 0.007096069868995633 0.012525050100200401
4 0.5608624454148472 0.2432364729458918 0.014192139737991267 0.008016032064128256
4 0.4759825327510917 0.23221442885771543 0.0054585152838427945 0.01002004008016032
23 0.31577510917030566 0.2126753507014028 0.009279475982532752 0.0035070140280561123
23 0.33133187772925765 0.21618236472945893 0.009279475982532752 0.0045090180360721445
23 0.30240174672489084 0.21693386773547094 0.009279475982532752 0.00501002004008016
15 0.9705240174672489 0.30410821643286573 0.04421397379912664 0.03507014028056112
4 0.31577510917030566 0.21968937875751504 0.006550218340611353 0.0035070140280561123
7 0.7631004366812227 0.04483967935871744 0.04039301310043668 0.031062124248496994
4 0.5794213973799127 0.2557615230460922 0.006004366812227074 0.010521042084168337
23 0.792849344978166 0.28582164328657317 0.013100436681222707 0.0070140280561122245
4 0.18695414847161573 0.20866733466933868 0.003820960698689956 0.009519038076152305
4 0.19541484716157206 0.21067134268537074 0.006550218340611353 0.011523046092184368
23 0.7931222707423581 0.2918336673346693 0.012008733624454149 0.006012024048096192
4 0.49372270742358076 0.2537575150300601 0.012554585152838428 0.006513026052104208
4 0.4740720524017467 0.25175350701402804 0.003820960698689956 0.011523046092184368
4 0.8436135371179039 0.3001002004008016 0.003820960698689956 0.009018036072144289
4 0.5570414847161572 0.26452905811623245 0.010917030567685589 0.006012024048096192
30 0.23171397379912664 0.22244488977955912 0.024017467248908297 0.023547094188376753
4 0.37936681222707425 0.24423847695390782 0.006004366812227074 0.004008016032064128
23 0.18531659388646288 0.22219438877755512 0.003820960698689956 0.008517034068136272
23 0.1924126637554585 0.22294589178356713 0.003820960698689956 0.005511022044088177
4 0.5772379912663755 0.2732965931863727 0.006550218340611353 0.010521042084168337
4 0.3941048034934498 0.251503006012024 0.0054585152838427945 0.00250501002004008
4 0.9112991266375546 0.31938877755511025 0.007641921397379912 0.012525050100200401
23 0.99617903930131 0.3314128256513026 0.006550218340611353 0.011523046092184368
23 0.9904475982532751 0.33216432865731466 0.007641921397379912 0.012024048096192385
4 0.5141921397379913 0.27354709418837675 0.007641921397379912 0.002004008016032064
4 0.5019104803493449 0.2720440881763527 0.009279475982532752 0.006513026052104208
4 0.4773471615720524 0.2695390781563126 0.01037117903930131 0.005511022044088177
30 0.302674672489083 0.24749498997995992 0.023471615720524017 0.026052104208416832
4 0.5292030567685589 0.2770541082164329 0.010917030567685589 0.00501002004008016
4 0.3624454148471616 0.25701402805611223 0.009279475982532752 0.0045090180360721445
23 0.1105349344978166 0.22469939879759518 0.0049126637554585155 0.008517034068136272
23 0.11763100436681223 0.22595190380761523 0.0032751091703056767 0.008517034068136272
23 0.1326419213973799 0.22845691382765532 0.0054585152838427945 0.008517034068136272
23 0.12390829694323144 0.22745490981963928 0.0032751091703056767 0.0070140280561122245
4 0.3758187772925764 0.2665330661322645 0.006004366812227074 0.0035070140280561123
4 0.9088427947598253 0.33567134268537074 0.007641921397379912 0.012525050100200401
4 0.3556222707423581 0.2657815631262525 0.012554585152838428 0.006513026052104208
4 0.10725982532751091 0.23572144288577154 0.007641921397379912 0.01002004008016032
4 0.11735807860262008 0.23822645290581163 0.003820960698689956 0.008517034068136272
4 0.7846615720524017 0.051603206412825654 0.008187772925764192 0.014028056112224449
4 0.13427947598253276 0.24198396793587174 0.004366812227074236 0.006012024048096192
4 0.12909388646288208 0.24123246492985972 0.004366812227074236 0.006012024048096192
4 0.12390829694323144 0.2409819639278557 0.0027292576419213972 0.00751503006012024
15 0.9645196506550219 0.3539579158316633 0.04312227074235808 0.034569138276553106
15 0.993995633187773 0.36097194388777554 0.010917030567685589 0.03657314629258517
23 0.23389737991266377 0.26528056112224446 0.009279475982532752 0.005511022044088177
4 0.9061135371179039 0.3534569138276553 0.008187772925764192 0.013026052104208416
4 0.834061135371179 0.3554609218436874 0.004366812227074236 0.011022044088176353
7 0.8127729257641921 0.3572144288577154 0.10043668122270742 0.5100200400801603
23 0.9945414847161572 0.3837675350701403 0.006004366812227074 0.009519038076152305
23 0.9751637554585153 0.3817635270541082 0.006550218340611353 0.010521042084168337
23 0.9983624454148472 0.38502004008016033 0.002183406113537118 0.010521042084168337
4 0.9587882096069869 0.3795090180360721 0.007096069868995633 0.012525050100200401
23 0.9686135371179039 0.3812625250501002 0.006550218340611353 0.011022044088176353
23 0.9808951965065502 0.38301603206412826 0.007641921397379912 0.010521042084168337
4 0.9879912663755459 0.3837675350701403 0.006004366812227074 0.011523046092184368
4 0.34934497816593885 0.3031062124248497 0.008187772925764192 0.006513026052104208
4 0.38318777292576417 0.3088677354709419 0.009825327510917031 0.006513026052104208
7 0.8528930131004366 0.37399799599198397 0.10207423580786026 0.5220440881763527
23 0.19677947598253276 0.29083166332665333 0.007641921397379912 0.00751503006012024
4 0.18531659388646288 0.30110220440881763 0.009279475982532752 0.006012024048096192
4 0.19868995633187772 0.3038577154308617 0.006550218340611353 0.0035070140280561123
4 0.6643013100436681 0.3674849699398798 0.013646288209606987 0.00751503006012024
4 0.6525655021834061 0.04008016032064128 0.0027292576419213972 0.008016032064128256
4 0.18231441048034935 0.31087174348697394 0.006550218340611353 0.003006012024048096
4 0.19486899563318777 0.31387775551102204 0.009825327510917031 0.0035070140280561123
4 0.1798580786026201 0.32014028056112226 0.0054585152838427945 0.009519038076152305
4 0.896561135371179 0.4125751503006012 0.006550218340611353 0.012024048096192385
4 0.18777292576419213 0.3216432865731463 0.003820960698689956 0.008016032064128256
23 0.7770196506550219 0.40155310621242485 0.012554585152838428 0.006012024048096192
23 0.7759279475982532 0.40756513026052105 0.013646288209606987 0.0070140280561122245
4 0.4249454148471616 0.3637274549098196 0.0049126637554585155 0.009519038076152305
4 0.310589519650655 0.35120240480961923 0.004366812227074236 0.010521042084168337
4 0.8941048034934498 0.4273547094188377 0.008733624454148471 0.013527054108216433
4 0.822325327510917 0.4283567134268537 0.004366812227074236 0.008016032064128256
4 0.3078602620087336 0.3624749498997996 0.003820960698689956 0.009519038076152305
4 0.4566048034934498 0.3867735470941884 0.004366812227074236 0.008016032064128256
4 0.24344978165938866 0.36072144288577157 0.0054585152838427945 0.010521042084168337
4 0.8916484716157205 0.44438877755511025 0.008187772925764192 0.012525050100200401
23 0.92985807860262 0.4506513026052104 0.006550218340611353 0.010521042084168337
4 0.4683406113537118 0.3927855711422846 0.004366812227074236 0.006012024048096192
4 0.30540393013100436 0.374749498997996 0.0032751091703056767 0.008016032064128256
15 0.6299126637554585 0.04333667334669339 0.02947598253275109 0.02004008016032064
15 0.17057860262008734 0.36497995991983967 0.04148471615720524 0.025050100200400802
23 0.5919759825327511 0.03882765531062124 0.007641921397379912 0.002004008016032064
4 0.8891921397379913 0.4601703406813627 0.006550218340611353 0.012525050100200401
4 0.13618995633187772 0.36347695390781565 0.01037117903930131 0.0035070140280561123
4 0.30403930131004364 0.3867735470941884 0.003820960698689956 0.009018036072144289
23 0.13373362445414846 0.3692384769539078 0.007641921397379912 0.004008016032064128
4 0.8195960698689956 0.4581663326653307 0.004366812227074236 0.011523046092184368
23 0.9252183406113537 0.47394789579158314 0.007096069868995633 0.012525050100200401
23 0.13018558951965065 0.373496993987976 0.008187772925764192 0.0035070140280561123
4 0.8861899563318777 0.47695390781563124 0.007096069868995633 0.012525050100200401
4 0.2999454148471616 0.406312625250501 0.004366812227074236 0.010521042084168337
4 0.6064410480349345 0.04308617234468938 0.007641921397379912 0.0035070140280561123
23 0.12963973799126638 0.38802605210420843 0.006004366812227074 0.004008016032064128
23 0.18176855895196506 0.39629258517034066 0.002183406113537118 0.005511022044088177
4 0.2060589519650655 0.3997995991983968 0.003820960698689956 0.00751503006012024
4 0.1888646288209607 0.3975450901803607 0.0049126637554585155 0.00751503006012024
23 0.9227620087336245 0.49273547094188375 0.006004366812227074 0.011523046092184368
4 0.20114628820960698 0.3997995991983968 0.004366812227074236 0.008016032064128256
4 0.17576419213973798 0.3965430861723447 0.0054585152838427945 0.00751503006012024
23 0.16648471615720525 0.39579158316633267 0.003820960698689956 0.006012024048096192
23 0.19459606986899564 0.39929859719438876 0.004366812227074236 0.009519038076152305
23 0.1572052401746725 0.3945390781563126 0.004366812227074236 0.006513026052104208
4 0.15010917030567686 0.39504008016032066 0.0032751091703056767 0.008517034068136272
23 0.12854803493449782 0.39504008016032066 0.007096069868995633 0.0045090180360721445
4 0.8834606986899564 0.4932364729458918 0.006004366812227074 0.012024048096192385
23 0.7644650655021834 0.4784569138276553 0.012008733624454149 0.0070140280561122245
4 0.29858078602620086 0.4193386773547094 0.0049126637554585155 0.01002004008016032
4 0.21124454148471616 0.4095691382765531 0.004366812227074236 0.009018036072144289
23 0.763646288209607 0.48396793587174347 0.012008733624454149 0.0070140280561122245
4 0.881004366812227 0.5107715430861723 0.007096069868995633 0.011523046092184368
23 0.6593886462882096 0.05260521042084168 0.0032751091703056767 0.009018036072144289
4 0.1462882096069869 0.4163326653306613 0.003820960698689956 0.008517034068136272