7 0.3677385892116183 0.533068783068783 0.3921161825726141 0.047619047619047616
7 0.2225103734439834 0.05238095238095238 0.03993775933609958 0.09312169312169312
4 0.2437759336099585 0.5642857142857143 0.03734439834024896 0.010582010582010581
7 0.36566390041493774 0.6285714285714286 0.3900414937759336 0.04973544973544974
15 0.129149377593361 0.6574074074074074 0.0762448132780083 0.2015873015873016
4 0.23314315352697096 0.6582010582010582 0.038381742738589214 0.013227513227513227
15 0.9177904564315352 0.06349206349206349 0.12136929460580913 0.09947089947089947
15 0.6410788381742739 0.6732804232804233 0.14367219917012447 0.14603174603174604
15 0.04745850622406639 0.676984126984127 0.07157676348547717 0.2492063492063492
23 0.34984439834024894 0.6835978835978836 0.017634854771784232 0.009523809523809525
4 0.2321058091286307 0.6880952380952381 0.02074688796680498 0.013227513227513227
4 0.2554460580912863 0.6886243386243386 0.022821576763485476 0.01216931216931217
23 0.8928941908713693 0.7148148148148148 0.010892116182572614 0.015873015873015872
23 0.8630705394190872 0.7153439153439154 0.007261410788381743 0.018518518518518517
23 0.7715248962655602 0.7164021164021164 0.01037344398340249 0.01746031746031746
23 0.916753112033195 0.7166666666666667 0.012448132780082987 0.015873015873015872
23 0.7800829875518672 0.7166666666666667 0.008817427385892116 0.01798941798941799
23 0.8807053941908713 0.7166666666666667 0.009854771784232365 0.014814814814814815
23 0.7432572614107884 0.7171957671957672 0.00933609958506224 0.01746031746031746
23 0.7525933609958506 0.7171957671957672 0.010892116182572614 0.019576719576719578
23 0.9050829875518672 0.7182539682539683 0.009854771784232365 0.015873015873015872
23 0.870850622406639 0.7187830687830687 0.008817427385892116 0.020105820105820106
7 0.36488589211618255 0.7216931216931217 0.3921161825726141 0.047619047619047616
23 0.32261410788381745 0.7603174603174603 0.032157676348547715 0.007936507936507936
7 0.5765041493775933 0.07433862433862434 0.5321576763485477 0.042328042328042326
7 0.4107883817427386 0.7941798941798942 0.6379668049792531 0.06190476190476191
15 0.046939834024896265 0.819047619047619 0.046680497925311204 0.03756613756613757
15 0.33117219917012447 0.8391534391534392 0.1312240663900415 0.032275132275132276
15 0.21447095435684646 0.8402116402116402 0.1016597510373444 0.03015873015873016
15 0.578838174273859 0.841005291005291 0.10425311203319503 0.033862433862433865
15 0.4600622406639004 0.8417989417989418 0.12396265560165975 0.03015873015873016
15 0.04901452282157676 0.8658730158730159 0.04045643153526971 0.03650793650793651
7 0.4113070539419087 0.8857142857142857 0.6348547717842323 0.056084656084656084
15 0.8560684647302904 0.9518518518518518 0.15715767634854771 0.07566137566137567
7 0.4133817427385892 0.975925925925926 0.6369294605809128 0.04708994708994709
7 0.28397302904564314 0.09841269841269841 0.03475103734439834 0.1835978835978836
15 0.16701244813278007 0.11084656084656085 0.054979253112033194 0.06190476190476191
7 0.5739107883817427 0.12063492063492064 0.5347510373443983 0.042328042328042326
7 0.22276970954356848 0.14814814814814814 0.04564315352697095 0.09470899470899471
7 0.5733921161825726 0.16772486772486772 0.5342323651452282 0.0455026455026455
15 0.9159751037344398 0.18439153439153438 0.125 0.0962962962962963
15 0.1641597510373444 0.18597883597883597 0.056016597510373446 0.06084656084656084
7 0.5342323651452282 0.21931216931216932 0.7069502074688797 0.042328042328042326
23 0.5438278008298755 0.25105820105820104 0.01815352697095436 0.01216931216931217
7 0.33195020746887965 0.2653439153439153 0.237551867219917 0.04867724867724868
23 0.629149377593361 0.285978835978836 0.03475103734439834 0.020105820105820106
23 0.5762448132780082 0.28915343915343916 0.019190871369294607 0.010582010582010581
15 0.13615145228215766 0.29523809523809524 0.08661825726141079 0.12063492063492064
7 0.3449170124481328 0.3126984126984127 0.2671161825726141 0.044444444444444446
23 0.1924273858921162 0.3156084656084656 0.015560165975103735 0.010582010582010581
15 0.9426867219917012 0.31772486772486774 0.08143153526970955 0.11798941798941799
15 0.8399896265560166 0.3201058201058201 0.08195020746887967 0.11746031746031746
15 0.5352697095435685 0.32407407407407407 0.05653526970954357 0.09206349206349207
15 0.6872406639004149 0.326984126984127 0.043568464730290454 0.08571428571428572
23 0.5749481327800829 0.33544973544973544 0.016597510373443983 0.06613756613756613
23 0.6345954356846473 0.34365079365079365 0.008298755186721992 0.019576719576719578
23 0.08117219917012448 0.3441798941798942 0.00933609958506224 0.020105820105820106
7 0.5765041493775933 0.03201058201058201 0.5347510373443983 0.042328042328042326
7 0.34725103734439833 0.3738095238095238 0.26815352697095435 0.04656084656084656
23 0.49507261410788383 0.3904761904761905 0.019190871369294607 0.019576719576719578
4 0.03112033195020747 0.41005291005291006 0.008298755186721992 0.018518518518518517
4 0.02074688796680498 0.41005291005291006 0.008298755186721992 0.020634920634920634
7 0.3677385892116183 0.43783068783068785 0.38900414937759337 0.049206349206349205
15 0.6460062240663901 0.467989417989418 0.14470954356846474 0.15026455026455027
23 0.22147302904564314 0.4732804232804233 0.016597510373443983 0.019576719576719578
4 0.24351659751037344 0.47433862433862434 0.02437759336099585 0.019576719576719578
23 0.5261929460580913 0.4785714285714286 0.03630705394190872 0.01216931216931217
15 0.0645746887966805 0.5206349206349207 0.04512448132780083 0.03333333333333333