30 0.17519181585677748 0.4037886340977069 0.01854219948849105 0.014456630109670987
30 0.3702046035805627 0.03140578265204387 0.07672634271099744 0.045363908275174475
30 0.17838874680306904 0.41699900299102693 0.019820971867007674 0.015453639082751745
4 0.13682864450127877 0.4309571286141575 0.007033248081841432 0.011465603190428714
30 0.17998721227621484 0.4299601196410768 0.01918158567774936 0.013958125623130608
4 0.12084398976982097 0.43893320039880357 0.016624040920716114 0.006480558325024925
23 0.13171355498721227 0.4406779661016949 0.007033248081841432 0.009970089730807577
4 0.14418158567774936 0.44192422731804587 0.014705882352941176 0.004985044865403789
4 0.12116368286445013 0.44441674975074774 0.015345268542199489 0.005483549351944167
23 0.2324168797953964 0.43419740777667 0.007033248081841432 0.010967098703888335
23 0.2260230179028133 0.4349451645064806 0.005754475703324808 0.010468594217347957
23 0.23817135549872123 0.4339481555333998 0.007033248081841432 0.010967098703888335
30 0.26438618925831203 0.4317048853439681 0.021099744245524295 0.015952143569292122
4 0.12276214833759591 0.4491525423728814 0.016624040920716114 0.004985044865403789
30 0.18254475703324807 0.44317048853439683 0.01918158567774936 0.014456630109670987
4 0.12244245524296675 0.45438683948155534 0.0159846547314578 0.005982053838484547
23 0.12340153452685422 0.4596211365902293 0.013427109974424553 0.005982053838484547
30 0.23433503836317135 0.44865403788634095 0.020460358056265986 0.014955134596211365
4 0.12436061381074169 0.46510468594217347 0.013427109974424553 0.005483549351944167
23 0.12531969309462915 0.47008973080757727 0.013427109974424553 0.005982053838484547
4 0.15952685421994886 0.46635094715852443 0.014705882352941176 0.005982053838484547
4 0.16016624040920716 0.47083748753738786 0.014705882352941176 0.005982053838484547
23 0.12691815856777494 0.4758225324027916 0.014066496163682864 0.006480558325024925
4 0.16176470588235295 0.47557328015952144 0.015345268542199489 0.006480558325024925
23 0.1272378516624041 0.48055832502492524 0.013427109974424553 0.005483549351944167
4 0.1620843989769821 0.4810568295114656 0.014066496163682864 0.004985044865403789
4 0.12883631713554988 0.4857926221335992 0.015345268542199489 0.005483549351944167
4 0.16304347826086957 0.4860418743768694 0.014705882352941176 0.004985044865403789
4 0.12915601023017903 0.49127617148554337 0.014066496163682864 0.005982053838484547
30 0.2592710997442455 0.05259222333000997 0.055626598465473145 0.06231306081754736
30 0.3101023017902813 0.04760717846460618 0.054987212276214836 0.06281156530408774
23 0.125 0.5431206380857427 0.007033248081841432 0.010967098703888335
4 0.10326086956521739 0.5453639082751744 0.00639386189258312 0.012462612163509471
4 0.08631713554987212 0.5478564307078764 0.007033248081841432 0.010967098703888335
23 0.10965473145780051 0.5453639082751744 0.00639386189258312 0.010967098703888335
4 0.0792838874680307 0.5486041874376869 0.007033248081841432 0.011465603190428714
4 0.11732736572890026 0.5448654037886341 0.007033248081841432 0.010468594217347957
23 0.170076726342711 0.5396311066799602 0.007033248081841432 0.009970089730807577
23 0.15057544757033248 0.5418743768693918 0.008312020460358057 0.011964107676969093
23 0.19245524296675193 0.5376370887337986 0.007033248081841432 0.011465603190428714
4 0.1991687979539642 0.536889332003988 0.007033248081841432 0.011465603190428714
23 0.17838874680306904 0.53938185443669 0.008312020460358057 0.010967098703888335
23 0.2055626598465473 0.5363908275174477 0.007033248081841432 0.011964107676969093
23 0.15952685421994886 0.5413758723828515 0.007033248081841432 0.010468594217347957
23 0.13554987212276215 0.5555832502492523 0.0076726342710997444 0.010468594217347957
4 0.1170076726342711 0.5635593220338984 0.0076726342710997444 0.011465603190428714
4 0.1221227621483376 0.5630608175473579 0.0076726342710997444 0.01296111665004985
23 0.19597186700767263 0.5645563310069791 0.007033248081841432 0.010468594217347957
23 0.1889386189258312 0.5653040877367896 0.0076726342710997444 0.010468594217347957
23 0.125 0.5757726819541376 0.007033248081841432 0.010468594217347957
23 0.11924552429667519 0.5765204386839482 0.008951406649616368 0.010468594217347957
23 0.12020460358056266 0.5884845463609173 0.0076726342710997444 0.011964107676969093
23 0.1278772378516624 0.5879860418743769 0.0076726342710997444 0.011964107676969093
4 0.14130434782608695 0.5952143569292123 0.015345268542199489 0.006480558325024925
23 0.08567774936061381 0.6021934197407777 0.014705882352941176 0.006480558325024925
23 0.14226342710997442 0.6001994017946162 0.014066496163682864 0.005982053838484547
4 0.6157289002557544 0.5508474576271186 0.00639386189258312 0.010967098703888335
15 0.11508951406649616 0.6066799601196411 0.03964194373401535 0.023429710867397806
4 0.1432225063938619 0.6049351944167497 0.014705882352941176 0.005982053838484547
23 0.08759590792838874 0.6121635094715853 0.014066496163682864 0.006480558325024925
23 0.14482097186700768 0.6104187437686939 0.015345268542199489 0.006480558325024925
15 0.6956521739130435 0.5505982053838484 0.07608695652173914 0.04835493519441675
23 0.0879156010230179 0.6176470588235294 0.014705882352941176 0.005483549351944167
4 0.6269181585677749 0.5620638085742772 0.00639386189258312 0.011465603190428714
23 0.14546035805626598 0.6149052841475573 0.01278772378516624 0.006480558325024925
4 0.7682225063938619 0.5481056829511466 0.00639386189258312 0.011964107676969093
4 0.7576726342710998 0.5508474576271186 0.014705882352941176 0.005982053838484547
4 0.10933503836317135 0.6218843469591226 0.0159846547314578 0.006979062811565304
4 0.09175191815856777 0.6243768693918246 0.017902813299232736 0.007976071784646061
4 0.1278772378516624 0.6203888334995015 0.016624040920716114 0.006480558325024925
23 0.7567135549872123 0.5558325024925225 0.014705882352941176 0.005483549351944167
4 0.6540920716112532 0.5697906281156531 0.015345268542199489 0.006480558325024925
4 0.6550511508951407 0.575024925224327 0.014066496163682864 0.005483549351944167
4 0.09782608695652174 0.6365902293120638 0.00639386189258312 0.011465603190428714
4 0.13714833759590792 0.6333499501495513 0.00639386189258312 0.010967098703888335
4 0.7592710997442456 0.5672981056829511 0.015345268542199489 0.014456630109670987
23 0.6735933503836317 0.5827517447657029 0.007033248081841432 0.011465603190428714
4 0.6675191815856778 0.5832502492522432 0.007033248081841432 0.010967098703888335
23 0.680306905370844 0.5825024925224327 0.00639386189258312 0.010967098703888335
23 0.659846547314578 0.5852442671984048 0.00639386189258312 0.012462612163509471
23 0.6550511508951407 0.5857427716849452 0.007033248081841432 0.011465603190428714
4 0.719309462915601 0.5812562313060817 0.007033248081841432 0.010967098703888335
4 0.6390664961636828 0.5904785643070788 0.016624040920716114 0.004985044865403789
23 0.7068414322250639 0.5830009970089731 0.007033248081841432 0.011465603190428714
4 0.09398976982097186 0.6502991026919243 0.00639386189258312 0.010967098703888335
23 0.7132352941176471 0.5827517447657029 0.005754475703324808 0.009471585244267198
4 0.10709718670076726 0.6493020937188435 0.0076726342710997444 0.010468594217347957
4 0.08759590792838874 0.651296111665005 0.007033248081841432 0.011465603190428714
4 0.100383631713555 0.650049850448654 0.00639386189258312 0.011465603190428714
4 0.13267263427109974 0.6465603190428714 0.007033248081841432 0.011465603190428714
4 0.12691815856777494 0.6475573280159521 0.008312020460358057 0.011465603190428714
4 0.11349104859335038 0.6490528414755733 0.00639386189258312 0.012462612163509471
4 0.1198849104859335 0.6483050847457628 0.0076726342710997444 0.011964107676969093
23 0.13906649616368286 0.6468095712861416 0.0076726342710997444 0.010967098703888335
4 0.14546035805626598 0.646061814556331 0.0076726342710997444 0.011964107676969093
4 0.7263427109974424 0.5849950149551346 0.007033248081841432 0.011465603190428714
4 0.7327365728900256 0.584247258225324 0.008951406649616368 0.01296111665004985
4 0.6390664961636828 0.5949651046859422 0.015345268542199489 0.005483549351944167
4 0.1604859335038363 0.6510468594217348 0.016624040920716114 0.006480558325024925
23 0.6732736572890026 0.5952143569292123 0.007033248081841432 0.011465603190428714
4 0.6799872122762148 0.5949651046859422 0.00639386189258312 0.011465603190428714
4 0.6585677749360613 0.5984546360917248 0.00639386189258312 0.011964107676969093
4 0.6953324808184144 0.5944666001994018 0.017902813299232736 0.012462612163509471
4 0.6675191815856778 0.597457627118644 0.0076726342710997444 0.011964107676969093
23 0.09175191815856777 0.6610169491525424 0.015345268542199489 0.005982053838484547
23 0.7084398976982097 0.5954636091724825 0.007033248081841432 0.010967098703888335
23 0.7196291560102301 0.5942173479561316 0.014705882352941176 0.006480558325024925
4 0.4514066496163683 0.6241276171485544 0.007033248081841432 0.012462612163509471
4 0.16016624040920716 0.656530408773679 0.0159846547314578 0.005982053838484547
23 0.0930306905370844 0.6665004985044866 0.013427109974424553 0.005982053838484547
4 0.6192455242966752 0.6106679960119641 0.017263427109974423 0.007976071784646061
4 0.16112531969309463 0.6615154536390827 0.016624040920716114 0.005982053838484547
23 0.09398976982097186 0.6727318045862413 0.014705882352941176 0.006480558325024925
4 0.16272378516624042 0.6662512462612163 0.0159846547314578 0.005982053838484547
4 0.6950127877237852 0.6079262213359921 0.017263427109974423 0.006480558325024925
23 0.09558823529411764 0.6777168494516451 0.013427109974424553 0.005982053838484547
4 0.16272378516624042 0.6712362911266201 0.014705882352941176 0.005483549351944167
15 0.12691815856777494 0.6752243270189432 0.04603580562659847 0.03589232303090728
4 0.6934143222506394 0.6136590229312063 0.0159846547314578 0.006979062811565304
4 0.5140664961636828 0.6348454636091725 0.00639386189258312 0.01296111665004985
4 0.4114450127877238 0.6465603190428714 0.008312020460358057 0.012462612163509471
4 0.44501278772378516 0.6433200398803589 0.008312020460358057 0.012462612163509471
23 0.0959079283887468 0.6827018943170489 0.01278772378516624 0.005982053838484547
4 0.1636828644501279 0.6762213359920239 0.014066496163682864 0.006480558325024925
23 0.09686700767263427 0.688185443668993 0.014066496163682864 0.005982053838484547
4 0.16464194373401533 0.6817048853439681 0.0159846547314578 0.006480558325024925
23 0.09782608695652174 0.6931704885343968 0.014066496163682864 0.006480558325024925
4 0.1649616368286445 0.6866899302093719 0.015345268542199489 0.005982053838484547
4 0.11764705882352941 0.08673978065802593 0.0076726342710997444 0.012462612163509471
4 0.16656010230179027 0.6916749750747757 0.0159846547314578 0.006480558325024925
23 0.7484015345268542 0.6278664007976071 0.014066496163682864 0.005483549351944167
23 0.12979539641943735 0.698654037886341 0.007033248081841432 0.011465603190428714
23 0.12404092071611253 0.6996510468594217 0.0076726342710997444 0.011964107676969093
23 0.11285166240409207 0.7013958125623131 0.0076726342710997444 0.011964107676969093
23 0.09750639386189258 0.7031405782652044 0.008951406649616368 0.011465603190428714
4 0.10581841432225064 0.7023928215353938 0.007033248081841432 0.012462612163509471
23 0.13618925831202047 0.6994017946161516 0.0076726342710997444 0.011465603190428714
4 0.1438618925831202 0.698654037886341 0.0076726342710997444 0.01296111665004985
4 0.16687979539641945 0.6971585244267199 0.014066496163682864 0.005982053838484547
4 0.1265984654731458 0.7071286141575274 0.014066496163682864 0.006979062811565304
4 0.6067774936061381 0.6560319042871385 0.014705882352941176 0.006979062811565304
23 0.8145780051150895 0.634097706879362 0.007033248081841432 0.010967098703888335
4 0.10421994884910486 0.7146061814556331 0.0159846547314578 0.005982053838484547
4 0.13842710997442456 0.7108673978065803 0.014705882352941176 0.005483549351944167
23 0.1198849104859335 0.7128614157527418 0.014705882352941176 0.006979062811565304
23 0.7058823529411765 0.6490528414755733 0.0076726342710997444 0.009970089730807577
23 0.6994884910485933 0.6502991026919243 0.00639386189258312 0.009970089730807577
4 0.6937340153452686 0.6535393818544367 0.005754475703324808 0.012462612163509471
4 0.8884271099744245 0.6415752741774676 0.014066496163682864 0.006480558325024925
4 0.16272378516624042 0.7238285144566301 0.007033248081841432 0.010468594217347957
23 0.9984015345268542 0.6370887337986042 0.0019181585677749361 0.011964107676969093
23 0.9936061381074168 0.638085742771685 0.007033248081841432 0.011964107676969093
23 0.8567774936061381 0.6532901296111665 0.013427109974424553 0.005982053838484547
23 0.1780690537084399 0.7300598205383848 0.007033248081841432 0.011465603190428714
23 0.8570971867007673 0.6587736789631107 0.013427109974424553 0.005483549351944167
4 0.8414322250639387 0.660518444666002 0.01278772378516624 0.005982053838484547
23 0.9290281329923273 0.6547856430707877 0.01278772378516624 0.005982053838484547
4 0.3123401534526854 0.7228315054835494 0.007033248081841432 0.01296111665004985
23 0.842391304347826 0.6652542372881356 0.013427109974424553 0.005483549351944167
4 0.8829923273657289 0.6610169491525424 0.0076726342710997444 0.011465603190428714
23 0.8580562659846548 0.6635094715852443 0.012148337595907928 0.004985044865403789
4 0.21707161125319693 0.7347956131605184 0.00639386189258312 0.012462612163509471
4 0.7854859335038363 0.6729810568295115 0.015345268542199489 0.006480558325024925
4 0.3906649616368286 0.7168494516450648 0.0076726342710997444 0.012462612163509471
23 0.995843989769821 0.6520438683948155 0.007033248081841432 0.010967098703888335
23 0.842391304347826 0.6699900299102692 0.014705882352941176 0.005483549351944167
4 0.5303708439897699 0.7041375872382851 0.0076726342710997444 0.011964107676969093
23 0.18030690537084398 0.7430209371884346 0.005115089514066497 0.010468594217347957
23 0.1867007672634271 0.7422731804586241 0.007033248081841432 0.010468594217347957
4 0.8596547314578005 0.6689930209371885 0.014066496163682864 0.005483549351944167
4 0.8232097186700768 0.6739780658025922 0.015345268542199489 0.005982053838484547
23 0.8433503836317136 0.6752243270189432 0.01278772378516624 0.005982053838484547
4 0.860613810741688 0.6739780658025922 0.013427109974424553 0.005483549351944167
23 0.22250639386189258 0.7442671984047856 0.01278772378516624 0.005483549351944167
4 0.8241687979539642 0.6799601196410767 0.0159846547314578 0.005982053838484547
23 0.9961636828644501 0.6632602193419741 0.00639386189258312 0.010468594217347957
23 0.8602941176470589 0.678963110667996 0.013427109974424553 0.005982053838484547
4 0.629156010230179 0.7043868394815553 0.008312020460358057 0.011465603190428714
23 0.8446291560102301 0.6822033898305084 0.014705882352941176 0.005982053838484547
4 0.9593989769820972 0.6702392821535393 0.017263427109974423 0.007976071784646061
23 0.8251278772378516 0.6854436689930209 0.013427109974424553 0.005483549351944167
23 0.8459079283887468 0.688185443668993 0.01278772378516624 0.005982053838484547
23 0.8634910485933504 0.6866899302093719 0.017902813299232736 0.007976071784646061
4 0.9613171355498721 0.6769690927218345 0.0159846547314578 0.006480558325024925
23 0.7854859335038363 0.6976570289132602 0.014066496163682864 0.005483549351944167
4 0.8008312020460358 0.6961615154536391 0.014705882352941176 0.005483549351944167
4 0.8666879795396419 0.6924227318045862 0.015345268542199489 0.005982053838484547
30 0.38235294117647056 0.06580259222333001 0.100383631713555 0.06480558325024925
23 0.7864450127877238 0.7026420737786641 0.013427109974424553 0.004985044865403789
4 0.8017902813299232 0.7016450648055832 0.0159846547314578 0.005982053838484547
23 0.829923273657289 0.7003988035892323 0.015345268542199489 0.005483549351944167
23 0.18190537084398978 0.7729312063808574 0.007033248081841432 0.011465603190428714
23 0.1882992327365729 0.7721834496510469 0.0076726342710997444 0.010468594217347957
23 0.19437340153452684 0.7716849451645065 0.0076726342710997444 0.010468594217347957
23 0.8302429667519181 0.7053838484546361 0.014705882352941176 0.005982053838484547
23 0.8126598465473146 0.7123629112662014 0.014066496163682864 0.005982053838484547
4 0.11125319693094629 0.78938185443669 0.008312020460358057 0.011964107676969093
23 0.8487851662404092 0.7088733798604188 0.013427109974424553 0.00448654037886341
4 0.11956521739130435 0.7888833499501495 0.008312020460358057 0.013958125623130608
23 0.1265984654731458 0.7886340977068793 0.0076726342710997444 0.011964107676969093
23 0.1409846547314578 0.786889332003988 0.007033248081841432 0.011465603190428714
23 0.14737851662404092 0.7863908275174477 0.008312020460358057 0.010967098703888335
23 0.1336317135549872 0.7878863409770688 0.007033248081841432 0.011964107676969093
23 0.17551150895140666 0.7846460618145563 0.0076726342710997444 0.01296111665004985
23 0.8491048593350383 0.7128614157527418 0.013427109974424553 0.004985044865403789
23 0.9757033248081841 0.7026420737786641 0.014705882352941176 0.005483549351944167
23 0.8507033248081841 0.7188434695912264 0.014066496163682864 0.005982053838484547
23 0.9143222506393862 0.7143569292123629 0.0076726342710997444 0.010967098703888335
23 0.7928388746803069 0.727567298105683 0.0159846547314578 0.006480558325024925
23 0.1221227621483376 0.8030907278165503 0.0076726342710997444 0.010967098703888335
23 0.11381074168797954 0.8040877367896311 0.0076726342710997444 0.011964107676969093
23 0.7931585677749361 0.7325523429710867 0.015345268542199489 0.005483549351944167
30 0.9757033248081841 0.713110667996012 0.020460358056265986 0.014955134596211365
30 0.9916879795396419 0.7111166500498505 0.015345268542199489 0.016450648055832504
30 0.1585677749360614 0.8058325024925225 0.054987212276214836 0.03040877367896311
23 0.8021099744245525 0.7402791625124626 0.007033248081841432 0.011465603190428714
23 0.12052429667519182 0.8200398803589233 0.0076726342710997444 0.010468594217347957
23 0.9977621483375959 0.7235792622133599 0.00319693094629156 0.011465603190428714
23 0.11381074168797954 0.8212861415752741 0.0076726342710997444 0.010468594217347957
23 0.9926470588235294 0.7248255234297108 0.007033248081841432 0.010967098703888335
23 0.19629156010230178 0.8182951146560319 0.0076726342710997444 0.012462612163509471
4 0.985613810741688 0.7372881355932204 0.014705882352941176 0.005483549351944167
30 0.16336317135549872 0.8349950149551346 0.054987212276214836 0.03040877367896311
15 0.9785805626598465 0.7587238285144566 0.04156010230179028 0.036889332003988036
23 0.9766624040920716 0.7836490528414756 0.0076726342710997444 0.010468594217347957
4 0.9696291560102301 0.7848953140578265 0.007033248081841432 0.011964107676969093
23 0.9824168797953964 0.7838983050847458 0.007033248081841432 0.011465603190428714
30 0.1620843989769821 0.8853439680957128 0.020460358056265986 0.014456630109670987
30 0.18190537084398978 0.884097706879362 0.020460358056265986 0.010967098703888335
23 0.6368286445012787 0.8399800598205384 0.01278772378516624 0.005483549351944167
23 0.1656010230179028 0.8945663010967099 0.013427109974424553 0.005982053838484547
4 0.2391304347826087 0.8865902293120638 0.0159846547314578 0.004985044865403789
4 0.18350383631713554 0.8930707876370887 0.014705882352941176 0.005982053838484547
4 0.6377877237851662 0.8449651046859422 0.015345268542199489 0.006480558325024925
23 0.7547953964194374 0.8325024925224327 0.01278772378516624 0.005982053838484547
23 0.24008951406649617 0.8913260219341974 0.014066496163682864 0.005483549351944167
23 0.16528132992327366 0.900049850448654 0.013427109974424553 0.004985044865403789
23 0.18574168797953963 0.8978065802592223 0.0159846547314578 0.004985044865403789
23 0.15153452685421995 0.9015453639082752 0.014066496163682864 0.005483549351944167
4 0.7404092071611253 0.8382352941176471 0.0159846547314578 0.005982053838484547
23 0.7557544757033248 0.8364905284147557 0.01278772378516624 0.005483549351944167
15 0.21259590792838876 0.8975573280159521 0.037723785166240406 0.02243270189431705
23 0.7755754475703325 0.8362412761714856 0.015345268542199489 0.005483549351944167
23 0.24104859335038364 0.8978065802592223 0.015345268542199489 0.005982053838484547
23 0.7758951406649617 0.8412263210368893 0.01278772378516624 0.004985044865403789
4 0.7576726342710998 0.8432203389830508 0.014705882352941176 0.006480558325024925
4 0.2420076726342711 0.9032901296111665 0.014705882352941176 0.005982053838484547
23 0.7576726342710998 0.8482053838484547 0.013427109974424553 0.005483549351944167
23 0.7768542199488491 0.8467098703888335 0.014066496163682864 0.006480558325024925
23 0.7579923273657289 0.8531904287138584 0.01278772378516624 0.005982053838484547
15 0.31841432225063937 0.08748753738783649 0.0370843989769821 0.02193419740777667
23 0.20364450127877237 0.9155034895314058 0.0076726342710997444 0.010468594217347957
23 0.1969309462915601 0.9167497507477568 0.007033248081841432 0.011465603190428714
23 0.9750639386189258 0.8330009970089731 0.00639386189258312 0.010967098703888335
23 0.8276854219948849 0.8497008973080757 0.0076726342710997444 0.011465603190428714
23 0.821611253196931 0.8509471585244267 0.0076726342710997444 0.010468594217347957
23 0.993925831202046 0.8325024925224327 0.0076726342710997444 0.010967098703888335
4 0.9817774936061381 0.8337487537387837 0.00639386189258312 0.011964107676969093
23 0.987531969309463 0.8332502492522432 0.0076726342710997444 0.010967098703888335
23 0.7595907928388747 0.8586739780658026 0.013427109974424553 0.005483549351944167
7 0.159846547314578 0.9309571286141576 0.05179028132992328 0.038883349950149554
23 0.7509590792838875 0.8741276171485544 0.013427109974424553 0.004985044865403789
23 0.7749360613810742 0.8721335992023929 0.014705882352941176 0.006480558325024925
4 0.2202685421994885 0.10069790628115653 0.016624040920716114 0.007477567298105683
4 0.7515984654731458 0.8791126620139581 0.0159846547314578 0.006480558325024925
4 0.7768542199488491 0.8823529411764706 0.014705882352941176 0.006480558325024925
23 0.7800511508951407 0.8885842472582254 0.01918158567774936 0.00847457627118644
23 0.6975703324808185 0.9077766699900299 0.00639386189258312 0.010468594217347957
23 0.6911764705882353 0.9090229312063809 0.005754475703324808 0.009970089730807577
23 0.7368925831202046 0.904037886340977 0.00639386189258312 0.009970089730807577
4 0.6851023017902813 0.9100199401794616 0.0076726342710997444 0.012462612163509471
23 0.7426470588235294 0.9037886340977069 0.007033248081841432 0.011964107676969093
23 0.72346547314578 0.9060319042871385 0.00639386189258312 0.011465603190428714
23 0.22506393861892582 0.963110667996012 0.014066496163682864 0.004985044865403789
23 0.20812020460358055 0.9648554336989033 0.013427109974424553 0.006979062811565304
23 0.9945652173913043 0.8818544366899302 0.00959079283887468 0.005982053838484547
23 0.9418158567774936 0.8885842472582254 0.007033248081841432 0.010468594217347957
4 0.20843989769820973 0.9698404785643071 0.014705882352941176 0.006480558325024925
4 0.2260230179028133 0.9680957128614157 0.015345268542199489 0.005982053838484547
23 0.7480818414322251 0.9132602193419741 0.011508951406649617 0.004985044865403789
4 0.9440537084398977 0.9002991026919243 0.00639386189258312 0.011465603190428714
4 0.9373401534526854 0.9015453639082752 0.0076726342710997444 0.011964107676969093
15 0.2260230179028133 0.9830508474576272 0.056265984654731455 0.028414755732801594
23 0.8452685421994884 0.9177467597208375 0.00639386189258312 0.010967098703888335
23 0.8516624040920716 0.9169990029910269 0.0076726342710997444 0.010967098703888335
23 0.12308184143222506 0.11689930209371885 0.0076726342710997444 0.010967098703888335
23 0.13554987212276215 0.1156530408773679 0.0076726342710997444 0.010468594217347957
23 0.18797953964194372 0.9945164506480558 0.00639386189258312 0.009970089730807577
23 0.18222506393861893 0.9945164506480558 0.0076726342710997444 0.009970089730807577
4 0.1285166240409207 0.11640079760717846 0.00639386189258312 0.011465603190428714
4 0.5303708439897699 0.9628614157527418 0.013427109974424553 0.006480558325024925
23 0.149616368286445 0.11440677966101695 0.00639386189258312 0.011465603190428714
4 0.2100383631713555 0.9982552342971087 0.0159846547314578 0.0024925224327018943
15 0.5012787723785166 0.9685942173479561 0.04156010230179028 0.027916251246261216
23 0.47538363171355497 0.9723330009970089 0.007033248081841432 0.010468594217347957
4 0.46898976982097185 0.9735792622133599 0.00639386189258312 0.011465603190428714
23 0.530690537084399 0.9678464606181456 0.012148337595907928 0.004985044865403789
23 0.5460358056265985 0.9661016949152542 0.012148337595907928 0.00448654037886341
23 0.5466751918158568 0.9710867397806581 0.01278772378516624 0.005483549351944167
23 0.5322890025575447 0.9725822532402791 0.012148337595907928 0.004985044865403789
30 0.7944373401534527 0.9444167497507477 0.019820971867007674 0.014955134596211365
30 0.8142583120204604 0.9429212362911267 0.01918158567774936 0.014955134596211365
30 0.8331202046035806 0.940677966101695 0.021739130434782608 0.015952143569292122
23 0.7592710997442456 0.9494017946161516 0.0076726342710997444 0.011964107676969093
23 0.7733375959079284 0.9484047856430707 0.00639386189258312 0.010468594217347957
23 0.780690537084399 0.94740777666999 0.00639386189258312 0.010468594217347957
7 0.8535805626598465 0.9399302093718843 0.024936061381074168 0.032402791625124626
23 0.47282608695652173 0.9837986041874377 0.01278772378516624 0.006480558325024925
23 0.5482736572890026 0.9760717846460618 0.01278772378516624 0.005982053838484547
23 0.5332480818414322 0.977567298105683 0.01278772378516624 0.005982053838484547
7 0.3599744245524297 0.9837986041874377 0.2071611253196931 0.03140578265204387
23 0.7963554987212276 0.9548853439680958 0.01278772378516624 0.005982053838484547
23 0.8117007672634271 0.9531405782652044 0.01278772378516624 0.005982053838484547
4 0.24392583120204603 0.11116650049850449 0.0076726342710997444 0.010967098703888335
23 0.16400255754475704 0.13409770687936193 0.014066496163682864 0.005982053838484547
4 0.1656010230179028 0.14257228315054835 0.014066496163682864 0.005483549351944167
23 0.03900255754475703 0.16400797607178463 0.014066496163682864 0.004985044865403789
4 0.022058823529411766 0.16625124626121635 0.015345268542199489 0.005982053838484547
4 0.059782608695652176 0.16326021934197407 0.014066496163682864 0.005483549351944167
23 0.03868286445012788 0.1694915254237288 0.012148337595907928 0.005982053838484547
4 0.02237851662404092 0.17173479561316052 0.015345268542199489 0.005982053838484547
23 0.1707161125319693 0.16600199401794616 0.013427109974424553 0.006979062811565304
30 0.1518542199488491 0.1702392821535394 0.01918158567774936 0.014955134596211365
15 0.0872762148337596 0.18020937188434696 0.03580562659846547 0.036889332003988036
23 0.17103580562659845 0.17148554336989033 0.013427109974424553 0.005483549351944167
4 0.11317135549872123 0.18444666001994017 0.014066496163682864 0.005483549351944167
4 0.16016624040920716 0.18295114656031905 0.0076726342710997444 0.011465603190428714
4 0.11476982097186701 0.18943170488534397 0.014705882352941176 0.004985044865403789
23 0.17327365728900257 0.1914257228315055 0.015345268542199489 0.005982053838484547
23 0.1796675191815857 0.19940179461615154 0.00639386189258312 0.009970089730807577
23 0.18254475703324807 0.21161515453639082 0.0076726342710997444 0.010468594217347957
23 0.17487212276214834 0.2220837487537388 0.013427109974424553 0.004985044865403789
23 0.15760869565217392 0.2238285144566301 0.014066496163682864 0.005483549351944167
15 0.0959079283887468 0.23479561316051845 0.0319693094629156 0.013958125623130608
23 0.1758312020460358 0.22706879361914256 0.011508951406649617 0.004985044865403789
23 0.17647058823529413 0.23180458624127617 0.013427109974424553 0.006480558325024925
4 0.10581841432225064 0.24102691924227318 0.014705882352941176 0.005483549351944167
4 0.0879156010230179 0.24401794616151545 0.014705882352941176 0.005483549351944167
23 0.1780690537084399 0.23629112662013957 0.01278772378516624 0.005483549351944167
23 0.16240409207161124 0.23853439680957128 0.014066496163682864 0.005982053838484547
23 0.1636828644501279 0.2432701894317049 0.01278772378516624 0.005483549351944167
23 0.17774936061381075 0.24177467597208374 0.011508951406649617 0.004985044865403789
23 0.16400255754475704 0.24825523429710866 0.013427109974424553 0.004985044865403789
23 0.1793478260869565 0.2472582253240279 0.01278772378516624 0.005982053838484547
23 0.159846547314578 0.25373878364905283 0.014066496163682864 0.004985044865403789
4 0.18222506393861893 0.2519940179461615 0.015345268542199489 0.005982053838484547
23 0.17199488491048592 0.2564805583250249 0.00639386189258312 0.009970089730807577
23 0.16080562659846548 0.25872382851445663 0.013427109974424553 0.005483549351944167
4 0.1831841432225064 0.25672981056829514 0.013427109974424553 0.004985044865403789
15 0.10677749360613811 0.2711864406779661 0.03644501278772379 0.036390827517447655
4 0.15664961636828645 0.2714356929212363 0.0076726342710997444 0.011465603190428714
4 0.1867007672634271 0.28015952143569295 0.013427109974424553 0.005982053838484547
30 0.17039641943734016 0.28688933200398803 0.021099744245524295 0.014955134596211365
4 0.18797953964194372 0.28489531405782653 0.014705882352941176 0.00448654037886341
23 0.1882992327365729 0.28988035892323033 0.012148337595907928 0.005483549351944167
23 0.17167519181585678 0.2968594217347956 0.014705882352941176 0.005483549351944167
23 0.18861892583120204 0.2951146560319043 0.012148337595907928 0.004985044865403789
15 0.11157289002557545 0.30807577268195413 0.0370843989769821 0.0353938185443669
4 0.1723145780051151 0.30134596211365905 0.014705882352941176 0.005483549351944167
4 0.19021739130434784 0.30034895314057825 0.01278772378516624 0.005483549351944167
23 0.17391304347826086 0.306580259222333 0.013427109974424553 0.005483549351944167
23 0.18989769820971866 0.30533399800598204 0.014066496163682864 0.005483549351944167
23 0.19149616368286446 0.31031904287138584 0.012148337595907928 0.00448654037886341
23 0.1991687979539642 0.3180458624127617 0.005754475703324808 0.00897308075772682
23 0.20140664961636828 0.32926221335992023 0.005754475703324808 0.010468594217347957
15 0.13139386189258312 0.3813559322033898 0.061381074168797956 0.04935194416749751
4 0.08823529411764706 0.39656031904287137 0.014705882352941176 0.007477567298105683