7 0.38643790849673204 0.5066666666666667 0.4139433551198257 0.12944444444444445
7 0.3292483660130719 0.017222222222222222 0.056100217864923745 0.034444444444444444
4 0.25272331154684097 0.5133333333333333 0.04030501089324619 0.018333333333333333
7 0.36574074074074076 0.6047222222222223 0.41230936819172115 0.13111111111111112
15 0.11628540305010893 0.5861111111111111 0.11819172113289761 0.22333333333333333
4 0.2233115468409586 0.6080555555555556 0.041938997821350764 0.021666666666666667
15 0.9863834422657952 0.14055555555555554 0.026143790849673203 0.10555555555555556
15 0.6407952069716776 0.7069444444444445 0.1770152505446623 0.18
15 0.04493464052287582 0.59 0.08986928104575163 0.2722222222222222
23 0.33850762527233114 0.6583333333333333 0.020152505446623094 0.013333333333333334
4 0.21650326797385622 0.6388888888888888 0.023965141612200435 0.017777777777777778
4 0.24046840958605664 0.6438888888888888 0.02559912854030501 0.017222222222222222
23 0.8921568627450981 0.8013888888888889 0.014705882352941176 0.01888888888888889
23 0.8613834422657952 0.7958333333333333 0.010893246187363835 0.020555555555555556
23 0.7668845315904139 0.7780555555555555 0.014161220043572984 0.02
23 0.9166666666666666 0.8080555555555555 0.016339869281045753 0.019444444444444445
23 0.775871459694989 0.7802777777777777 0.013071895424836602 0.020555555555555556
23 0.8793572984749455 0.8008333333333333 0.01252723311546841 0.017222222222222222
23 0.7374727668845316 0.7730555555555556 0.013071895424836602 0.019444444444444445
23 0.7472766884531591 0.7752777777777777 0.015250544662309368 0.022222222222222223
23 0.9041394335511983 0.8075 0.013071895424836602 0.018333333333333333
23 0.8687363834422658 0.8008333333333333 0.013071895424836602 0.022222222222222223
7 0.34667755991285404 0.7005555555555556 0.4133986928104575 0.12944444444444445
23 0.295479302832244 0.7316666666666667 0.034858387799564274 0.015
7 0.6919934640522876 0.07666666666666666 0.5566448801742919 0.15222222222222223
7 0.3799019607843137 0.7844444444444445 0.6699346405228758 0.1938888888888889
15 0.014161220043572984 0.7361111111111112 0.02832244008714597 0.04888888888888889
15 0.2889433551198257 0.8147222222222222 0.14161220043572983 0.06
15 0.16830065359477125 0.7919444444444445 0.11056644880174292 0.052222222222222225
15 0.5438453159041394 0.8672222222222222 0.11383442265795207 0.05611111111111111
15 0.4210239651416122 0.8438888888888889 0.13398692810457516 0.056666666666666664
15 0.008714596949891068 0.7847222222222222 0.017429193899782137 0.04611111111111111
7 0.3622004357298475 0.8788888888888889 0.6655773420479303 0.18777777777777777
7 0.3488562091503268 0.9411111111111111 0.6628540305010894 0.11666666666666667
7 0.3837145969498911 0.07027777777777777 0.06917211328976035 0.14055555555555554
15 0.2627995642701525 0.034166666666666665 0.06917211328976035 0.06833333333333333
7 0.6802832244008714 0.12361111111111112 0.559368191721133 0.1527777777777778
7 0.31263616557734203 0.08027777777777778 0.06535947712418301 0.10666666666666667
7 0.670479302832244 0.17222222222222222 0.559368191721133 0.15611111111111112
15 0.9724945533769063 0.2561111111111111 0.05392156862745098 0.12
15 0.24482570806100218 0.10722222222222222 0.06971677559912855 0.07388888888888889
7 0.6198257080610022 0.21722222222222223 0.7369281045751634 0.18777777777777777
23 0.6236383442265795 0.25222222222222224 0.020697167755991286 0.01611111111111111
7 0.40223311546840956 0.22333333333333333 0.25435729847494554 0.09833333333333333
23 0.704520697167756 0.30527777777777776 0.039760348583877995 0.027777777777777776
23 0.6495098039215687 0.29777777777777775 0.02178649237472767 0.015
15 0.19471677559912853 0.21416666666666667 0.11274509803921569 0.14222222222222222
7 0.40631808278867104 0.2747222222222222 0.28431372549019607 0.1
23 0.24863834422657952 0.24666666666666667 0.017973856209150325 0.013888888888888888
15 0.9833877995642701 0.39861111111111114 0.03213507625272331 0.13166666666666665
15 0.9153050108932462 0.3838888888888889 0.10729847494553377 0.13777777777777778
15 0.6004901960784313 0.32555555555555554 0.07625272331154684 0.10666666666666667
15 0.7565359477124183 0.3597222222222222 0.061546840958605666 0.09722222222222222
23 0.639161220043573 0.3452777777777778 0.029956427015250545 0.07166666666666667
23 0.6990740740740741 0.3661111111111111 0.011982570806100218 0.021666666666666667
23 0.12854030501089325 0.25333333333333335 0.013616557734204794 0.02277777777777778
7 0.6985294117647058 0.055 0.5571895424836601 0.11
7 0.3967864923747277 0.3383333333333333 0.28594771241830064 0.10277777777777777
23 0.545751633986928 0.3858333333333333 0.023420479302832243 0.02388888888888889
4 0.06399782135076253 0.3111111111111111 0.011982570806100218 0.020555555555555556
4 0.05310457516339869 0.30916666666666665 0.01252723311546841 0.02277777777777778
7 0.40522875816993464 0.4083333333333333 0.4106753812636166 0.13
15 0.6862745098039216 0.4963888888888889 0.1786492374727669 0.18444444444444444
23 0.24754901960784315 0.4152777777777778 0.020697167755991286 0.023333333333333334
4 0.2701525054466231 0.42055555555555557 0.02886710239651416 0.025
23 0.5607298474945533 0.48305555555555557 0.04030501089324619 0.02
15 0.07652505446623094 0.43194444444444446 0.05337690631808279 0.043333333333333335