4 0.9500688705234159 0.434346035015448 0.01584022038567493 0.007209062821833162
23 0.8126721763085399 0.047116374871266735 0.013774104683195593 0.013903192584963954
4 0.9476584022038568 0.43975283213182287 0.01721763085399449 0.008238928939237899
23 0.4356060606060606 0.3630278063851699 0.01928374655647383 0.009783728115345005
4 0.5516528925619835 0.39907312049433574 0.22727272727272727 0.16632337796086508
23 0.26515151515151514 0.35581874356333676 0.01652892561983471 0.007209062821833162
4 0.29855371900826444 0.3622554067971164 0.01721763085399449 0.007723995880535531
4 0.3154269972451791 0.36560247167868176 0.01652892561983471 0.008238928939237899
4 0.9314738292011019 0.4783728115345005 0.01721763085399449 0.008238928939237899
4 0.3209366391184573 0.3766735324407827 0.012396694214876033 0.012873326467559218
23 0.28856749311294766 0.371524201853759 0.011019283746556474 0.01132852729145211
23 0.2971763085399449 0.3735839340885685 0.008264462809917356 0.010298661174047374
23 0.3443526170798898 0.3815653964984552 0.010330578512396695 0.01184346035015448
4 0.33023415977961434 0.3792481977342945 0.008953168044077135 0.01132852729145211
23 0.3367768595041322 0.3805355303810505 0.008953168044077135 0.01132852729145211
23 0.3140495867768595 0.3769309989701339 0.009641873278236915 0.010298661174047374
23 0.3037190082644628 0.3751287332646756 0.010330578512396695 0.009783728115345005
23 0.27100550964187325 0.3694644696189495 0.011019283746556474 0.010813594232749742
23 0.2809917355371901 0.3717816683831102 0.011019283746556474 0.012873326467559218
4 0.9304407713498623 0.48455200823892897 0.01584022038567493 0.008753861997940269
7 0.959366391184573 0.4922760041194645 0.07988980716253444 0.16889804325437693
23 0.26239669421487605 0.36972193614830073 0.009641873278236915 0.009783728115345005
4 0.43870523415977963 0.40756951596292484 0.01997245179063361 0.009783728115345005
23 0.2809917355371901 0.38233779608650875 0.010330578512396695 0.01132852729145211
23 0.2944214876033058 0.3846549948506694 0.008953168044077135 0.01132852729145211
23 0.3285123966942149 0.391091658084449 0.010330578512396695 0.012358393408856848
4 0.3226584022038568 0.39006179196704427 0.009641873278236915 0.012358393408856848
23 0.2675619834710744 0.3805355303810505 0.011019283746556474 0.013388259526261586
23 0.30165289256198347 0.3864572605561277 0.010330578512396695 0.012358393408856848
4 0.2882231404958678 0.3846549948506694 0.010330578512396695 0.013903192584963954
4 0.31508264462809915 0.38928939237899074 0.009641873278236915 0.01184346035015448
23 0.3081955922865014 0.388259526261586 0.011019283746556474 0.013388259526261586
23 0.2741046831955923 0.38233779608650875 0.010330578512396695 0.012873326467559218
23 0.2603305785123967 0.3815653964984552 0.011019283746556474 0.012358393408856848
4 0.3419421487603306 0.40242018537590113 0.01652892561983471 0.007723995880535531
4 0.9235537190082644 0.5082389289392379 0.01584022038567493 0.006694129763130793
4 0.3402203856749311 0.40859938208032953 0.01790633608815427 0.008238928939237899
4 0.4015151515151515 0.4212152420185376 0.01790633608815427 0.008238928939237899
23 0.3381542699724518 0.4129763130792997 0.015151515151515152 0.006694129763130793
23 0.5402892561983471 0.007466529351184346 0.01721763085399449 0.008238928939237899
23 0.33746556473829203 0.4181256436663234 0.01652892561983471 0.007209062821833162
4 0.3925619834710744 0.4291967044284243 0.010330578512396695 0.010813594232749742
23 0.9204545454545454 0.520854788877446 0.008953168044077135 0.01132852729145211
4 0.9269972451790633 0.522399588053553 0.009641873278236915 0.012358393408856848
23 0.3357438016528926 0.42353244078269825 0.01652892561983471 0.007723995880535531
4 0.8185261707988981 0.05664263645726056 0.009641873278236915 0.01132852729145211
4 0.33402203856749313 0.42842430484037075 0.01652892561983471 0.007209062821833162
23 0.5891873278236914 0.476313079299691 0.01721763085399449 0.007723995880535531
23 0.33264462809917356 0.43357363542739447 0.01584022038567493 0.007209062821833162
23 0.9183884297520661 0.536302780638517 0.014462809917355372 0.006179196704428424
23 0.3309228650137741 0.4389804325437693 0.01790633608815427 0.008238928939237899
4 0.5199724517906336 0.47167868177136973 0.010330578512396695 0.012358393408856848
4 0.44800275482093666 0.4603501544799176 0.010330578512396695 0.012873326467559218
23 0.9166666666666666 0.5417095777548918 0.014462809917355372 0.006694129763130793
23 0.3285123966942149 0.4461894953656025 0.01584022038567493 0.007723995880535531
23 0.9152892561983471 0.547373841400618 0.014462809917355372 0.006179196704428424
23 0.28202479338842973 0.44129763130793 0.009641873278236915 0.012358393408856848
4 0.26859504132231404 0.43949536560247165 0.007575757575757576 0.010813594232749742
23 0.3168044077134986 0.4477342945417096 0.009641873278236915 0.01132852729145211
23 0.275137741046832 0.4405252317198764 0.010330578512396695 0.012358393408856848
23 0.28856749311294766 0.44335736354273947 0.008953168044077135 0.01184346035015448
23 0.30268595041322316 0.44593202883625127 0.010330578512396695 0.013903192584963954
4 0.30991735537190085 0.4472193614830072 0.011019283746556474 0.012358393408856848
23 0.2951101928374656 0.44464469618949537 0.010330578512396695 0.012873326467559218
4 0.2427685950413223 0.4356333676622039 0.008953168044077135 0.01132852729145211
4 0.3285123966942149 0.45133882595262614 0.01584022038567493 0.007209062821833162
23 0.9135674931129476 0.5527806385169928 0.014462809917355372 0.006179196704428424
4 0.3274793388429752 0.45854788877445934 0.01584022038567493 0.007209062821833162
23 0.37947658402203854 0.46961894953656025 0.010330578512396695 0.012873326467559218
23 0.3119834710743802 0.45854788877445934 0.015151515151515152 0.007209062821833162
23 0.3725895316804408 0.4691040164778579 0.011019283746556474 0.012873326467559218
23 0.3860192837465565 0.4714212152420185 0.011707988980716254 0.014418125643666324
4 0.3378099173553719 0.4642121524201854 0.009641873278236915 0.01132852729145211
4 0.2806473829201102 0.4552008238928939 0.008953168044077135 0.01132852729145211
23 0.26721763085399447 0.45288362512873326 0.011019283746556474 0.01184346035015448
4 0.2596418732782369 0.45159629248197736 0.009641873278236915 0.01184346035015448
4 0.253099173553719 0.4505664263645726 0.009641873278236915 0.01184346035015448
23 0.2871900826446281 0.45648815653964986 0.010330578512396695 0.012358393408856848
4 0.24552341597796143 0.44979402677651903 0.011019283746556474 0.012873326467559218
4 0.23863636363636365 0.44850669412976313 0.008953168044077135 0.01132852729145211
4 0.27307162534435264 0.4544284243048404 0.009641873278236915 0.012358393408856848
4 0.2930440771349862 0.45854788877445934 0.008953168044077135 0.01132852729145211
4 0.3002754820936639 0.4603501544799176 0.008264462809917356 0.01184346035015448
23 0.3106060606060606 0.46318228630278063 0.01652892561983471 0.007209062821833162
23 0.5378787878787878 0.012873326467559218 0.01652892561983471 0.007723995880535531
23 0.3522727272727273 0.4770854788877446 0.012396694214876033 0.012873326467559218
23 0.3453856749311295 0.47605561277033986 0.009641873278236915 0.01184346035015448
4 0.28615702479338845 0.4673017507723996 0.01859504132231405 0.007723995880535531
23 0.23829201101928374 0.4590628218331617 0.01859504132231405 0.007209062821833162
4 0.2679063360881543 0.4642121524201854 0.01721763085399449 0.007723995880535531
23 0.2537878787878788 0.4621524201853759 0.015151515151515152 0.007209062821833162
4 0.31611570247933884 0.47296601441812564 0.015151515151515152 0.006694129763130793
23 0.5457988980716253 0.5141606591143152 0.011707988980716254 0.014933058702368692
23 0.5564738292011019 0.5164778578784758 0.011707988980716254 0.01132852729145211
23 0.4490358126721763 0.4979402677651905 0.010330578512396695 0.01184346035015448
23 0.36122589531680444 0.48300720906282185 0.010330578512396695 0.01184346035015448
23 0.39118457300275483 0.4881565396498455 0.011707988980716254 0.012358393408856848
30 0.803374655647383 0.05973223480947477 0.01997245179063361 0.016477857878475798
4 0.31232782369146006 0.47811534500514935 0.01584022038567493 0.006694129763130793
4 0.16632231404958678 0.46343975283213185 0.011707988980716254 0.012358393408856848
23 0.47796143250688705 0.005664263645726055 0.01584022038567493 0.007723995880535531
15 0.10640495867768596 0.46472708547888775 0.0440771349862259 0.038619979402677654
15 0.14256198347107438 0.47167868177136973 0.0440771349862259 0.036560247167868175
4 0.19008264462809918 0.4824922760041195 0.010330578512396695 0.01132852729145211
4 0.07885674931129477 0.46961894953656025 0.011707988980716254 0.012873326467559218
23 0.7988980716253443 0.6011843460350155 0.023415977961432508 0.009783728115345005
23 0.8161157024793388 0.6042739443872297 0.014462809917355372 0.007209062821833162
23 0.8302341597796143 0.6071060762100927 0.01790633608815427 0.007723995880535531
23 0.49345730027548207 0.010556127703398558 0.01721763085399449 0.008238928939237899
23 0.8285123966942148 0.6127703398558187 0.01859504132231405 0.007723995880535531
4 0.1115702479338843 0.48944387229660147 0.011707988980716254 0.013388259526261586
30 0.7517217630853994 0.6027291452111225 0.02203856749311295 0.016992790937178166
30 0.7689393939393939 0.606076210092688 0.023415977961432508 0.01905252317198764
30 0.8102617079889807 0.6148300720906282 0.01928374655647383 0.01596292481977343
23 0.5623278236914601 0.572605561277034 0.015151515151515152 0.007209062821833162
30 0.7926997245179064 0.6122554067971163 0.024104683195592287 0.017507723995880537
4 0.09745179063360881 0.4922760041194645 0.01790633608815427 0.007723995880535531
23 0.546831955922865 0.5700308959835222 0.014462809917355372 0.006694129763130793
4 0.8147382920110193 0.06694129763130793 0.008264462809917356 0.010813594232749742
4 0.03202479338842975 0.4868692070030896 0.01721763085399449 0.008238928939237899
23 0.5402892561983471 0.5751802265705458 0.01652892561983471 0.008238928939237899
23 0.7661845730027548 0.61740473738414 0.01584022038567493 0.007723995880535531
23 0.7510330578512396 0.614572605561277 0.01584022038567493 0.006694129763130793
23 0.5213498622589532 0.575437693099897 0.01721763085399449 0.008238928939237899
23 0.013429752066115703 0.4889289392378991 0.01859504132231405 0.009268795056642637
23 0.18491735537190082 0.5244593202883625 0.011707988980716254 0.01132852729145211
4 0.2165977961432507 0.5324407826982492 0.01790633608815427 0.007723995880535531
4 0.8350550964187328 0.649330587023687 0.01584022038567493 0.007209062821833162
23 0.8140495867768595 0.6477857878475798 0.009641873278236915 0.012358393408856848
23 0.8212809917355371 0.6495880535530381 0.010330578512396695 0.013903192584963954
23 0.011019283746556474 0.5133882595262615 0.01928374655647383 0.008238928939237899
4 0.47692837465564736 0.01184346035015448 0.01652892561983471 0.008238928939237899
23 0.008953168044077135 0.5200823892893924 0.01790633608815427 0.008238928939237899
7 0.3378099173553719 0.5772399588053553 0.39600550964187325 0.09680741503604531
23 0.6931818181818182 0.6390319258496395 0.008264462809917356 0.010298661174047374
4 0.7083333333333334 0.6421215242018538 0.011019283746556474 0.01184346035015448
23 0.7004132231404959 0.6408341915550978 0.010330578512396695 0.012358393408856848
23 0.7455234159779615 0.6506179196704428 0.011707988980716254 0.01184346035015448
23 0.506198347107438 0.018022657054582905 0.01721763085399449 0.007723995880535531
15 0.0943526170798898 0.5409371781668383 0.12327823691460055 0.10607621009268794
4 0.7042011019283747 0.6557672502574665 0.008953168044077135 0.01132852729145211
4 0.7758264462809917 0.6686405767250257 0.009641873278236915 0.01132852729145211
4 0.6349862258953168 0.6444387229660145 0.05165289256198347 0.037075180226570546
23 0.7679063360881543 0.6673532440782698 0.011707988980716254 0.013388259526261586
4 0.6825068870523416 0.6529351184346035 0.009641873278236915 0.012358393408856848
4 0.7413911845730028 0.6632337796086509 0.010330578512396695 0.01184346035015448
4 0.696969696969697 0.6560247167868177 0.010330578512396695 0.012873326467559218
4 0.6904269972451791 0.654994850669413 0.013085399449035813 0.014418125643666324
4 0.6742424242424242 0.65216271884655 0.011019283746556474 0.012358393408856848
4 0.8636363636363636 0.6959320288362513 0.009641873278236915 0.01184346035015448
4 0.008608815426997245 0.5491761071060762 0.01721763085399449 0.022142121524201853
4 0.038223140495867766 0.5556127703398558 0.010330578512396695 0.012358393408856848
23 0.7947658402203857 0.687178166838311 0.014462809917355372 0.007209062821833162
23 0.14703856749311295 0.5764675592173018 0.02203856749311295 0.009268795056642637
4 0.7923553719008265 0.6930998970133883 0.01790633608815427 0.008753861997940269
4 0.03477961432506887 0.5687435633367662 0.009641873278236915 0.01184346035015448
4 0.1380853994490358 0.5870236869207003 0.014462809917355372 0.007723995880535531
15 0.6036501377410468 0.6678681771369722 0.0640495867768595 0.03398558187435633
4 0.003443526170798898 0.5666838311019567 0.006887052341597796 0.02008238928939238
4 0.014807162534435262 0.5736354273944387 0.028925619834710745 0.024716786817713696
4 0.7882231404958677 0.7088053553038105 0.01584022038567493 0.007209062821833162
4 0.03168044077134986 0.5792996910401648 0.008953168044077135 0.01132852729145211
4 0.10571625344352617 0.5937178166838311 0.015151515151515152 0.007209062821833162
4 0.08333333333333333 0.5929454170957775 0.011019283746556474 0.012873326467559218
23 0.046831955922865015 0.5872811534500515 0.011019283746556474 0.013388259526261586
23 0.039600550964187325 0.5859938208032955 0.011019283746556474 0.014418125643666324
4 0.6267217630853994 0.694129763130793 0.01721763085399449 0.008753861997940269
23 0.6105371900826446 0.6918125643666323 0.01790633608815427 0.008753861997940269
4 0.7827134986225895 0.7242533470648815 0.01584022038567493 0.007209062821833162
4 0.5798898071625345 0.6897528321318228 0.04132231404958678 0.027806385169927908
7 0.31577134986225897 0.6457260556127703 0.3987603305785124 0.10092687950566426
15 0.7028236914600551 0.7173017507723995 0.17286501377410468 0.12615859938208032
23 0.6215564738292011 0.714984552008239 0.015151515151515152 0.006694129763130793
23 0.7803030303030303 0.7438208032955715 0.015151515151515152 0.008753861997940269
23 0.48519283746556474 0.023944387229660143 0.01652892561983471 0.008753861997940269
4 0.6160468319559229 0.7198764160659115 0.01790633608815427 0.008753861997940269
4 0.5950413223140496 0.7167868177136972 0.01652892561983471 0.008238928939237899
4 0.7737603305785123 0.7533470648815654 0.01652892561983471 0.007723995880535531
4 0.7727272727272727 0.7590113285272915 0.01721763085399449 0.008238928939237899
4 0.47520661157024796 0.7088053553038105 0.01721763085399449 0.010813594232749742
23 0.6136363636363636 0.7358393408856848 0.01584022038567493 0.007723995880535531
4 0.18801652892561985 0.6637487126673532 0.01721763085399449 0.008238928939237899
23 0.7710055096418733 0.7644181256436663 0.01584022038567493 0.007209062821833162
23 0.5006887052341598 0.028578784757981462 0.011019283746556474 0.01132852729145211
4 0.7830578512396694 0.7687950566426365 0.011707988980716254 0.012358393408856848
4 0.612603305785124 0.7420185375901133 0.014462809917355372 0.006694129763130793
23 0.7930440771349863 0.7731719876416066 0.014462809917355372 0.006179196704428424
23 0.7692837465564738 0.7700823892893924 0.01584022038567493 0.007209062821833162
23 0.7679063360881543 0.7744593202883625 0.015151515151515152 0.006694129763130793
4 0.6081267217630854 0.7474253347064882 0.01859504132231405 0.006694129763130793
23 0.7675619834710744 0.7798661174047374 0.01790633608815427 0.007209062821833162
4 0.7386363636363636 0.7826982492276005 0.01584022038567493 0.007209062821833162
4 0.7052341597796143 0.7811534500514933 0.011707988980716254 0.013903192584963954
4 0.696969696969697 0.7798661174047374 0.011707988980716254 0.01184346035015448
7 0.29476584022038566 0.7139546858908342 0.4049586776859504 0.10813594232749743
23 0.737603305785124 0.790422245108136 0.008953168044077135 0.009783728115345005
23 0.7296831955922864 0.7906797116374872 0.009641873278236915 0.013388259526261586
23 0.6973140495867769 0.790422245108136 0.01652892561983471 0.007209062821833162
23 0.7331267217630854 0.8027806385169928 0.011707988980716254 0.01132852729145211
23 0.7262396694214877 0.801750772399588 0.008953168044077135 0.01132852729145211
23 0.6952479338842975 0.7968589083419155 0.01721763085399449 0.008238928939237899
23 0.7165977961432507 0.805870236869207 0.011707988980716254 0.012873326467559218
23 0.3154269972451791 0.7381565396498455 0.008953168044077135 0.01132852729145211
4 0.3240358126721763 0.740216271884655 0.010330578512396695 0.012873326467559218
23 0.7479338842975206 0.8138516992790937 0.010330578512396695 0.013903192584963954
4 0.3071625344352617 0.7378990731204943 0.009641873278236915 0.010298661174047374
23 0.7276170798898072 0.811534500514933 0.015151515151515152 0.007209062821833162
23 0.003787878787878788 0.6879505664263645 0.007575757575757576 0.008238928939237899
23 0.002066115702479339 0.6936148300720907 0.004132231404958678 0.007209062821833162
4 0.22451790633608815 0.7350669412976313 0.05716253443526171 0.0345005149330587
23 0.5984848484848485 0.8012358393408857 0.012396694214876033 0.01184346035015448
4 0.640495867768595 0.8117919670442842 0.014462809917355372 0.008753861997940269
23 0.001721763085399449 0.701081359423275 0.003443526170798898 0.008753861997940269
23 0.6222451790633609 0.8097322348094748 0.02134986225895317 0.01132852729145211
4 0.3991046831955923 0.7770339855818743 0.01790633608815427 0.007723995880535531
4 0.3236914600550964 0.7644181256436663 0.01790633608815427 0.008238928939237899
4 0.005509641873278237 0.7255406797116375 0.011019283746556474 0.008238928939237899
4 0.01825068870523416 0.7281153450051493 0.01721763085399449 0.008238928939237899
23 0.03340220385674931 0.7312049433573635 0.01721763085399449 0.007723995880535531
23 0.7806473829201102 0.8612255406797117 0.011707988980716254 0.01184346035015448
7 0.275137741046832 0.779351184346035 0.4056473829201102 0.10453141091658084
23 0.46384297520661155 0.032955715756951595 0.01790633608815427 0.008753861997940269
23 0.5330578512396694 0.8375386199794027 0.01721763085399449 0.007723995880535531
23 0.5488980716253443 0.8403707518022657 0.01584022038567493 0.007209062821833162
4 0.8057851239669421 0.8877445932028837 0.009641873278236915 0.012358393408856848
4 0.6205234159779615 0.8578784757981462 0.011707988980716254 0.012358393408856848
23 0.5974517906336089 0.8571060762100927 0.011019283746556474 0.013388259526261586
4 0.6129476584022039 0.8599382080329557 0.009641873278236915 0.01184346035015448
23 0.6370523415977961 0.864572605561277 0.015151515151515152 0.007209062821833162
23 0.5912534435261708 0.8565911431513903 0.010330578512396695 0.013903192584963954
23 0.5509641873278237 0.8501544799176107 0.009641873278236915 0.01184346035015448
23 0.5158402203856749 0.8442327497425335 0.008264462809917356 0.01132852729145211
4 0.5241046831955923 0.8455200823892894 0.009641873278236915 0.01184346035015448
4 0.5382231404958677 0.8480947476828012 0.008264462809917356 0.010813594232749742
23 0.53133608815427 0.8468074150360453 0.011019283746556474 0.01132852729145211
4 0.5440771349862259 0.8496395468589083 0.008953168044077135 0.01184346035015448
23 0.7090220385674931 0.8779608650875386 0.015151515151515152 0.007723995880535531
4 0.5079201101928374 0.8432028836251287 0.011707988980716254 0.013388259526261586
23 0.6508264462809917 0.8679196704428425 0.014462809917355372 0.006179196704428424
23 0.6253443526170799 0.8650875386199794 0.010330578512396695 0.012873326467559218
4 0.05096418732782369 0.768022657054583 0.01928374655647383 0.009783728115345005
23 0.4273415977961432 0.02832131822863028 0.010330578512396695 0.012358393408856848
23 0.43388429752066116 0.029351184346035016 0.011019283746556474 0.01184346035015448
23 0.49931129476584024 0.8565911431513903 0.015151515151515152 0.008238928939237899
4 0.4986225895316804 0.861740473738414 0.015151515151515152 0.006694129763130793
23 0.48037190082644626 0.8586508753861998 0.01721763085399449 0.008238928939237899
23 0.6580578512396694 0.8898043254376931 0.01928374655647383 0.009268795056642637
23 0.6367079889807162 0.8861997940267765 0.01721763085399449 0.007723995880535531
4 0.4975895316804408 0.86740473738414 0.014462809917355372 0.006179196704428424
23 0.4800275482093664 0.8643151390319258 0.013774104683195593 0.006179196704428424
23 0.6349862258953168 0.8916065911431514 0.01721763085399449 0.008238928939237899
15 0.025137741046831957 0.7855303810504635 0.05027548209366391 0.1004119464469619
23 0.6332644628099173 0.899330587023687 0.01652892561983471 0.007723995880535531
23 0.6308539944903582 0.9047373841400618 0.015151515151515152 0.006694129763130793
15 0.5602617079889807 0.895211122554068 0.1418732782369146 0.08908341915550978
4 0.03856749311294766 0.8105046343975283 0.01584022038567493 0.007209062821833162
7 0.25413223140495866 0.8480947476828012 0.3973829201101928 0.10865087538619979
23 0.6298209366391184 0.9129763130792997 0.01721763085399449 0.007209062821833162
23 0.6270661157024794 0.9199279093717817 0.01652892561983471 0.007209062821833162
23 0.6256887052341598 0.9263645726055613 0.01652892561983471 0.007723995880535531
4 0.058195592286501376 0.833934088568486 0.01721763085399449 0.008238928939237899
4 0.1380853994490358 0.8529866117404737 0.01652892561983471 0.007209062821833162
23 0.05853994490358127 0.8398558187435633 0.01584022038567493 0.007723995880535531
23 0.12224517906336088 0.850669412976313 0.01652892561983471 0.007723995880535531
4 0.6201790633608816 0.9376930998970134 0.01721763085399449 0.007723995880535531
4 0.1356749311294766 0.8578784757981462 0.015151515151515152 0.006694129763130793
4 0.014118457300275482 0.8372811534500515 0.01721763085399449 0.007723995880535531
23 0.12086776859504132 0.8558187435633368 0.01584022038567493 0.006694129763130793
4 0.13429752066115702 0.8627703398558187 0.014462809917355372 0.006179196704428424
23 0.42803030303030304 0.913491246138002 0.01584022038567493 0.007209062821833162
23 0.11914600550964187 0.8612255406797117 0.01584022038567493 0.007209062821833162
23 0.5761019283746557 0.9402677651905252 0.009641873278236915 0.010298661174047374
4 0.7820247933884298 0.9757981462409887 0.010330578512396695 0.013388259526261586
4 0.5833333333333334 0.9418125643666323 0.009641873278236915 0.010298661174047374
23 0.6425619834710744 0.9521112255406797 0.010330578512396695 0.012873326467559218
4 0.5685261707988981 0.940010298661174 0.008953168044077135 0.01132852729145211
23 0.5334022038567493 0.9338311019567456 0.010330578512396695 0.013388259526261586
4 0.5609504132231405 0.9387229660144182 0.009641873278236915 0.01184346035015448
23 0.41356749311294766 0.9132337796086509 0.01790633608815427 0.008238928939237899
23 0.5984848484848485 0.9456745623069001 0.011707988980716254 0.013388259526261586
4 0.5912534435261708 0.9443872296601442 0.011707988980716254 0.01184346035015448
23 0.5265151515151515 0.9333161688980433 0.008953168044077135 0.01132852729145211
23 0.5199724517906336 0.9325437693099897 0.010330578512396695 0.012873326467559218
4 0.5130853994490359 0.931513903192585 0.009641873278236915 0.01132852729145211
4 0.13257575757575757 0.8684346035015448 0.01584022038567493 0.007209062821833162
23 0.11776859504132231 0.865859938208033 0.01584022038567493 0.007209062821833162
23 0.7489669421487604 0.9757981462409887 0.009641873278236915 0.01184346035015448
23 0.5795454545454546 0.9503089598352215 0.01652892561983471 0.007723995880535531
23 0.509641873278237 0.9397528321318228 0.014462809917355372 0.007723995880535531
4 0.03787878787878788 0.8594232749742533 0.01652892561983471 0.007723995880535531
23 0.5578512396694215 0.9508238928939238 0.008953168044077135 0.01132852729145211
23 0.42665289256198347 0.03759011328527292 0.01790633608815427 0.007209062821833162
23 0.5654269972451791 0.9521112255406797 0.008953168044077135 0.01132852729145211
23 0.5785123966942148 0.9559732234809475 0.01790633608815427 0.007209062821833162
4 0.03650137741046832 0.8722966014418125 0.01652892561983471 0.008238928939237899
4 0.734504132231405 0.9976828012358393 0.01584022038567493 0.003604531410916581
7 0.23450413223140495 0.9181256436663234 0.4049586776859504 0.10968074150360453
23 0.4424931129476584 0.04248197734294542 0.01584022038567493 0.007723995880535531
23 0.6673553719008265 0.994335736354274 0.011019283746556474 0.010298661174047374
23 0.4903581267217631 0.9660144181256437 0.010330578512396695 0.01132852729145211
4 0.003443526170798898 0.8815653964984552 0.006887052341597796 0.007209062821833162
23 0.4820936639118457 0.9652420185375901 0.011019283746556474 0.01184346035015448
4 0.6738980716253443 0.9974253347064882 0.010330578512396695 0.004119464469618949
4 0.0024104683195592287 0.8867147270854789 0.0048209366391184574 0.007209062821833162
4 0.002066115702479339 0.8918640576725025 0.004132231404958678 0.007209062821833162
23 0.4796831955922865 0.9757981462409887 0.009641873278236915 0.012358393408856848
23 0.4865702479338843 0.9781153450051493 0.011019283746556474 0.012358393408856848
23 0.5630165289256198 0.9945932028836252 0.010330578512396695 0.009783728115345005
23 0.556129476584022 0.994335736354274 0.007575757575757576 0.010298661174047374
4 0.008264462809917356 0.904994850669413 0.015151515151515152 0.006694129763130793
4 0.007231404958677686 0.9104016477857878 0.014462809917355372 0.007209062821833162
4 0.0065426997245179065 0.9158084449021627 0.013085399449035813 0.007723995880535531
4 0.006198347107438017 0.9201853759011328 0.012396694214876033 0.008238928939237899
23 0.3085399449035813 0.9732234809474768 0.015151515151515152 0.013388259526261586
4 0.005165289256198347 0.9250772399588053 0.010330578512396695 0.006694129763130793
23 0.2427685950413223 0.016477857878475798 0.012396694214876033 0.013388259526261586
23 0.2159090909090909 0.016477857878475798 0.01928374655647383 0.008753861997940269
23 0.6955922865013774 0.10247167868177137 0.01859504132231405 0.008238928939237899
23 0.6639118457300276 0.0970648815653965 0.01859504132231405 0.010813594232749742
23 0.6807851239669421 0.1004119464469619 0.013774104683195593 0.007209062821833162
23 0.212465564738292 0.023429454170957775 0.01859504132231405 0.007723995880535531
23 0.2393250688705234 0.028578784757981462 0.011019283746556474 0.013388259526261586
23 0.21143250688705234 0.028578784757981462 0.01790633608815427 0.007209062821833162
4 0.6639118457300276 0.12718846549948506 0.010330578512396695 0.01132852729145211
4 0.5320247933884298 0.15345005149330587 0.014462809917355372 0.018022657054582905
23 0.5034435261707989 0.154994850669413 0.01652892561983471 0.007723995880535531
23 0.5168732782369146 0.15731204943357363 0.015151515151515152 0.006694129763130793
4 0.24621212121212122 0.1199794026776519 0.009641873278236915 0.012873326467559218
4 0.2964876033057851 0.13079299691040164 0.012396694214876033 0.01596292481977343
15 0.26962809917355374 0.1315653964984552 0.05096418732782369 0.0427394438722966
4 0.24311294765840222 0.13053553038105045 0.009641873278236915 0.010298661174047374
4 0.40771349862258954 0.167610710607621 0.008264462809917356 0.009268795056642637
23 0.28856749311294766 0.148043254376931 0.013774104683195593 0.012358393408856848
23 0.2403581267217631 0.14392378990731206 0.013774104683195593 0.016477857878475798
23 0.27444903581267216 0.15679711637487126 0.024793388429752067 0.012358393408856848
4 0.4414600550964187 0.1907826982492276 0.011707988980716254 0.013388259526261586
4 0.4476584022038568 0.19284243048403707 0.010330578512396695 0.012873326467559218
23 0.27444903581267216 0.1678681771369722 0.011019283746556474 0.012358393408856848
23 0.43732782369146006 0.20108135942327499 0.01652892561983471 0.008238928939237899
4 0.4283746556473829 0.20545829042224512 0.01721763085399449 0.007723995880535531
30 0.24414600550964188 0.19052523171987643 0.07231404958677685 0.05818743563336766
7 0.9015151515151515 0.33135942327497425 0.19559228650137742 0.5288362512873327
7 0.8140495867768595 0.319773429454171 0.22865013774104684 0.5406797116374872
7 0.8619146005509641 0.3339340885684861 0.20798898071625344 0.547373841400618
23 0.2503443526170799 0.2255406797116375 0.01790633608815427 0.008238928939237899
30 0.21935261707988982 0.23970133882595263 0.048209366391184574 0.04943357363542739
30 0.7792699724517906 0.04145211122554068 0.06129476584022039 0.022142121524201853
23 0.15323691460055097 0.24948506694129763 0.01584022038567493 0.007209062821833162
4 0.1518595041322314 0.25437693099897013 0.01584022038567493 0.007209062821833162
4 0.16425619834710745 0.25720906282183315 0.010330578512396695 0.012358393408856848
23 0.956267217630854 0.4070545829042225 0.015151515151515152 0.007209062821833162
23 0.8212809917355371 0.04660144181256436 0.009641873278236915 0.009268795056642637
23 0.9555785123966942 0.41220391349124613 0.01584022038567493 0.007209062821833162
4 0.9545454545454546 0.41735324407826985 0.015151515151515152 0.006694129763130793
4 0.9528236914600551 0.4232749742533471 0.015151515151515152 0.007209062821833162
4 0.9511019283746557 0.4289392378990731 0.01721763085399449 0.007209062821833162