30 0.3770703933747412 0.48553459119496856 0.009316770186335404 0.011949685534591196
23 0.363871635610766 0.489937106918239 0.003105590062111801 0.009433962264150943
23 0.3579192546583851 0.49150943396226415 0.006211180124223602 0.013207547169811321
4 0.677536231884058 0.4449685534591195 0.007246376811594203 0.006289308176100629
4 0.7267080745341615 0.4377358490566038 0.003105590062111801 0.00880503144654088
4 0.6335403726708074 0.4578616352201258 0.004658385093167702 0.010062893081761006
4 0.6273291925465838 0.460062893081761 0.004658385093167702 0.011320754716981131
4 0.7461180124223602 0.44433962264150945 0.005693581780538302 0.0037735849056603774
23 0.4272774327122153 0.4930817610062893 0.010869565217391304 0.008176100628930818
4 0.2994306418219462 0.5122641509433963 0.033126293995859216 0.04465408805031446
23 0.36542443064182195 0.5044025157232704 0.007246376811594203 0.013207547169811321
4 0.3721532091097309 0.5031446540880503 0.006728778467908903 0.013207547169811321
4 0.09316770186335403 0.5449685534591195 0.03571428571428571 0.03962264150943396
23 0.35973084886128365 0.5056603773584906 0.004140786749482402 0.009433962264150943
4 0.463768115942029 0.49150943396226415 0.03881987577639751 0.0440251572327044
23 0.427536231884058 0.5006289308176101 0.010869565217391304 0.007547169811320755
23 0.4415113871635611 0.5056603773584906 0.011904761904761904 0.008176100628930818
23 0.4283126293995859 0.5081761006289308 0.011904761904761904 0.00880503144654088
4 0.6130952380952381 0.48867924528301887 0.005693581780538302 0.005660377358490566
23 0.4420289855072464 0.5150943396226415 0.011387163561076604 0.006918238993710692
23 0.42934782608695654 0.5176100628930818 0.011904761904761904 0.009433962264150943
15 0.37318840579710144 0.5289308176100629 0.022256728778467908 0.01761006289308176
23 0.44332298136645965 0.5229559748427673 0.011904761904761904 0.008176100628930818
23 0.4311594202898551 0.5261006289308177 0.011904761904761904 0.009433962264150943
4 0.22489648033126294 0.5638364779874214 0.013457556935817806 0.011320754716981131
4 0.15631469979296067 0.5761006289308176 0.013457556935817806 0.010691823899371069
23 0.5913561076604554 0.5116352201257862 0.008799171842650104 0.015723270440251572
4 0.5986024844720497 0.5113207547169811 0.007763975155279503 0.014465408805031447
4 0.5833333333333334 0.5141509433962265 0.0036231884057971015 0.009433962264150943
4 0.17727743271221533 0.5779874213836478 0.010869565217391304 0.00880503144654088
15 0.9935300207039337 0.45754716981132076 0.011904761904761904 0.03207547169811321
23 0.3610248447204969 0.5544025157232705 0.007246376811594203 0.015723270440251572
23 0.43193581780538304 0.5443396226415095 0.009316770186335404 0.006918238993710692
23 0.3869047619047619 0.5522012578616352 0.008281573498964804 0.014465408805031447
15 0.9363354037267081 0.47232704402515724 0.020703933747412008 0.018867924528301886
4 0.6079192546583851 0.5264150943396226 0.007763975155279503 0.012578616352201259
4 0.5714285714285714 0.5317610062893082 0.003105590062111801 0.008176100628930818
23 0.5802277432712215 0.5311320754716982 0.006211180124223602 0.013836477987421384
23 0.5659937888198758 0.5333333333333333 0.008281573498964804 0.01509433962264151
4 0.5859213250517599 0.530188679245283 0.008281573498964804 0.014465408805031447
4 0.6004140786749482 0.5279874213836478 0.008799171842650104 0.016981132075471698
4 0.9518633540372671 0.4776729559748428 0.0036231884057971015 0.00880503144654088
23 0.4337474120082816 0.5569182389937107 0.010869565217391304 0.009433962264150943
4 0.38975155279503104 0.5691823899371069 0.009316770186335404 0.005660377358490566
4 0.907608695652174 0.49245283018867925 0.004140786749482402 0.011949685534591196
23 0.4340062111801242 0.5644654088050315 0.010869565217391304 0.007547169811320755
23 0.3894927536231884 0.5767295597484277 0.011904761904761904 0.008176100628930818
23 0.578416149068323 0.5534591194968553 0.008281573498964804 0.005031446540880503
4 0.3900103519668737 0.5836477987421383 0.012422360248447204 0.008176100628930818
4 0.9873188405797102 0.49748427672955975 0.004658385093167702 0.007547169811320755
30 0.9966356107660456 0.4968553459119497 0.005693581780538302 0.013836477987421384
4 0.9083850931677019 0.5106918238993711 0.004140786749482402 0.007547169811320755
4 0.8203933747412008 0.5238993710691824 0.003105590062111801 0.008176100628930818
4 0.9756728778467909 0.5006289308176101 0.002070393374741201 0.007547169811320755
4 0.8493788819875776 0.520125786163522 0.003105590062111801 0.011320754716981131
4 0.8555900621118012 0.519811320754717 0.003105590062111801 0.008176100628930818
4 0.8623188405797102 0.5188679245283019 0.004140786749482402 0.00880503144654088
4 0.43995859213250516 0.5823899371069182 0.010869565217391304 0.007547169811320755
4 0.9202898550724637 0.5106918238993711 0.004140786749482402 0.010062893081761006
23 0.39026915113871635 0.590566037735849 0.011387163561076604 0.006918238993710692
4 0.8700828157349897 0.5188679245283019 0.005693581780538302 0.010691823899371069
23 0.4531573498964803 0.5874213836477987 0.013457556935817806 0.00880503144654088
23 0.582815734989648 0.570125786163522 0.003105590062111801 0.00880503144654088
23 0.5954968944099379 0.5682389937106919 0.0036231884057971015 0.008176100628930818
23 0.3910455486542443 0.5987421383647799 0.010351966873706004 0.006918238993710692
4 0.5892857142857143 0.5691823899371069 0.007246376811594203 0.01509433962264151
23 0.5755693581780539 0.5716981132075472 0.0036231884057971015 0.010062893081761006
23 0.5657349896480331 0.5732704402515724 0.007763975155279503 0.013207547169811321
23 0.5592650103519669 0.5748427672955975 0.008281573498964804 0.014465408805031447
23 0.5520186335403726 0.5757861635220126 0.007763975155279503 0.014465408805031447
4 0.7981366459627329 0.539937106918239 0.004140786749482402 0.011949685534591196
4 0.27665631469979296 0.6182389937106918 0.007246376811594203 0.013836477987421384
4 0.2525879917184265 0.6223270440251573 0.007246376811594203 0.014465408805031447
4 0.2593167701863354 0.6213836477987421 0.008799171842650104 0.016352201257861635
4 0.30201863354037267 0.6163522012578616 0.013975155279503106 0.0220125786163522
4 0.24663561076604554 0.6245283018867924 0.009316770186335404 0.016352201257861635
4 0.8051242236024845 0.5418238993710692 0.003105590062111801 0.010691823899371069
4 0.8154761904761905 0.540251572327044 0.0036231884057971015 0.007547169811320755
23 0.45367494824016563 0.5943396226415094 0.012939958592132506 0.008176100628930818
23 0.39337474120082816 0.6053459119496856 0.010351966873706004 0.006918238993710692
4 0.23576604554865424 0.6295597484276729 0.014492753623188406 0.0220125786163522
4 0.45393374741200826 0.6025157232704402 0.013975155279503106 0.010691823899371069
30 0.03390269151138716 0.6657232704402516 0.012422360248447204 0.013836477987421384
4 0.3936335403726708 0.6135220125786164 0.010869565217391304 0.008176100628930818
4 0.34937888198757766 0.620125786163522 0.007763975155279503 0.01509433962264151
4 0.36231884057971014 0.6182389937106918 0.006728778467908903 0.01761006289308176
4 0.35610766045548653 0.619182389937107 0.007246376811594203 0.015723270440251572
4 0.36853002070393376 0.6172955974842768 0.007763975155279503 0.016352201257861635
30 0.04891304347826087 0.6654088050314465 0.015527950310559006 0.02012578616352201
4 0.5838509316770186 0.5858490566037736 0.007246376811594203 0.014465408805031447
4 0.5910973084886129 0.5852201257861636 0.008281573498964804 0.015723270440251572
4 0.3079710144927536 0.6333333333333333 0.007246376811594203 0.013836477987421384
4 0.30150103519668736 0.6361635220125786 0.009316770186335404 0.016981132075471698
23 0.5023291925465838 0.6066037735849057 0.009834368530020704 0.00440251572327044
4 0.286231884057971 0.6389937106918239 0.008281573498964804 0.01509433962264151
23 0.2668219461697723 0.6424528301886793 0.007763975155279503 0.01761006289308176
4 0.5139751552795031 0.6081761006289308 0.008281573498964804 0.016352201257861635
15 0.09083850931677019 0.6720125786163522 0.07039337474120083 0.08553459119496855
23 0.5918737060041408 0.5977987421383648 0.0036231884057971015 0.00880503144654088
23 0.5851449275362319 0.5987421383647799 0.004658385093167702 0.009433962264150943
4 0.567287784679089 0.6034591194968554 0.032091097308488616 0.04150943396226415
23 0.5025879917184265 0.6141509433962264 0.006211180124223602 0.00440251572327044
30 0.036231884057971016 0.6852201257861635 0.015010351966873706 0.022641509433962263
30 0.05020703933747412 0.6830188679245283 0.015010351966873706 0.02012578616352201
4 0.36904761904761907 0.6430817610062893 0.006211180124223602 0.012578616352201259
4 0.36283643892339545 0.6446540880503144 0.007763975155279503 0.01509433962264151
4 0.3889751552795031 0.6440251572327044 0.036231884057971016 0.04339622641509434
4 0.593944099378882 0.6138364779874214 0.007763975155279503 0.013836477987421384
4 0.2375776397515528 0.6735849056603773 0.008799171842650104 0.005660377358490566
23 0.02355072463768116 0.7072327044025157 0.012422360248447204 0.006918238993710692
23 0.02458592132505176 0.7141509433962264 0.011387163561076604 0.006289308176100629
4 0.9865424430641822 0.5710691823899371 0.025879917184265012 0.0440251572327044
30 0.039337474120082816 0.7144654088050314 0.015527950310559006 0.01761006289308176
4 0.5729813664596274 0.6430817610062893 0.03674948240165631 0.03962264150943396
23 0.1162008281573499 0.7169811320754716 0.012939958592132506 0.010062893081761006
23 0.10093167701863354 0.719811320754717 0.011904761904761904 0.010062893081761006
23 0.05926501035196687 0.7267295597484277 0.010869565217391304 0.008176100628930818
4 0.08773291925465838 0.7229559748427673 0.015010351966873706 0.010691823899371069
30 0.041666666666666664 0.7330188679245283 0.013975155279503106 0.023270440251572325
23 0.19694616977225674 0.710691823899371 0.005693581780538302 0.00440251572327044
4 0.37370600414078675 0.6849056603773584 0.010351966873706004 0.005031446540880503
15 0.5113871635610766 0.6644654088050315 0.021221532091097308 0.026415094339622643
4 0.3574016563146998 0.6880503144654088 0.012939958592132506 0.006918238993710692
4 0.11568322981366459 0.7264150943396226 0.015010351966873706 0.011320754716981131
4 0.3599896480331263 0.6940251572327044 0.012422360248447204 0.00880503144654088
4 0.3734472049689441 0.6924528301886792 0.009316770186335404 0.007547169811320755
23 0.2370600414078675 0.7166666666666667 0.008281573498964804 0.005031446540880503
23 0.3612836438923395 0.7018867924528301 0.006728778467908903 0.0037735849056603774
23 0.37318840579710144 0.70062893081761 0.005175983436853002 0.0018867924528301887
4 0.9901656314699793 0.6084905660377359 0.018633540372670808 0.04591194968553459
4 0.4611801242236025 0.6927672955974843 0.028985507246376812 0.035849056603773584
4 0.8856107660455487 0.630188679245283 0.034161490683229816 0.038364779874213835
4 0.3615424430641822 0.7088050314465408 0.006211180124223602 0.0031446540880503146
23 0.3498964803312629 0.07264150943396226 0.005693581780538302 0.0025157232704402514
4 0.20186335403726707 0.7383647798742138 0.006728778467908903 0.00440251572327044
4 0.36076604554865427 0.7160377358490566 0.006728778467908903 0.0037735849056603774
4 0.36335403726708076 0.07044025157232704 0.009834368530020704 0.006918238993710692
23 0.286231884057971 0.08270440251572327 0.008799171842650104 0.005660377358490566
4 0.29865424430641824 0.08144654088050314 0.008799171842650104 0.006289308176100629
23 0.2324016563146998 0.7459119496855345 0.005175983436853002 0.0037735849056603774
4 0.9572981366459627 0.6490566037735849 0.0036231884057971015 0.007547169811320755
23 0.9448757763975155 0.6509433962264151 0.004658385093167702 0.011320754716981131
23 0.2349896480331263 0.7569182389937107 0.005693581780538302 0.0031446540880503146
23 0.8946687370600414 0.6591194968553459 0.002587991718426501 0.008176100628930818
4 0.531055900621118 0.7132075471698113 0.027432712215320912 0.033962264150943396
23 0.7976190476190477 0.6735849056603773 0.0036231884057971015 0.008176100628930818
23 0.9249482401656315 0.6547169811320754 0.0036231884057971015 0.00880503144654088
23 0.9019151138716356 0.6584905660377358 0.003105590062111801 0.00880503144654088
23 0.6907349896480331 0.690251572327044 0.003105590062111801 0.007547169811320755
23 0.8255693581780539 0.6707547169811321 0.004658385093167702 0.009433962264150943
4 0.9513457556935818 0.6518867924528302 0.005175983436853002 0.009433962264150943
23 0.7911490683229814 0.6757861635220126 0.004140786749482402 0.009433962264150943
23 0.7088509316770186 0.6886792452830188 0.002070393374741201 0.006289308176100629
23 0.6677018633540373 0.6949685534591195 0.0036231884057971015 0.00880503144654088
23 0.8188405797101449 0.6723270440251572 0.004140786749482402 0.010691823899371069
23 0.5835921325051759 0.7075471698113207 0.002070393374741201 0.007547169811320755
23 0.7016045548654244 0.689937106918239 0.003105590062111801 0.00880503144654088
23 0.6966873706004141 0.690566037735849 0.002587991718426501 0.009433962264150943
23 0.2220496894409938 0.7619496855345912 0.006728778467908903 0.0037735849056603774
23 0.6633022774327122 0.6962264150943396 0.002070393374741201 0.006918238993710692
23 0.6374223602484472 0.7 0.003105590062111801 0.008176100628930818
23 0.36594202898550726 0.7411949685534591 0.005693581780538302 0.00440251572327044
23 0.5887681159420289 0.7078616352201258 0.0036231884057971015 0.010062893081761006
23 0.5781573498964804 0.710062893081761 0.002070393374741201 0.007547169811320755
23 0.6423395445134575 0.70062893081761 0.003105590062111801 0.008176100628930818
23 0.7660455486542443 0.6820754716981132 0.002587991718426501 0.008176100628930818
23 0.7329192546583851 0.6883647798742139 0.002070393374741201 0.007547169811320755
23 0.727743271221532 0.689622641509434 0.002587991718426501 0.006918238993710692
23 0.7207556935817805 0.6915094339622642 0.002070393374741201 0.009433962264150943
23 0.23524844720496896 0.7638364779874214 0.005693581780538302 0.0031446540880503146
23 0.7150621118012422 0.6921383647798742 0.003105590062111801 0.009433962264150943
23 0.22230848861283645 0.7707547169811321 0.007763975155279503 0.005660377358490566
23 0.45445134575569357 0.7361635220125786 0.008281573498964804 0.005031446540880503
23 0.4684265010351967 0.7352201257861635 0.005175983436853002 0.0031446540880503146
23 0.23628364389233955 0.7707547169811321 0.005175983436853002 0.0031446540880503146
23 0.22179089026915114 0.7767295597484277 0.005175983436853002 0.0025157232704402514
23 0.4697204968944099 0.7415094339622641 0.006211180124223602 0.0031446540880503146
23 0.45419254658385094 0.7437106918238994 0.005175983436853002 0.0018867924528301887
23 0.23783643892339545 0.779874213836478 0.006211180124223602 0.00440251572327044
23 0.2225672877846791 0.7827044025157233 0.007763975155279503 0.00440251572327044
4 0.4699792960662526 0.7490566037735849 0.009316770186335404 0.005031446540880503
23 0.45703933747412007 0.7515723270440252 0.008281573498964804 0.005031446540880503
4 0.21169772256728778 0.09811320754716982 0.005693581780538302 0.013207547169811321
23 0.23783643892339545 0.7855345911949686 0.008281573498964804 0.006289308176100629
23 0.22386128364389235 0.7908805031446541 0.007763975155279503 0.005031446540880503
4 0.19875776397515527 0.1 0.004658385093167702 0.013207547169811321
4 0.20496894409937888 0.09968553459119497 0.005693581780538302 0.012578616352201259
4 0.2163561076604555 0.09811320754716982 0.005175983436853002 0.013207547169811321
4 0.05952380952380952 0.8166666666666667 0.003105590062111801 0.008176100628930818
23 0.08359213250517598 0.8128930817610063 0.003105590062111801 0.008176100628930818
23 0.09446169772256728 0.8119496855345912 0.005693581780538302 0.010062893081761006
4 0.08954451345755693 0.8135220125786163 0.005175983436853002 0.012578616352201259
4 0.4552277432712215 0.7594339622641509 0.005693581780538302 0.00440251572327044
23 0.47075569358178054 0.7584905660377359 0.007246376811594203 0.005031446540880503
23 0.2391304347826087 0.7937106918238994 0.007246376811594203 0.005031446540880503
23 0.3079710144927536 0.7833333333333333 0.003105590062111801 0.006918238993710692
4 0.31314699792960665 0.7833333333333333 0.0036231884057971015 0.008176100628930818
4 0.19280538302277433 0.10157232704402516 0.005693581780538302 0.012578616352201259
4 0.2287784679089027 0.09622641509433963 0.006211180124223602 0.014465408805031447
23 0.29632505175983437 0.7864779874213836 0.003105590062111801 0.00880503144654088
23 0.30201863354037267 0.7861635220125787 0.0036231884057971015 0.009433962264150943
4 0.21325051759834368 0.8 0.006211180124223602 0.0037735849056603774
23 0.2267080745341615 0.7987421383647799 0.007246376811594203 0.00440251572327044
4 0.18969979296066253 0.8047169811320755 0.026915113871635612 0.029559748427672956
4 0.019668737060041408 0.1279874213836478 0.0036231884057971015 0.009433962264150943
4 0.4715320910973085 0.7660377358490567 0.006211180124223602 0.0037735849056603774
23 0.3786231884057971 0.7805031446540881 0.004140786749482402 0.009433962264150943
23 0.3721532091097309 0.7820754716981132 0.002070393374741201 0.006289308176100629
23 0.23990683229813664 0.8018867924528302 0.006211180124223602 0.0037735849056603774
23 0.358695652173913 0.7845911949685535 0.004658385093167702 0.00880503144654088
23 0.36594202898550726 0.7836477987421384 0.0036231884057971015 0.009433962264150943
4 0.16356107660455488 0.8150943396226416 0.0036231884057971015 0.009433962264150943
4 0.032091097308488616 0.1270440251572327 0.004140786749482402 0.010691823899371069
23 0.025879917184265012 0.12767295597484277 0.0036231884057971015 0.00880503144654088
4 0.26216356107660455 0.8040880503144654 0.006728778467908903 0.011320754716981131
4 0.2412008281573499 0.8084905660377358 0.011904761904761904 0.005660377358490566
4 0.349120082815735 0.08018867924528301 0.007763975155279503 0.005660377358490566
4 0.4725672877846791 0.7745283018867924 0.007763975155279503 0.005660377358490566
4 0.07116977225672878 0.8383647798742139 0.024327122153209108 0.027044025157232705
23 0.28752587991718426 0.09056603773584905 0.008799171842650104 0.006289308176100629
4 0.22541407867494825 0.8223270440251572 0.010869565217391304 0.01509433962264151
23 0.3004658385093168 0.08867924528301886 0.006728778467908903 0.00440251572327044
23 0.20496894409937888 0.8367924528301887 0.006728778467908903 0.005031446540880503
23 0.2179089026915114 0.8349056603773585 0.005175983436853002 0.0031446540880503146
4 0.23110766045548653 0.8380503144654088 0.005175983436853002 0.010062893081761006
4 0.20626293995859213 0.8440251572327044 0.006728778467908903 0.005031446540880503
23 0.21972049689440995 0.8433962264150944 0.005175983436853002 0.0031446540880503146
4 0.2070393374741201 0.8515723270440252 0.004658385093167702 0.0031446540880503146
4 0.20833333333333334 0.8610062893081761 0.006211180124223602 0.0037735849056603774
23 0.30926501035196685 0.8584905660377359 0.013975155279503106 0.015723270440251572
23 0.20755693581780538 0.8820754716981132 0.004658385093167702 0.010062893081761006
4 0.07738095238095238 0.9097484276729559 0.027432712215320912 0.029559748427672956
4 0.36283643892339545 0.08584905660377358 0.009316770186335404 0.005660377358490566
23 0.30124223602484473 0.09559748427672957 0.007763975155279503 0.00440251572327044
4 0.19435817805383024 0.9176100628930818 0.011904761904761904 0.006289308176100629
4 0.13716356107660455 0.9286163522012578 0.016563146997929608 0.007547169811320755
4 0.17727743271221533 0.9238993710691824 0.015010351966873706 0.010691823899371069
4 0.08669772256728779 0.12955974842767295 0.008799171842650104 0.005031446540880503
4 0.05201863354037267 0.9430817610062893 0.007763975155279503 0.006918238993710692
4 0.19461697722567287 0.9257861635220126 0.008281573498964804 0.006289308176100629
4 0.1358695652173913 0.9364779874213837 0.007763975155279503 0.00440251572327044
4 0.9836956521739131 0.8232704402515724 0.007763975155279503 0.008176100628930818
23 0.20678053830227744 0.9424528301886792 0.005693581780538302 0.005031446540880503
4 0.12008281573498965 0.9622641509433962 0.005693581780538302 0.0037735849056603774
23 0.10817805383022774 0.9723270440251572 0.010869565217391304 0.023270440251572325
23 0.12163561076604555 0.970754716981132 0.006728778467908903 0.005031446540880503
4 0.5667701863354038 0.9075471698113208 0.035196687370600416 0.0389937106918239
23 0.1208592132505176 0.9786163522012579 0.006728778467908903 0.0031446540880503146
23 0.1224120082815735 0.9845911949685534 0.004658385093167702 0.0031446540880503146
4 0.9588509316770186 0.8616352201257862 0.006728778467908903 0.008176100628930818
4 0.8501552795031055 0.879245283018868 0.004658385093167702 0.009433962264150943
4 0.977743271221532 0.8610062893081761 0.005175983436853002 0.013836477987421384
4 0.9704968944099379 0.8619496855345912 0.005175983436853002 0.013207547169811321
4 0.9221014492753623 0.869182389937107 0.004658385093167702 0.00880503144654088
4 0.837991718426501 0.8817610062893082 0.007246376811594203 0.013836477987421384
4 0.9453933747412008 0.8663522012578616 0.004140786749482402 0.008176100628930818
4 0.984472049689441 0.8603773584905661 0.005693581780538302 0.016352201257861635
4 0.8755175983436853 0.8767295597484277 0.005175983436853002 0.010062893081761006
4 0.8071946169772257 0.8871069182389937 0.005175983436853002 0.00880503144654088
4 0.8980331262939959 0.8732704402515723 0.005175983436853002 0.009433962264150943
4 0.9094202898550725 0.8723270440251573 0.005175983436853002 0.00880503144654088
4 0.7295548654244306 0.8990566037735849 0.009834368530020704 0.018867924528301886
4 0.09316770186335403 0.9940251572327043 0.014492753623188406 0.00880503144654088
4 0.9350414078674948 0.8685534591194969 0.003105590062111801 0.00880503144654088
4 0.07919254658385093 0.9962264150943396 0.007246376811594203 0.006289308176100629
4 0.8863871635610766 0.8757861635220126 0.0036231884057971015 0.009433962264150943
4 0.782608695652174 0.8918238993710692 0.004140786749482402 0.007547169811320755
4 0.8268633540372671 0.8852201257861635 0.008799171842650104 0.013207547169811321
4 0.8623188405797102 0.879874213836478 0.007763975155279503 0.012578616352201259
4 0.7694099378881988 0.8946540880503144 0.0036231884057971015 0.01509433962264151
4 0.6953933747412008 0.9056603773584906 0.007763975155279503 0.016352201257861635
4 0.6583850931677019 0.9110062893081761 0.007246376811594203 0.013836477987421384
4 0.7168737060041408 0.9022012578616352 0.006728778467908903 0.013836477987421384
4 0.8134057971014492 0.8880503144654088 0.010351966873706004 0.013207547169811321
23 0.1229296066252588 0.990880503144654 0.004658385093167702 0.0025157232704402514
4 0.625 0.9160377358490566 0.006728778467908903 0.011949685534591196
4 0.6337991718426501 0.9154088050314465 0.009316770186335404 0.016352201257861635
4 0.6713250517598344 0.9097484276729559 0.008799171842650104 0.01761006289308176
4 0.6009316770186336 0.920125786163522 0.005693581780538302 0.015723270440251572
4 0.6123188405797102 0.9191823899371069 0.004658385093167702 0.013836477987421384
4 0.7062629399585921 0.9062893081761006 0.005175983436853002 0.016981132075471698
4 0.645703933747412 0.9154088050314465 0.008799171842650104 0.016981132075471698
4 0.1513975155279503 0.9937106918238994 0.008799171842650104 0.0037735849056603774
23 0.12422360248447205 0.9977987421383647 0.004658385093167702 0.0025157232704402514
4 0.7849378881987578 0.9088050314465409 0.018115942028985508 0.018867924528301886
23 0.3636128364389234 0.0959119496855346 0.005175983436853002 0.00440251572327044
23 0.3030538302277433 0.10534591194968554 0.006728778467908903 0.005660377358490566
4 0.7572463768115942 0.9147798742138364 0.03364389233954451 0.03773584905660377
4 0.7983954451345756 0.9084905660377358 0.004140786749482402 0.0037735849056603774
4 0.8553312629399586 0.9 0.008799171842650104 0.00440251572327044
4 0.9440993788819876 0.8905660377358491 0.03157349896480331 0.03647798742138365
23 0.35248447204968947 0.09811320754716982 0.008281573498964804 0.006289308176100629
4 0.9798136645962733 0.8915094339622641 0.03364389233954451 0.033962264150943396
30 0.8850931677018633 0.9141509433962264 0.009834368530020704 0.010062893081761006
23 0.4855072463768116 0.9754716981132076 0.008799171842650104 0.00440251572327044
4 0.7738095238095238 0.9349056603773584 0.010869565217391304 0.01509433962264151
4 0.8579192546583851 0.9245283018867925 0.013457556935817806 0.007547169811320755
30 0.7471532091097308 0.9427672955974843 0.006728778467908903 0.011949685534591196
23 0.7867494824016563 0.9380503144654088 0.005175983436853002 0.0031446540880503146
4 0.8002070393374742 0.9367924528301886 0.011387163561076604 0.008176100628930818
15 0.8294513457556936 0.930503144654088 0.031055900621118012 0.050314465408805034
4 0.7994306418219461 0.9452830188679245 0.007763975155279503 0.0031446540880503146
23 0.787008281573499 0.9468553459119496 0.005693581780538302 0.0031446540880503146
4 0.8584368530020704 0.9364779874213837 0.011387163561076604 0.00880503144654088
23 0.7474120082815735 0.9559748427672956 0.005175983436853002 0.0031446540880503146
4 0.7675983436853002 0.9553459119496855 0.019151138716356108 0.018238993710691823
23 0.7461180124223602 0.9638364779874213 0.006211180124223602 0.0025157232704402514
23 0.9829192546583851 0.9283018867924528 0.005693581780538302 0.006289308176100629
23 0.3677536231884058 0.10345911949685535 0.010869565217391304 0.006289308176100629
23 0.35429606625258797 0.10660377358490566 0.009316770186335404 0.005031446540880503
23 0.35196687370600416 0.11289308176100629 0.0036231884057971015 0.0025157232704402514
23 0.36645962732919257 0.11320754716981132 0.007246376811594203 0.0037735849056603774
4 0.260351966873706 0.13018867924528302 0.011904761904761904 0.008176100628930818
4 0.23395445134575568 0.13742138364779874 0.015527950310559006 0.020754716981132074
4 0.1539855072463768 0.15125786163522012 0.015527950310559006 0.009433962264150943
4 0.006987577639751553 0.17547169811320754 0.013975155279503106 0.007547169811320755
23 0.130175983436853 0.15786163522012578 0.007763975155279503 0.005660377358490566
4 0.2484472049689441 0.14088050314465408 0.012939958592132506 0.007547169811320755
4 0.26216356107660455 0.13930817610062893 0.011387163561076604 0.010062893081761006
4 0.1721014492753623 0.1540880503144654 0.015527950310559006 0.015723270440251572
4 0.8418737060041408 0.05471698113207547 0.006211180124223602 0.010691823899371069
23 0.006987577639751553 0.18270440251572326 0.007246376811594203 0.005031446540880503
4 0.24922360248447206 0.14842767295597484 0.010869565217391304 0.00880503144654088
4 0.2619047619047619 0.14654088050314465 0.011904761904761904 0.008176100628930818
4 0.13146997929606624 0.16729559748427672 0.007763975155279503 0.005031446540880503
23 0.008022774327122154 0.18930817610062894 0.006211180124223602 0.0031446540880503146
15 0.8281573498964804 0.06823899371069182 0.018633540372670808 0.02012578616352201
4 0.24974120082815734 0.15534591194968553 0.006211180124223602 0.0031446540880503146
4 0.26164596273291924 0.15471698113207547 0.007246376811594203 0.005031446540880503
4 0.18400621118012422 0.16886792452830188 0.018115942028985508 0.02012578616352201
15 0.07763975155279502 0.1852201257861635 0.09265010351966874 0.07421383647798742
23 0.008540372670807454 0.19748427672955976 0.004140786749482402 0.0031446540880503146
4 0.21972049689440995 0.1660377358490566 0.004140786749482402 0.010691823899371069
4 0.29011387163561075 0.15628930817610062 0.012422360248447204 0.009433962264150943
23 0.27665631469979296 0.1581761006289308 0.012422360248447204 0.00880503144654088
4 0.2386128364389234 0.16446540880503144 0.004658385093167702 0.010691823899371069
4 0.2515527950310559 0.16257861635220125 0.007246376811594203 0.005660377358490566
4 0.23214285714285715 0.16540880503144653 0.004140786749482402 0.009433962264150943
4 0.2629399585921325 0.1610062893081761 0.006728778467908903 0.0037735849056603774
4 0.22644927536231885 0.16635220125786163 0.003105590062111801 0.008176100628930818
4 0.21454451345755693 0.16886792452830188 0.008281573498964804 0.01761006289308176
4 0.20238095238095238 0.17044025157232703 0.008281573498964804 0.014465408805031447
23 0.20859213250517597 0.170125786163522 0.007763975155279503 0.016352201257861635
4 0.2639751552795031 0.16635220125786163 0.004658385093167702 0.0025157232704402514
23 0.010351966873706004 0.2050314465408805 0.007246376811594203 0.005660377358490566
4 0.13405797101449277 0.1871069182389937 0.013457556935817806 0.012578616352201259
4 0.29037267080745344 0.16446540880503144 0.011904761904761904 0.009433962264150943
23 0.2774327122153209 0.16635220125786163 0.012939958592132506 0.009433962264150943
4 0.25129399585921325 0.170125786163522 0.006728778467908903 0.0037735849056603774
4 0.9122670807453416 0.07484276729559748 0.004140786749482402 0.008176100628930818
30 0.8881987577639752 0.07893081761006289 0.008799171842650104 0.01509433962264151
4 0.8625776397515528 0.08333333333333333 0.004140786749482402 0.00880503144654088
23 0.011387163561076604 0.2110062893081761 0.007763975155279503 0.00440251572327044
4 0.843167701863354 0.0871069182389937 0.0036231884057971015 0.008176100628930818
4 0.8341097308488613 0.09025157232704402 0.007246376811594203 0.005031446540880503
23 0.23731884057971014 0.18238993710691823 0.006211180124223602 0.013207547169811321
23 0.2443064182194617 0.18270440251572326 0.006211180124223602 0.012578616352201259
23 0.23136645962732919 0.18459119496855345 0.004140786749482402 0.010062893081761006
23 0.011645962732919254 0.21918238993710693 0.007246376811594203 0.005031446540880503
4 0.906055900621118 0.09528301886792453 0.005175983436853002 0.010062893081761006
4 0.8517080745341615 0.10471698113207548 0.003105590062111801 0.007547169811320755
4 0.8325569358178054 0.10754716981132076 0.0036231884057971015 0.008176100628930818
4 0.8809523809523809 0.10031446540880504 0.0036231884057971015 0.008176100628930818
4 0.8449792960662525 0.10628930817610063 0.0036231884057971015 0.007547169811320755
4 0.8625776397515528 0.10377358490566038 0.003105590062111801 0.006289308176100629
4 0.8266045548654244 0.11037735849056604 0.002070393374741201 0.007547169811320755
23 0.011904761904761904 0.23176100628930818 0.006211180124223602 0.0037735849056603774
23 0.024327122153209108 0.23144654088050315 0.006211180124223602 0.0037735849056603774
23 0.013198757763975156 0.24056603773584906 0.007246376811594203 0.005031446540880503
23 0.02717391304347826 0.2389937106918239 0.006211180124223602 0.0037735849056603774
4 0.048654244306418216 0.23836477987421384 0.016563146997929608 0.02389937106918239
4 0.6876293995859213 0.14371069182389937 0.03571428571428571 0.048427672955974846
4 0.09187370600414078 0.23270440251572327 0.008281573498964804 0.016352201257861635
15 0.7864906832298136 0.13144654088050314 0.021221532091097308 0.01949685534591195
30 0.8592132505175983 0.12138364779874214 0.006728778467908903 0.00880503144654088
23 0.026397515527950312 0.24622641509433962 0.007246376811594203 0.0031446540880503146
30 0.8739648033126294 0.11981132075471698 0.007763975155279503 0.012578616352201259
30 0.8894927536231884 0.11823899371069183 0.008799171842650104 0.010691823899371069
30 0.9050207039337475 0.11635220125786164 0.009834368530020704 0.011949685534591196
4 0.8294513457556936 0.12830188679245283 0.0036231884057971015 0.00880503144654088
4 0.8480848861283644 0.12547169811320755 0.004658385093167702 0.011320754716981131
4 0.8214285714285714 0.13018867924528302 0.002587991718426501 0.00880503144654088
4 0.6327639751552795 0.1581761006289308 0.003105590062111801 0.007547169811320755
23 0.6262939958592133 0.1610062893081761 0.0036231884057971015 0.009433962264150943
4 0.8082298136645962 0.13459119496855346 0.003105590062111801 0.00880503144654088
23 0.82324016563147 0.14182389937106918 0.003105590062111801 0.010062893081761006
23 0.8299689440993789 0.14150943396226415 0.0036231884057971015 0.010062893081761006
30 0.9293478260869565 0.1311320754716981 0.010351966873706004 0.013207547169811321
4 0.7238612836438924 0.1619496855345912 0.032091097308488616 0.03647798742138365
4 0.9505693581780539 0.12861635220125786 0.0036231884057971015 0.010691823899371069
4 0.5885093167701864 0.18333333333333332 0.007246376811594203 0.005031446540880503
23 0.9425465838509317 0.13050314465408805 0.0036231884057971015 0.009433962264150943
23 0.817287784679089 0.15031446540880503 0.0036231884057971015 0.00880503144654088
4 0.8015010351966874 0.1540880503144654 0.004140786749482402 0.010062893081761006
23 0.8385093167701864 0.1490566037735849 0.004140786749482402 0.010691823899371069
23 0.8108178053830227 0.1531446540880503 0.002587991718426501 0.010691823899371069
23 0.8511904761904762 0.1471698113207547 0.0036231884057971015 0.008176100628930818
4 0.3879399585921325 0.21635220125786164 0.012939958592132506 0.010062893081761006
23 0.84472049689441 0.1481132075471698 0.0036231884057971015 0.009433962264150943
23 0.8579192546583851 0.14622641509433962 0.002587991718426501 0.007547169811320755
4 0.37370600414078675 0.21918238993710693 0.012422360248447204 0.010062893081761006
4 0.36024844720496896 0.2210691823899371 0.012939958592132506 0.009433962264150943
4 0.7836438923395446 0.15849056603773584 0.004140786749482402 0.010691823899371069
4 0.5874741200828157 0.1889937106918239 0.006728778467908903 0.00440251572327044
15 0.5690993788819876 0.19308176100628932 0.007763975155279503 0.01509433962264151
23 0.4161490683229814 0.21855345911949686 0.011904761904761904 0.008176100628930818
4 0.3610248447204969 0.2279874213836478 0.011387163561076604 0.008176100628930818
4 0.05848861283643892 0.2738993710691824 0.034161490683229816 0.050314465408805034
23 0.5892857142857143 0.19716981132075473 0.009316770186335404 0.005031446540880503
23 0.4174430641821946 0.22515723270440252 0.013457556935817806 0.00880503144654088
4 0.4298654244306418 0.22327044025157233 0.012939958592132506 0.00880503144654088
23 0.852743271221532 0.1610062893081761 0.003105590062111801 0.007547169811320755
23 0.847567287784679 0.16163522012578616 0.002070393374741201 0.007547169811320755
23 0.8589544513457557 0.16069182389937106 0.0036231884057971015 0.008176100628930818
23 0.9205486542443064 0.15157232704402515 0.0015527950310559005 0.008176100628930818
23 0.9497929606625258 0.1471698113207547 0.002587991718426501 0.008176100628930818
23 0.9451345755693582 0.14779874213836477 0.002070393374741201 0.00880503144654088
23 0.34834368530020704 0.23742138364779874 0.010351966873706004 0.008176100628930818
23 0.9396997929606625 0.14937106918238993 0.002070393374741201 0.00880503144654088
23 0.9549689440993789 0.14685534591194968 0.003105590062111801 0.008176100628930818
23 0.8188405797101449 0.16729559748427672 0.004140786749482402 0.009433962264150943
23 0.9272774327122153 0.15125786163522012 0.003105590062111801 0.00880503144654088
4 0.8271221532091098 0.16666666666666666 0.002587991718426501 0.009433962264150943
23 0.36180124223602483 0.23616352201257862 0.011904761904761904 0.00880503144654088
23 0.8123706004140787 0.16886792452830188 0.004140786749482402 0.00880503144654088
4 0.3364389233954451 0.239937106918239 0.007246376811594203 0.006289308176100629
23 0.931935817805383 0.1509433962264151 0.002070393374741201 0.008176100628930818
4 0.8333333333333334 0.16635220125786163 0.003105590062111801 0.009433962264150943
23 0.8405797101449275 0.1660377358490566 0.004140786749482402 0.00880503144654088
4 0.8048654244306418 0.17264150943396225 0.006211180124223602 0.016352201257861635
4 0.6925465838509317 0.19119496855345913 0.033126293995859216 0.04716981132075472
4 0.43167701863354035 0.23081761006289309 0.012939958592132506 0.008176100628930818
23 0.41821946169772256 0.23270440251572327 0.012939958592132506 0.009433962264150943
23 0.36231884057971014 0.2430817610062893 0.008799171842650104 0.00440251572327044
4 0.19901656314699792 0.2672955974842767 0.03778467908902691 0.050314465408805034
23 0.3501552795031056 0.2449685534591195 0.011387163561076604 0.00880503144654088
4 0.3364389233954451 0.2481132075471698 0.007246376811594203 0.005660377358490566
30 0.6195652173913043 0.20660377358490567 0.026915113871635612 0.03333333333333333
4 0.43245341614906835 0.23836477987421384 0.012939958592132506 0.00880503144654088
4 0.4195134575569358 0.2408805031446541 0.011387163561076604 0.008176100628930818
23 0.3620600414078675 0.24937106918238994 0.006728778467908903 0.0037735849056603774
23 0.35093167701863354 0.2522012578616352 0.007763975155279503 0.00440251572327044
4 0.33799171842650105 0.2540880503144654 0.004658385093167702 0.0031446540880503146
23 0.46557971014492755 0.2408805031446541 0.006728778467908903 0.00440251572327044
4 0.432712215320911 0.2459119496855346 0.007763975155279503 0.00440251572327044
23 0.42028985507246375 0.24842767295597484 0.011387163561076604 0.00880503144654088
15 0.3915631469979296 0.2537735849056604 0.025362318840579712 0.057232704402515724
4 0.1441511387163561 0.2921383647798742 0.008281573498964804 0.005660377358490566
30 0.5587474120082816 0.23081761006289309 0.025879917184265012 0.03647798742138365
23 0.5908385093167702 0.2279874213836478 0.005693581780538302 0.006289308176100629
23 0.421583850931677 0.25566037735849056 0.011904761904761904 0.010062893081761006
4 0.4340062111801242 0.2537735849056604 0.005693581780538302 0.0037735849056603774
4 0.364648033126294 0.2647798742138365 0.011387163561076604 0.00880503144654088
23 0.46195652173913043 0.25157232704402516 0.006728778467908903 0.00440251572327044
4 0.12732919254658384 0.3053459119496855 0.005175983436853002 0.005660377358490566
4 0.43452380952380953 0.260062893081761 0.0036231884057971015 0.0031446540880503146
4 0.4218426501035197 0.2638364779874214 0.009834368530020704 0.006289308176100629
23 0.35248447204968947 0.2742138364779874 0.006211180124223602 0.0037735849056603774
4 0.5191511387163561 0.25 0.039337474120082816 0.04025157232704402
4 0.34032091097308487 0.27735849056603773 0.007763975155279503 0.005660377358490566
4 0.463768115942029 0.25943396226415094 0.004658385093167702 0.0031446540880503146
4 0.43478260869565216 0.2682389937106918 0.006728778467908903 0.0037735849056603774
23 0.4231366459627329 0.270125786163522 0.013975155279503106 0.009433962264150943
23 0.5916149068322981 0.24559748427672956 0.008281573498964804 0.005660377358490566
23 0.6431159420289855 0.23962264150943396 0.004658385093167702 0.010062893081761006
4 0.35248447204968947 0.2830188679245283 0.009316770186335404 0.005031446540880503
4 0.34109730848861286 0.28553459119496855 0.006211180124223602 0.0025157232704402514
23 0.4365942028985507 0.2757861635220126 0.011904761904761904 0.008176100628930818
23 0.42339544513457555 0.2783018867924528 0.012939958592132506 0.00880503144654088
4 0.7028985507246377 0.23773584905660378 0.03364389233954451 0.04150943396226415
4 0.3408385093167702 0.2918238993710692 0.007246376811594203 0.006289308176100629
4 0.5579710144927537 0.25943396226415094 0.008799171842650104 0.006289308176100629
23 0.3527432712215321 0.29056603773584905 0.007763975155279503 0.005031446540880503
4 0.4246894409937888 0.2849056603773585 0.012422360248447204 0.007547169811320755
4 0.6436335403726708 0.25440251572327044 0.005693581780538302 0.010691823899371069
23 0.3530020703933747 0.29874213836477986 0.007763975155279503 0.005031446540880503
4 0.5949792960662525 0.2628930817610063 0.008799171842650104 0.005660377358490566
4 0.5590062111801242 0.2682389937106918 0.005693581780538302 0.0031446540880503146
15 0.5766045548654244 0.2660377358490566 0.007763975155279503 0.016352201257861635
4 0.08074534161490683 0.34591194968553457 0.008799171842650104 0.006289308176100629
4 0.1503623188405797 0.3374213836477987 0.007763975155279503 0.00440251572327044
4 0.5561594202898551 0.27735849056603773 0.007246376811594203 0.005031446540880503
4 0.4518633540372671 0.2930817610062893 0.012422360248447204 0.007547169811320755
23 0.4252070393374741 0.29748427672955974 0.013457556935817806 0.008176100628930818
23 0.43814699792960665 0.29559748427672955 0.011904761904761904 0.007547169811320755
23 0.4114906832298137 0.29968553459119496 0.009316770186335404 0.006289308176100629
4 0.08100414078674949 0.3534591194968553 0.006211180124223602 0.0025157232704402514
4 0.4384057971014493 0.3031446540880503 0.005693581780538302 0.0018867924528301887
4 0.4138198757763975 0.3069182389937107 0.008281573498964804 0.005031446540880503
4 0.42701863354037267 0.3050314465408805 0.005175983436853002 0.0031446540880503146
4 0.453416149068323 0.30157232704402515 0.011387163561076604 0.010691823899371069
23 0.15191511387163562 0.34654088050314463 0.006211180124223602 0.0037735849056603774
4 0.08022774327122154 0.360377358490566 0.005175983436853002 0.0031446540880503146
15 0.4831780538302277 0.30345911949685533 0.05124223602484472 0.08742138364779874
30 0.6265527950310559 0.2820754716981132 0.024327122153209108 0.03773584905660377
23 0.453416149068323 0.3078616352201258 0.004658385093167702 0.0037735849056603774
23 0.4396997929606625 0.31069182389937106 0.007763975155279503 0.00440251572327044
4 0.8105590062111802 0.25534591194968553 0.009834368530020704 0.006918238993710692
4 0.8687888198757764 0.24716981132075472 0.006728778467908903 0.00440251572327044
23 0.15113871635610765 0.3550314465408805 0.006728778467908903 0.00440251572327044
4 0.8514492753623188 0.2512578616352201 0.002070393374741201 0.006918238993710692
4 0.8299689440993789 0.2550314465408805 0.002587991718426501 0.006918238993710692
4 0.8237577639751553 0.2559748427672956 0.0036231884057971015 0.007547169811320755
4 0.8405797101449275 0.2540880503144654 0.002587991718426501 0.005660377358490566
4 0.8470496894409938 0.2537735849056604 0.004140786749482402 0.00880503144654088
4 0.8351449275362319 0.25534591194968553 0.0036231884057971015 0.007547169811320755
4 0.4409937888198758 0.31761006289308175 0.008799171842650104 0.006918238993710692
23 0.45445134575569357 0.31666666666666665 0.006211180124223602 0.0031446540880503146
4 0.1337991718426501 0.3650943396226415 0.006211180124223602 0.005031446540880503
30 0.5670289855072463 0.3012578616352201 0.024844720496894408 0.03207547169811321
4 0.06366459627329192 0.37704402515723273 0.007246376811594203 0.00440251572327044
4 0.8682712215320911 0.25754716981132075 0.008799171842650104 0.006289308176100629
4 0.812888198757764 0.2669811320754717 0.007763975155279503 0.005031446540880503
23 0.599120082815735 0.300314465408805 0.008281573498964804 0.006289308176100629
23 0.45393374741200826 0.32264150943396225 0.005693581780538302 0.0037735849056603774
23 0.4409937888198758 0.3251572327044025 0.006728778467908903 0.0037735849056603774
4 0.7119565217391305 0.2852201257861635 0.031055900621118012 0.033962264150943396
4 0.8553312629399586 0.2650943396226415 0.003105590062111801 0.006289308176100629
4 0.8369565217391305 0.2691823899371069 0.0036231884057971015 0.007547169811320755
4 0.8488612836438924 0.2679245283018868 0.002070393374741201 0.006918238993710692
4 0.8242753623188406 0.27169811320754716 0.003105590062111801 0.005660377358490566
4 0.8426501035196687 0.2688679245283019 0.003105590062111801 0.006918238993710692
4 0.8310041407867494 0.27138364779874213 0.0036231884057971015 0.00880503144654088
4 0.8110766045548654 0.2748427672955975 0.005693581780538302 0.0037735849056603774
4 0.8731884057971014 0.2669811320754717 0.004140786749482402 0.0031446540880503146
23 0.44073498964803315 0.3320754716981132 0.004140786749482402 0.0031446540880503146
23 0.45626293995859213 0.32987421383647797 0.010869565217391304 0.008176100628930818
23 0.36490683229813664 0.3452830188679245 0.012939958592132506 0.00880503144654088
4 0.8115942028985508 0.28176100628930817 0.003105590062111801 0.0031446540880503146
4 0.8739648033126294 0.27452830188679245 0.005693581780538302 0.0025157232704402514
23 0.44254658385093165 0.33867924528301885 0.005693581780538302 0.0031446540880503146
23 0.45678053830227744 0.33647798742138363 0.011387163561076604 0.006918238993710692
4 0.82324016563147 0.28270440251572326 0.004658385093167702 0.0025157232704402514
23 0.41796066252587993 0.34371069182389935 0.005693581780538302 0.0037735849056603774
4 0.4303830227743271 0.3424528301886792 0.008281573498964804 0.00440251572327044
23 0.3662008281573499 0.35283018867924526 0.011904761904761904 0.009433962264150943
4 0.6752070393374742 0.3078616352201258 0.007763975155279503 0.00440251572327044
4 0.8108178053830227 0.28836477987421383 0.005693581780538302 0.0037735849056603774
23 0.599120082815735 0.32044025157232703 0.010869565217391304 0.005660377358490566
23 0.45652173913043476 0.3430817610062893 0.004658385093167702 0.0037735849056603774
4 0.8762939958592133 0.28176100628930817 0.005693581780538302 0.0031446540880503146
23 0.4438405797101449 0.3462264150943396 0.006728778467908903 0.0037735849056603774
4 0.8240165631469979 0.2893081761006289 0.005693581780538302 0.0031446540880503146
23 0.4311594202898551 0.35 0.006728778467908903 0.00440251572327044
23 0.36801242236024845 0.36069182389937104 0.013457556935817806 0.00880503144654088
4 0.812111801242236 0.29559748427672955 0.005175983436853002 0.0025157232704402514
23 0.45678053830227744 0.35 0.005693581780538302 0.0018867924528301887
4 0.6765010351966874 0.3179245283018868 0.007246376811594203 0.005031446540880503
4 0.8760351966873706 0.28867924528301886 0.006728778467908903 0.0031446540880503146
4 0.4443581780538302 0.3531446540880503 0.007763975155279503 0.00440251572327044
4 0.8258281573498965 0.2968553459119497 0.005175983436853002 0.0031446540880503146
23 0.43245341614906835 0.35660377358490564 0.007763975155279503 0.005031446540880503
4 0.3682712215320911 0.3682389937106918 0.012939958592132506 0.00880503144654088
4 0.45781573498964806 0.3559748427672956 0.005175983436853002 0.00440251572327044
4 0.8144409937888198 0.3040880503144654 0.008281573498964804 0.0031446540880503146
4 0.5300207039337475 0.3471698113207547 0.03467908902691511 0.04905660377358491
15 0.5859213250517599 0.33962264150943394 0.009834368530020704 0.016352201257861635
4 0.8258281573498965 0.30377358490566037 0.005693581780538302 0.0031446540880503146
4 0.8778467908902692 0.2971698113207547 0.005693581780538302 0.0031446540880503146
4 0.36904761904761907 0.3745283018867924 0.012939958592132506 0.009433962264150943
4 0.6053312629399586 0.339937106918239 0.008799171842650104 0.008176100628930818
4 0.8141821946169773 0.31069182389937106 0.005175983436853002 0.0031446540880503146
4 0.652432712215321 0.33584905660377357 0.003105590062111801 0.010062893081761006
4 0.8770703933747412 0.30377358490566037 0.005693581780538302 0.0031446540880503146
7 0.11387163561076605 0.41949685534591197 0.06314699792960662 0.3584905660377358
4 0.7163561076604554 0.330188679245283 0.041407867494824016 0.04465408805031446
4 0.8532608695652174 0.310377358490566 0.003105590062111801 0.008176100628930818
4 0.828416149068323 0.3141509433962264 0.0036231884057971015 0.00880503144654088
23 0.3693064182194617 0.38333333333333336 0.010351966873706004 0.007547169811320755
4 0.8343685300207039 0.31446540880503143 0.005175983436853002 0.00880503144654088
4 0.8416149068322981 0.31352201257861634 0.002587991718426501 0.007547169811320755
4 0.8470496894409938 0.31257861635220124 0.002587991718426501 0.006918238993710692
23 0.6055900621118012 0.34874213836477985 0.008799171842650104 0.005031446540880503
4 0.8152173913043478 0.3172955974842767 0.006728778467908903 0.0037735849056603774
7 0.25491718426501037 0.4009433962264151 0.08229813664596274 0.3641509433962264
23 0.4140786749482402 0.3779874213836478 0.011904761904761904 0.010062893081761006
7 0.3222049689440994 0.39213836477987424 0.07298136645962733 0.3654088050314465
7 0.04218426501035197 0.4345911949685535 0.07298136645962733 0.3635220125786163
7 0.18219461697722567 0.41635220125786165 0.07142857142857142 0.3654088050314465
23 0.37060041407867494 0.389937106918239 0.012422360248447204 0.008176100628930818
4 0.8193581780538303 0.32672955974842766 0.009834368530020704 0.007547169811320755
4 0.41511387163561075 0.38836477987421386 0.007246376811594203 0.007547169811320755
4 0.8724120082815735 0.320125786163522 0.005175983436853002 0.010691823899371069
4 0.8806935817805382 0.31949685534591193 0.006211180124223602 0.013207547169811321
4 0.4415113871635611 0.3858490566037736 0.037267080745341616 0.04968553459119497
4 0.37111801242236025 0.3968553459119497 0.012939958592132506 0.010691823899371069
4 0.8548136645962733 0.32672955974842766 0.0036231884057971015 0.008176100628930818
4 0.849120082815735 0.3279874213836478 0.003105590062111801 0.007547169811320755
4 0.843167701863354 0.3289308176100629 0.003105590062111801 0.006918238993710692
4 0.8374741200828157 0.32987421383647797 0.004140786749482402 0.00880503144654088
4 0.8312629399585921 0.33081761006289306 0.004140786749482402 0.006918238993710692
30 0.6317287784679089 0.3632075471698113 0.024327122153209108 0.030817610062893082
4 0.8209109730848861 0.33553459119496853 0.008281573498964804 0.005660377358490566
30 0.5750517598343685 0.37484276729559746 0.024327122153209108 0.033962264150943396
23 0.4161490683229814 0.39842767295597487 0.006728778467908903 0.005031446540880503
23 0.416407867494824 0.4059748427672956 0.006728778467908903 0.0037735849056603774
4 0.37267080745341613 0.4157232704402516 0.010869565217391304 0.009433962264150943
23 0.6066252587991718 0.39339622641509436 0.010351966873706004 0.005031446540880503
4 0.7236024844720497 0.37924528301886795 0.03157349896480331 0.04339622641509434
4 0.375 0.4349056603773585 0.010869565217391304 0.008176100628930818
4 0.4189958592132505 0.43616352201257863 0.008281573498964804 0.006918238993710692
4 0.45160455486542445 0.4336477987421384 0.037267080745341616 0.04465408805031446
23 0.42028985507246375 0.4490566037735849 0.007763975155279503 0.0037735849056603774
4 0.37681159420289856 0.45628930817610064 0.010869565217391304 0.008176100628930818
23 0.4231366459627329 0.4569182389937107 0.007246376811594203 0.005660377358490566
23 0.3739648033126294 0.46949685534591196 0.003105590062111801 0.009433962264150943
4 0.37991718426501037 0.46855345911949686 0.006728778467908903 0.013207547169811321
4 0.4246894409937888 0.4657232704402516 0.006211180124223602 0.00440251572327044
4 0.6759834368530021 0.42924528301886794 0.008799171842650104 0.006918238993710692