15 0.38975155279503104 0.7791519434628975 0.036231884057971016 0.06537102473498234
15 0.5113871635610766 0.816696113074205 0.03674948240165631 0.06448763250883392
15 0.4699792960662526 0.8047703180212014 0.04089026915113872 0.06448763250883392
15 0.4283126293995859 0.7924028268551236 0.034161490683229816 0.06537102473498234
15 0.567287784679089 0.8361307420494699 0.03674948240165631 0.06537102473498234
15 0.24870600414078675 0.7402826855123675 0.024844720496894408 0.04858657243816254
4 0.10377846790890269 0.6974381625441696 0.012422360248447204 0.030035335689045935
15 0.2210144927536232 0.7336572438162544 0.026397515527950312 0.061837455830388695
15 0.18918219461697722 0.7257067137809188 0.029503105590062112 0.060954063604240286
15 0.730072463768116 0.8984098939929329 0.034161490683229816 0.05918727915194346
15 0.6881469979296067 0.8869257950530035 0.03571428571428571 0.060954063604240286
15 0.7857142857142857 0.9178445229681979 0.05020703933747412 0.06802120141342756
4 0.23731884057971014 0.7835689045936396 0.020186335403726708 0.030035335689045935
4 0.1343167701863354 0.752208480565371 0.009316770186335404 0.015901060070671377
4 0.3002070393374741 0.8065371024734982 0.012939958592132506 0.027385159010600707
15 0.3268633540372671 0.8219964664310954 0.051759834368530024 0.05830388692579505
4 0.7668219461697723 0.9606890459363958 0.016045548654244308 0.020318021201413426
4 0.1208592132505176 0.7813604240282686 0.008799171842650104 0.030035335689045935
4 0.2916666666666667 0.8515901060070671 0.021221532091097308 0.020318021201413426
15 0.15734989648033126 0.8113957597173145 0.06987577639751552 0.09717314487632508
4 0.10222567287784678 0.8303886925795053 0.015010351966873706 0.02120141342756184
15 0.1972049689440994 0.008392226148409895 0.033126293995859216 0.01678445229681979
30 0.47748447204968947 0.08789752650176678 0.018115942028985508 0.03180212014134275
23 0.35766045548654246 0.05167844522968198 0.010869565217391304 0.02561837455830389
23 0.39389233954451347 0.0627208480565371 0.010351966873706004 0.024734982332155476
23 0.44254658385093165 0.07818021201413428 0.009834368530020704 0.022968197879858657
23 0.45393374741200826 0.08171378091872791 0.009316770186335404 0.02561837455830389
23 0.4050207039337474 0.06669611307420495 0.010869565217391304 0.026501766784452298
23 0.34679089026915116 0.05035335689045936 0.009316770186335404 0.026501766784452298
23 0.5018115942028986 0.09673144876325088 0.008799171842650104 0.023851590106007067
23 0.49145962732919257 0.09452296819787986 0.010869565217391304 0.027385159010600707
15 0.28209109730848864 0.06051236749116608 0.031055900621118012 0.06625441696113074
15 0.30745341614906835 0.06978798586572438 0.027432712215320912 0.05918727915194346
30 0.3718944099378882 0.11174911660777385 0.019151138716356108 0.030918727915194347
30 0.34575569358178054 0.10468197879858657 0.022774327122153208 0.03268551236749117
30 0.39596273291925466 0.12234982332155477 0.019668737060041408 0.03356890459363958
15 0.5212215320910973 0.17181978798586572 0.027950310559006212 0.05653710247349823
15 0.4658385093167702 0.15503533568904593 0.03364389233954451 0.061837455830388695
15 0.5810041407867494 0.19346289752650175 0.026397515527950312 0.054770318021201414
15 0.4197722567287785 0.14664310954063603 0.028985507246376812 0.060954063604240286
4 0.6788302277432712 0.28003533568904593 0.026915113871635612 0.03356890459363958
4 0.2587991718426501 0.1691696113074205 0.020186335403726708 0.022084805653710248
4 0.25646997929606624 0.18109540636042404 0.015527950310559006 0.018551236749116608
30 0.6247412008281573 0.2999116607773852 0.03778467908902691 0.0812720848056537
23 0.22075569358178054 0.1855123674911661 0.016563146997929608 0.02120141342756184
15 0.7334368530020704 0.3423144876325088 0.027950310559006212 0.05653710247349823
23 0.21765010351966874 0.20141342756183744 0.014492753623188406 0.015901060070671377
4 0.9484989648033126 0.42226148409893993 0.012422360248447204 0.018551236749116608
4 0.9086438923395446 0.4112190812720848 0.010869565217391304 0.014134275618374558
4 0.8703416149068323 0.3997349823321555 0.012939958592132506 0.023851590106007067
30 0.6658902691511387 0.3454063604240283 0.017598343685300208 0.03445229681978799
23 0.46040372670807456 0.2879858657243816 0.008799171842650104 0.023851590106007067
23 0.42675983436853004 0.2787102473498233 0.010869565217391304 0.023851590106007067
23 0.4720496894409938 0.29328621908127206 0.010351966873706004 0.02561837455830389
23 0.5225155279503105 0.3083038869257951 0.009316770186335404 0.023851590106007067
23 0.4138198757763975 0.2756183745583039 0.007246376811594203 0.022968197879858657
23 0.5111283643892339 0.30609540636042404 0.009834368530020704 0.024734982332155476
4 0.598343685300207 0.3374558303886926 0.008799171842650104 0.023851590106007067
23 0.21583850931677018 0.2234982332155477 0.016563146997929608 0.020318021201413426
4 0.6454451345755694 0.3546819787985866 0.008281573498964804 0.020318021201413426
15 0.8977743271221532 0.43595406360424027 0.03260869565217391 0.04858657243816254
15 0.859472049689441 0.4253533568904594 0.03364389233954451 0.046819787985865724
15 0.6850414078674948 0.37279151943462896 0.027950310559006212 0.05918727915194346
15 0.9389233954451346 0.44920494699646646 0.032091097308488616 0.04770318021201413
15 0.2489648033126294 0.24425795053003532 0.057971014492753624 0.11925795053003534
23 0.2153209109730849 0.23851590106007067 0.016563146997929608 0.020318021201413426
30 0.6617494824016563 0.3838339222614841 0.019668737060041408 0.03268551236749117
15 0.7339544513457557 0.40724381625441697 0.029503105590062112 0.061837455830388695
4 0.8555900621118012 0.4624558303886926 0.023809523809523808 0.026501766784452298
4 0.9358178053830227 0.4876325088339223 0.020186335403726708 0.022084805653710248
4 0.8933747412008282 0.47659010600706714 0.019151138716356108 0.02561837455830389
23 0.14906832298136646 0.2588339222614841 0.012939958592132506 0.01678445229681979
23 0.16330227743271222 0.26325088339222613 0.007763975155279503 0.01678445229681979
4 0.6633022774327122 0.41475265017667845 0.023809523809523808 0.03356890459363958
23 0.17391304347826086 0.267226148409894 0.007763975155279503 0.01678445229681979
23 0.19642857142857142 0.2751766784452297 0.007246376811594203 0.015901060070671377
23 0.18555900621118013 0.27340989399293286 0.007246376811594203 0.018551236749116608
4 0.865424430641822 0.5185512367491166 0.010351966873706004 0.015017667844522967
4 0.6793478260869565 0.463339222614841 0.017598343685300208 0.0176678445229682
4 0.907608695652174 0.5331272084805654 0.010869565217391304 0.0176678445229682
30 0.651656314699793 0.4730565371024735 0.017598343685300208 0.037985865724381625
15 0.718167701863354 0.495583038869258 0.025879917184265012 0.05742049469964664
15 0.8835403726708074 0.5463780918727915 0.037267080745341616 0.06537102473498234
30 0.6488095238095238 0.5106007067137809 0.018115942028985508 0.03445229681978799
4 0.6713250517598344 0.5353356890459364 0.011387163561076604 0.014134275618374558
23 0.14078674948240166 0.3758833922261484 0.007763975155279503 0.023851590106007067
23 0.17546583850931677 0.38604240282685515 0.006211180124223602 0.0176678445229682
23 0.19927536231884058 0.39443462897526504 0.005693581780538302 0.015901060070671377
23 0.08281573498964803 0.36086572438162545 0.006728778467908903 0.01678445229681979
23 0.07272256728778467 0.357773851590106 0.006728778467908903 0.01678445229681979
23 0.14855072463768115 0.38074204946996465 0.007246376811594203 0.022084805653710248
23 0.1291407867494824 0.375 0.008799171842650104 0.02561837455830389
23 0.09912008281573499 0.3657243816254417 0.007246376811594203 0.0176678445229682
23 0.1695134575569358 0.3878091872791519 0.006211180124223602 0.015901060070671377
23 0.18374741200828157 0.392226148409894 0.007246376811594203 0.01678445229681979
23 0.1622670807453416 0.38560070671378094 0.007763975155279503 0.020318021201413426
23 0.1555383022774327 0.3838339222614841 0.007246376811594203 0.020318021201413426
23 0.2054865424430642 0.3997349823321555 0.005693581780538302 0.01678445229681979
4 0.6519151138716356 0.5401943462897526 0.023291925465838508 0.029151943462897525
4 0.7176501035196687 0.5609540636042403 0.018633540372670808 0.04063604240282685
4 0.7049689440993789 0.5618374558303887 0.009834368530020704 0.02561837455830389
4 0.6868530020703933 0.5697879858657244 0.018115942028985508 0.03356890459363958
4 0.7360248447204969 0.5909893992932862 0.020186335403726708 0.03268551236749117
4 0.6718426501035196 0.5715547703180212 0.008799171842650104 0.022084805653710248
4 0.724120082815735 0.5936395759717314 0.008281573498964804 0.022968197879858657
4 0.6485507246376812 0.5742049469964664 0.025879917184265012 0.03268551236749117
4 0.6627846790890269 0.5936395759717314 0.007763975155279503 0.019434628975265017
4 0.6845238095238095 0.605565371024735 0.018633540372670808 0.036219081272084806
4 0.7329192546583851 0.6276501766784452 0.017080745341614908 0.037985865724381625
4 0.755175983436853 0.6360424028268551 0.019668737060041408 0.0353356890459364
4 0.7199792960662525 0.6289752650176679 0.009834368530020704 0.022968197879858657
4 0.7424948240165632 0.6364840989399293 0.009316770186335404 0.019434628975265017
30 0.23136645962732919 0.5017667844522968 0.018633540372670808 0.03268551236749117
4 0.652432712215321 0.6311837455830389 0.021739130434782608 0.04063604240282685
4 0.44901656314699795 0.5706713780918727 0.010869565217391304 0.022084805653710248
4 0.640527950310559 0.6294169611307421 0.010351966873706004 0.02561837455830389
4 0.39285714285714285 0.5600706713780919 0.008799171842650104 0.015901060070671377
4 0.6948757763975155 0.6545936395759717 0.009316770186335404 0.023851590106007067
4 0.7075569358178054 0.659452296819788 0.017598343685300208 0.037102473498233215
15 0.4107142857142857 0.5746466431095406 0.036231884057971016 0.060954063604240286
15 0.6733954451345756 0.6590106007067138 0.040372670807453416 0.0803886925795053
30 0.2267080745341615 0.5353356890459364 0.020703933747412008 0.030918727915194347
4 0.23809523809523808 0.5424028268551236 0.013975155279503106 0.030035335689045935
4 0.724896480331263 0.6934628975265018 0.008799171842650104 0.029151943462897525
4 0.6928053830227743 0.6881625441696113 0.010869565217391304 0.02561837455830389
4 0.7041925465838509 0.691696113074205 0.021221532091097308 0.0353356890459364
15 0.7458592132505176 0.7093639575971732 0.04503105590062112 0.06537102473498234
15 0.8020186335403726 0.7318904593639576 0.04606625258799172 0.0636042402826855
4 0.386128364389234 0.6157243816254417 0.007246376811594203 0.019434628975265017
30 0.24456521739130435 0.575530035335689 0.018633540372670808 0.03180212014134275
15 0.40398550724637683 0.6351590106007067 0.03364389233954451 0.05742049469964664
15 0.29218426501035194 0.6095406360424028 0.030538302277432712 0.060954063604240286
4 0.6366459627329193 0.7142226148409894 0.016045548654244308 0.020318021201413426
4 0.25854037267080743 0.6095406360424028 0.015010351966873706 0.028268551236749116
30 0.24249482401656314 0.6064487632508834 0.018633540372670808 0.03268551236749117
4 0.4272774327122153 0.6638692579505301 0.005693581780538302 0.015017667844522967
4 0.7795031055900621 0.7959363957597173 0.011387163561076604 0.027385159010600707
4 0.5012939958592133 0.715547703180212 0.010869565217391304 0.023851590106007067
4 0.4583333333333333 0.7053886925795053 0.011904761904761904 0.019434628975265017
4 0.37914078674948243 0.6824204946996466 0.007763975155279503 0.018551236749116608
15 0.39880952380952384 0.7009717314487632 0.03260869565217391 0.0636042402826855
15 0.5196687370600414 0.7371908127208481 0.036231884057971016 0.0636042402826855
15 0.740424430641822 0.803886925795053 0.03467908902691511 0.06007067137809187
4 0.8819875776397516 0.8462897526501767 0.008799171842650104 0.026501766784452298
15 0.4767080745341615 0.7252650176678446 0.030538302277432712 0.05653710247349823
15 0.6984989648033126 0.7919611307420494 0.03674948240165631 0.0627208480565371
15 0.4358178053830228 0.7128975265017667 0.03571428571428571 0.06537102473498234
15 0.28545548654244307 0.6687279151943463 0.025362318840579712 0.06007067137809187
4 0.2401656314699793 0.659452296819788 0.011387163561076604 0.027385159010600707
4 0.21997929606625258 0.6563604240282686 0.010351966873706004 0.02120141342756184
15 0.7934782608695652 0.8440812720848057 0.04917184265010352 0.061837455830388695
15 0.19487577639751552 0.6647526501766784 0.030538302277432712 0.0636042402826855
15 0.8488612836438924 0.8635159010600707 0.06055900621118013 0.10159010600706714
15 0.917184265010352 0.883833922261484 0.059006211180124224 0.10070671378091872
4 0.7600931677018633 0.8365724381625441 0.010351966873706004 0.022968197879858657
4 0.7155797101449275 0.8250883392226148 0.010869565217391304 0.022084805653710248
4 0.26009316770186336 0.6952296819787986 0.011387163561076604 0.026501766784452298
4 0.26578674948240166 0.7217314487632509 0.010869565217391304 0.02561837455830389
4 0.37163561076604557 0.7601590106007067 0.009834368530020704 0.022968197879858657
4 0.5478778467908902 0.8140459363957597 0.010869565217391304 0.022968197879858657
4 0.4919772256728778 0.7972614840989399 0.008281573498964804 0.019434628975265017
15 0.23990683229813664 0.7221731448763251 0.008281573498964804 0.02120141342756184
4 0.4503105590062112 0.786660777385159 0.009834368530020704 0.02561837455830389
4 0.6721014492753623 0.8542402826855123 0.009316770186335404 0.02120141342756184
4 0.7132505175983437 0.8674911660777385 0.009316770186335404 0.02120141342756184
4 0.4114906832298137 0.7765017667844523 0.008799171842650104 0.023851590106007067
15 0.2833850931677019 0.7389575971731449 0.034161490683229816 0.0627208480565371
15 0.3341097308488613 0.7570671378091873 0.051759834368530024 0.0636042402826855