15 0.41875 0.8428063943161634 0.03125 0.05772646536412078
15 0.5432291666666667 0.8436944937833037 0.03177083333333333 0.05595026642984014
15 0.5010416666666667 0.844582593250444 0.0359375 0.055062166962699825
15 0.4583333333333333 0.844582593250444 0.029166666666666667 0.05772646536412078
15 0.6005208333333333 0.8463587921847247 0.03177083333333333 0.056838365896980464
15 0.275 0.8463587921847247 0.020833333333333332 0.043516873889875664
4 0.12708333333333333 0.8472468916518651 0.009895833333333333 0.027531083481349913
15 0.246875 0.8481349911190054 0.020833333333333332 0.056838365896980464
15 0.21458333333333332 0.849911190053286 0.024479166666666666 0.055062166962699825
15 0.7682291666666666 0.8596802841918295 0.0296875 0.05150976909413854
15 0.7255208333333333 0.8605683836589698 0.03125 0.052397868561278864
15 0.8255208333333334 0.8623445825932504 0.0453125 0.05595026642984014
4 0.2682291666666667 0.8925399644760214 0.018229166666666668 0.02486678507992895
4 0.16302083333333334 0.8925399644760214 0.008333333333333333 0.013321492007104795
4 0.3328125 0.8969804618117229 0.010416666666666666 0.02486678507992895
15 0.3609375 0.9040852575488455 0.0484375 0.0452930728241563
4 0.8109375 0.9103019538188277 0.014583333333333334 0.015985790408525755
4 0.15260416666666668 0.9253996447602132 0.00625 0.028419182948490232
4 0.32916666666666666 0.9440497335701599 0.0203125 0.014209591474245116
15 0.19166666666666668 0.9440497335701599 0.06302083333333333 0.07992895204262877
4 0.1390625 0.9795737122557726 0.013541666666666667 0.017761989342806393
23 0.1265625 0.11367673179396093 0.009375 0.023978685612788632
23 0.08489583333333334 0.11367673179396093 0.0046875 0.018650088809946713
23 0.09947916666666666 0.11545293072824156 0.005208333333333333 0.015097690941385435
23 0.0484375 0.11634103019538189 0.005729166666666666 0.021314387211367674
23 0.07135416666666666 0.11634103019538189 0.00625 0.020426287744227355
23 0.09375 0.11634103019538189 0.00625 0.018650088809946713
23 0.115625 0.1172291296625222 0.011458333333333333 0.02575488454706927
23 0.10625 0.11811722912966252 0.00625 0.019538188277087035
23 0.059895833333333336 0.11811722912966252 0.0067708333333333336 0.021314387211367674
23 0.07760416666666667 0.11900532859680284 0.005208333333333333 0.021314387211367674
15 0.14739583333333334 0.1216696269982238 0.029166666666666667 0.03907637655417407
30 0.4348958333333333 0.13232682060390763 0.015625 0.027531083481349913
23 0.3125 0.13232682060390763 0.008854166666666666 0.023090586145648313
23 0.3494791666666667 0.13232682060390763 0.008333333333333333 0.023090586145648313
23 0.39947916666666666 0.13321492007104796 0.0078125 0.021314387211367674
23 0.4109375 0.13321492007104796 0.007291666666666667 0.023978685612788632
23 0.3609375 0.13321492007104796 0.008854166666666666 0.023978685612788632
23 0.3015625 0.1341030195381883 0.0067708333333333336 0.02486678507992895
23 0.45989583333333334 0.1341030195381883 0.0067708333333333336 0.022202486678507993
23 0.44947916666666665 0.1349911190053286 0.008333333333333333 0.02575488454706927
15 0.23854166666666668 0.16341030195381884 0.025520833333333333 0.06039076376554174
15 0.26458333333333334 0.16518650088809947 0.022395833333333334 0.05328596802841918
30 0.3328125 0.18738898756660746 0.016666666666666666 0.02664298401420959
30 0.30625 0.1882770870337478 0.0203125 0.027531083481349913
30 0.3578125 0.19094138543516873 0.0171875 0.02930728241563055
15 0.4869791666666667 0.2024866785079929 0.0234375 0.050621669626998225
15 0.43020833333333336 0.2024866785079929 0.028645833333333332 0.0541740674955595
15 0.5484375 0.20603907637655416 0.021875 0.0497335701598579
15 0.38385416666666666 0.20781527531083482 0.023958333333333335 0.055062166962699825
4 0.6541666666666667 0.26287744227353466 0.025 0.02664298401420959
4 0.2265625 0.27797513321492007 0.01875 0.016873889875666074
4 0.22552083333333334 0.29040852575488457 0.014583333333333334 0.014209591474245116
30 0.6026041666666667 0.2984014209591474 0.030729166666666665 0.07371225577264653
23 0.190625 0.30550621669627 0.015104166666666667 0.016873889875666074
15 0.7145833333333333 0.30817051509769094 0.0234375 0.050621669626998225
23 0.1890625 0.32238010657193605 0.013541666666666667 0.012433392539964476
4 0.9359375 0.32326820603907636 0.0109375 0.015985790408525755
4 0.8953125 0.3241563055062167 0.009895833333333333 0.011545293072824156
4 0.85625 0.3241563055062167 0.0109375 0.021314387211367674
30 0.6479166666666667 0.33126110124333924 0.014583333333333334 0.03108348134991119
23 0.43854166666666666 0.33570159857904086 0.0067708333333333336 0.022202486678507993
23 0.4041666666666667 0.33658969804618116 0.008854166666666666 0.021314387211367674
23 0.4505208333333333 0.33747779751332146 0.008333333333333333 0.023978685612788632
23 0.5020833333333333 0.33747779751332146 0.007291666666666667 0.022202486678507993
23 0.39114583333333336 0.33747779751332146 0.005208333333333333 0.022202486678507993
23 0.490625 0.3383658969804618 0.0078125 0.023090586145648313
4 0.5802083333333333 0.34369449378330375 0.0067708333333333336 0.022202486678507993
23 0.18958333333333333 0.34458259325044405 0.015104166666666667 0.015985790408525755
4 0.6286458333333333 0.3463587921847247 0.0067708333333333336 0.018650088809946713
15 0.8869791666666667 0.35168738898756663 0.029166666666666667 0.04085257548845471
15 0.8479166666666667 0.35257548845470693 0.030208333333333334 0.03907637655417407
15 0.6697916666666667 0.35257548845470693 0.022916666666666665 0.05328596802841918
15 0.9291666666666667 0.35257548845470693 0.028645833333333332 0.03996447602131439
15 0.22447916666666667 0.3552397868561279 0.04791666666666667 0.10746003552397869
23 0.190625 0.35968028419182946 0.015104166666666667 0.015985790408525755
30 0.6479166666666667 0.3703374777975133 0.0171875 0.028419182948490232
15 0.721875 0.37211367673179396 0.024479166666666666 0.05595026642984014
4 0.8479166666666667 0.3907637655417407 0.022395833333333334 0.020426287744227355
4 0.9302083333333333 0.391651865008881 0.01875 0.016873889875666074
4 0.8869791666666667 0.39342806394316165 0.017708333333333333 0.020426287744227355
23 0.12708333333333333 0.3996447602131439 0.011979166666666667 0.013321492007104795
23 0.14166666666666666 0.3996447602131439 0.00625 0.015097690941385435
4 0.6526041666666667 0.4005328596802842 0.021354166666666667 0.027531083481349913
23 0.15260416666666668 0.4005328596802842 0.00625 0.015097690941385435
23 0.17552083333333332 0.40142095914742454 0.005729166666666666 0.014209591474245116
23 0.16458333333333333 0.40319715808170514 0.005729166666666666 0.016873889875666074
4 0.8635416666666667 0.44316163410301956 0.009375 0.012433392539964476
4 0.6734375 0.44404973357015987 0.016666666666666666 0.013321492007104795
4 0.9067708333333333 0.44493783303730017 0.009375 0.015097690941385435
30 0.646875 0.46181172291296624 0.014583333333333334 0.03463587921847247
15 0.7151041666666667 0.4644760213143872 0.020833333333333332 0.052397868561278864
15 0.884375 0.46536412078152756 0.03229166666666667 0.056838365896980464
30 0.6479166666666667 0.5 0.015625 0.03019538188277087
4 0.6729166666666667 0.5177619893428064 0.010416666666666666 0.011545293072824156
23 0.13072916666666667 0.5177619893428064 0.005729166666666666 0.022202486678507993
23 0.16614583333333333 0.5177619893428064 0.0046875 0.016873889875666074
23 0.190625 0.5186500888099467 0.004166666666666667 0.015097690941385435
23 0.071875 0.5204262877442274 0.005208333333333333 0.015985790408525755
23 0.06145833333333333 0.5204262877442274 0.005208333333333333 0.015985790408525755
23 0.1390625 0.5204262877442274 0.005208333333333333 0.021314387211367674
23 0.11927083333333334 0.5204262877442274 0.0067708333333333336 0.023978685612788632
23 0.08854166666666667 0.5204262877442274 0.005729166666666666 0.015985790408525755
23 0.16041666666666668 0.5213143872113677 0.0046875 0.015097690941385435
23 0.175 0.5213143872113677 0.005729166666666666 0.015097690941385435
23 0.153125 0.5213143872113677 0.00625 0.018650088809946713
23 0.14635416666666667 0.5213143872113677 0.005208333333333333 0.019538188277087035
23 0.19739583333333333 0.522202486678508 0.004166666666666667 0.015985790408525755
4 0.6541666666666667 0.5284191829484902 0.021354166666666667 0.023090586145648313
4 0.7213541666666666 0.5293072824156305 0.015104166666666667 0.037300177619893425
4 0.7088541666666667 0.5337477797513321 0.0078125 0.023978685612788632
4 0.6916666666666667 0.5470692717584369 0.015625 0.02930728241563055
4 0.7427083333333333 0.5532859680284192 0.017708333333333333 0.028419182948490232
4 0.6770833333333334 0.5532859680284192 0.0067708333333333336 0.020426287744227355
4 0.73125 0.5595026642984015 0.00625 0.021314387211367674
4 0.6541666666666667 0.5630550621669627 0.0234375 0.02664298401420959
4 0.6703125 0.5781527531083481 0.00625 0.017761989342806393
4 0.6932291666666667 0.58348134991119 0.015625 0.03197158081705151
4 0.7432291666666667 0.5905861456483126 0.0140625 0.03463587921847247
4 0.7661458333333333 0.5923623445825933 0.016666666666666666 0.03108348134991119
4 0.7307291666666667 0.5959147424511545 0.0078125 0.021314387211367674
4 0.7536458333333333 0.5968028419182948 0.0078125 0.017761989342806393
30 0.23333333333333334 0.6154529307282416 0.016145833333333335 0.028419182948490232
4 0.6640625 0.6181172291296625 0.018229166666666668 0.03641207815275311
4 0.45625 0.6190053285968028 0.008854166666666666 0.019538188277087035
4 0.6520833333333333 0.6198934280639432 0.008333333333333333 0.023978685612788632
4 0.39947916666666666 0.6252220248667851 0.007291666666666667 0.014209591474245116
4 0.7083333333333334 0.6287744227353463 0.007291666666666667 0.022202486678507993
4 0.7213541666666666 0.6296625222024866 0.014583333333333334 0.03374777975133215
15 0.41875 0.6341030195381883 0.03177083333333333 0.052397868561278864
15 0.6875 0.6394316163410302 0.033854166666666664 0.0719360568383659
30 0.23229166666666667 0.650088809946714 0.018229166666666668 0.02575488454706927
4 0.24427083333333333 0.6536412078152753 0.011458333333333333 0.027531083481349913
4 0.7421875 0.6580817051509769 0.00625 0.027531083481349913
4 0.7098958333333333 0.6625222024866785 0.008854166666666666 0.023090586145648313
4 0.7213541666666666 0.6625222024866785 0.01875 0.03019538188277087
15 0.7645833333333333 0.6678507992895204 0.040625 0.0541740674955595
15 0.8223958333333333 0.6731793960923623 0.041666666666666664 0.052397868561278864
4 0.3984375 0.6820603907637656 0.005729166666666666 0.017761989342806393
30 0.25416666666666665 0.6847246891651865 0.016145833333333335 0.027531083481349913
15 0.41822916666666665 0.6962699822380106 0.029166666666666667 0.0497335701598579
15 0.3046875 0.7042628774422736 0.025520833333333333 0.0541740674955595
4 0.6567708333333333 0.7051509769094139 0.014583333333333334 0.015985790408525755
4 0.2713541666666667 0.7140319715808171 0.013020833333333334 0.02486678507992895
30 0.2552083333333333 0.7158081705150977 0.016145833333333335 0.028419182948490232
4 0.44427083333333334 0.7175843694493783 0.004166666666666667 0.014209591474245116
4 0.8067708333333333 0.7433392539964476 0.008854166666666666 0.02486678507992895
4 0.5229166666666667 0.7468916518650088 0.008854166666666666 0.021314387211367674
4 0.4791666666666667 0.7495559502664298 0.010416666666666666 0.016873889875666074
4 0.3984375 0.7504440497335702 0.00625 0.016873889875666074
15 0.4197916666666667 0.7628774422735346 0.027604166666666666 0.056838365896980464
15 0.5432291666666667 0.7628774422735346 0.03125 0.05595026642984014
15 0.76875 0.7628774422735346 0.030208333333333334 0.052397868561278864
4 0.9135416666666667 0.7628774422735346 0.00625 0.02486678507992895
15 0.49947916666666664 0.7637655417406749 0.026041666666666668 0.0497335701598579
15 0.7260416666666667 0.7637655417406749 0.03177083333333333 0.0541740674955595
15 0.4578125 0.7637655417406749 0.030729166666666665 0.05772646536412078
15 0.30416666666666664 0.7646536412078153 0.0203125 0.055062166962699825
4 0.25833333333333336 0.7690941385435168 0.008854166666666666 0.02486678507992895
4 0.23802083333333332 0.7717584369449378 0.008333333333333333 0.019538188277087035
15 0.8255208333333334 0.7868561278863233 0.0453125 0.0497335701598579
15 0.2140625 0.7877442273534636 0.025520833333333333 0.056838365896980464
15 0.8822916666666667 0.7895204262877442 0.05260416666666667 0.08792184724689166
15 0.9520833333333333 0.7895204262877442 0.051041666666666666 0.08703374777975133
4 0.7916666666666666 0.7895204262877442 0.008333333333333333 0.021314387211367674
4 0.7463541666666667 0.7912966252220248 0.008854166666666666 0.019538188277087035
4 0.28177083333333336 0.7984014209591475 0.009375 0.023978685612788632
4 0.29010416666666666 0.8232682060390764 0.008854166666666666 0.023090586145648313
4 0.39895833333333336 0.8294849023090586 0.0078125 0.021314387211367674
4 0.5791666666666667 0.8303730017761989 0.008854166666666666 0.020426287744227355
4 0.521875 0.8303730017761989 0.0067708333333333336 0.017761989342806393
15 0.26458333333333334 0.8312611012433393 0.00625 0.019538188277087035
4 0.4796875 0.8321492007104796 0.0078125 0.023978685612788632
4 0.70625 0.8330373001776199 0.007291666666666667 0.019538188277087035
4 0.7484375 0.8339253996447602 0.007291666666666667 0.019538188277087035
4 0.4401041666666667 0.8339253996447602 0.0067708333333333336 0.022202486678507993
15 0.309375 0.8348134991119005 0.029166666666666667 0.055062166962699825
15 0.3614583333333333 0.8374777975133215 0.04739583333333333 0.050621669626998225