23 0.9487179487179487 0.611368909512761 0.017435897435897435 0.008700696055684454
4 0.9482051282051283 0.6200696055684455 0.013846153846153847 0.008700696055684454
23 0.9484615384615385 0.6279002320185615 0.01641025641025641 0.0069605568445475635
4 0.9484615384615385 0.6371809744779582 0.015384615384615385 0.0075406032482598605
23 0.2528205128205128 0.06351508120649652 0.018974358974358976 0.0075406032482598605
23 0.9492307692307692 0.6458816705336426 0.020512820512820513 0.008700696055684454
15 0.14666666666666667 0.6650232018561485 0.024102564102564103 0.04060324825986079
23 0.04641025641025641 0.6693735498839907 0.012307692307692308 0.02262180974477958
23 0.11923076923076924 0.6685034802784223 0.0071794871794871795 0.01740139211136891
23 0.07230769230769231 0.6705336426914154 0.008717948717948718 0.01740139211136891
23 0.1258974358974359 0.6693735498839907 0.008717948717948718 0.018561484918793503
23 0.06282051282051282 0.6708236658932715 0.0071794871794871795 0.020301624129930394
23 0.07871794871794872 0.6711136890951276 0.008205128205128205 0.017981438515081206
23 0.948974358974359 0.6540023201856149 0.018974358974358976 0.009280742459396751
7 0.7625641025641026 0.06322505800464037 0.3169230769230769 0.12645011600928074
4 0.2358974358974359 0.06554524361948956 0.013846153846153847 0.009860788863109048
23 0.09051282051282052 0.6745939675174014 0.013846153846153847 0.008120649651972157
23 0.9487179487179487 0.6615429234338747 0.01641025641025641 0.008120649651972157
23 0.04692307692307692 0.6870649651972158 0.010256410256410256 0.021461716937354988
4 0.9484615384615385 0.6696635730858469 0.015384615384615385 0.008120649651972157
23 0.14051282051282052 0.06902552204176333 0.010256410256410256 0.018561484918793503
4 0.09384615384615384 0.07047563805104408 0.009230769230769232 0.016241299303944315
4 0.10282051282051283 0.07018561484918794 0.008717948717948718 0.016821345707656612
23 0.12564102564102564 0.06989559164733179 0.0071794871794871795 0.018561484918793503
23 0.15615384615384614 0.06931554524361949 0.0071794871794871795 0.017981438515081206
23 0.11794871794871795 0.07018561484918794 0.007692307692307693 0.016241299303944315
4 0.13333333333333333 0.07018561484918794 0.006153846153846154 0.015661252900232018
23 0.11102564102564103 0.07047563805104408 0.006153846153846154 0.019721577726218097
4 0.3223076923076923 0.066415313225058 0.015384615384615385 0.011020881670533642
23 0.1476923076923077 0.07018561484918794 0.007692307692307693 0.018561484918793503
4 0.047692307692307694 0.7062064965197216 0.008717948717948718 0.015661252900232018
23 0.9876923076923076 0.6925754060324826 0.020512820512820513 0.010440835266821345
4 0.9884615384615385 0.7021461716937355 0.015384615384615385 0.009860788863109048
4 0.04871794871794872 0.7299883990719258 0.007692307692307693 0.016821345707656612
7 0.36974358974358973 0.07134570765661252 0.07076923076923076 0.13863109048723898
23 0.32974358974358975 0.7433294663573086 0.008205128205128205 0.0191415313225058
23 0.32256410256410256 0.7439095127610209 0.009230769230769232 0.020301624129930394
23 0.1712820512820513 0.07395591647331787 0.018974358974358976 0.009860788863109048
23 0.4015384615384615 0.7427494199535963 0.008205128205128205 0.01740139211136891
4 0.3605128205128205 0.7439095127610209 0.006153846153846154 0.015661252900232018
23 0.3933333333333333 0.7436194895591647 0.008717948717948718 0.01740139211136891
23 0.44358974358974357 0.7424593967517401 0.007692307692307693 0.017981438515081206
4 0.3453846153846154 0.7447795823665894 0.007692307692307693 0.017981438515081206
23 0.3528205128205128 0.7447795823665894 0.009230769230769232 0.02088167053364269
4 0.3682051282051282 0.7444895591647331 0.0071794871794871795 0.016241299303944315
4 0.3371794871794872 0.7450696055684455 0.0056410256410256415 0.016241299303944315
23 0.4948717948717949 0.742169373549884 0.006153846153846154 0.015661252900232018
23 0.45153846153846156 0.7433294663573086 0.007692307692307693 0.017981438515081206
23 0.5597435897435897 0.7412993039443155 0.006666666666666667 0.016241299303944315
23 0.5012820512820513 0.7424593967517401 0.008717948717948718 0.018561484918793503
23 0.5520512820512821 0.7418793503480279 0.007692307692307693 0.018561484918793503
23 0.57 0.7418793503480279 0.0056410256410256415 0.019721577726218097
23 0.5092307692307693 0.7439095127610209 0.008717948717948718 0.02088167053364269
4 0.5997435897435898 0.7430394431554525 0.0071794871794871795 0.01740139211136891
4 0.6076923076923076 0.7430394431554525 0.006153846153846154 0.01740139211136891
4 0.6146153846153846 0.744199535962877 0.008205128205128205 0.015661252900232018
4 0.2358974358974359 0.07337587006960557 0.015384615384615385 0.008700696055684454
4 0.622051282051282 0.7444895591647331 0.006666666666666667 0.016241299303944315
4 0.2564102564102564 0.75377030162413 0.015897435897435898 0.009860788863109048
23 0.29102564102564105 0.7534802784222738 0.018974358974358976 0.010440835266821345
23 0.18923076923076923 0.07482598607888631 0.014358974358974359 0.009280742459396751
23 0.04871794871794872 0.7662412993039444 0.010256410256410256 0.020301624129930394
23 0.25794871794871793 0.7624709976798144 0.015897435897435898 0.008120649651972157
4 0.2735897435897436 0.763631090487239 0.013846153846153847 0.008700696055684454
23 0.2571794871794872 0.7749419953596288 0.017948717948717947 0.008700696055684454
23 0.2743589743589744 0.7746519721577726 0.018461538461538463 0.009280742459396751
15 0.1641025641025641 0.779292343387471 0.13641025641025642 0.154292343387471
23 0.2746153846153846 0.7853828306264501 0.018461538461538463 0.012180974477958236
23 0.05153846153846154 0.7981438515081206 0.016923076923076923 0.009280742459396751
23 0.06820512820512821 0.7981438515081206 0.013846153846153847 0.009280742459396751
7 0.5523076923076923 0.07134570765661252 0.06666666666666667 0.11194895591647332
23 0.05205128205128205 0.8071345707656613 0.015384615384615385 0.00580046403712297
4 0.3217948717948718 0.07685614849187936 0.014871794871794871 0.009280742459396751
7 0.9561538461538461 0.06554524361948956 0.07487179487179488 0.1142691415313225
23 0.06897435897435897 0.8138051044083526 0.015897435897435898 0.004640371229698376
23 0.052307692307692305 0.814385150812065 0.017948717948717947 0.0075406032482598605
23 0.05384615384615385 0.8219257540603249 0.014871794871794871 0.0063805104408352666
23 0.06897435897435897 0.8251160092807425 0.011794871794871795 0.0075406032482598605
4 0.05333333333333334 0.8323665893271461 0.014358974358974359 0.0075406032482598605
23 0.06948717948717949 0.8346867749419954 0.015384615384615385 0.00580046403712297
23 0.0541025641025641 0.8404872389791184 0.014871794871794871 0.005220417633410673
23 0.09871794871794871 0.0843967517401392 0.015384615384615385 0.008700696055684454
23 0.06794871794871794 0.8433874709976799 0.015897435897435898 0.004640371229698376
23 0.0541025641025641 0.8480278422273781 0.01282051282051282 0.008700696055684454
4 0.17153846153846153 0.08468677494199536 0.015384615384615385 0.008120649651972157
23 0.04897435897435897 0.857308584686775 0.015897435897435898 0.0063805104408352666
23 0.23666666666666666 0.08352668213457076 0.02 0.009280742459396751
4 0.19 0.08468677494199536 0.015384615384615385 0.0075406032482598605
4 0.5112820512820513 0.8604988399071926 0.015897435897435898 0.01160092807424594
4 0.45 0.8628190255220418 0.013333333333333334 0.008120649651972157
4 0.4948717948717949 0.8619489559164734 0.01641025641025641 0.01160092807424594
4 0.4764102564102564 0.8622389791183295 0.015384615384615385 0.01160092807424594
4 0.5284615384615384 0.8616589327146171 0.015384615384615385 0.010440835266821345
4 0.42256410256410254 0.8636890951276102 0.015897435897435898 0.01160092807424594
4 0.5471794871794872 0.8616589327146171 0.017435897435897435 0.011020881670533642
4 0.6502564102564102 0.8596287703016241 0.01282051282051282 0.004640371229698376
4 0.7656410256410257 0.8581786542923434 0.015897435897435898 0.009280742459396751
4 0.7330769230769231 0.8587587006960556 0.015384615384615385 0.008120649651972157
4 0.828974358974359 0.857308584686775 0.015897435897435898 0.009280742459396751
4 0.7912820512820513 0.8581786542923434 0.018461538461538463 0.009280742459396751
4 0.8476923076923077 0.857308584686775 0.01641025641025641 0.008700696055684454
4 0.6861538461538461 0.8604988399071926 0.015384615384615385 0.009860788863109048
4 0.8653846153846154 0.857308584686775 0.014871794871794871 0.009860788863109048
4 0.6861538461538461 0.8607888631090487 0.013846153846153847 0.008120649651972157
23 0.6176923076923077 0.8625290023201856 0.015384615384615385 0.0075406032482598605
23 0.6348717948717949 0.8631090487238979 0.015384615384615385 0.0063805104408352666
4 0.02128205128205128 0.875 0.008717948717948718 0.012180974477958236
4 0.04256410256410256 0.8758700696055685 0.007692307692307693 0.01740139211136891
4 0.05179487179487179 0.8758700696055685 0.006153846153846154 0.015081206496519721
4 0.029743589743589743 0.8767401392111369 0.007692307692307693 0.018561484918793503
23 0.24051282051282052 0.8761600928074246 0.006666666666666667 0.016821345707656612
23 0.6182051282051282 0.8799303944315545 0.015897435897435898 0.0075406032482598605
23 0.021794871794871794 0.894431554524362 0.0071794871794871795 0.020301624129930394
23 0.7035897435897436 0.8810904872389791 0.014358974358974359 0.005220417633410673
23 0.03051282051282051 0.8953016241299304 0.0035897435897435897 0.013921113689095127
4 0.6182051282051282 0.8877610208816705 0.011794871794871795 0.0069605568445475635
4 0.601025641025641 0.8892111368909513 0.014358974358974359 0.0075406032482598605
23 0.7197435897435898 0.8889211136890951 0.01282051282051282 0.008120649651972157
23 0.7041025641025641 0.8897911832946636 0.012307692307692308 0.0069605568445475635
15 0.7735897435897436 0.8932714617169374 0.08256410256410257 0.05974477958236659
23 0.602051282051282 0.8970417633410673 0.013846153846153847 0.0075406032482598605
23 0.5851282051282052 0.8976218097447796 0.014871794871794871 0.0063805104408352666
23 0.617948717948718 0.8970417633410673 0.015897435897435898 0.0069605568445475635
23 0.7035897435897436 0.8990719257540604 0.013333333333333334 0.00580046403712297
4 0.32153846153846155 0.0872969837587007 0.015384615384615385 0.010440835266821345
23 0.9684615384615385 0.8958816705336426 0.008717948717948718 0.018561484918793503
23 0.5846153846153846 0.9071925754060325 0.014871794871794871 0.0063805104408352666
23 0.6171794871794872 0.9077726218097448 0.01641025641025641 0.009280742459396751
23 0.7035897435897436 0.9077726218097448 0.01282051282051282 0.005220417633410673
23 0.601025641025641 0.9147331786542924 0.013333333333333334 0.004640371229698376
23 0.5838461538461538 0.9156032482598608 0.014358974358974359 0.00580046403712297
15 0.6576923076923077 0.9156032482598608 0.055384615384615386 0.09860788863109049
23 0.7056410256410256 0.9167633410672854 0.011794871794871795 0.005220417633410673
23 0.09923076923076923 0.09396751740139211 0.014871794871794871 0.008120649651972157
23 0.7202564102564103 0.9245939675174014 0.014358974358974359 0.0069605568445475635
4 0.23615384615384616 0.09164733178654293 0.015384615384615385 0.008700696055684454
15 0.9461538461538461 0.9280742459396751 0.02717948717948718 0.03654292343387471
7 0.4571794871794872 0.087877030162413 0.10461538461538461 0.16357308584686775
4 0.19076923076923077 0.09367749419953596 0.01282051282051282 0.009280742459396751
30 0.2866666666666667 0.9428654292343387 0.02 0.017981438515081206
23 0.6182051282051282 0.9364849187935035 0.018974358974358976 0.005220417633410673
23 0.25358974358974357 0.9483758700696056 0.017948717948717947 0.011020881670533642
4 0.5851282051282052 0.943445475638051 0.01282051282051282 0.0069605568445475635
23 0.617948717948718 0.9443155452436195 0.014358974358974359 0.0069605568445475635
4 0.17205128205128206 0.09454756380510441 0.015384615384615385 0.008120649651972157
23 0.6035897435897436 0.9509860788863109 0.015384615384615385 0.0069605568445475635
23 0.25384615384615383 0.9582366589327146 0.016923076923076923 0.009280742459396751
23 0.2282051282051282 0.9605568445475638 0.007692307692307693 0.019721577726218097
23 0.617948717948718 0.953016241299304 0.013846153846153847 0.0069605568445475635
23 0.28102564102564104 0.9611368909512761 0.008717948717948718 0.017981438515081206
23 0.2905128205128205 0.9622969837587007 0.008205128205128205 0.021461716937354988
23 0.9312820512820513 0.9498259860788864 0.013846153846153847 0.0069605568445475635
23 0.26615384615384613 0.962877030162413 0.007692307692307693 0.019721577726218097
23 0.2741025641025641 0.962877030162413 0.008205128205128205 0.020301624129930394
30 0.24 0.9637470997679815 0.013333333333333334 0.022041763341067284
23 0.911025641025641 0.9541763341067285 0.007692307692307693 0.0191415313225058
23 0.9197435897435897 0.9544663573085846 0.0071794871794871795 0.015661252900232018
23 0.19846153846153847 0.9701276102088167 0.008205128205128205 0.018561484918793503
23 0.6184615384615385 0.9620069605568445 0.013333333333333334 0.0069605568445475635
23 0.19256410256410256 0.9712877030162413 0.0071794871794871795 0.0191415313225058
23 0.9312820512820513 0.9582366589327146 0.014358974358974359 0.009280742459396751
4 0.6469230769230769 0.970707656612529 0.0071794871794871795 0.016241299303944315
4 0.638974358974359 0.9715777262180975 0.006666666666666667 0.016821345707656612
23 0.9641025641025641 0.9660672853828306 0.019487179487179488 0.008700696055684454
4 0.6251282051282051 0.9741879350348028 0.0071794871794871795 0.012180974477958236
4 0.8128205128205128 0.9712877030162413 0.0056410256410256415 0.015661252900232018
23 0.8217948717948718 0.9718677494199536 0.006153846153846154 0.016821345707656612
23 0.9766666666666667 0.9689675174013921 0.009230769230769232 0.01740139211136891
23 0.8053846153846154 0.972737819025522 0.006153846153846154 0.017981438515081206
23 0.8294871794871795 0.9721577726218097 0.0071794871794871795 0.01740139211136891
23 0.9651282051282051 0.9750580046403712 0.017435897435897435 0.008700696055684454
23 0.09948717948717949 0.10150812064965198 0.015384615384615385 0.008700696055684454
4 0.3223076923076923 0.09802784222737819 0.014358974358974359 0.009280742459396751
4 0.1723076923076923 0.10295823665893271 0.013846153846153847 0.008120649651972157
23 0.18974358974358974 0.10353828306264501 0.016923076923076923 0.008120649651972157
15 0.13435897435897437 0.10788863109048724 0.04974358974358974 0.05916473317865429
23 0.09923076923076923 0.10962877030162413 0.01641025641025641 0.009280742459396751
4 0.32256410256410256 0.10788863109048724 0.015384615384615385 0.008120649651972157
4 0.17205128205128206 0.11136890951276102 0.013846153846153847 0.008120649651972157
23 0.19076923076923077 0.11310904872389792 0.014871794871794871 0.008120649651972157
23 0.09897435897435898 0.11803944315545244 0.015384615384615385 0.008120649651972157
4 0.1723076923076923 0.12064965197215777 0.014358974358974359 0.0063805104408352666
4 0.32205128205128203 0.11832946635730858 0.015897435897435898 0.008700696055684454
23 0.09897435897435898 0.12761020881670534 0.014871794871794871 0.008700696055684454
4 0.1717948717948718 0.13022041763341066 0.014871794871794871 0.0075406032482598605
23 0.21153846153846154 0.1316705336426914 0.016923076923076923 0.008700696055684454
23 0.1 0.1368909512761021 0.014871794871794871 0.008700696055684454
4 0.2469230769230769 0.13428074245939675 0.012307692307692308 0.008120649651972157
4 0.11128205128205128 0.14501160092807425 0.0071794871794871795 0.015081206496519721
4 0.11794871794871795 0.1458816705336427 0.008205128205128205 0.015081206496519721
4 0.14076923076923076 0.14559164733178653 0.008205128205128205 0.015081206496519721
4 0.1341025641025641 0.1458816705336427 0.0071794871794871795 0.015081206496519721
4 0.14871794871794872 0.1458816705336427 0.009230769230769232 0.016241299303944315
4 0.1635897435897436 0.14559164733178653 0.008205128205128205 0.01740139211136891
4 0.1258974358974359 0.14675174013921113 0.006666666666666667 0.015081206496519721
4 0.1564102564102564 0.14617169373549885 0.008717948717948718 0.01740139211136891
4 0.1717948717948718 0.1458816705336427 0.009230769230769232 0.016241299303944315
23 0.17974358974358975 0.1458816705336427 0.0071794871794871795 0.020301624129930394
23 0.19538461538461538 0.1458816705336427 0.008205128205128205 0.017981438515081206
4 0.18769230769230769 0.14617169373549885 0.007692307692307693 0.01740139211136891
4 0.09948717948717949 0.14849187935034802 0.014358974358974359 0.009280742459396751
23 0.21256410256410257 0.14878190255220416 0.017948717948717947 0.0075406032482598605
23 0.09923076923076923 0.15951276102088166 0.014358974358974359 0.008700696055684454
23 0.11717948717948717 0.16154292343387472 0.008205128205128205 0.015081206496519721
23 0.13333333333333333 0.16183294663573086 0.008205128205128205 0.015661252900232018
23 0.11128205128205128 0.16299303944315546 0.0071794871794871795 0.01740139211136891
4 0.1723076923076923 0.16241299303944315 0.007692307692307693 0.017981438515081206
23 0.12666666666666668 0.1632830626450116 0.0071794871794871795 0.016241299303944315
4 0.1412820512820513 0.1632830626450116 0.008717948717948718 0.016821345707656612
23 0.18846153846153846 0.16299303944315546 0.008205128205128205 0.017981438515081206
23 0.19615384615384615 0.16299303944315546 0.006666666666666667 0.016821345707656612
23 0.18051282051282053 0.1632830626450116 0.008717948717948718 0.017981438515081206
4 0.08512820512820513 0.16908352668213458 0.014358974358974359 0.011020881670533642
23 0.09948717948717949 0.17024361948955916 0.014871794871794871 0.008120649651972157
15 0.8943589743589744 0.15632250580046403 0.06051282051282051 0.06206496519721578
4 0.1 0.17865429234338748 0.014358974358974359 0.008120649651972157
23 0.18128205128205127 0.18213457076566125 0.008717948717948718 0.018561484918793503
23 0.17307692307692307 0.18271461716937354 0.0071794871794871795 0.018561484918793503
4 0.1894871794871795 0.18271461716937354 0.008205128205128205 0.016241299303944315
23 0.06461538461538462 0.18561484918793503 0.016923076923076923 0.008700696055684454
23 0.0835897435897436 0.18590487238979117 0.01641025641025641 0.009860788863109048
4 0.10051282051282051 0.18677494199535963 0.015384615384615385 0.008700696055684454
33 0.30666666666666664 0.19895591647331787 0.05333333333333334 0.09222737819025523
15 0.41743589743589743 0.20562645011600927 0.0876923076923077 0.05626450116009281
4 0.1617948717948718 0.24274941995359628 0.013846153846153847 0.0075406032482598605
4 0.13102564102564102 0.24361948955916474 0.016923076923076923 0.010440835266821345
4 0.16128205128205128 0.2595707656612529 0.015384615384615385 0.008700696055684454
15 0.5387179487179488 0.26392111368909515 0.04205128205128205 0.05104408352668213
23 0.4674358974358974 0.2720417633410673 0.015384615384615385 0.043503480278422275
15 0.4128205128205128 0.28045243619489557 0.07641025641025641 0.07946635730858469
23 0.5056410256410256 0.30162412993039445 0.01641025641025641 0.008120649651972157
4 0.13102564102564102 0.31293503480278423 0.015384615384615385 0.009280742459396751
4 0.5207692307692308 0.3059744779582367 0.006666666666666667 0.01740139211136891
23 0.5066666666666667 0.310614849187935 0.015897435897435898 0.009280742459396751
4 0.1617948717948718 0.3175754060324826 0.013333333333333334 0.008120649651972157
4 0.8994871794871795 0.30713457076566125 0.012307692307692308 0.029582366589327145
4 0.9335897435897436 0.3074245939675174 0.012307692307692308 0.030162412993039442
15 0.31794871794871793 0.32743619489559167 0.07333333333333333 0.12180974477958237
4 0.1317948717948718 0.3776102088167053 0.014871794871794871 0.011020881670533642
4 0.963076923076923 0.36310904872389793 0.014871794871794871 0.009280742459396751
23 0.06846153846153846 0.3839907192575406 0.017435897435897435 0.012761020881670533
4 0.16282051282051282 0.382830626450116 0.014358974358974359 0.008700696055684454
4 0.963076923076923 0.37180974477958234 0.014358974358974359 0.012180974477958236
4 0.9464102564102564 0.3723897911832947 0.015897435897435898 0.008700696055684454
23 0.06794871794871794 0.39240139211136893 0.015384615384615385 0.0075406032482598605
4 0.9633333333333334 0.380800464037123 0.015384615384615385 0.0075406032482598605
23 0.9464102564102564 0.38138051044083526 0.015384615384615385 0.008120649651972157
4 0.06948717948717949 0.4016821345707657 0.021025641025641025 0.009860788863109048
4 0.9628205128205128 0.38950116009280744 0.015897435897435898 0.010440835266821345
23 0.946923076923077 0.39037122969837584 0.015384615384615385 0.008120649651972157
23 0.06948717948717949 0.41125290023201855 0.017948717948717947 0.008700696055684454
23 0.44794871794871793 0.4071925754060325 0.015897435897435898 0.008700696055684454
23 0.9461538461538461 0.3987819025522042 0.016923076923076923 0.008120649651972157
23 0.06974358974358974 0.41966357308584684 0.017948717948717947 0.009280742459396751
4 0.963076923076923 0.4066125290023202 0.014358974358974359 0.0075406032482598605
23 0.44769230769230767 0.4173433874709977 0.015384615384615385 0.0069605568445475635
4 0.9464102564102564 0.40835266821345706 0.01641025641025641 0.008120649651972157
4 0.06948717948717949 0.4283642691415313 0.015897435897435898 0.0075406032482598605
23 0.1335897435897436 0.4306844547563805 0.017948717948717947 0.009280742459396751
4 0.9628205128205128 0.41531322505800466 0.014871794871794871 0.008120649651972157
4 0.44743589743589746 0.425754060324826 0.014871794871794871 0.009280742459396751
23 0.4635897435897436 0.42604408352668216 0.015897435897435898 0.0069605568445475635
23 0.9458974358974359 0.4170533642691415 0.015384615384615385 0.009860788863109048
23 0.06974358974358974 0.4361948955916473 0.016923076923076923 0.009860788863109048
23 0.1635897435897436 0.43706496519721577 0.016923076923076923 0.008120649651972157
23 0.44666666666666666 0.4341647331786543 0.014358974358974359 0.0069605568445475635
23 0.4869230769230769 0.43387470997679817 0.015384615384615385 0.0075406032482598605
4 0.963076923076923 0.4245939675174014 0.016923076923076923 0.009860788863109048
23 0.5017948717948718 0.433584686774942 0.014358974358974359 0.0075406032482598605
23 0.4623076923076923 0.43474477958236657 0.015384615384615385 0.008120649651972157
23 0.9466666666666667 0.4254640371229698 0.015897435897435898 0.0075406032482598605
23 0.46307692307692305 0.4425754060324826 0.01641025641025641 0.008700696055684454
4 0.9458974358974359 0.433584686774942 0.014871794871794871 0.011020881670533642
23 0.4869230769230769 0.44286542923433875 0.014871794871794871 0.008700696055684454
23 0.4635897435897436 0.4504060324825986 0.013846153846153847 0.008120649651972157
23 0.48717948717948717 0.45011600928074247 0.013333333333333334 0.00580046403712297
4 0.9643589743589743 0.44286542923433875 0.014871794871794871 0.01160092807424594
23 0.4633333333333333 0.45881670533642693 0.014358974358974359 0.0063805104408352666
23 0.44564102564102565 0.45968677494199534 0.017435897435897435 0.0075406032482598605
4 0.48717948717948717 0.45881670533642693 0.01282051282051282 0.00580046403712297
23 0.9471794871794872 0.4599767981438515 0.018974358974358976 0.008700696055684454
4 0.9635897435897436 0.4602668213457077 0.014871794871794871 0.009280742459396751
4 0.1317948717948718 0.4811484918793503 0.014358974358974359 0.009280742459396751
23 0.4153846153846154 0.47824825986078884 0.008205128205128205 0.018561484918793503
23 0.40717948717948715 0.478538283062645 0.0071794871794871795 0.0191415313225058
4 0.4148717948717949 0.49796983758700697 0.006153846153846154 0.015081206496519721
23 0.4230769230769231 0.4982598607888631 0.007692307692307693 0.017981438515081206
23 0.03564102564102564 0.5066705336426914 0.01641025641025641 0.0075406032482598605
23 0.05282051282051282 0.5072505800464037 0.013846153846153847 0.008120649651972157
23 0.9474358974358974 0.5084106728538283 0.018461538461538463 0.009280742459396751
23 0.03461538461538462 0.5310324825986079 0.008205128205128205 0.014501160092807424
23 0.9461538461538461 0.5162412993039444 0.018974358974358976 0.008120649651972157
15 0.79 0.5249419953596288 0.23076923076923078 0.25928074245939675
4 0.9474358974358974 0.5266821345707656 0.015897435897435898 0.009860788863109048
23 0.9482051282051283 0.5545243619489559 0.017435897435897435 0.008700696055684454
23 0.9484615384615385 0.5626450116009281 0.018461538461538463 0.010440835266821345