23 0.9657236126224157 0.6068349753694581 0.018498367791077257 0.009852216748768473
4 0.9651795429815017 0.6160714285714286 0.014689880304679 0.009236453201970444
23 0.9657236126224157 0.624384236453202 0.017410228509249184 0.008004926108374385
4 0.9659956474428727 0.6339285714285714 0.01632208922742111 0.008620689655172414
23 0.21844396082698586 0.039716748768472906 0.02013057671381937 0.008004926108374385
23 0.9668117519042437 0.6434729064039408 0.02176278563656148 0.009852216748768473
15 0.11588683351468988 0.6804187192118226 0.026115342763873776 0.0437192118226601
23 0.01088139281828074 0.6875 0.011425462459194777 0.025246305418719212
23 0.0867791077257889 0.6847290640394089 0.008161044613710556 0.019088669950738917
23 0.036996735582154515 0.687807881773399 0.009249183895538629 0.01847290640394089
23 0.09385201305767138 0.6856527093596059 0.009249183895538629 0.020320197044334975
23 0.02720348204570185 0.6884236453201971 0.008161044613710556 0.021551724137931036
23 0.04379760609357998 0.6884236453201971 0.009249183895538629 0.019088669950738917
23 0.9668117519042437 0.6520935960591133 0.02013057671381937 0.010467980295566502
7 0.7597932535364527 0.04956896551724138 0.3367791077257889 0.09913793103448276
4 0.20076169749727965 0.04217980295566502 0.015233949945593036 0.010467980295566502
23 0.056583242655059846 0.6918103448275862 0.014689880304679 0.008620689655172414
23 0.9665397170837867 0.6600985221674877 0.017410228509249184 0.008620689655172414
23 0.01088139281828074 0.7056650246305419 0.010337323177366704 0.023399014778325122
4 0.9665397170837867 0.6687192118226601 0.01632208922742111 0.009236453201970444
23 0.09956474428726877 0.0480295566502463 0.01088139281828074 0.020320197044334975
4 0.05032644178454842 0.050492610837438424 0.009793253536452665 0.017241379310344827
4 0.05984766050054407 0.05018472906403941 0.009249183895538629 0.01847290640394089
23 0.08378672470076169 0.04926108374384237 0.008161044613710556 0.019704433497536946
23 0.1161588683351469 0.0480295566502463 0.007616974972796518 0.019088669950738917
23 0.07562568008705114 0.049876847290640396 0.008161044613710556 0.017241379310344827
4 0.09194776931447225 0.04926108374384237 0.007072905331882481 0.0166256157635468
23 0.06828073993471165 0.050492610837438424 0.006528835690968444 0.020935960591133004
4 0.2924374319912949 0.04156403940886699 0.01632208922742111 0.011699507389162561
23 0.10718171926006528 0.04895320197044335 0.008161044613710556 0.019704433497536946
4 0.011425462459194777 0.7262931034482759 0.009793253536452665 0.0166256157635468
23 0.9983677910772579 0.6924261083743842 0.002176278563656148 0.01293103448275862
4 0.013057671381936888 0.7518472906403941 0.008705114254624592 0.017857142857142856
7 0.34330794341675736 0.062192118226600986 0.07616974972796518 0.11576354679802955
23 0.3114798694232862 0.7598522167487685 0.009249183895538629 0.020320197044334975
23 0.30386289445048964 0.7607758620689655 0.010337323177366704 0.021551724137931036
23 0.132480957562568 0.052647783251231525 0.02013057671381937 0.011083743842364532
23 0.38737758433079433 0.7576970443349754 0.008705114254624592 0.019088669950738917
4 0.3438520130576714 0.7598522167487685 0.006528835690968444 0.017241379310344827
23 0.3786724700761698 0.7586206896551724 0.009793253536452665 0.019088669950738917
23 0.4322633297062024 0.7567733990147784 0.008161044613710556 0.019088669950738917
4 0.3280739934711643 0.7610837438423645 0.008705114254624592 0.019088669950738917
23 0.33569096844396085 0.7610837438423645 0.010337323177366704 0.022167487684729065
4 0.352285092491839 0.7604679802955665 0.008161044613710556 0.017241379310344827
4 0.3193688792165397 0.7616995073891626 0.006528835690968444 0.017241379310344827
23 0.48639825897714906 0.7552339901477833 0.006528835690968444 0.0166256157635468
23 0.44042437431991294 0.7570812807881774 0.008161044613710556 0.019088669950738917
23 0.5554951033732318 0.7527709359605911 0.007616974972796518 0.017241379310344827
23 0.49319912948857453 0.7552339901477833 0.009249183895538629 0.020320197044334975
23 0.5470620239390642 0.7536945812807881 0.008161044613710556 0.020320197044334975
23 0.5661044613710555 0.7533866995073891 0.006528835690968444 0.020935960591133004
23 0.5019042437431991 0.7564655172413793 0.009249183895538629 0.022167487684729065
4 0.5979325353645266 0.7536945812807881 0.008161044613710556 0.01847290640394089
4 0.6060935799782372 0.7536945812807881 0.007072905331882481 0.019088669950738917
4 0.6137105549510338 0.7546182266009852 0.008705114254624592 0.017241379310344827
4 0.20076169749727965 0.05080049261083744 0.01632208922742111 0.009236453201970444
4 0.6215995647442872 0.7549261083743842 0.007072905331882481 0.017241379310344827
4 0.23367791077257888 0.7724753694581281 0.016866158868335146 0.011083743842364532
23 0.27040261153427636 0.771551724137931 0.02013057671381937 0.011083743842364532
23 0.1512513601741023 0.053263546798029554 0.015233949945593036 0.010467980295566502
23 0.013873775843307944 0.7900246305418719 0.01088139281828074 0.022167487684729065
23 0.23558215451577802 0.7817118226600985 0.016866158868335146 0.008620689655172414
4 0.25190424374319914 0.7823275862068966 0.014689880304679 0.009236453201970444
23 0.235038084874864 0.7946428571428571 0.019042437431991296 0.009236453201970444
23 0.2529923830250272 0.7943349753694581 0.01958650707290533 0.009852216748768473
15 0.13628944504896626 0.8014162561576355 0.14689880304678998 0.16625615763546797
23 0.2535364526659412 0.8057266009852216 0.01958650707290533 0.013546798029556651
23 0.017954298150163223 0.8235837438423645 0.016866158868335146 0.011083743842364532
23 0.03482045701849837 0.8235837438423645 0.014689880304679 0.010467980295566502
7 0.5367247007616975 0.05141625615763547 0.07344940152339499 0.10283251231527094
23 0.01822633297062024 0.833128078817734 0.01632208922742111 0.0067733990147783255
4 0.2918933623503808 0.05233990147783251 0.015778019586507073 0.010467980295566502
7 0.955930359085963 0.044642857142857144 0.06311207834602829 0.08928571428571429
23 0.035908596300326445 0.8402093596059114 0.016866158868335146 0.005541871921182266
23 0.019314472252448315 0.8411330049261084 0.017954298150163223 0.009236453201970444
23 0.01985854189336235 0.8491379310344828 0.015778019586507073 0.007389162561576354
23 0.03618063112078346 0.8522167487684729 0.012513601741022852 0.008004926108374385
4 0.01958650707290533 0.8602216748768473 0.015233949945593036 0.008004926108374385
23 0.036724700761697496 0.8620689655172413 0.01632208922742111 0.006157635467980296
23 0.020402611534276388 0.8688423645320197 0.015778019586507073 0.006157635467980296
23 0.055495103373231776 0.06527093596059114 0.01632208922742111 0.009852216748768473
23 0.03509249183895539 0.8713054187192119 0.017410228509249184 0.0049261083743842365
23 0.020674646354733407 0.8768472906403941 0.014145810663764961 0.009236453201970444
4 0.13275299238302501 0.06403940886699508 0.01632208922742111 0.008620689655172414
23 0.017954298150163223 0.8870073891625616 0.012513601741022852 0.008004926108374385
23 0.20157780195865072 0.06126847290640394 0.021218715995647442 0.010467980295566502
4 0.15233949945593037 0.06342364532019705 0.01632208922742111 0.008620689655172414
4 0.5059847660500544 0.8805418719211823 0.017410228509249184 0.01293103448275862
4 0.44096844396082696 0.8839285714285714 0.014689880304679 0.009236453201970444
4 0.4883025027203482 0.8820812807881774 0.017410228509249184 0.012315270935960592
4 0.4687159956474429 0.8830049261083743 0.01632208922742111 0.012315270935960592
4 0.5239390642002176 0.8811576354679803 0.016866158868335146 0.011083743842364532
4 0.411860718171926 0.8857758620689655 0.016866158868335146 0.012315270935960592
4 0.54379760609358 0.8808497536945813 0.018498367791077257 0.012315270935960592
4 0.6534276387377584 0.8768472906403941 0.014145810663764961 0.0049261083743842365
4 0.7755712731229597 0.8725369458128078 0.016866158868335146 0.009852216748768473
4 0.7412948857453754 0.8740763546798029 0.01632208922742111 0.009236453201970444
4 0.8427638737758433 0.8703817733990148 0.016866158868335146 0.009852216748768473
4 0.8027747551686616 0.8722290640394089 0.01958650707290533 0.010467980295566502
4 0.8626224156692056 0.8697660098522167 0.017410228509249184 0.009852216748768473
4 0.691240478781284 0.8768472906403941 0.01632208922742111 0.011083743842364532
4 0.8813928182807399 0.8697660098522167 0.01632208922742111 0.011083743842364532
4 0.691512513601741 0.8771551724137931 0.014689880304679 0.008620689655172414
23 0.6188792165397171 0.8805418719211823 0.01632208922742111 0.008004926108374385
23 0.6371055495103374 0.8805418719211823 0.016866158868335146 0.007389162561576354
4 0.018770402611534277 0.9064039408866995 0.007072905331882481 0.01600985221674877
23 0.21898803046789989 0.9027093596059114 0.007072905331882481 0.017857142857142856
23 0.6194232861806311 0.8990147783251231 0.016866158868335146 0.008620689655172414
23 0.7102829162132753 0.8980911330049262 0.015233949945593036 0.005541871921182266
4 0.6196953210010882 0.9070197044334976 0.013057671381936888 0.008004926108374385
4 0.6017410228509249 0.9091748768472906 0.015778019586507073 0.008004926108374385
23 0.7274211099020674 0.9060960591133005 0.013601741022850925 0.008620689655172414
23 0.7108269858541894 0.9073275862068966 0.013601741022850925 0.007389162561576354
15 0.7845484221980413 0.9097906403940886 0.088139281828074 0.06527093596059114
23 0.602829162132753 0.9174876847290641 0.014689880304679 0.008004926108374385
23 0.5848748639825898 0.9184113300492611 0.015778019586507073 0.0067733990147783255
23 0.6196953210010882 0.917179802955665 0.016866158868335146 0.008004926108374385
23 0.7105549510337323 0.917179802955665 0.014145810663764961 0.0067733990147783255
4 0.2918933623503808 0.06373152709359606 0.016866158868335146 0.011083743842364532
23 0.9912948857453754 0.9082512315270936 0.009793253536452665 0.019704433497536946
23 0.5843307943416758 0.9282635467980296 0.015778019586507073 0.007389162561576354
23 0.6188792165397171 0.9282635467980296 0.017410228509249184 0.009852216748768473
23 0.7108269858541894 0.9267241379310345 0.013601741022850925 0.006157635467980296
23 0.6017410228509249 0.9359605911330049 0.014145810663764961 0.005541871921182266
23 0.5837867247007617 0.9375 0.015233949945593036 0.0067733990147783255
15 0.6621327529923831 0.9359605911330049 0.06039173014145811 0.10529556650246305
23 0.7127312295973884 0.9359605911330049 0.012513601741022852 0.006157635467980296
23 0.056311207834602826 0.07543103448275862 0.015778019586507073 0.008620689655172414
23 0.7287812840043526 0.9442733990147784 0.015233949945593036 0.008004926108374385
4 0.20130576713819368 0.07019704433497537 0.01632208922742111 0.009236453201970444
15 0.9681719260065288 0.9430418719211823 0.029379760609358 0.03940886699507389
7 0.4363438520130577 0.07481527093596059 0.11316648531011969 0.14963054187192118
4 0.1531556039173014 0.07327586206896551 0.014145810663764961 0.010467980295566502
30 0.2690424374319913 0.9725985221674877 0.02176278563656148 0.019088669950738917
23 0.6205114254624592 0.958743842364532 0.020674646354733407 0.006157635467980296
23 0.23394994559303592 0.979064039408867 0.019042437431991296 0.011699507389162561
4 0.5854189336235038 0.9667487684729064 0.014145810663764961 0.007389162561576354
23 0.6202393906420022 0.9673645320197044 0.015233949945593036 0.007389162561576354
4 0.13356909684439608 0.07450738916256158 0.01632208922742111 0.009236453201970444
23 0.6052774755168662 0.9747536945812808 0.01632208922742111 0.008004926108374385
23 0.23449401523394994 0.9895320197044335 0.018498367791077257 0.010467980295566502
23 0.20756256800870512 0.9907635467980296 0.009249183895538629 0.017241379310344827
23 0.6205114254624592 0.9762931034482759 0.014689880304679 0.007389162561576354
23 0.26332970620239393 0.9907635467980296 0.009793253536452665 0.017241379310344827
23 0.2736670293797606 0.9904556650246306 0.009793253536452665 0.017857142857142856
23 0.9529379760609358 0.9664408866995073 0.014689880304679 0.008004926108374385
23 0.24782372143634385 0.9913793103448276 0.009249183895538629 0.01600985221674877
23 0.25625680087051145 0.9913793103448276 0.009793253536452665 0.01600985221674877
30 0.21980413492927095 0.9916871921182266 0.015233949945593036 0.01539408866995074
23 0.9314472252448314 0.9713669950738916 0.008705114254624592 0.020320197044334975
23 0.940424374319913 0.9713669950738916 0.008161044613710556 0.0166256157635468
23 0.17546245919477693 0.9963054187192119 0.010337323177366704 0.006157635467980296
23 0.6210554951033732 0.9858374384236454 0.014145810663764961 0.007389162561576354
23 0.16947769314472252 0.9966133004926109 0.009249183895538629 0.005541871921182266
23 0.9529379760609358 0.9753694581280788 0.015233949945593036 0.009852216748768473
4 0.6512513601741022 0.9898399014778325 0.007616974972796518 0.008004926108374385
4 0.6430903155603918 0.9904556650246306 0.007616974972796518 0.007389162561576354
23 0.9874863982589771 0.979371921182266 0.021218715995647442 0.0024630541871921183
4 0.6281284004352558 0.9935344827586207 0.008161044613710556 0.003078817733990148
4 0.8275299238302503 0.9849137931034483 0.006528835690968444 0.003694581280788177
23 0.8367791077257889 0.9846059113300493 0.006528835690968444 0.003694581280788177
23 0.9975516866158868 0.978448275862069 0.003808487486398259 0.0049261083743842365
23 0.8196409140369967 0.9852216748768473 0.007072905331882481 0.003694581280788177
23 0.056583242655059846 0.08343596059113301 0.01632208922742111 0.009236453201970444
4 0.29298150163220893 0.07512315270935961 0.015233949945593036 0.010467980295566502
4 0.1338411316648531 0.08343596059113301 0.014689880304679 0.009236453201970444
23 0.15233949945593037 0.08374384236453201 0.017954298150163223 0.009236453201970444
15 0.09385201305767138 0.0895935960591133 0.05331882480957562 0.06342364532019705
23 0.056583242655059846 0.09205665024630542 0.017410228509249184 0.010467980295566502
4 0.29325353645266594 0.08559113300492611 0.01632208922742111 0.008620689655172414
4 0.1338411316648531 0.09236453201970443 0.015233949945593036 0.008620689655172414
23 0.15369967355821545 0.09390394088669951 0.01632208922742111 0.008620689655172414
23 0.056311207834602826 0.10098522167487685 0.01632208922742111 0.008620689655172414
4 0.13411316648531013 0.1022167487684729 0.015233949945593036 0.007389162561576354
4 0.29298150163220893 0.09667487684729065 0.016866158868335146 0.009852216748768473
23 0.056583242655059846 0.11114532019704433 0.015778019586507073 0.009236453201970444
4 0.13356909684439608 0.11237684729064039 0.015778019586507073 0.008620689655172414
23 0.17600652883569096 0.11299261083743842 0.017954298150163223 0.009852216748768473
23 0.05767138193688792 0.1206896551724138 0.015778019586507073 0.009852216748768473
4 0.21354733405875953 0.11514778325123153 0.013057671381936888 0.009236453201970444
4 0.06964091403699674 0.12931034482758622 0.007616974972796518 0.01600985221674877
4 0.07698585418933623 0.12992610837438423 0.008705114254624592 0.01600985221674877
4 0.10119695321001088 0.12931034482758622 0.008705114254624592 0.0166256157635468
4 0.0941240478781284 0.12992610837438423 0.008161044613710556 0.01600985221674877
4 0.10935799782372144 0.1296182266009852 0.010337323177366704 0.017857142857142856
4 0.12540805223068552 0.1290024630541872 0.008705114254624592 0.01847290640394089
4 0.0854189336235038 0.1308497536945813 0.007616974972796518 0.01600985221674877
4 0.117519042437432 0.1296182266009852 0.009793253536452665 0.01847290640394089
4 0.13411316648531013 0.1290024630541872 0.010337323177366704 0.017241379310344827
23 0.1425462459194777 0.12869458128078817 0.008161044613710556 0.021551724137931036
23 0.1591403699673558 0.12869458128078817 0.009249183895538629 0.019704433497536946
4 0.15070729053318824 0.1290024630541872 0.008705114254624592 0.01847290640394089
4 0.0573993471164309 0.1333128078817734 0.015233949945593036 0.009852216748768473
23 0.17709466811751903 0.1311576354679803 0.01958650707290533 0.008620689655172414
23 0.057127312295973884 0.14501231527093597 0.015778019586507073 0.009852216748768473
23 0.07616974972796518 0.14685960591133004 0.009249183895538629 0.0166256157635468
23 0.09357997823721437 0.14685960591133004 0.008705114254624592 0.0166256157635468
23 0.06991294885745375 0.14839901477832512 0.008161044613710556 0.019088669950738917
4 0.13465723612622416 0.14655172413793102 0.008705114254624592 0.019088669950738917
23 0.08650707290533188 0.14839901477832512 0.008161044613710556 0.017241379310344827
4 0.10201305767138194 0.14839901477832512 0.009249183895538629 0.017857142857142856
23 0.15179542981501631 0.14685960591133004 0.008705114254624592 0.019088669950738917
23 0.1602285092491839 0.14655172413793102 0.007072905331882481 0.017857142857142856
23 0.14363438520130578 0.14747536945812809 0.009249183895538629 0.019704433497536946
4 0.042437431991294884 0.15548029556650247 0.015233949945593036 0.012315270935960592
23 0.05767138193688792 0.1564039408866995 0.01632208922742111 0.009236453201970444
15 0.9007072905331882 0.125 0.06528835690968444 0.06711822660098522
4 0.05848748639825898 0.16533251231527094 0.015233949945593036 0.008620689655172414
23 0.14472252448313383 0.16748768472906403 0.009249183895538629 0.019704433497536946
23 0.13601741022850924 0.16810344827586207 0.007616974972796518 0.019704433497536946
4 0.15342763873775844 0.16779556650246305 0.008705114254624592 0.017241379310344827
23 0.020946681175190423 0.17364532019704434 0.017954298150163223 0.009236453201970444
23 0.041077257889009795 0.17364532019704434 0.017410228509249184 0.010467980295566502
4 0.05903155603917301 0.17395320197044334 0.01632208922742111 0.009236453201970444
33 0.2777475516866159 0.18257389162561577 0.05821545157780196 0.09852216748768473
15 0.3955386289445049 0.1875 0.0941240478781284 0.06157635467980296
4 0.1248639825897715 0.23214285714285715 0.014689880304679 0.008620689655172414
4 0.09249183895538629 0.23368226600985223 0.017954298150163223 0.011083743842364532
4 0.1248639825897715 0.24969211822660098 0.01632208922742111 0.009852216748768473
15 0.5252992383025027 0.24661330049261085 0.04570184983677911 0.05480295566502463
23 0.4496735582154516 0.2567733990147783 0.017410228509249184 0.046182266009852216
15 0.39173014145810664 0.2669334975369458 0.08269858541893363 0.08620689655172414
23 0.49075081610446136 0.2872536945812808 0.017954298150163223 0.008620689655172414
4 0.09330794341675734 0.3069581280788177 0.01632208922742111 0.009852216748768473
4 0.5068008705114254 0.291564039408867 0.007616974972796518 0.01847290640394089
23 0.49183895538628947 0.29679802955665024 0.017410228509249184 0.010467980295566502
4 0.12622415669205658 0.31157635467980294 0.014145810663764961 0.008620689655172414
4 0.9085963003264418 0.2850985221674877 0.013601741022850925 0.03140394088669951
4 0.9447769314472253 0.28448275862068967 0.013601741022850925 0.03263546798029557
15 0.2921653971708379 0.31896551724137934 0.07997823721436344 0.13054187192118227
4 0.09521218715995647 0.37592364532019706 0.015778019586507073 0.012315270935960592
4 0.9768770402611534 0.34298029556650245 0.015778019586507073 0.010467980295566502
23 0.028291621327529923 0.38392857142857145 0.019042437431991296 0.01416256157635468
4 0.12840043525571274 0.3805418719211823 0.015778019586507073 0.009852216748768473
4 0.9771490750816104 0.3522167487684729 0.015233949945593036 0.01293103448275862
4 0.9594668117519043 0.35314039408866993 0.016866158868335146 0.009852216748768473
23 0.028019586507072904 0.39285714285714285 0.01632208922742111 0.008004926108374385
4 0.9774211099020674 0.36176108374384236 0.01632208922742111 0.008620689655172414
23 0.9597388465723613 0.36299261083743845 0.01632208922742111 0.008620689655172414
4 0.029651795429815015 0.4027093596059113 0.022306855277475515 0.011083743842364532
4 0.9771490750816104 0.37099753694581283 0.016866158868335146 0.011699507389162561
23 0.9602829162132753 0.37222906403940886 0.01632208922742111 0.009236453201970444
23 0.029923830250272034 0.4128694581280788 0.019042437431991296 0.009852216748768473
23 0.4314472252448313 0.4005541871921182 0.016866158868335146 0.009852216748768473
23 0.9594668117519043 0.3811576354679803 0.018498367791077257 0.009236453201970444
23 0.030195865070729053 0.42179802955665024 0.019042437431991296 0.009852216748768473
4 0.9776931447225244 0.3891625615763547 0.015233949945593036 0.008004926108374385
23 0.4311751904243743 0.41133004926108374 0.01632208922742111 0.008004926108374385
4 0.9600108813928183 0.3913177339901478 0.017954298150163223 0.009236453201970444
4 0.030195865070729053 0.43103448275862066 0.016866158868335146 0.008620689655172414
23 0.09820457018498367 0.4319581280788177 0.019042437431991296 0.010467980295566502
4 0.9776931447225244 0.3983990147783251 0.015778019586507073 0.009236453201970444
4 0.4311751904243743 0.4202586206896552 0.015778019586507073 0.009852216748768473
23 0.44804134929270945 0.4202586206896552 0.016866158868335146 0.008004926108374385
23 0.9597388465723613 0.4005541871921182 0.016866158868335146 0.010467980295566502
23 0.030467899891186073 0.4393472906403941 0.017954298150163223 0.011083743842364532
23 0.13003264417845484 0.43811576354679804 0.017954298150163223 0.008620689655172414
23 0.43035908596300326 0.4291871921182266 0.015233949945593036 0.008004926108374385
23 0.4730685527747552 0.42795566502463056 0.01632208922742111 0.008004926108374385
4 0.9779651795429815 0.4082512315270936 0.018498367791077257 0.011083743842364532
23 0.4885745375408052 0.42764778325123154 0.015233949945593036 0.008004926108374385
23 0.4469532100108814 0.4294950738916256 0.01632208922742111 0.008620689655172414
23 0.9605549510337323 0.40948275862068967 0.016866158868335146 0.008620689655172414
23 0.44776931447225243 0.437807881773399 0.017410228509249184 0.009236453201970444
4 0.9600108813928183 0.41841133004926107 0.01632208922742111 0.011699507389162561
23 0.4730685527747552 0.437807881773399 0.015778019586507073 0.009236453201970444
23 0.4485854189336235 0.44612068965517243 0.014689880304679 0.009236453201970444
23 0.4736126224156692 0.4455049261083744 0.014145810663764961 0.0067733990147783255
4 0.9795973884657236 0.42764778325123154 0.01632208922742111 0.01293103448275862
23 0.4485854189336235 0.45504926108374383 0.015778019586507073 0.007389162561576354
23 0.4295429815016322 0.4562807881773399 0.018498367791077257 0.008620689655172414
4 0.4736126224156692 0.4547413793103448 0.013601741022850925 0.006157635467980296
23 0.9616430903155604 0.44612068965517243 0.02013057671381937 0.009852216748768473
4 0.9790533188248096 0.44612068965517243 0.015778019586507073 0.010467980295566502
4 0.09711643090315561 0.4858374384236453 0.015778019586507073 0.009852216748768473
23 0.397714907508161 0.4766009852216749 0.008705114254624592 0.019704433497536946
23 0.38900979325353646 0.4772167487684729 0.008161044613710556 0.020320197044334975
4 0.397714907508161 0.4978448275862069 0.007072905331882481 0.01600985221674877
23 0.40642002176278563 0.4978448275862069 0.008161044613710556 0.019088669950738917
23 0.0024483133841131663 0.5147783251231527 0.004352557127312296 0.008620689655172414
23 0.013873775843307944 0.5150862068965517 0.015233949945593036 0.008620689655172414
23 0.9627312295973884 0.4975369458128079 0.02013057671381937 0.010467980295566502
23 0.9613710554951034 0.5058497536945813 0.02013057671381937 0.008620689655172414
15 0.7959738846572362 0.5184729064039408 0.24918389553862894 0.27955665024630544
4 0.9630032644178455 0.5169334975369458 0.016866158868335146 0.011083743842364532
23 0.9643634385201306 0.5464901477832512 0.019042437431991296 0.009852216748768473
23 0.9646354733405876 0.5551108374384236 0.01958650707290533 0.011699507389162561