30 0.38652482269503546 0.46736453201970446 0.008105369807497468 0.010467980295566502
23 0.37335359675785207 0.4698275862068966 0.002026342451874367 0.009236453201970444
23 0.36727456940222897 0.47044334975369456 0.005065856129685917 0.012315270935960592
4 0.682370820668693 0.47167487684729065 0.006585612968591692 0.0049261083743842365
4 0.7310030395136778 0.47167487684729065 0.002026342451874367 0.008620689655172414
4 0.6382978723404256 0.47783251231527096 0.0035460992907801418 0.009236453201970444
4 0.6322188449848024 0.479064039408867 0.0035460992907801418 0.010467980295566502
4 0.7492401215805471 0.48091133004926107 0.005065856129685917 0.003078817733990148
23 0.43465045592705165 0.48214285714285715 0.010131712259371834 0.0067733990147783255
4 0.30851063829787234 0.48214285714285715 0.028368794326241134 0.04002463054187192
23 0.37335359675785207 0.4839901477832512 0.0060790273556231 0.012315270935960592
4 0.3799392097264438 0.4839901477832512 0.005572441742654508 0.012315270935960592
4 0.10486322188449848 0.4839901477832512 0.031914893617021274 0.034482758620689655
23 0.3677811550151976 0.48460591133004927 0.00303951367781155 0.008620689655172414
4 0.47011144883485306 0.4858374384236453 0.034447821681864235 0.038177339901477834
23 0.4341438703140831 0.4895320197044335 0.010131712259371834 0.006157635467980296
23 0.4473150962512665 0.4963054187192118 0.011144883485309016 0.006157635467980296
23 0.4341438703140831 0.49692118226600984 0.011144883485309016 0.0067733990147783255
4 0.6155015197568389 0.5049261083743842 0.005065856129685917 0.0049261083743842365
23 0.44680851063829785 0.5055418719211823 0.010638297872340425 0.005541871921182266
23 0.4341438703140831 0.5061576354679803 0.011144883485309016 0.007389162561576354
15 0.378419452887538 0.5092364532019704 0.02077001013171226 0.01416256157635468
23 0.4473150962512665 0.5135467980295566 0.011144883485309016 0.006157635467980296
23 0.4351570415400203 0.5147783251231527 0.011144883485309016 0.007389162561576354
4 0.23100303951367782 0.521551724137931 0.0121580547112462 0.009236453201970444
4 0.16312056737588654 0.5233990147783252 0.0121580547112462 0.008620689655172414
23 0.5921985815602837 0.5240147783251231 0.0070921985815602835 0.01416256157635468
4 0.599290780141844 0.5246305418719212 0.0060790273556231 0.013546798029556651
4 0.5840932117527862 0.5252463054187192 0.0025329280648429585 0.008620689655172414
4 0.1833839918946302 0.5283251231527094 0.010131712259371834 0.007389162561576354
15 0.9908814589665653 0.5295566502463054 0.013677811550151976 0.02894088669950739
23 0.36423505572441744 0.5320197044334976 0.005572441742654508 0.014778325123152709
23 0.4341438703140831 0.5326354679802956 0.008611955420466059 0.005541871921182266
23 0.389564336372847 0.5338669950738916 0.006585612968591692 0.013546798029556651
15 0.9311043566362716 0.5357142857142857 0.018743667679837893 0.01600985221674877
4 0.6068895643363729 0.5406403940886699 0.006585612968591692 0.011699507389162561
4 0.5709219858156028 0.5406403940886699 0.0025329280648429585 0.007389162561576354
23 0.5795339412360689 0.541256157635468 0.005065856129685917 0.01293103448275862
23 0.5653495440729484 0.541256157635468 0.006585612968591692 0.01416256157635468
4 0.5851063829787234 0.541256157635468 0.006585612968591692 0.013546798029556651
4 0.599290780141844 0.541256157635468 0.0070921985815602835 0.01539408866995074
4 0.9457953394123607 0.5431034482758621 0.0025329280648429585 0.008004926108374385
23 0.43465045592705165 0.5449507389162561 0.010131712259371834 0.008004926108374385
4 0.3905775075987842 0.5504926108374384 0.008611955420466059 0.004310344827586207
4 0.9012158054711246 0.5511083743842364 0.00303951367781155 0.011083743842364532
23 0.4341438703140831 0.5523399014778325 0.010131712259371834 0.006157635467980296
23 0.389564336372847 0.5578817733990148 0.011144883485309016 0.006157635467980296
23 0.5754812563323202 0.562807881773399 0.007598784194528876 0.003694581280788177
4 0.389564336372847 0.5646551724137931 0.01165146909827761 0.006157635467980296
4 0.9782168186423505 0.5677339901477833 0.004052684903748734 0.0067733990147783255
30 0.9898682877406282 0.5683497536945813 0.008611955420466059 0.011083743842364532
4 0.9002026342451874 0.5689655172413793 0.0035460992907801418 0.0067733990147783255
4 0.8135764944275583 0.5689655172413793 0.002026342451874367 0.008004926108374385
4 0.9665653495440729 0.5689655172413793 0.001519756838905775 0.007389162561576354
4 0.8419452887537994 0.5695812807881774 0.002026342451874367 0.011083743842364532
4 0.8480243161094225 0.5701970443349754 0.0025329280648429585 0.007389162561576354
4 0.8546099290780141 0.5701970443349754 0.00303951367781155 0.008004926108374385
4 0.4381965552178318 0.5708128078817734 0.010131712259371834 0.006157635467980296
4 0.9118541033434651 0.5708128078817734 0.00303951367781155 0.009236453201970444
23 0.3890577507598784 0.5714285714285714 0.010638297872340425 0.005541871921182266
4 0.8622087132725431 0.5714285714285714 0.004559270516717325 0.009852216748768473
23 0.450354609929078 0.5775862068965517 0.012664640324214792 0.0067733990147783255
23 0.5780141843971631 0.5794334975369458 0.002026342451874367 0.008620689655172414
23 0.5906788247213779 0.5794334975369458 0.00303951367781155 0.007389162561576354
23 0.3890577507598784 0.5794334975369458 0.009625126646403243 0.005541871921182266
4 0.5845997973657548 0.5794334975369458 0.005572441742654508 0.01416256157635468
23 0.5709219858156028 0.5800492610837439 0.0025329280648429585 0.009852216748768473
23 0.5612968591691996 0.5800492610837439 0.006585612968591692 0.012315270935960592
23 0.5547112462006079 0.5806650246305419 0.006585612968591692 0.013546798029556651
23 0.5476190476190477 0.5806650246305419 0.0060790273556231 0.013546798029556651
4 0.790273556231003 0.5812807881773399 0.00303951367781155 0.011083743842364532
4 0.27608915906788245 0.5818965517241379 0.0060790273556231 0.01293103448275862
4 0.25227963525835867 0.5825123152709359 0.005572441742654508 0.013546798029556651
4 0.25886524822695034 0.5825123152709359 0.0070921985815602835 0.014778325123152709
4 0.3009118541033435 0.583743842364532 0.01165146909827761 0.019704433497536946
4 0.24620060790273557 0.583743842364532 0.007598784194528876 0.014778325123152709
4 0.7968591691995948 0.5843596059113301 0.002026342451874367 0.010467980295566502
4 0.8069908814589666 0.5843596059113301 0.00303951367781155 0.0067733990147783255
23 0.450354609929078 0.5843596059113301 0.0121580547112462 0.006157635467980296
23 0.3905775075987842 0.5862068965517241 0.009625126646403243 0.005541871921182266
4 0.23505572441742653 0.5868226600985221 0.0121580547112462 0.019704433497536946
4 0.44984802431610943 0.5923645320197044 0.012664640324214792 0.008620689655172414
30 0.03546099290780142 0.5929802955665024 0.011144883485309016 0.011699507389162561
4 0.3900709219858156 0.5942118226600985 0.010131712259371834 0.0067733990147783255
4 0.3465045592705167 0.5942118226600985 0.0060790273556231 0.01416256157635468
4 0.35916919959473154 0.5942118226600985 0.005065856129685917 0.0166256157635468
4 0.35309017223910844 0.5942118226600985 0.005572441742654508 0.014778325123152709
4 0.36524822695035464 0.5942118226600985 0.0060790273556231 0.01539408866995074
30 0.05015197568389058 0.5948275862068966 0.013677811550151976 0.017857142857142856
4 0.5775075987841946 0.5948275862068966 0.005572441742654508 0.013546798029556651
4 0.5845997973657548 0.5954433497536946 0.006585612968591692 0.014778325123152709
4 0.3049645390070922 0.6009852216748769 0.0060790273556231 0.01293103448275862
4 0.2983789260385005 0.6028325123152709 0.007598784194528876 0.01539408866995074
23 0.49645390070921985 0.603448275862069 0.009625126646403243 0.003078817733990148
4 0.28318135764944274 0.603448275862069 0.006585612968591692 0.01416256157635468
23 0.26393110435663625 0.604064039408867 0.0060790273556231 0.0166256157635468
4 0.5075987841945289 0.6065270935960592 0.006585612968591692 0.01539408866995074
15 0.09017223910840932 0.6071428571428571 0.06180344478216818 0.07512315270935961
23 0.5840932117527862 0.6077586206896551 0.0025329280648429585 0.008004926108374385
23 0.5775075987841946 0.6077586206896551 0.0035460992907801418 0.008620689655172414
4 0.5597771023302939 0.6096059113300493 0.027862208713272545 0.03694581280788178
23 0.4959473150962513 0.6108374384236454 0.005572441742654508 0.003694581280788177
30 0.03596757852077001 0.6120689655172413 0.012664640324214792 0.020320197044334975
30 0.04964539007092199 0.6120689655172413 0.013171225937183385 0.017857142857142856
4 0.36322188449848025 0.6194581280788177 0.005065856129685917 0.011699507389162561
4 0.35714285714285715 0.6200738916256158 0.0060790273556231 0.01416256157635468
4 0.38247213779128675 0.6231527093596059 0.031914893617021274 0.038177339901477834
4 0.5845997973657548 0.6237684729064039 0.006585612968591692 0.01293103448275862
4 0.23252279635258358 0.6299261083743842 0.008105369807497468 0.004310344827586207
23 0.02127659574468085 0.6317733990147784 0.01165146909827761 0.0049261083743842365
23 0.021783181357649443 0.6385467980295566 0.010638297872340425 0.0049261083743842365
4 0.9756838905775076 0.6397783251231527 0.03292806484295846 0.038177339901477834
30 0.03596757852077001 0.6410098522167488 0.013677811550151976 0.01539408866995074
4 0.5612968591691996 0.6490147783251231 0.03292806484295846 0.033866995073891626
23 0.11043566362715299 0.6545566502463054 0.0121580547112462 0.008004926108374385
23 0.09523809523809523 0.6551724137931034 0.010638297872340425 0.008620689655172414
23 0.054204660587639314 0.6557881773399015 0.010131712259371834 0.0067733990147783255
4 0.08206686930091185 0.6564039408866995 0.013677811550151976 0.008620689655172414
30 0.0364741641337386 0.6594827586206896 0.01165146909827761 0.020935960591133004
23 0.1894630192502533 0.6600985221674877 0.005065856129685917 0.003694581280788177
4 0.3637284701114488 0.6607142857142857 0.009625126646403243 0.003694581280788177
15 0.49949341438703143 0.6607142857142857 0.018743667679837893 0.023399014778325122
4 0.3475177304964539 0.6613300492610837 0.0121580547112462 0.0049261083743842365
4 0.10891590678824721 0.6637931034482759 0.013677811550151976 0.009236453201970444
4 0.3495440729483283 0.6674876847290641 0.01165146909827761 0.0067733990147783255
4 0.36271529888551163 0.6681034482758621 0.008611955420466059 0.006157635467980296
23 0.22796352583586627 0.6717980295566502 0.007598784194528876 0.003694581280788177
23 0.35005065856129686 0.6754926108374384 0.006585612968591692 0.0024630541871921183
23 0.3617021276595745 0.6761083743842364 0.005065856129685917 0.0012315270935960591
4 0.9761904761904762 0.6767241379310345 0.02634245187436677 0.04064039408866995
4 0.44782168186423504 0.6810344827586207 0.025329280648429583 0.03140394088669951
4 0.8662613981762918 0.6816502463054187 0.030395136778115502 0.0332512315270936
4 0.3495440729483283 0.6822660098522167 0.0060790273556231 0.0024630541871921183
23 0.40070921985815605 0.062192118226600986 0.005572441742654508 0.0018472906403940886
4 0.19148936170212766 0.687807881773399 0.0060790273556231 0.003694581280788177
4 0.34802431610942247 0.6890394088669951 0.0060790273556231 0.003078817733990148
4 0.4138804457953394 0.062192118226600986 0.00911854103343465 0.005541871921182266
23 0.33789260385005065 0.06280788177339902 0.008105369807497468 0.004310344827586207
4 0.35005065856129686 0.06342364532019705 0.008105369807497468 0.0049261083743842365
23 0.22036474164133737 0.6995073891625616 0.004559270516717325 0.003078817733990148
4 0.9341438703140831 0.7105911330049262 0.00303951367781155 0.0067733990147783255
23 0.9219858156028369 0.7105911330049262 0.0035460992907801418 0.010467980295566502
23 0.22188449848024316 0.7105911330049262 0.005572441742654508 0.0024630541871921183
23 0.8723404255319149 0.7112068965517241 0.001519756838905775 0.008004926108374385
4 0.513677811550152 0.7112068965517241 0.023809523809523808 0.03017241379310345
23 0.776595744680851 0.7112068965517241 0.00303951367781155 0.007389162561576354
23 0.9022289766970618 0.7112068965517241 0.0025329280648429585 0.008004926108374385
23 0.8794326241134752 0.7118226600985221 0.002026342451874367 0.008620689655172414
23 0.671225937183384 0.7118226600985221 0.0025329280648429585 0.0067733990147783255
23 0.8039513677811551 0.7124384236453202 0.0035460992907801418 0.008620689655172414
4 0.92806484295846 0.7124384236453202 0.004052684903748734 0.008620689655172414
23 0.7700101317122594 0.7124384236453202 0.00303951367781155 0.008620689655172414
23 0.6889564336372846 0.7130541871921182 0.001519756838905775 0.006157635467980296
23 0.6484295845997974 0.7130541871921182 0.0025329280648429585 0.008004926108374385
23 0.7973657548125633 0.7130541871921182 0.00303951367781155 0.009852216748768473
23 0.5653495440729484 0.7130541871921182 0.001519756838905775 0.007389162561576354
23 0.6818642350557245 0.7130541871921182 0.002026342451874367 0.008620689655172414
23 0.6767983789260384 0.7130541871921182 0.001519756838905775 0.009236453201970444
23 0.20871327254305977 0.7136699507389163 0.006585612968591692 0.0024630541871921183
23 0.64387031408308 0.7136699507389163 0.001519756838905775 0.0067733990147783255
23 0.6185410334346505 0.7136699507389163 0.0025329280648429585 0.007389162561576354
23 0.3505572441742654 0.7142857142857143 0.005065856129685917 0.003694581280788177
23 0.5704154002026343 0.7142857142857143 0.0025329280648429585 0.009852216748768473
23 0.5597771023302939 0.7149014778325123 0.001519756838905775 0.007389162561576354
23 0.6231003039513677 0.7149014778325123 0.002026342451874367 0.008004926108374385
23 0.7451874366767984 0.7149014778325123 0.001519756838905775 0.008004926108374385
23 0.7122593718338399 0.7161330049261084 0.001519756838905775 0.007389162561576354
23 0.707193515704154 0.7167487684729064 0.002026342451874367 0.0067733990147783255
23 0.7001013171225937 0.7173645320197044 0.0010131712259371835 0.009236453201970444
23 0.22137791286727457 0.7173645320197044 0.005572441742654508 0.0024630541871921183
23 0.6945288753799392 0.7173645320197044 0.002026342451874367 0.009236453201970444
23 0.20820668693009117 0.7222906403940886 0.0070921985815602835 0.004310344827586207
23 0.4371833839918946 0.7222906403940886 0.007598784194528876 0.003694581280788177
23 0.4508611955420466 0.7235221674876847 0.005065856129685917 0.0024630541871921183
23 0.22188449848024316 0.7241379310344828 0.005065856129685917 0.0024630541871921183
23 0.207193515704154 0.7278325123152709 0.005065856129685917 0.0018472906403940886
23 0.4513677811550152 0.729679802955665 0.0060790273556231 0.0024630541871921183
23 0.43617021276595747 0.729679802955665 0.005065856129685917 0.0012315270935960591
23 0.22239108409321176 0.7333743842364532 0.005572441742654508 0.003694581280788177
23 0.207193515704154 0.7339901477832512 0.0070921985815602835 0.003078817733990148
4 0.4508611955420466 0.7370689655172413 0.008611955420466059 0.003694581280788177
23 0.4381965552178318 0.7376847290640394 0.007598784194528876 0.003694581280788177
4 0.26393110435663625 0.06711822660098522 0.004559270516717325 0.012315270935960592
23 0.22188449848024316 0.7389162561576355 0.007598784194528876 0.0049261083743842365
23 0.2077001013171226 0.7419950738916257 0.0070921985815602835 0.003694581280788177
4 0.2512664640324215 0.06711822660098522 0.0035460992907801418 0.012315270935960592
4 0.2573454913880446 0.06773399014778325 0.004559270516717325 0.011699507389162561
4 0.2684903748733536 0.06773399014778325 0.004052684903748734 0.012315270935960592
4 0.04559270516717325 0.7432266009852216 0.002026342451874367 0.008004926108374385
23 0.06940222897669707 0.7432266009852216 0.0025329280648429585 0.007389162561576354
23 0.0800405268490375 0.7438423645320197 0.004559270516717325 0.009236453201970444
4 0.07497467071935157 0.7444581280788177 0.004052684903748734 0.011699507389162561
4 0.43566362715298884 0.7450738916256158 0.005065856129685917 0.003694581280788177
23 0.4508611955420466 0.7463054187192119 0.006585612968591692 0.003694581280788177
23 0.22239108409321176 0.7469211822660099 0.006585612968591692 0.003694581280788177
23 0.29027355623100304 0.7469211822660099 0.0025329280648429585 0.006157635467980296
4 0.29533941236068895 0.7475369458128078 0.00303951367781155 0.007389162561576354
4 0.24518743667679838 0.06773399014778325 0.004559270516717325 0.011699507389162561
4 0.2806484295845998 0.06773399014778325 0.004559270516717325 0.013546798029556651
23 0.2786220871327254 0.7481527093596059 0.002026342451874367 0.008620689655172414
23 0.28419452887537994 0.7487684729064039 0.0025329280648429585 0.008620689655172414
4 0.19655521783181357 0.749384236453202 0.005572441742654508 0.003078817733990148
23 0.20972644376899696 0.75 0.006585612968591692 0.003078817733990148
4 0.17325227963525835 0.750615763546798 0.023809523809523808 0.02586206896551724
4 0.07446808510638298 0.06834975369458128 0.0025329280648429585 0.008620689655172414
4 0.4508611955420466 0.7536945812807881 0.005572441742654508 0.003078817733990148
23 0.35916919959473154 0.7543103448275862 0.00303951367781155 0.008620689655172414
23 0.3525835866261398 0.7549261083743842 0.001519756838905775 0.006157635467980296
23 0.22239108409321176 0.7549261083743842 0.005572441742654508 0.003078817733990148
23 0.3394123606889564 0.7555418719211823 0.0035460992907801418 0.008004926108374385
23 0.3465045592705167 0.7555418719211823 0.0025329280648429585 0.009236453201970444
4 0.1469098277608916 0.7567733990147784 0.0025329280648429585 0.009236453201970444
4 0.08662613981762918 0.06896551724137931 0.00303951367781155 0.009852216748768473
23 0.08054711246200608 0.06896551724137931 0.0025329280648429585 0.008004926108374385
4 0.24366767983789261 0.7604679802955665 0.005572441742654508 0.010467980295566502
4 0.22289766970618036 0.7616995073891626 0.011144883485309016 0.003694581280788177
4 0.39918946301925023 0.06958128078817734 0.0070921985815602835 0.004310344827586207
4 0.4508611955420466 0.7623152709359606 0.0070921985815602835 0.004310344827586207
4 0.0547112462006079 0.7660098522167488 0.021783181357649443 0.023399014778325122
23 0.3383991894630192 0.0708128078817734 0.008105369807497468 0.0049261083743842365
4 0.20618034447821681 0.7727832512315271 0.00911854103343465 0.013546798029556651
23 0.35106382978723405 0.0708128078817734 0.0060790273556231 0.003694581280788177
23 0.18490374873353596 0.7838669950738916 0.0060790273556231 0.004310344827586207
23 0.19756838905775076 0.7838669950738916 0.005065856129685917 0.0024630541871921183
4 0.21023302938196556 0.7887931034482759 0.004052684903748734 0.009236453201970444
4 0.18541033434650456 0.791256157635468 0.0060790273556231 0.004310344827586207
23 0.19858156028368795 0.7924876847290641 0.005065856129685917 0.0024630541871921183
4 0.18541033434650456 0.7986453201970444 0.004559270516717325 0.0024630541871921183
4 0.18591691995947315 0.8078817733990148 0.005572441742654508 0.003078817733990148
23 0.28419452887537994 0.8201970443349754 0.0121580547112462 0.013546798029556651
23 0.1828774062816616 0.8282019704433498 0.0035460992907801418 0.009236453201970444
4 0.05369807497467072 0.8362068965517241 0.0243161094224924 0.025246305418719212
4 0.41185410334346506 0.0769704433497537 0.008611955420466059 0.004310344827586207
23 0.35106382978723405 0.07758620689655173 0.0070921985815602835 0.003078817733990148
4 0.16666666666666666 0.8608374384236454 0.011144883485309016 0.004310344827586207
4 0.1099290780141844 0.8633004926108374 0.015704154002026342 0.0049261083743842365
4 0.14944275582573455 0.8645320197044335 0.014184397163120567 0.008620689655172414
4 0.1393110435663627 0.07943349753694581 0.008105369807497468 0.003694581280788177
4 0.025835866261398176 0.8651477832512315 0.0070921985815602835 0.005541871921182266
4 0.1661600810536981 0.8688423645320197 0.007598784194528876 0.0049261083743842365
4 0.10790273556231003 0.8706896551724138 0.007598784194528876 0.003078817733990148
4 0.9427558257345492 0.8836206896551724 0.0070921985815602835 0.0067733990147783255
23 0.1762917933130699 0.8866995073891626 0.005065856129685917 0.004310344827586207
4 0.09017223910840932 0.8934729064039408 0.005065856129685917 0.003078817733990148
4 0.9670719351570415 0.8934729064039408 0.009625126646403243 0.008004926108374385
23 0.07750759878419453 0.9014778325123153 0.008611955420466059 0.021551724137931036
23 0.09067882472137791 0.9020935960591133 0.0060790273556231 0.004310344827586207
4 0.5293819655521783 0.9051724137931034 0.031408308004052685 0.033866995073891626
23 0.08915906788247213 0.9094827586206896 0.006585612968591692 0.0018472906403940886
23 0.09017223910840932 0.9156403940886699 0.004559270516717325 0.0024630541871921183
4 0.9148936170212766 0.9174876847290641 0.0060790273556231 0.007389162561576354
4 0.8074974670719351 0.9187192118226601 0.0035460992907801418 0.008620689655172414
4 0.9331306990881459 0.9193349753694581 0.0035460992907801418 0.01293103448275862
4 0.9260385005065856 0.9193349753694581 0.004052684903748734 0.012315270935960592
4 0.878419452887538 0.9193349753694581 0.0035460992907801418 0.008004926108374385
4 0.795339412360689 0.9193349753694581 0.0060790273556231 0.01293103448275862
4 0.9012158054711246 0.9199507389162561 0.0035460992907801418 0.007389162561576354
4 0.9397163120567376 0.9199507389162561 0.004052684903748734 0.01539408866995074
4 0.8323201621073961 0.9199507389162561 0.004052684903748734 0.009236453201970444
4 0.7649442755825735 0.9199507389162561 0.004052684903748734 0.008004926108374385
4 0.8546099290780141 0.9199507389162561 0.004052684903748734 0.008620689655172414
4 0.8657548125633232 0.9205665024630542 0.004052684903748734 0.008004926108374385
4 0.6884498480243161 0.9205665024630542 0.008105369807497468 0.017241379310344827
4 0.060790273556231005 0.9205665024630542 0.013677811550151976 0.0067733990147783255
4 0.8910840932117527 0.9205665024630542 0.002026342451874367 0.008620689655172414
4 0.04711246200607903 0.9205665024630542 0.006585612968591692 0.0049261083743842365
4 0.8429584599797366 0.9205665024630542 0.0025329280648429585 0.008620689655172414
4 0.7406281661600811 0.9211822660098522 0.0035460992907801418 0.0067733990147783255
4 0.78419452887538 0.9211822660098522 0.007598784194528876 0.011699507389162561
4 0.8191489361702128 0.9211822660098522 0.006585612968591692 0.011699507389162561
4 0.7274569402228976 0.9217980295566502 0.002026342451874367 0.014778325123152709
4 0.6545086119554204 0.9217980295566502 0.0060790273556231 0.01539408866995074
4 0.6180344478216818 0.9217980295566502 0.0060790273556231 0.01293103448275862
4 0.6757852077001013 0.9217980295566502 0.005572441742654508 0.01293103448275862
4 0.7710233029381965 0.9217980295566502 0.00911854103343465 0.011699507389162561
23 0.09017223910840932 0.9217980295566502 0.004559270516717325 0.0018472906403940886
4 0.5851063829787234 0.9217980295566502 0.005572441742654508 0.011083743842364532
4 0.5937183383991894 0.9224137931034483 0.007598784194528876 0.014778325123152709
4 0.6306990881458967 0.9224137931034483 0.0070921985815602835 0.01600985221674877
4 0.5612968591691996 0.9224137931034483 0.004052684903748734 0.014778325123152709
4 0.5724417426545086 0.9230295566502463 0.00303951367781155 0.01293103448275862
15 0.9604863221884499 0.9230295566502463 0.016210739614994935 0.020935960591133004
4 0.6651469098277609 0.9242610837438424 0.0035460992907801418 0.01600985221674877
4 0.605369807497467 0.9242610837438424 0.0070921985815602835 0.01539408866995074
4 0.061296859169199594 0.9279556650246306 0.0070921985815602835 0.003078817733990148
4 0.11752786220871327 0.9285714285714286 0.008611955420466059 0.0024630541871921183
23 0.09067882472137791 0.9285714285714286 0.004559270516717325 0.0018472906403940886
4 0.06180344478216818 0.9359605911330049 0.00911854103343465 0.003694581280788177
4 0.7411347517730497 0.937807881773399 0.016210739614994935 0.01600985221674877
23 0.41185410334346506 0.08682266009852217 0.004559270516717325 0.003694581280788177
23 0.35207700101317124 0.0874384236453202 0.0060790273556231 0.0049261083743842365
4 0.7137791286727457 0.9396551724137931 0.02988855116514691 0.03263546798029557
4 0.754305977710233 0.9396551724137931 0.0035460992907801418 0.003078817733990148
4 0.8105369807497467 0.9396551724137931 0.008611955420466059 0.003078817733990148
4 0.06231003039513678 0.9427339901477833 0.010131712259371834 0.0067733990147783255
4 0.8976697061803445 0.9433497536945813 0.027862208713272545 0.03201970443349754
23 0.40070921985815605 0.0874384236453202 0.007598784194528876 0.0049261083743842365
4 0.9321175278622087 0.9495073891625616 0.030395136778115502 0.02894088669950739
23 0.04913880445795339 0.9562807881773399 0.00911854103343465 0.004310344827586207
30 0.8378926038500507 0.9575123152709359 0.008611955420466059 0.008620689655172414
23 0.44376899696048633 0.9593596059113301 0.008611955420466059 0.003078817733990148
4 0.7279635258358662 0.9618226600985221 0.00911854103343465 0.013546798029556651
4 0.8105369807497467 0.9636699507389163 0.012664640324214792 0.005541871921182266
4 0.0486322188449848 0.9642857142857143 0.008105369807497468 0.005541871921182266
30 0.7011144883485309 0.9655172413793104 0.005572441742654508 0.011083743842364532
23 0.7401215805471124 0.9667487684729064 0.005065856129685917 0.0024630541871921183
4 0.7532928064842959 0.9673645320197044 0.010638297872340425 0.0067733990147783255
15 0.7821681864235056 0.9710591133004927 0.025329280648429583 0.05665024630541872
23 0.19908814589665655 0.9716748768472906 0.0010131712259371835 0.0067733990147783255
23 0.1945288753799392 0.9722906403940886 0.001519756838905775 0.007389162561576354
23 0.09371833839918946 0.9735221674876847 0.002026342451874367 0.006157635467980296
23 0.15450861195542046 0.9753694581280788 0.008105369807497468 0.004310344827586207
4 0.75177304964539 0.9753694581280788 0.007598784194528876 0.0018472906403940886
23 0.7396149949341438 0.9753694581280788 0.005572441742654508 0.0024630541871921183
4 0.8100303951367781 0.9753694581280788 0.010638297872340425 0.007389162561576354
4 0.05167173252279635 0.9759852216748769 0.01165146909827761 0.0067733990147783255
4 0.9625126646403243 0.9778325123152709 0.008611955420466059 0.01600985221674877
23 0.7001013171225937 0.978448275862069 0.005065856129685917 0.0024630541871921183
4 0.04812563323201621 0.9821428571428571 0.012664640324214792 0.007389162561576354
4 0.7198581560283688 0.9827586206896551 0.016717325227963525 0.019704433497536946
23 0.6980749746707193 0.9858374384236454 0.0060790273556231 0.0018472906403940886
23 0.9316109422492401 0.9870689655172413 0.004559270516717325 0.008620689655172414
30 0.1519756838905775 0.9870689655172413 0.00911854103343465 0.011699507389162561
30 0.20921985815602837 0.9883004926108374 0.006585612968591692 0.010467980295566502
23 0.1697061803444782 0.9883004926108374 0.001519756838905775 0.009236453201970444
23 0.1413373860182371 0.9889162561576355 0.001519756838905775 0.008004926108374385
30 0.19199594731509625 0.9889162561576355 0.006585612968591692 0.011699507389162561
23 0.1646403242147923 0.9889162561576355 0.0025329280648429585 0.008004926108374385
23 0.1818642350557244 0.9889162561576355 0.002026342451874367 0.009852216748768473
23 0.11144883485309018 0.9889162561576355 0.0025329280648429585 0.008004926108374385
23 0.12917933130699089 0.9889162561576355 0.0025329280648429585 0.009236453201970444
23 0.10536980749746708 0.9889162561576355 0.001519756838905775 0.0067733990147783255
23 0.135258358662614 0.9895320197044335 0.0025329280648429585 0.0067733990147783255
23 0.08713272543059777 0.9895320197044335 0.001519756838905775 0.008620689655172414
23 0.09929078014184398 0.9895320197044335 0.0025329280648429585 0.007389162561576354
23 0.12360688956433637 0.9901477832512315 0.00303951367781155 0.008004926108374385
4 0.09371833839918946 0.9901477832512315 0.002026342451874367 0.008004926108374385
23 0.11752786220871327 0.9907635467980296 0.0025329280648429585 0.009852216748768473
23 0.7107396149949341 0.9938423645320197 0.0060790273556231 0.0018472906403940886
23 0.6995947315096251 0.9944581280788177 0.006585612968591692 0.0024630541871921183
4 0.754305977710233 0.9959975369458128 0.0121580547112462 0.0067733990147783255
4 0.9582066869300911 0.9956896551724138 0.010638297872340425 0.007389162561576354
23 0.439209726443769 0.9981527093596059 0.00911854103343465 0.0024630541871921183
4 0.9159067882472138 0.9984605911330049 0.008105369807497468 0.0018472906403940886
4 0.9285714285714286 0.9987684729064039 0.0070921985815602835 0.0012315270935960591
30 0.9766970618034447 0.9938423645320197 0.019250253292806486 0.011083743842364532
23 0.4148936170212766 0.09482758620689655 0.010131712259371834 0.0049261083743842365
23 0.4017223910840932 0.0960591133004926 0.008611955420466059 0.003694581280788177
23 0.39868287740628167 0.10160098522167488 0.0035460992907801418 0.0018472906403940886
23 0.41286727456940225 0.10406403940886699 0.0070921985815602835 0.0024630541871921183
4 0.3080040526849038 0.10529556650246305 0.011144883485309016 0.006157635467980296
4 0.281661600810537 0.10837438423645321 0.013677811550151976 0.01847290640394089
4 0.20263424518743667 0.1102216748768473 0.014690982776089158 0.007389162561576354
23 0.0425531914893617 0.11083743842364532 0.007598784194528876 0.003694581280788177
4 0.057244174265450865 0.11206896551724138 0.013171225937183385 0.0049261083743842365
23 0.17882472137791286 0.11330049261083744 0.0070921985815602835 0.004310344827586207
4 0.29533941236068895 0.11391625615763547 0.0121580547112462 0.005541871921182266
4 0.3090172239108409 0.1145320197044335 0.010131712259371834 0.008620689655172414
4 0.2198581560283688 0.11576354679802955 0.014184397163120567 0.013546798029556651
4 0.8804457953394124 0.11637931034482758 0.005065856129685917 0.009852216748768473
23 0.05673758865248227 0.11945812807881774 0.006585612968591692 0.003694581280788177
4 0.29533941236068895 0.12130541871921183 0.010131712259371834 0.007389162561576354
4 0.3080040526849038 0.12130541871921183 0.011144883485309016 0.006157635467980296
4 0.17933130699088146 0.12253694581280788 0.0070921985815602835 0.003694581280788177
23 0.057244174265450865 0.12623152709359606 0.0060790273556231 0.0024630541871921183
15 0.8657548125633232 0.12746305418719212 0.016717325227963525 0.017241379310344827
4 0.29533941236068895 0.12807881773399016 0.0060790273556231 0.0024630541871921183
4 0.3069908814589666 0.12931034482758622 0.006585612968591692 0.003694581280788177
4 0.22998986828774062 0.13177339901477833 0.016210739614994935 0.017241379310344827
15 0.12512664640324214 0.13238916256157635 0.0851063829787234 0.0603448275862069
23 0.05673758865248227 0.13423645320197045 0.004052684903748734 0.0024630541871921183
4 0.26494427558257344 0.13423645320197045 0.00303951367781155 0.009852216748768473
4 0.3343465045592705 0.13485221674876846 0.01165146909827761 0.007389162561576354
23 0.3211752786220871 0.13485221674876846 0.01165146909827761 0.0067733990147783255
4 0.28368794326241137 0.1354679802955665 0.0035460992907801418 0.009852216748768473
4 0.29635258358662614 0.1354679802955665 0.006585612968591692 0.004310344827586207
4 0.27710233029381964 0.1354679802955665 0.00303951367781155 0.008620689655172414
4 0.30749746707193515 0.1354679802955665 0.006585612968591692 0.0024630541871921183
4 0.27152988855116517 0.1354679802955665 0.0025329280648429585 0.007389162561576354
4 0.25987841945288753 0.13608374384236452 0.006585612968591692 0.0166256157635468
4 0.24772036474164133 0.13608374384236452 0.006585612968591692 0.013546798029556651
23 0.25379939209726443 0.13669950738916256 0.0060790273556231 0.01539408866995074
4 0.3080040526849038 0.14100985221674878 0.004559270516717325 0.0018472906403940886
23 0.057750759878419454 0.1416256157635468 0.006585612968591692 0.004310344827586207
4 0.17983789260385005 0.14224137931034483 0.0121580547112462 0.010467980295566502
4 0.33383991894630194 0.14285714285714285 0.011144883485309016 0.007389162561576354
23 0.3211752786220871 0.14285714285714285 0.0121580547112462 0.007389162561576354
4 0.29533941236068895 0.14285714285714285 0.0060790273556231 0.003078817733990148
4 0.9468085106382979 0.145935960591133 0.0035460992907801418 0.007389162561576354
30 0.922998986828774 0.14655172413793102 0.0070921985815602835 0.013546798029556651
4 0.8976697061803445 0.14716748768472906 0.00303951367781155 0.008004926108374385
23 0.05825734549138804 0.1477832512315271 0.0070921985815602835 0.003078817733990148
4 0.878419452887538 0.1477832512315271 0.00303951367781155 0.007389162561576354
4 0.8693009118541033 0.14963054187192118 0.006585612968591692 0.003694581280788177
23 0.2806484295845998 0.15270935960591134 0.005065856129685917 0.012315270935960592
23 0.2872340425531915 0.1539408866995074 0.005065856129685917 0.011699507389162561
23 0.2745694022289767 0.1539408866995074 0.00303951367781155 0.009236453201970444
23 0.057750759878419454 0.15578817733990147 0.006585612968591692 0.003694581280788177
4 0.9387031408308004 0.16502463054187191 0.004052684903748734 0.009236453201970444
4 0.8850050658561297 0.16625615763546797 0.0025329280648429585 0.0067733990147783255
4 0.8662613981762918 0.16625615763546797 0.00303951367781155 0.007389162561576354
4 0.9138804457953394 0.16625615763546797 0.00303951367781155 0.007389162561576354
4 0.878419452887538 0.16687192118226601 0.00303951367781155 0.0067733990147783255
4 0.8956433637284701 0.16687192118226601 0.0025329280648429585 0.005541871921182266
4 0.8601823708206687 0.16810344827586207 0.001519756838905775 0.007389162561576354
23 0.05673758865248227 0.16810344827586207 0.005572441742654508 0.003078817733990148
23 0.06889564336372847 0.16933497536945813 0.005572441742654508 0.003078817733990148
23 0.057244174265450865 0.17672413793103448 0.006585612968591692 0.003694581280788177
23 0.07092198581560284 0.17733990147783252 0.005572441742654508 0.003078817733990148
4 0.0916919959473151 0.17980295566502463 0.014184397163120567 0.021551724137931036
4 0.7218844984802432 0.18041871921182265 0.03090172239108409 0.04310344827586207
4 0.1342451874366768 0.18041871921182265 0.006585612968591692 0.01539408866995074
15 0.8191489361702128 0.1828817733990148 0.019250253292806486 0.0166256157635468
30 0.8905775075987842 0.1834975369458128 0.005572441742654508 0.008004926108374385
23 0.06940222897669707 0.18411330049261085 0.0070921985815602835 0.0018472906403940886
30 0.9052684903748733 0.18411330049261085 0.006585612968591692 0.011699507389162561
30 0.9204660587639311 0.18472906403940886 0.007598784194528876 0.009236453201970444
30 0.9356636271529889 0.1853448275862069 0.008611955420466059 0.010467980295566502
4 0.8611955420466059 0.18596059113300492 0.0025329280648429585 0.008004926108374385
4 0.8794326241134752 0.18596059113300492 0.0035460992907801418 0.010467980295566502
4 0.8530901722391084 0.18657635467980296 0.001519756838905775 0.008620689655172414
4 0.6671732522796353 0.18657635467980296 0.0025329280648429585 0.0067733990147783255
23 0.6605876393110436 0.18842364532019704 0.0025329280648429585 0.008620689655172414
4 0.839918946301925 0.18903940886699508 0.002026342451874367 0.008620689655172414
23 0.853596757852077 0.19827586206896552 0.002026342451874367 0.009852216748768473
23 0.8601823708206687 0.19889162561576354 0.0025329280648429585 0.009852216748768473
30 0.9579533941236069 0.20320197044334976 0.00911854103343465 0.011699507389162561
4 0.7553191489361702 0.20320197044334976 0.028368794326241134 0.03201970443349754
4 0.9787234042553191 0.20381773399014777 0.0025329280648429585 0.010467980295566502
4 0.621580547112462 0.2044334975369458 0.006585612968591692 0.003694581280788177
23 0.9706180344478217 0.2044334975369458 0.0025329280648429585 0.008620689655172414
23 0.8470111448834853 0.20566502463054187 0.0025329280648429585 0.008004926108374385
4 0.831306990881459 0.20689655172413793 0.00303951367781155 0.009236453201970444
23 0.8677811550151976 0.20751231527093597 0.00303951367781155 0.009852216748768473
23 0.8404255319148937 0.20751231527093597 0.001519756838905775 0.010467980295566502
23 0.8804457953394124 0.20751231527093597 0.00303951367781155 0.007389162561576354
4 0.42350557244174264 0.20751231527093597 0.0121580547112462 0.008004926108374385
23 0.8738601823708206 0.20751231527093597 0.0025329280648429585 0.008620689655172414
23 0.8870314083080041 0.20751231527093597 0.002026342451874367 0.007389162561576354
4 0.4093211752786221 0.20812807881773399 0.01165146909827761 0.008004926108374385
4 0.3961499493414387 0.20812807881773399 0.0121580547112462 0.007389162561576354
4 0.8135764944275583 0.20874384236453203 0.00303951367781155 0.009852216748768473
4 0.6200607902735562 0.20997536945812809 0.0060790273556231 0.003694581280788177
15 0.601823708206687 0.21120689655172414 0.0060790273556231 0.01416256157635468
23 0.4508611955420466 0.21366995073891626 0.011144883485309016 0.006157635467980296
4 0.3961499493414387 0.21490147783251232 0.010638297872340425 0.0067733990147783255
4 0.0977710233029382 0.21551724137931033 0.028875379939209727 0.04556650246305419
23 0.6210739614994935 0.21798029556650247 0.008611955420466059 0.003694581280788177
23 0.4513677811550152 0.2204433497536946 0.012664640324214792 0.0067733990147783255
4 0.4635258358662614 0.2204433497536946 0.0121580547112462 0.0067733990147783255
23 0.8804457953394124 0.2210591133004926 0.0025329280648429585 0.0067733990147783255
23 0.8753799392097265 0.2210591133004926 0.001519756838905775 0.007389162561576354
23 0.8865248226950354 0.22167487684729065 0.00303951367781155 0.007389162561576354
23 0.9473150962512664 0.22167487684729065 0.0005065856129685917 0.008004926108374385
23 0.9761904761904762 0.22167487684729065 0.001519756838905775 0.008004926108374385
23 0.9716312056737588 0.22167487684729065 0.0010131712259371835 0.008620689655172414
23 0.3829787234042553 0.22229064039408866 0.009625126646403243 0.0067733990147783255
23 0.9660587639311043 0.22229064039408866 0.0010131712259371835 0.008620689655172414
23 0.9812563323201621 0.22229064039408866 0.002026342451874367 0.008004926108374385
23 0.8470111448834853 0.22229064039408866 0.00303951367781155 0.008620689655172414
23 0.9539007092198581 0.22229064039408866 0.002026342451874367 0.008620689655172414
4 0.8551165146909828 0.2229064039408867 0.001519756838905775 0.009236453201970444
23 0.3961499493414387 0.2229064039408867 0.011144883485309016 0.0067733990147783255
23 0.8404255319148937 0.2229064039408867 0.00303951367781155 0.008004926108374385
4 0.3713272543059777 0.2229064039408867 0.006585612968591692 0.0049261083743842365
23 0.9584599797365755 0.2229064039408867 0.0010131712259371835 0.008004926108374385
4 0.8611955420466059 0.22352216748768472 0.002026342451874367 0.009236453201970444
23 0.8682877406281662 0.22413793103448276 0.00303951367781155 0.008004926108374385
4 0.8328267477203647 0.22536945812807882 0.004559270516717325 0.01539408866995074
4 0.7218844984802432 0.2272167487684729 0.028368794326241134 0.042487684729064036
4 0.4645390070921986 0.22783251231527094 0.0121580547112462 0.006157635467980296
23 0.4513677811550152 0.22783251231527094 0.0121580547112462 0.007389162561576354
23 0.3961499493414387 0.22967980295566504 0.008611955420466059 0.003078817733990148
4 0.23505572441742653 0.22967980295566504 0.03292806484295846 0.04495073891625616
23 0.3839918946301925 0.22967980295566504 0.010638297872340425 0.007389162561576354
4 0.37031408308004055 0.2309113300492611 0.006585612968591692 0.004310344827586207
30 0.6494427558257345 0.2315270935960591 0.02330293819655522 0.029556650246305417
4 0.4645390070921986 0.23522167487684728 0.0121580547112462 0.0067733990147783255
4 0.4518743667679838 0.23583743842364532 0.010638297872340425 0.0067733990147783255
23 0.3951367781155015 0.23583743842364532 0.006585612968591692 0.0024630541871921183
23 0.3839918946301925 0.23706896551724138 0.0070921985815602835 0.003078817733990148
4 0.3713272543059777 0.23706896551724138 0.004559270516717325 0.0024630541871921183
23 0.49645390070921985 0.24261083743842365 0.0060790273556231 0.003694581280788177
4 0.46403242147923 0.24261083743842365 0.007598784194528876 0.003078817733990148
23 0.4518743667679838 0.24322660098522167 0.010638297872340425 0.007389162561576354
15 0.42350557244174264 0.24445812807881773 0.019756838905775075 0.05357142857142857
4 0.17933130699088146 0.24568965517241378 0.007598784194528876 0.004310344827586207
30 0.5881458966565349 0.24630541871921183 0.022289766970618033 0.03263546798029557
23 0.6195542046605876 0.2481527093596059 0.005065856129685917 0.005541871921182266
23 0.4523809523809524 0.25061576354679804 0.011144883485309016 0.008004926108374385
4 0.4645390070921986 0.25061576354679804 0.005065856129685917 0.003078817733990148
4 0.3961499493414387 0.2512315270935961 0.010638297872340425 0.007389162561576354
23 0.4918946301925025 0.2524630541871921 0.0060790273556231 0.003694581280788177
4 0.16160081053698075 0.2561576354679803 0.004559270516717325 0.0049261083743842365
4 0.4645390070921986 0.2567733990147783 0.0035460992907801418 0.0024630541871921183
4 0.4518743667679838 0.25862068965517243 0.00911854103343465 0.0049261083743842365
23 0.3834853090172239 0.25862068965517243 0.005572441742654508 0.003078817733990148
4 0.5476190476190477 0.2592364532019704 0.03546099290780142 0.034482758620689655
4 0.3713272543059777 0.25985221674876846 0.0070921985815602835 0.004310344827586207
4 0.4929078014184397 0.2604679802955665 0.004559270516717325 0.0024630541871921183
4 0.46403242147923 0.2647783251231527 0.006585612968591692 0.0024630541871921183
23 0.4523809523809524 0.2647783251231527 0.013171225937183385 0.007389162561576354
23 0.6185410334346505 0.26539408866995073 0.007598784194528876 0.004310344827586207
23 0.6691995947315096 0.2672413793103448 0.0035460992907801418 0.009236453201970444
4 0.38247213779128675 0.2672413793103448 0.008611955420466059 0.003694581280788177
4 0.3713272543059777 0.26785714285714285 0.0060790273556231 0.0018472906403940886
23 0.46504559270516715 0.27216748768472904 0.011144883485309016 0.006157635467980296
23 0.4518743667679838 0.2727832512315271 0.0121580547112462 0.0067733990147783255
4 0.7274569402228976 0.27401477832512317 0.029381965552178316 0.03633004926108374
4 0.37031408308004055 0.27401477832512317 0.006585612968591692 0.0049261083743842365
4 0.5845997973657548 0.27401477832512317 0.008105369807497468 0.0049261083743842365
23 0.3819655521783181 0.2746305418719212 0.0070921985815602835 0.003694581280788177
4 0.4523809523809524 0.27955665024630544 0.01165146909827761 0.005541871921182266
4 0.6681864235055724 0.2814039408866995 0.004559270516717325 0.009852216748768473
23 0.38145896656534956 0.28263546798029554 0.0070921985815602835 0.003694581280788177
4 0.6200607902735562 0.28263546798029554 0.008105369807497468 0.004310344827586207
4 0.5845997973657548 0.28263546798029554 0.005572441742654508 0.0024630541871921183
15 0.601823708206687 0.2832512315270936 0.0060790273556231 0.01539408866995074
4 0.11246200607902736 0.28879310344827586 0.008105369807497468 0.0049261083743842365
4 0.18085106382978725 0.29064039408866993 0.007598784194528876 0.003078817733990148
4 0.5810536980749746 0.29125615763546797 0.006585612968591692 0.003694581280788177
4 0.47821681864235055 0.29125615763546797 0.01165146909827761 0.005541871921182266
23 0.4518743667679838 0.291871921182266 0.012664640324214792 0.006157635467980296
23 0.4645390070921986 0.291871921182266 0.011144883485309016 0.005541871921182266
23 0.4381965552178318 0.291871921182266 0.008611955420466059 0.0049261083743842365
4 0.11195542046605876 0.2961822660098522 0.0060790273556231 0.0018472906403940886
4 0.46403242147923 0.29926108374384236 0.005572441742654508 0.0012315270935960591
4 0.4397163120567376 0.29926108374384236 0.007598784194528876 0.003694581280788177
4 0.45288753799392095 0.29926108374384236 0.005065856129685917 0.0024630541871921183
4 0.4787234042553192 0.2998768472906404 0.010131712259371834 0.009236453201970444
23 0.18135764944275581 0.2998768472906404 0.005572441742654508 0.003078817733990148
4 0.11043566362715299 0.30295566502463056 0.005065856129685917 0.0024630541871921183
15 0.5075987841945289 0.30603448275862066 0.0425531914893617 0.08004926108374384
30 0.648936170212766 0.30603448275862066 0.02077001013171226 0.033866995073891626
23 0.47821681864235055 0.30603448275862066 0.004052684903748734 0.003078817733990148
23 0.4645390070921986 0.3066502463054187 0.0070921985815602835 0.003078817733990148
4 0.8302938196555217 0.3066502463054187 0.00911854103343465 0.005541871921182266
4 0.8875379939209727 0.30726600985221675 0.0060790273556231 0.003694581280788177
23 0.17983789260385005 0.3078817733990148 0.0060790273556231 0.003694581280788177
4 0.8703140830800405 0.30849753694581283 0.001519756838905775 0.0067733990147783255
4 0.8490374873353597 0.3091133004926108 0.002026342451874367 0.0067733990147783255
4 0.8429584599797366 0.3091133004926108 0.00303951367781155 0.0067733990147783255
4 0.8596757852077 0.30972906403940886 0.002026342451874367 0.005541871921182266
4 0.8657548125633232 0.3103448275862069 0.00303951367781155 0.008004926108374385
4 0.8541033434650456 0.3103448275862069 0.00303951367781155 0.0067733990147783255
4 0.46504559270516715 0.31342364532019706 0.008105369807497468 0.005541871921182266
23 0.47821681864235055 0.3146551724137931 0.0060790273556231 0.0024630541871921183
4 0.16210739614994935 0.31527093596059114 0.005572441742654508 0.004310344827586207
30 0.5891590678824722 0.3158866995073892 0.021783181357649443 0.02832512315270936
4 0.09270516717325228 0.31650246305418717 0.006585612968591692 0.003078817733990148
4 0.8860182370820668 0.3171182266009852 0.008105369807497468 0.0049261083743842365
4 0.831306990881459 0.3183497536945813 0.0070921985815602835 0.003694581280788177
23 0.6205673758865248 0.3195812807881773 0.007598784194528876 0.0049261083743842365
23 0.47720364741641336 0.32019704433497537 0.005065856129685917 0.003078817733990148
23 0.4645390070921986 0.3208128078817734 0.006585612968591692 0.0024630541871921183
4 0.7315096251266464 0.32142857142857145 0.027862208713272545 0.029556650246305417
4 0.8728470111448835 0.3226600985221675 0.0025329280648429585 0.005541871921182266
4 0.8546099290780141 0.32389162561576357 0.00303951367781155 0.0067733990147783255
4 0.8662613981762918 0.32450738916256155 0.001519756838905775 0.0067733990147783255
4 0.8419452887537994 0.32450738916256155 0.0025329280648429585 0.0049261083743842365
4 0.8601823708206687 0.32450738916256155 0.0025329280648429585 0.006157635467980296
4 0.8485309017223911 0.3251231527093596 0.0025329280648429585 0.008004926108374385
4 0.828774062816616 0.32573891625615764 0.005065856129685917 0.003078817733990148
4 0.8900709219858156 0.32697044334975367 0.004052684903748734 0.0024630541871921183
23 0.4635258358662614 0.3275862068965517 0.004052684903748734 0.0024630541871921183
23 0.4787234042553192 0.3275862068965517 0.010131712259371834 0.0067733990147783255
23 0.38855116514690985 0.3294334975369458 0.0121580547112462 0.0067733990147783255
4 0.828774062816616 0.33251231527093594 0.00303951367781155 0.0024630541871921183
4 0.8900709219858156 0.33435960591133007 0.005572441742654508 0.0018472906403940886
23 0.4645390070921986 0.33435960591133007 0.005572441742654508 0.0024630541871921183
23 0.4787234042553192 0.33435960591133007 0.010638297872340425 0.005541871921182266
4 0.839918946301925 0.33497536945812806 0.004559270516717325 0.0018472906403940886
23 0.4402228976697062 0.3355911330049261 0.005065856129685917 0.003078817733990148
4 0.4523809523809524 0.33620689655172414 0.008105369807497468 0.003078817733990148
23 0.3890577507598784 0.3368226600985222 0.011144883485309016 0.007389162561576354
4 0.693515704154002 0.3380541871921182 0.007598784194528876 0.003078817733990148
4 0.8272543059777102 0.33866995073891626 0.005065856129685917 0.003078817733990148
23 0.6185410334346505 0.3392857142857143 0.010131712259371834 0.004310344827586207
23 0.477710233029382 0.34051724137931033 0.004052684903748734 0.003078817733990148
4 0.8915906788247214 0.3417487684729064 0.005572441742654508 0.0024630541871921183
23 0.46504559270516715 0.3417487684729064 0.0060790273556231 0.003078817733990148
4 0.839918946301925 0.3417487684729064 0.005572441742654508 0.0024630541871921183
23 0.4523809523809524 0.3435960591133005 0.0060790273556231 0.003694581280788177
23 0.3900709219858156 0.3448275862068966 0.012664640324214792 0.0067733990147783255
4 0.8277608915906788 0.3460591133004926 0.005065856129685917 0.0018472906403940886
23 0.47720364741641336 0.3472906403940887 0.005572441742654508 0.0012315270935960591
4 0.6940222897669707 0.3479064039408867 0.006585612968591692 0.003694581280788177
4 0.8905775075987842 0.3485221674876847 0.006585612968591692 0.0018472906403940886
4 0.46504559270516715 0.3485221674876847 0.0070921985815602835 0.003078817733990148
4 0.8409321175278622 0.34913793103448276 0.005065856129685917 0.0024630541871921183
23 0.45288753799392095 0.3503694581280788 0.0070921985815602835 0.003694581280788177
4 0.389564336372847 0.3522167487684729 0.0121580547112462 0.0067733990147783255
4 0.477710233029382 0.35344827586206895 0.004559270516717325 0.003694581280788177
4 0.8292806484295846 0.35467980295566504 0.008105369807497468 0.0018472906403940886
4 0.5486322188449848 0.3552955665024631 0.02988855116514691 0.0437192118226601
15 0.6038500506585613 0.35591133004926107 0.008105369807497468 0.014778325123152709
4 0.8404255319148937 0.35591133004926107 0.005572441742654508 0.0024630541871921183
4 0.8915906788247214 0.35714285714285715 0.005572441742654508 0.0024630541871921183
4 0.389564336372847 0.3583743842364532 0.0121580547112462 0.007389162561576354
4 0.6225937183383992 0.3589901477832512 0.008105369807497468 0.0067733990147783255
4 0.8282674772036475 0.3608374384236453 0.005065856129685917 0.0024630541871921183
4 0.668693009118541 0.3620689655172414 0.002026342451874367 0.009852216748768473
4 0.8900709219858156 0.3633004926108374 0.005572441742654508 0.0024630541871921183
7 0.13728470111448834 0.36514778325123154 0.02684903748733536 0.3497536945812808
4 0.7315096251266464 0.3657635467980296 0.036980749746707196 0.03879310344827586
4 0.8662613981762918 0.36637931034482757 0.002026342451874367 0.008004926108374385
4 0.8419452887537994 0.36637931034482757 0.0025329280648429585 0.008004926108374385
23 0.3890577507598784 0.3669950738916256 0.009625126646403243 0.006157635467980296
4 0.8475177304964538 0.36761083743842365 0.004052684903748734 0.008004926108374385
4 0.8546099290780141 0.36761083743842365 0.002026342451874367 0.007389162561576354
4 0.8601823708206687 0.36761083743842365 0.002026342451874367 0.0067733990147783255
23 0.6220871327254306 0.36761083743842365 0.008105369807497468 0.003694581280788177
4 0.828774062816616 0.36761083743842365 0.006585612968591692 0.0024630541871921183
7 0.27608915906788245 0.36761083743842365 0.04559270516717325 0.3522167487684729
23 0.4331306990881459 0.3682266009852217 0.010638297872340425 0.008620689655172414
7 0.342451874366768 0.3688423645320197 0.03596757852077001 0.3552955665024631
7 0.06636271529888552 0.3694581280788177 0.0364741641337386 0.35283251231527096
7 0.20415400202634246 0.37192118226600984 0.034447821681864235 0.3552955665024631
23 0.389564336372847 0.3737684729064039 0.01165146909827761 0.006157635467980296
4 0.8318135764944276 0.3774630541871921 0.00911854103343465 0.006157635467980296
4 0.4331306990881459 0.3786945812807882 0.006585612968591692 0.006157635467980296
4 0.8839918946301925 0.3786945812807882 0.004052684903748734 0.009852216748768473
4 0.89209726443769 0.3793103448275862 0.005065856129685917 0.012315270935960592
4 0.45896656534954405 0.37992610837438423 0.03242147922998987 0.04433497536945813
4 0.389564336372847 0.3805418719211823 0.01165146909827761 0.008620689655172414
4 0.8662613981762918 0.38238916256157635 0.00303951367781155 0.007389162561576354
4 0.8606889564336373 0.3830049261083744 0.0025329280648429585 0.0067733990147783255
4 0.8546099290780141 0.3830049261083744 0.0025329280648429585 0.006157635467980296
4 0.8490374873353597 0.3830049261083744 0.00303951367781155 0.008004926108374385
4 0.8429584599797366 0.3830049261083744 0.0035460992907801418 0.006157635467980296
30 0.6458966565349544 0.3854679802955665 0.02127659574468085 0.027093596059113302
4 0.8323201621073961 0.38608374384236455 0.007598784194528876 0.004310344827586207
30 0.5896656534954408 0.38854679802955666 0.02077001013171226 0.03017241379310345
23 0.4331306990881459 0.38854679802955666 0.0060790273556231 0.004310344827586207
23 0.4326241134751773 0.395935960591133 0.0060790273556231 0.003078817733990148
4 0.3890577507598784 0.39901477832512317 0.010131712259371834 0.008004926108374385
23 0.6185410334346505 0.41133004926108374 0.009625126646403243 0.003694581280788177
4 0.7335359675785208 0.4144088669950739 0.02735562310030395 0.03879310344827586
4 0.389564336372847 0.41810344827586204 0.010131712259371834 0.0067733990147783255
4 0.4321175278622087 0.42549261083743845 0.007598784194528876 0.005541871921182266
4 0.46403242147923 0.42795566502463056 0.03292806484295846 0.03940886699507389
23 0.4321175278622087 0.43842364532019706 0.007598784194528876 0.0024630541871921183
4 0.3890577507598784 0.43903940886699505 0.010131712259371834 0.0067733990147783255
23 0.4341438703140831 0.44642857142857145 0.006585612968591692 0.004310344827586207
23 0.3850050658561297 0.4513546798029557 0.002026342451874367 0.009236453201970444
4 0.3910840932117528 0.4513546798029557 0.005572441742654508 0.012315270935960592
4 0.43465045592705165 0.45504926108374383 0.005572441742654508 0.003694581280788177
4 0.682370820668693 0.4562807881773399 0.008105369807497468 0.005541871921182266