23 0.3471030042918455 0.4508354755784062 0.011802575107296138 0.007712082262210797
23 0.3465665236051502 0.45726221079691515 0.011802575107296138 0.008997429305912597
4 0.41416309012875535 0.502892030848329 0.011802575107296138 0.008354755784061696
4 0.4012875536480687 0.5006426735218509 0.013412017167381975 0.009640102827763496
23 0.401019313304721 0.5089974293059126 0.011266094420600859 0.007712082262210797
23 0.4007510729613734 0.5154241645244216 0.012875536480686695 0.008354755784061696
4 0.4959763948497854 0.5375964010282777 0.013948497854077254 0.008997429305912597
4 0.48068669527896996 0.5356683804627249 0.013412017167381975 0.010282776349614395
4 0.47103004291845496 0.5343830334190232 0.008047210300429184 0.017352185089974295
23 0.39967811158798283 0.5224935732647815 0.01072961373390558 0.007069408740359897
4 0.4822961373390558 0.5433804627249358 0.011266094420600859 0.007712082262210797
4 0.4957081545064378 0.5469151670951157 0.012875536480686695 0.009640102827763496
15 0.16148068669527896 0.4897172236503856 0.028969957081545063 0.03984575835475578
15 0.2030579399141631 0.5012853470437018 0.027896995708154508 0.036632390745501286
4 0.6105150214592274 0.5996143958868895 0.012339055793991416 0.008997429305912597
15 0.10085836909871244 0.4958226221079691 0.06866952789699571 0.08097686375321336
4 0.5136802575107297 0.5845115681233933 0.008583690987124463 0.016709511568123392
4 0.6137339055793991 0.6076478149100257 0.013948497854077254 0.008997429305912597
23 0.005633047210300429 0.48553984575835474 0.011266094420600859 0.009640102827763496
23 0.6137339055793991 0.6153598971722365 0.014484978540772532 0.009640102827763496
23 0.0045600858369098714 0.4929305912596401 0.009120171673819743 0.008997429305912597
4 0.5139484978540773 0.6015424164524421 0.006437768240343348 0.016709511568123392
23 0.5021459227467812 0.5996143958868895 0.0075107296137339056 0.015424164524421594
23 0.5080472103004292 0.6008997429305912 0.006974248927038627 0.014781491002570694
15 0.32966738197424894 0.5684447300771208 0.054184549356223174 0.07904884318766067
7 0.8041845493562232 0.09672236503856041 0.2119098712446352 0.12017994858611825
4 0.5134120171673819 0.6282133676092545 0.008047210300429184 0.016709511568123392
15 0.17301502145922748 0.5678020565552699 0.08100858369098712 0.11503856041131105
23 0.322156652360515 0.6118251928020566 0.0075107296137339056 0.014781491002570694
23 0.64431330472103 0.695694087403599 0.006437768240343348 0.014781491002570694
23 0.7199570815450643 0.711439588688946 0.008583690987124463 0.014138817480719794
23 0.6802575107296137 0.7030848329048843 0.00536480686695279 0.012853470437017995
23 0.6496781115879828 0.6973007712082262 0.006974248927038627 0.014138817480719794
23 0.6743562231759657 0.7027634961439588 0.006974248927038627 0.015424164524421594
23 0.572961373390558 0.6812339331619537 0.005901287553648069 0.013496143958868894
23 0.5882510729613734 0.6857326478149101 0.0075107296137339056 0.012853470437017995
23 0.5828862660944206 0.6850899742930592 0.006974248927038627 0.014781491002570694
23 0.5367489270386266 0.6754498714652957 0.006974248927038627 0.014138817480719794
23 0.5775214592274678 0.6847686375321337 0.006974248927038627 0.014781491002570694
23 0.5413090128755365 0.6776992287917738 0.005901287553648069 0.013496143958868894
23 0.4989270386266094 0.669344473007712 0.005901287553648069 0.014138817480719794
23 0.5048283261802575 0.6712724935732648 0.00536480686695279 0.014781491002570694
23 0.47344420600858367 0.6661311053984575 0.006437768240343348 0.016066838046272493
23 0.28835836909871243 0.6307840616966581 0.013948497854077254 0.007712082262210797
23 0.2875536480686695 0.6372107969151671 0.012875536480686695 0.010282776349614395
23 0.35380901287553645 0.6687017994858612 0.012339055793991416 0.008354755784061696
4 0.3403969957081545 0.6667737789203085 0.011266094420600859 0.008354755784061696
4 0.3374463519313305 0.7130462724935732 0.006437768240343348 0.016066838046272493
23 0.34844420600858367 0.7152956298200515 0.0075107296137339056 0.016066838046272493
23 0.3320815450643777 0.7117609254498715 0.0075107296137339056 0.014781491002570694
23 0.3430793991416309 0.7143316195372751 0.006437768240343348 0.014781491002570694
7 0.5992489270386266 0.06426735218508997 0.16523605150214593 0.12853470437017994
4 0.20466738197424894 0.6973007712082262 0.006974248927038627 0.012853470437017995
4 0.23417381974248927 0.718508997429306 0.008047210300429184 0.007069408740359897
4 0.21351931330472104 0.7143316195372751 0.009120171673819743 0.017352185089974295
4 0.24624463519313305 0.7210796915167095 0.011266094420600859 0.008354755784061696
4 0.315450643776824 0.7442159383033419 0.008047210300429184 0.016709511568123392
23 0.17033261802575106 0.7233290488431876 0.011266094420600859 0.008354755784061696
4 0.3135729613733906 0.7561053984575835 0.006974248927038627 0.015424164524421594
23 0.16818669527896996 0.7294344473007712 0.011802575107296138 0.008354755784061696
23 0.16818669527896996 0.7365038560411311 0.012875536480686695 0.009640102827763496
4 0.35032188841201717 0.7763496143958869 0.005901287553648069 0.016709511568123392
4 0.3200107296137339 0.7718508997429306 0.008583690987124463 0.008354755784061696
4 0.30364806866952787 0.7724935732647815 0.0075107296137339056 0.017352185089974295
4 0.3044527896995708 0.785025706940874 0.01072961373390558 0.008354755784061696
4 0.4053111587982833 0.004820051413881748 0.013412017167381975 0.009640102827763496
23 0.17784334763948498 0.7647814910025706 0.01072961373390558 0.007712082262210797
4 0.3165236051502146 0.8097686375321337 0.01072961373390558 0.007712082262210797
15 0.23953862660944206 0.7959511568123393 0.11427038626609443 0.13046272493573266
4 0.3409334763948498 0.8174807197943444 0.011802575107296138 0.008354755784061696
23 0.17408798283261803 0.7856683804627249 0.01072961373390558 0.007069408740359897
4 0.3283261802575107 0.8187660668380463 0.012339055793991416 0.006426735218508998
4 0.3409334763948498 0.8251928020565553 0.013948497854077254 0.008997429305912597
23 0.3280579399141631 0.8251928020565553 0.0101931330472103 0.009640102827763496
23 0.3133047210300429 0.8245501285347043 0.01072961373390558 0.007069408740359897
23 0.34146995708154504 0.8332262210796915 0.01072961373390558 0.007069408740359897
4 0.3511266094420601 0.8386889460154242 0.008047210300429184 0.016709511568123392
4 0.31196351931330474 0.8309768637532133 0.011802575107296138 0.008997429305912597
23 0.2977467811158798 0.8312982005141388 0.011266094420600859 0.007069408740359897
23 0.3395922746781116 0.8412596401028277 0.011802575107296138 0.007712082262210797
4 0.3114270386266094 0.8380462724935732 0.011802575107296138 0.007712082262210797
4 0.3253755364806867 0.842866323907455 0.009656652360515022 0.006426735218508998
4 0.29640557939914164 0.8386889460154242 0.013412017167381975 0.008354755784061696
4 0.33798283261802575 0.8496143958868895 0.011266094420600859 0.007069408740359897
23 0.29533261802575106 0.846401028277635 0.01072961373390558 0.007712082262210797
15 0.6405579399141631 0.9251285347043702 0.054184549356223174 0.07776349614395887
23 0.5405042918454935 0.9315552699228792 0.012339055793991416 0.007712082262210797
23 0.5525751072961373 0.9341259640102828 0.011802575107296138 0.007069408740359897
4 0.5651824034334764 0.9379820051413882 0.01072961373390558 0.007069408740359897
23 0.5281652360515021 0.9302699228791774 0.013948497854077254 0.008997429305912597
4 0.40477467811158796 0.013817480719794344 0.014484978540772532 0.010925449871465296
4 0.1781115879828326 0.8615038560411311 0.004828326180257511 0.013496143958868894
4 0.5378218884120172 0.9386246786632391 0.014484978540772532 0.008997429305912597
4 0.18910944206008584 0.865681233933162 0.008047210300429184 0.017352185089974295
23 0.5270922746781116 0.9370179948586118 0.012339055793991416 0.008354755784061696
23 0.5641094420600858 0.945694087403599 0.013948497854077254 0.009640102827763496
4 0.17677038626609443 0.8782133676092545 0.00536480686695279 0.012853470437017995
23 0.15128755364806867 0.8733933161953727 0.004828326180257511 0.014781491002570694
4 0.18293991416309013 0.8807840616966581 0.005901287553648069 0.014138817480719794
4 0.12660944206008584 0.872107969151671 0.011802575107296138 0.009640102827763496
23 0.5182403433476395 0.9929305912596401 0.0075107296137339056 0.012853470437017995
23 0.5072424892703863 0.9922879177377892 0.009120171673819743 0.014138817480719794
23 0.21298283261802575 0.9354113110539846 0.0075107296137339056 0.014781491002570694
23 0.19662017167381973 0.9325192802056556 0.006437768240343348 0.014138817480719794
23 0.1697961373390558 0.9267352185089974 0.0075107296137339056 0.016066838046272493
4 0.19179184549356224 0.9315552699228792 0.006974248927038627 0.014138817480719794
23 0.18669527896995708 0.9302699228791774 0.005901287553648069 0.016066838046272493
23 0.4248927038626609 0.9813624678663239 0.006437768240343348 0.014138817480719794
23 0.164431330472103 0.9264138817480719 0.006974248927038627 0.014781491002570694
23 0.15370171673819744 0.9248071979434447 0.005901287553648069 0.014781491002570694
23 0.4136266094420601 0.9797557840616966 0.006437768240343348 0.014138817480719794
23 0.4388412017167382 0.9855398457583547 0.008047210300429184 0.016066838046272493
23 0.4187231759656652 0.9813624678663239 0.008047210300429184 0.016066838046272493
15 0.48605150214592274 0.9893958868894601 0.03540772532188841 0.01992287917737789
4 0.4219420600858369 0.9897172236503856 0.011802575107296138 0.004498714652956298
4 0.40396995708154504 0.030205655526992288 0.012339055793991416 0.010282776349614395
15 0.36400214592274677 0.02892030848329049 0.0407725321888412 0.04562982005141388
4 0.4034334763948498 0.038560411311053984 0.012339055793991416 0.008997429305912597
23 0.4187231759656652 0.04627249357326478 0.012339055793991416 0.008997429305912597
4 0.40236051502145925 0.04466580976863753 0.01072961373390558 0.007069408740359897
15 0.21164163090128754 0.02667095115681234 0.06920600858369098 0.05334190231362468
15 0.17837982832618027 0.057519280205655526 0.028969957081545063 0.02570694087403599
7 0.927843347639485 0.25803341902313626 0.1432403433476395 0.07133676092544987
23 0.0992489270386266 0.13946015424164523 0.012339055793991416 0.008997429305912597
23 0.08476394849785408 0.14460154241645246 0.0203862660944206 0.012210796915167094
7 0.39028969957081544 0.3129820051413882 0.09763948497854077 0.3740359897172236
7 0.32108369098712447 0.3017352185089974 0.09334763948497854 0.3708226221079691
7 0.10997854077253219 0.2596401028277635 0.09763948497854077 0.36632390745501286
7 0.17837982832618027 0.27474293059125965 0.0971030042918455 0.36889460154241643
7 0.252950643776824 0.2911311053984576 0.10032188841201717 0.37532133676092544
23 0.5826180257510729 0.3679305912596401 0.012875536480686695 0.011568123393316195
4 0.569206008583691 0.3660025706940874 0.011802575107296138 0.008354755784061696
23 0.5678648068669528 0.37275064267352187 0.012339055793991416 0.008997429305912597
4 0.5820815450643777 0.3756426735218509 0.013412017167381975 0.009640102827763496
4 0.5804721030042919 0.3833547557840617 0.011802575107296138 0.008354755784061696
4 0.5686695278969958 0.381426735218509 0.012339055793991416 0.009640102827763496
15 0.06893776824034335 0.2795629820051414 0.03862660944206009 0.04755784061696658
4 0.5673283261802575 0.38688946015424164 0.011802575107296138 0.007712082262210797
4 0.5804721030042919 0.3897814910025707 0.011266094420600859 0.007069408740359897