23 0.9510362694300518 0.6374560375146542 0.017616580310880828 0.008792497069167644
4 0.950259067357513 0.6462485345838218 0.013989637305699482 0.008792497069167644
23 0.950259067357513 0.6541617819460727 0.016580310880829015 0.007033997655334115
4 0.95 0.6632473622508792 0.015544041450777202 0.0076201641266119575
23 0.26528497409326424 0.05627198124267292 0.01917098445595855 0.0076201641266119575
23 0.9505181347150259 0.6723329425556858 0.02072538860103627 0.008792497069167644
15 0.13963730569948188 0.6597303634232122 0.024352331606217616 0.041031652989449004
23 0.03808290155440414 0.6600234466588512 0.012435233160621761 0.022860492379835874
23 0.1116580310880829 0.6620750293083235 0.007253886010362694 0.017584994138335287
23 0.06424870466321243 0.6620750293083235 0.008808290155440414 0.017584994138335287
23 0.11839378238341969 0.6632473622508792 0.008808290155440414 0.01875732708089097
23 0.05466321243523316 0.6620750293083235 0.007253886010362694 0.020515826494724502
23 0.07072538860103626 0.6629542790152403 0.008290155440414507 0.01817116060961313
23 0.95 0.6805392731535757 0.01917098445595855 0.009378663540445486
7 0.7800518134715025 0.07121922626025791 0.31968911917098447 0.13774912075029308
4 0.2484455958549223 0.057737397420867524 0.013989637305699482 0.00996483001172333
23 0.08264248704663213 0.6670574443141852 0.013989637305699482 0.008206330597889801
23 0.9494818652849741 0.6881594372801876 0.016580310880829015 0.008206330597889801
23 0.03808290155440414 0.6779015240328253 0.010362694300518135 0.021688159437280186
4 0.9489637305699482 0.6963657678780774 0.015544041450777202 0.008206330597889801
23 0.15181347150259067 0.05744431418522861 0.010362694300518135 0.01875732708089097
4 0.10492227979274611 0.05715123094958968 0.00932642487046632 0.016412661195779603
4 0.11398963730569948 0.05715123094958968 0.008808290155440414 0.016998827667057445
23 0.13678756476683937 0.057737397420867524 0.007253886010362694 0.01875732708089097
23 0.16761658031088084 0.058323563892145366 0.007253886010362694 0.01817116060961313
23 0.12901554404145077 0.057737397420867524 0.007772020725388601 0.016412661195779603
4 0.14455958549222797 0.058323563892145366 0.0062176165803108805 0.015826494724501757
23 0.12202072538860104 0.057737397420867524 0.0062176165803108805 0.01992966002344666
4 0.33549222797927464 0.06213364595545135 0.015544041450777202 0.011137162954279016
23 0.15906735751295337 0.058909730363423216 0.007772020725388601 0.01875732708089097
4 0.03808290155440414 0.6972450175849941 0.008808290155440414 0.015826494724501757
23 0.9867875647668394 0.7209847596717468 0.01865284974093264 0.011723329425556858
4 0.9883419689119171 0.7306565064478312 0.015544041450777202 0.00996483001172333
4 0.03860103626943005 0.7215709261430246 0.007772020725388601 0.016998827667057445
7 0.3836787564766839 0.0697538100820633 0.07202072538860103 0.1395076201641266
23 0.32202072538860105 0.746189917936694 0.008290155440414507 0.019343493552168817
23 0.31476683937823835 0.7464830011723329 0.00932642487046632 0.020515826494724502
23 0.18290155440414507 0.06359906213364595 0.01917098445595855 0.00996483001172333
23 0.394300518134715 0.7482415005861665 0.008290155440414507 0.017584994138335287
4 0.3528497409326425 0.7479484173505275 0.0062176165803108805 0.015826494724501757
23 0.3860103626943005 0.7488276670574443 0.008808290155440414 0.017584994138335287
23 0.43704663212435235 0.7497069167643611 0.007772020725388601 0.01817116060961313
4 0.3378238341968912 0.7479484173505275 0.007772020725388601 0.01817116060961313
23 0.3450777202072539 0.7485345838218054 0.00932642487046632 0.021101992966002344
4 0.360880829015544 0.7488276670574443 0.007253886010362694 0.016412661195779603
4 0.3295336787564767 0.7482415005861665 0.005699481865284974 0.016412661195779603
23 0.4886010362694301 0.7514654161781946 0.0062176165803108805 0.015826494724501757
23 0.4448186528497409 0.7508792497069168 0.007772020725388601 0.01817116060961313
23 0.5544041450777202 0.7532239155920282 0.006735751295336788 0.016412661195779603
23 0.4950777202072539 0.7520515826494725 0.008808290155440414 0.01875732708089097
23 0.5463730569948186 0.7535169988276671 0.007772020725388601 0.01875732708089097
23 0.5645077720207254 0.7541031652989449 0.005699481865284974 0.01992966002344666
23 0.5033678756476684 0.7535169988276671 0.008808290155440414 0.021101992966002344
4 0.594559585492228 0.7564478311840562 0.007253886010362694 0.017584994138335287
4 0.6025906735751295 0.7567409144196952 0.0062176165803108805 0.017584994138335287
4 0.6095854922279793 0.7582063305978898 0.008290155440414507 0.015826494724501757
4 0.24792746113989636 0.06565064478311841 0.015544041450777202 0.008792497069167644
4 0.6170984455958549 0.7587924970691676 0.006735751295336788 0.016412661195779603
4 0.24766839378238342 0.753810082063306 0.01606217616580311 0.00996483001172333
23 0.2823834196891192 0.7546893317702228 0.01917098445595855 0.010550996483001172
23 0.20103626943005182 0.06535756154747949 0.014507772020725389 0.009378663540445486
23 0.03730569948186528 0.7579132473622509 0.010362694300518135 0.020515826494724502
23 0.24870466321243523 0.7626025791324736 0.01606217616580311 0.008206330597889801
4 0.2645077720207254 0.7640679953106683 0.013989637305699482 0.008792497069167644
23 0.24766839378238342 0.7749120750293084 0.018134715025906734 0.008792497069167644
23 0.26502590673575127 0.7754982415005862 0.01865284974093264 0.009378663540445486
15 0.15362694300518134 0.7754982415005862 0.1378238341968912 0.1559202813599062
23 0.26502590673575127 0.7863423212192263 0.01865284974093264 0.0123094958968347
23 0.039378238341968914 0.7904454865181711 0.01709844559585492 0.009378663540445486
23 0.05621761658031088 0.791031652989449 0.013989637305699482 0.009378663540445486
7 0.5676165803108808 0.07620164126611957 0.06735751295336788 0.11313012895662368
23 0.039637305699481866 0.7992379835873388 0.015544041450777202 0.005861664712778429
4 0.33471502590673574 0.0723915592028136 0.015025906735751295 0.009378663540445486
7 0.9686528497409327 0.08675263774912075 0.061658031088082904 0.1160609613130129
23 0.05647668393782383 0.8068581477139508 0.01606217616580311 0.004689331770222743
23 0.039637305699481866 0.8068581477139508 0.018134715025906734 0.0076201641266119575
23 0.04093264248704663 0.8144783118405627 0.015025906735751295 0.006447831184056272
23 0.05621761658031088 0.8182883939038686 0.011917098445595855 0.0076201641266119575
4 0.04015544041450777 0.8250293083235639 0.014507772020725389 0.0076201641266119575
23 0.05621761658031088 0.8279601406799532 0.015544041450777202 0.005861664712778429
23 0.04041450777202073 0.8332356389214537 0.015025906735751295 0.005275498241500586
23 0.10932642487046632 0.07151230949589683 0.015544041450777202 0.008792497069167644
23 0.054404145077720206 0.8364595545134819 0.01606217616580311 0.004689331770222743
23 0.04041450777202073 0.8408558030480656 0.012953367875647668 0.008792497069167644
4 0.18290155440414507 0.07444314185228605 0.015544041450777202 0.008206330597889801
23 0.03471502590673575 0.8499413833528722 0.01606217616580311 0.006447831184056272
23 0.2484455958549223 0.07590855803048066 0.020207253886010364 0.009378663540445486
4 0.20129533678756475 0.07502930832356389 0.015544041450777202 0.0076201641266119575
4 0.5015544041450777 0.8716295427901524 0.01606217616580311 0.011723329425556858
4 0.43963730569948184 0.8713364595545134 0.013471502590673576 0.008206330597889801
4 0.48497409326424873 0.8722157092614302 0.016580310880829015 0.011723329425556858
4 0.46632124352331605 0.8719226260257913 0.015544041450777202 0.011723329425556858
4 0.5189119170984456 0.8733880422039859 0.015544041450777202 0.010550996483001172
4 0.4119170984455959 0.8713364595545134 0.01606217616580311 0.011723329425556858
4 0.5378238341968912 0.8742672919109027 0.017616580310880828 0.011137162954279016
4 0.6419689119170985 0.8763188745603752 0.012953367875647668 0.004689331770222743
4 0.7585492227979275 0.8795427901524033 0.01606217616580311 0.009378663540445486
4 0.7256476683937824 0.8789566236811255 0.015544041450777202 0.008206330597889801
4 0.822279792746114 0.8810082063305978 0.01606217616580311 0.009378663540445486
4 0.7844559585492228 0.88042203985932 0.01865284974093264 0.009378663540445486
4 0.8411917098445596 0.8815943728018757 0.016580310880829015 0.008792497069167644
4 0.6782383419689119 0.8786635404454866 0.015544041450777202 0.00996483001172333
4 0.8590673575129534 0.8824736225087925 0.015025906735751295 0.00996483001172333
4 0.6782383419689119 0.8789566236811255 0.013989637305699482 0.008206330597889801
23 0.6090673575129534 0.8780773739742087 0.015544041450777202 0.0076201641266119575
23 0.6264248704663212 0.8789566236811255 0.015544041450777202 0.006447831184056272
4 0.006476683937823834 0.8666471277842908 0.008808290155440414 0.0123094958968347
4 0.027979274611398965 0.8684056271981243 0.007772020725388601 0.017584994138335287
4 0.03730569948186528 0.8689917936694022 0.0062176165803108805 0.015240328253223915
4 0.015025906735751295 0.8686987104337632 0.007772020725388601 0.01875732708089097
23 0.227720207253886 0.8766119577960141 0.006735751295336788 0.016998827667057445
23 0.6088082901554405 0.895662368112544 0.01606217616580311 0.0076201641266119575
23 0.006476683937823834 0.8862837045720985 0.007253886010362694 0.020515826494724502
23 0.6953367875647668 0.9000586166471278 0.014507772020725389 0.005275498241500586
23 0.015025906735751295 0.8877491207502931 0.003626943005181347 0.01406799531066823
4 0.6085492227979274 0.9032825322391559 0.011917098445595855 0.007033997655334115
4 0.5914507772020725 0.9041617819460727 0.014507772020725389 0.0076201641266119575
23 0.711139896373057 0.9085580304806565 0.012953367875647668 0.008206330597889801
23 0.6955958549222798 0.9088511137162955 0.012435233160621761 0.007033997655334115
15 0.7655440414507773 0.9152989449003517 0.08341968911917098 0.06037514654161782
23 0.5922279792746113 0.9123681125439624 0.013989637305699482 0.0076201641266119575
23 0.5751295336787565 0.9120750293083235 0.015025906735751295 0.006447831184056272
23 0.6082901554404145 0.9129542790152403 0.01606217616580311 0.007033997655334115
23 0.694559585492228 0.9182297772567409 0.013471502590673576 0.005861664712778429
4 0.3339378238341969 0.08323563892145369 0.015544041450777202 0.010550996483001172
23 0.9621761658031088 0.9255568581477139 0.008808290155440414 0.01875732708089097
23 0.5740932642487047 0.9214536928487691 0.015025906735751295 0.006447831184056272
23 0.6069948186528498 0.9235052754982415 0.016580310880829015 0.009378663540445486
23 0.694300518134715 0.9270222743259086 0.012953367875647668 0.005275498241500586
23 0.5904145077720208 0.9299531066822978 0.013471502590673576 0.004689331770222743
23 0.5730569948186528 0.9302461899179367 0.014507772020725389 0.005861664712778429
15 0.6476683937823834 0.9331770222743259 0.05595854922279793 0.09964830011723329
23 0.6958549222797927 0.9361078546307151 0.011917098445595855 0.005275498241500586
23 0.10958549222797928 0.08089097303634232 0.015025906735751295 0.008206330597889801
23 0.710621761658031 0.9449003516998827 0.014507772020725389 0.007033997655334115
4 0.24766839378238342 0.08411488862837045 0.015544041450777202 0.008792497069167644
15 0.93860103626943 0.9572098475967175 0.027461139896373058 0.0369284876905041
7 0.4712435233160622 0.08909730363423213 0.10569948186528498 0.1652989449003517
4 0.20181347150259069 0.08440797186400938 0.012953367875647668 0.009378663540445486
30 0.27227979274611397 0.9457796014067995 0.020207253886010364 0.01817116060961313
23 0.6072538860103627 0.9525205158264948 0.01917098445595855 0.005275498241500586
23 0.23860103626943005 0.9501758499413834 0.018134715025906734 0.011137162954279016
4 0.5735751295336787 0.9583821805392732 0.012953367875647668 0.007033997655334115
23 0.6067357512953367 0.9607268464243846 0.014507772020725389 0.007033997655334115
4 0.18290155440414507 0.0847010550996483 0.015544041450777202 0.008206330597889801
23 0.5919689119170984 0.9668815943728019 0.015544041450777202 0.007033997655334115
23 0.23860103626943005 0.9601406799531067 0.01709844559585492 0.009378663540445486
23 0.2126943005181347 0.9616060961313013 0.007772020725388601 0.01992966002344666
23 0.6064766839378238 0.9692262602579133 0.013989637305699482 0.007033997655334115
23 0.26580310880829017 0.9642438452520515 0.008808290155440414 0.01817116060961313
23 0.2756476683937824 0.9654161781946072 0.008290155440414507 0.021688159437280186
23 0.9227979274611399 0.9783118405627198 0.013989637305699482 0.007033997655334115
23 0.2510362694300518 0.9651230949589683 0.007772020725388601 0.01992966002344666
23 0.25906735751295334 0.9657092614302462 0.008290155440414507 0.020515826494724502
30 0.22461139896373056 0.9651230949589683 0.013471502590673576 0.022274325908558032
23 0.9023316062176165 0.9821219226260258 0.007772020725388601 0.019343493552168817
23 0.910880829015544 0.9827080890973037 0.007253886010362694 0.015826494724501757
23 0.1821243523316062 0.9698124267291911 0.008290155440414507 0.01875732708089097
23 0.6067357512953367 0.9783118405627198 0.013471502590673576 0.007033997655334115
23 0.17642487046632124 0.9706916764361079 0.007253886010362694 0.019343493552168817
23 0.922538860103627 0.9871043376318874 0.014507772020725389 0.009378663540445486
4 0.6349740932642487 0.9882766705744431 0.007253886010362694 0.016412661195779603
4 0.6272020725388601 0.988862837045721 0.006735751295336788 0.016998827667057445
23 0.955699481865285 0.9956037514654161 0.020207253886010364 0.0076201641266119575
4 0.6129533678756477 0.9909144196951934 0.007253886010362694 0.0123094958968347
4 0.8025906735751296 0.9935521688159438 0.0062176165803108805 0.011723329425556858
23 0.8116580310880829 0.9935521688159438 0.006735751295336788 0.011723329425556858
23 0.9681347150259068 0.9950175849941383 0.009844559585492229 0.008792497069167644
23 0.7950777202072539 0.9932590855803048 0.006735751295336788 0.0123094958968347
23 0.8194300518134715 0.9938452520515827 0.007772020725388601 0.011137162954279016
23 0.10932642487046632 0.08851113716295428 0.015544041450777202 0.008792497069167644
4 0.3344559585492228 0.09378663540445487 0.014507772020725389 0.009378663540445486
4 0.18290155440414507 0.0929073856975381 0.013989637305699482 0.008206330597889801
23 0.20051813471502591 0.09437280187573271 0.01709844559585492 0.008206330597889801
15 0.14455958549222797 0.09642438452520516 0.050259067357512954 0.059788980070339975
23 0.10906735751295336 0.097010550996483 0.016580310880829015 0.009378663540445486
4 0.3344559585492228 0.10404454865181711 0.015544041450777202 0.008206330597889801
4 0.18238341968911917 0.10140679953106682 0.013989637305699482 0.008206330597889801
23 0.20129533678756475 0.10404454865181711 0.015025906735751295 0.008206330597889801
23 0.10829015544041451 0.1052168815943728 0.015544041450777202 0.008206330597889801
4 0.18238341968911917 0.11078546307151231 0.014507772020725389 0.006447831184056272
4 0.33367875647668394 0.11459554513481829 0.01606217616580311 0.008792497069167644
23 0.10829015544041451 0.11488862837045721 0.015025906735751295 0.008792497069167644
4 0.1816062176165803 0.12045720984759671 0.015025906735751295 0.0076201641266119575
23 0.22176165803108808 0.12368112543962485 0.01709844559585492 0.008792497069167644
23 0.10906735751295336 0.1242672919109027 0.015025906735751295 0.008792497069167644
4 0.2572538860103627 0.12749120750293083 0.012435233160621761 0.008206330597889801
4 0.11994818652849741 0.13305978898007034 0.007253886010362694 0.015240328253223915
4 0.1266839378238342 0.134232121922626 0.008290155440414507 0.015240328253223915
4 0.14974093264248706 0.13481828839390386 0.008290155440414507 0.015240328253223915
4 0.14300518134715026 0.13481828839390386 0.007253886010362694 0.015240328253223915
4 0.1577720207253886 0.1354044548651817 0.00932642487046632 0.016412661195779603
4 0.1727979274611399 0.13569753810082064 0.008290155440414507 0.017584994138335287
4 0.13471502590673576 0.1354044548651817 0.006735751295336788 0.015240328253223915
4 0.1655440414507772 0.13599062133645956 0.008808290155440414 0.017584994138335287
4 0.1810880829015544 0.13628370457209849 0.00932642487046632 0.016412661195779603
23 0.18911917098445596 0.1365767878077374 0.007253886010362694 0.020515826494724502
23 0.2049222797927461 0.13716295427901523 0.008290155440414507 0.01817116060961313
4 0.19689119170984457 0.13716295427901523 0.007772020725388601 0.017584994138335287
4 0.10803108808290156 0.13599062133645956 0.014507772020725389 0.009378663540445486
23 0.22202072538860104 0.1406799531066823 0.018134715025906734 0.0076201641266119575
23 0.10725388601036269 0.14742086752637748 0.014507772020725389 0.008792497069167644
23 0.12538860103626942 0.15005861664712777 0.008290155440414507 0.015240328253223915
23 0.1417098445595855 0.15093786635404455 0.008290155440414507 0.015826494724501757
23 0.11943005181347151 0.15123094958968347 0.007253886010362694 0.017584994138335287
4 0.1810880829015544 0.152989449003517 0.007772020725388601 0.01817116060961313
23 0.1349740932642487 0.15211019929660025 0.007253886010362694 0.016412661195779603
4 0.14974093264248706 0.15269636576787807 0.008808290155440414 0.016998827667057445
23 0.19740932642487047 0.15445486518171161 0.008290155440414507 0.01817116060961313
23 0.20518134715025907 0.15445486518171161 0.006735751295336788 0.016998827667057445
23 0.1893782383419689 0.1541617819460727 0.008808290155440414 0.01817116060961313
4 0.09274611398963731 0.15650644783118406 0.014507772020725389 0.011137162954279016
23 0.10751295336787564 0.15826494724501758 0.015025906735751295 0.008206330597889801
15 0.9103626943005181 0.17584994138335286 0.061139896373056994 0.0627198124267292
4 0.10751295336787564 0.1667643610785463 0.014507772020725389 0.008206330597889801
23 0.18963730569948187 0.1735052754982415 0.008808290155440414 0.01875732708089097
23 0.1810880829015544 0.17379835873388041 0.007253886010362694 0.01875732708089097
4 0.19792746113989637 0.17438452520515826 0.008290155440414507 0.016412661195779603
23 0.07150259067357513 0.17233294255568582 0.01709844559585492 0.008792497069167644
23 0.09067357512953368 0.1735052754982415 0.016580310880829015 0.00996483001172333
4 0.1077720207253886 0.1746776084407972 0.015544041450777202 0.008792497069167644
33 0.3155440414507772 0.1951934349355217 0.0538860103626943 0.09320046893317702
15 0.4272020725388601 0.20662368112543963 0.08860103626943006 0.056858147713950764
4 0.16787564766839377 0.23388042203985931 0.013989637305699482 0.0076201641266119575
4 0.13704663212435234 0.23329425556858147 0.01709844559585492 0.010550996483001172
4 0.16709844559585493 0.25058616647127785 0.015544041450777202 0.008792497069167644
15 0.5479274611398963 0.2702227432590856 0.04248704663212435 0.05158264947245018
23 0.47564766839378236 0.27549824150058616 0.015544041450777202 0.043962485345838215
15 0.4202072538860104 0.28194607268464245 0.0772020725388601 0.08030480656506447
23 0.5134715025906735 0.30685814771395076 0.016580310880829015 0.008206330597889801
4 0.13471502590673576 0.3033411488862837 0.015544041450777202 0.009378663540445486
4 0.5284974093264249 0.3118405627198124 0.006735751295336788 0.017584994138335287
23 0.5139896373056995 0.3159437280187573 0.01606217616580311 0.009378663540445486
4 0.1655440414507772 0.3094958968347011 0.013471502590673576 0.008206330597889801
4 0.910880829015544 0.32825322391559203 0.012435233160621761 0.029894490035169988
4 0.9453367875647668 0.32971864009378665 0.012435233160621761 0.03048065650644783
15 0.32305699481865285 0.3256154747948417 0.07409326424870466 0.123094958968347
4 0.133419689119171 0.3686987104337632 0.015025906735751295 0.011137162954279016
4 0.9733160621761658 0.38716295427901526 0.015025906735751295 0.009378663540445486
23 0.06917098445595855 0.37280187573270807 0.017616580310880828 0.012895662368112544
4 0.16476683937823836 0.37514654161781946 0.014507772020725389 0.008792497069167644
4 0.9730569948186528 0.3962485345838218 0.014507772020725389 0.0123094958968347
4 0.9562176165803109 0.3959554513481829 0.01606217616580311 0.008792497069167644
23 0.06865284974093264 0.3813012895662368 0.015544041450777202 0.0076201641266119575
4 0.9730569948186528 0.40504103165298944 0.015544041450777202 0.0076201641266119575
23 0.9559585492227979 0.40504103165298944 0.015544041450777202 0.008206330597889801
4 0.06968911917098446 0.3906799531066823 0.021243523316062177 0.00996483001172333
4 0.972279792746114 0.4138335287221571 0.01606217616580311 0.010550996483001172
23 0.9562176165803109 0.414126611957796 0.015544041450777202 0.008206330597889801
23 0.0694300518134715 0.4003516998827667 0.018134715025906734 0.008792497069167644
23 0.45181347150259066 0.4111957796014068 0.01606217616580311 0.008792497069167644
23 0.9549222797927461 0.42262602579132474 0.01709844559585492 0.008206330597889801
23 0.0694300518134715 0.40855803048065653 0.018134715025906734 0.009378663540445486
4 0.971761658031088 0.43141852286049237 0.014507772020725389 0.0076201641266119575
23 0.4512953367875648 0.42145369284876905 0.015544041450777202 0.007033997655334115
4 0.9549222797927461 0.43229777256740914 0.016580310880829015 0.008206330597889801
4 0.0689119170984456 0.4176436107854631 0.01606217616580311 0.0076201641266119575
23 0.13367875647668392 0.4223329425556858 0.018134715025906734 0.009378663540445486
4 0.9715025906735751 0.44021101992966 0.015025906735751295 0.008206330597889801
4 0.45077720207253885 0.42995310668229775 0.015025906735751295 0.009378663540445486
23 0.46709844559585495 0.4308323563892145 0.01606217616580311 0.007033997655334115
23 0.9544041450777202 0.44109026963657677 0.015544041450777202 0.00996483001172333
23 0.0689119170984456 0.42555685814771393 0.01709844559585492 0.00996483001172333
23 0.16373056994818652 0.42995310668229775 0.01709844559585492 0.008206330597889801
23 0.44974093264248705 0.4381594372801876 0.014507772020725389 0.007033997655334115
23 0.4904145077720207 0.4396248534583822 0.015544041450777202 0.0076201641266119575
4 0.9715025906735751 0.4492966002344666 0.01709844559585492 0.00996483001172333
23 0.5051813471502591 0.44021101992966 0.014507772020725389 0.0076201641266119575
23 0.4655440414507772 0.4396248534583822 0.015544041450777202 0.008206330597889801
23 0.9546632124352331 0.44958968347010553 0.01606217616580311 0.0076201641266119575
23 0.4658031088082902 0.44753810082063306 0.016580310880829015 0.008792497069167644
4 0.9538860103626943 0.4577960140679953 0.015025906735751295 0.011137162954279016
23 0.49015544041450776 0.4490035169988277 0.015025906735751295 0.008792497069167644
23 0.46632124352331605 0.45545134818288396 0.013989637305699482 0.008206330597889801
23 0.49015544041450776 0.4563305978898007 0.013471502590673576 0.005861664712778429
4 0.9720207253886011 0.46805392731535755 0.015025906735751295 0.011723329425556858
23 0.4658031088082902 0.46395076201641267 0.014507772020725389 0.006447831184056272
23 0.44766839378238343 0.4642438452520516 0.017616580310880828 0.0076201641266119575
4 0.4898963730569948 0.46512309495896836 0.012953367875647668 0.005861664712778429
23 0.9541450777202073 0.48446658851113716 0.01917098445595855 0.008792497069167644
4 0.9709844559585492 0.48534583821805394 0.015025906735751295 0.009378663540445486
4 0.13031088082901554 0.47332942555685814 0.014507772020725389 0.009378663540445486
23 0.41658031088082903 0.48182883939038684 0.008290155440414507 0.01875732708089097
23 0.4082901554404145 0.481535756154748 0.007253886010362694 0.019343493552168817
4 0.4155440414507772 0.5017584994138335 0.0062176165803108805 0.015240328253223915
23 0.42383419689119173 0.5023446658851114 0.007772020725388601 0.01817116060961313
23 0.03238341968911917 0.49531066822977726 0.016580310880829015 0.0076201641266119575
23 0.049740932642487044 0.4967760844079719 0.013989637305699482 0.008206330597889801
23 0.9528497409326425 0.5334114888628371 0.01865284974093264 0.009378663540445486
23 0.030569948186528497 0.5199296600234466 0.008290155440414507 0.014654161781946073
23 0.9512953367875647 0.5413247362250879 0.01917098445595855 0.008206330597889801
15 0.7935233160621762 0.5436694021101993 0.23316062176165803 0.2620164126611958
4 0.9523316062176166 0.5518757327080891 0.01606217616580311 0.00996483001172333
23 0.9523316062176166 0.5800117233294255 0.017616580310880828 0.008792497069167644
23 0.9523316062176166 0.5882180539273154 0.01865284974093264 0.010550996483001172