30 0.1746905089408528 0.450912017167382 0.02200825309491059 0.017167381974248927
30 0.33012379642365886 0.037285407725321885 0.08665749656121045 0.05150214592274678
30 0.1798486932599725 0.46486051502145925 0.023383768913342505 0.017703862660944206
4 0.1375515818431912 0.483637339055794 0.008940852819807428 0.012339055793991416
30 0.18328748280605228 0.47854077253218885 0.02200825309491059 0.016094420600858368
4 0.12138927097661623 0.49356223175965663 0.018569463548830812 0.008583690987124463
23 0.1330811554332875 0.49436695278969955 0.008253094910591471 0.01072961373390558
4 0.1468363136176066 0.4946351931330472 0.01581843191196699 0.006437768240343348
4 0.12276478679504814 0.4991952789699571 0.016506189821182942 0.006974248927038627
23 0.24002751031636863 0.47854077253218885 0.008940852819807428 0.011802575107296138
23 0.23349381017881707 0.47988197424892703 0.007565337001375516 0.011266094420600859
23 0.24621733149931224 0.4780042918454936 0.008940852819807428 0.011802575107296138
30 0.2737276478679505 0.47317596566523606 0.024071526822558458 0.018240343347639486
4 0.12517193947730398 0.5042918454935622 0.017881705639614855 0.006974248927038627
30 0.18775790921595598 0.4927575107296137 0.02200825309491059 0.016630901287553648
4 0.12551581843191198 0.5099248927038627 0.0171939477303989 0.008047210300429184
23 0.12723521320495185 0.5155579399141631 0.015130674002751032 0.0075107296137339056
30 0.24415405777166438 0.4938304721030043 0.023383768913342505 0.017167381974248927
4 0.12895460797799174 0.5211909871244635 0.014442916093535076 0.006974248927038627
23 0.13067400275103164 0.5265557939914163 0.015130674002751032 0.0075107296137339056
4 0.16678129298486932 0.5195815450643777 0.016506189821182942 0.0075107296137339056
4 0.16815680880330125 0.5241416309012875 0.016506189821182942 0.0075107296137339056
23 0.13342503438789546 0.532725321888412 0.01581843191196699 0.008047210300429184
4 0.17056396148555708 0.5292381974248928 0.0171939477303989 0.008047210300429184
23 0.13411279229711143 0.5375536480686696 0.014442916093535076 0.006974248927038627
4 0.171595598349381 0.5351394849785408 0.015130674002751032 0.006437768240343348
4 0.13651994497936726 0.5429184549356223 0.016506189821182942 0.006974248927038627
4 0.1733149931224209 0.5402360515021459 0.01581843191196699 0.006437768240343348
4 0.13789546079779919 0.5488197424892703 0.01581843191196699 0.0075107296137339056
30 0.21492434662998625 0.07027896995708155 0.06671251719394773 0.06598712446351931
30 0.26822558459422285 0.060085836909871244 0.06602475928473177 0.06652360515021459
23 0.140646492434663 0.6046137339055794 0.008940852819807428 0.011802575107296138
4 0.11795048143053645 0.6091738197424893 0.008940852819807428 0.013412017167381975
4 0.10041265474552957 0.6131974248927039 0.008940852819807428 0.011802575107296138
23 0.12482806052269602 0.6083690987124464 0.008253094910591471 0.011802575107296138
4 0.09284731774415406 0.614538626609442 0.008940852819807428 0.012339055793991416
4 0.1330811554332875 0.6072961373390557 0.008940852819807428 0.011266094420600859
23 0.1887895460797799 0.5971030042918455 0.008253094910591471 0.01072961373390558
23 0.16781292984869325 0.6011266094420601 0.01031636863823934 0.013412017167381975
23 0.21217331499312242 0.5930793991416309 0.008940852819807428 0.012339055793991416
4 0.21939477303988997 0.591469957081545 0.008940852819807428 0.012339055793991416
23 0.19738651994497936 0.5957618025751072 0.01031636863823934 0.012339055793991416
23 0.22627235213204952 0.5903969957081545 0.008940852819807428 0.012875536480686695
23 0.17744154057771663 0.5997854077253219 0.008940852819807428 0.011266094420600859
23 0.15405777166437415 0.6169527896995708 0.009628610729023384 0.011802575107296138
4 0.13514442916093536 0.6274141630901288 0.009628610729023384 0.012875536480686695
4 0.140646492434663 0.6263412017167382 0.01031636863823934 0.013948497854077254
23 0.21973865199449794 0.6215128755364807 0.008940852819807428 0.011266094420600859
23 0.2125171939477304 0.6228540772532188 0.009628610729023384 0.011802575107296138
23 0.1454607977991747 0.6397532188841202 0.008940852819807428 0.011266094420600859
23 0.13961485557083905 0.6408261802575107 0.011004126547455296 0.011802575107296138
23 0.14236588720770288 0.6537017167381974 0.009628610729023384 0.012875536480686695
23 0.1502751031636864 0.6526287553648069 0.009628610729023384 0.012875536480686695
4 0.16609353507565336 0.6590665236051502 0.0171939477303989 0.008047210300429184
23 0.1076341127922971 0.6714055793991416 0.016506189821182942 0.008047210300429184
23 0.1674690508940853 0.6641630901287554 0.01581843191196699 0.0075107296137339056
4 0.6667812929848693 0.5697424892703863 0.008253094910591471 0.011802575107296138
15 0.13927097661623108 0.6735515021459227 0.04470426409903714 0.027896995708154508
4 0.16918844566712518 0.6692596566523605 0.016506189821182942 0.0075107296137339056
23 0.11072902338376892 0.6818669527896996 0.01581843191196699 0.008047210300429184
23 0.171595598349381 0.674892703862661 0.0171939477303989 0.008047210300429184
15 0.7524071526822559 0.5625 0.08665749656121045 0.05740343347639485
23 0.11210453920220083 0.6877682403433476 0.01581843191196699 0.006974248927038627
4 0.6805364511691885 0.5810085836909872 0.008253094910591471 0.012339055793991416
23 0.1733149931224209 0.6797210300429185 0.014442916093535076 0.0075107296137339056
4 0.8297799174690509 0.5536480686695279 0.008253094910591471 0.012875536480686695
4 0.8187757909215956 0.5574034334763949 0.016506189821182942 0.0075107296137339056
4 0.13548830811554333 0.6901824034334764 0.017881705639614855 0.008583690987124463
4 0.11691884456671252 0.6944742489270386 0.01925722145804677 0.0101931330472103
4 0.15508940852819808 0.6869635193133047 0.018569463548830812 0.008583690987124463
23 0.8184319119669876 0.5630364806866953 0.01581843191196699 0.006974248927038627
4 0.7104539202200826 0.5866416309012875 0.0171939477303989 0.008047210300429184
4 0.7125171939477304 0.5925429184549357 0.015130674002751032 0.006974248927038627
4 0.12551581843191198 0.7073497854077253 0.008253094910591471 0.012339055793991416
4 0.1671251719394773 0.700107296137339 0.008253094910591471 0.011802575107296138
4 0.8229023383768913 0.5748390557939914 0.018569463548830812 0.016094420600858368
23 0.7334938101788171 0.5989806866952789 0.008940852819807428 0.012339055793991416
4 0.7269601100412655 0.6000536480686696 0.008940852819807428 0.011802575107296138
23 0.7403713892709766 0.598175965665236 0.008253094910591471 0.011802575107296138
23 0.71939477303989 0.6027360515021459 0.008940852819807428 0.013412017167381975
23 0.7138927097661623 0.6038090128755365 0.008940852819807428 0.012339055793991416
4 0.78232462173315 0.5933476394849786 0.008940852819807428 0.011802575107296138
4 0.6977303988995873 0.6102467811158798 0.017881705639614855 0.006974248927038627
23 0.7689133425034388 0.5962982832618026 0.008940852819807428 0.012339055793991416
4 0.12310866574965612 0.7221030042918455 0.008253094910591471 0.011802575107296138
23 0.7757909215955984 0.5957618025751072 0.007565337001375516 0.0101931330472103
4 0.13720770288858322 0.7199570815450643 0.009628610729023384 0.011802575107296138
4 0.11657496561210454 0.7239806866952789 0.008940852819807428 0.012339055793991416
4 0.12998624484181567 0.7212982832618026 0.008253094910591471 0.012339055793991416
4 0.1640302613480055 0.7145922746781116 0.008940852819807428 0.012339055793991416
4 0.15818431911966988 0.716469957081545 0.01031636863823934 0.012875536480686695
4 0.14408528198074277 0.7191523605150214 0.008940852819807428 0.013412017167381975
4 0.15061898211829436 0.7178111587982833 0.009628610729023384 0.012875536480686695
23 0.17090784044016505 0.714324034334764 0.009628610729023384 0.012339055793991416
4 0.17744154057771663 0.7129828326180258 0.009628610729023384 0.012875536480686695
4 0.7902338376891335 0.5965665236051502 0.008940852819807428 0.012339055793991416
4 0.7971114167812929 0.5954935622317596 0.011691884456671253 0.014484978540772532
4 0.6984181568088033 0.6150751072961373 0.016506189821182942 0.006974248927038627
4 0.19429160935350756 0.7170064377682404 0.018569463548830812 0.008583690987124463
23 0.7352132049518569 0.612392703862661 0.008940852819807428 0.012339055793991416
4 0.7420907840440165 0.6115879828326181 0.008253094910591471 0.012339055793991416
4 0.7197386519944979 0.6169527896995708 0.008253094910591471 0.012875536480686695
4 0.7582530949105915 0.6094420600858369 0.02063273727647868 0.014484978540772532
4 0.7290233837689133 0.615343347639485 0.009628610729023384 0.012875536480686695
23 0.12242090784044017 0.733637339055794 0.016506189821182942 0.0075107296137339056
23 0.7723521320495186 0.6094420600858369 0.008940852819807428 0.011802575107296138
23 0.7843878954607978 0.6072961373390557 0.016506189821182942 0.008047210300429184
4 0.5017193947730398 0.6628218884120172 0.009628610729023384 0.013412017167381975
4 0.19497936726272352 0.7229077253218884 0.0171939477303989 0.008047210300429184
23 0.12448418156808803 0.739538626609442 0.015130674002751032 0.0075107296137339056
4 0.6795048143053645 0.6335836909871244 0.01925722145804677 0.009656652360515022
4 0.19669876203576342 0.7282725321888412 0.017881705639614855 0.008047210300429184
23 0.1265474552957359 0.746244635193133 0.016506189821182942 0.008047210300429184
4 0.19876203576341128 0.7333690987124464 0.0171939477303989 0.008047210300429184
4 0.7599724896836314 0.6241952789699571 0.018569463548830812 0.008047210300429184
23 0.12895460797799174 0.7513412017167382 0.015130674002751032 0.0075107296137339056
4 0.1997936726272352 0.7387339055793991 0.01581843191196699 0.006974248927038627
15 0.16196698762035763 0.7459763948497854 0.05364511691884457 0.04184549356223176
4 0.7592847317744154 0.6303648068669528 0.017881705639614855 0.008583690987124463
4 0.5701513067400276 0.6687231759656652 0.008940852819807428 0.013948497854077254
4 0.4621733149931224 0.6904506437768241 0.011004126547455296 0.013948497854077254
4 0.49793672627235214 0.6840128755364807 0.011004126547455296 0.013948497854077254
23 0.12998624484181567 0.756706008583691 0.014442916093535076 0.006974248927038627
4 0.2015130674002751 0.7438304721030042 0.01581843191196699 0.008047210300429184
23 0.13170563961485557 0.7623390557939914 0.01581843191196699 0.0075107296137339056
4 0.203232462173315 0.7494635193133047 0.017881705639614855 0.008583690987124463
23 0.13342503438789546 0.7677038626609443 0.01581843191196699 0.008047210300429184
4 0.20426409903713894 0.7548283261802575 0.016506189821182942 0.0075107296137339056
4 0.06705639614855571 0.11695278969957082 0.01031636863823934 0.013412017167381975
4 0.20667125171939477 0.7599248927038627 0.017881705639614855 0.008583690987124463
23 0.8201513067400276 0.6405579399141631 0.015130674002751032 0.006974248927038627
23 0.16850068775790922 0.7706545064377682 0.008940852819807428 0.012339055793991416
23 0.1626547455295736 0.7725321888412017 0.009628610729023384 0.012875536480686695
23 0.15061898211829436 0.7752145922746781 0.009628610729023384 0.012875536480686695
23 0.13480055020632736 0.7784334763948498 0.011004126547455296 0.012875536480686695
4 0.1433975240715268 0.776824034334764 0.009628610729023384 0.013412017167381975
23 0.17537826685006877 0.7709227467811158 0.009628610729023384 0.012875536480686695
4 0.18363136176066025 0.76931330472103 0.01031636863823934 0.013948497854077254
4 0.2077028885832187 0.7658261802575107 0.01581843191196699 0.0075107296137339056
4 0.16643741403026135 0.7800429184549357 0.01581843191196699 0.008583690987124463
4 0.672627235213205 0.6832081545064378 0.016506189821182942 0.008583690987124463
23 0.8920220082530949 0.6416309012875536 0.008940852819807428 0.011802575107296138
4 0.1433975240715268 0.7899678111587983 0.0171939477303989 0.008047210300429184
4 0.17950481430536452 0.7829935622317596 0.01581843191196699 0.006974248927038627
23 0.15990371389270977 0.7867489270386266 0.016506189821182942 0.008583690987124463
23 0.7775103163686382 0.6671137339055794 0.008940852819807428 0.011266094420600859
23 0.7709766162310867 0.6689914163090128 0.007565337001375516 0.01072961373390558
4 0.765130674002751 0.6730150214592274 0.008253094910591471 0.013412017167381975
4 0.9718019257221459 0.6432403433476395 0.01581843191196699 0.008047210300429184
4 0.20701513067400276 0.7947961373390557 0.008940852819807428 0.011266094420600859
23 0.9398211829436038 0.6582618025751072 0.015130674002751032 0.0075107296137339056
23 0.22455295735900963 0.8001609442060086 0.008940852819807428 0.012339055793991416
23 0.9408528198074277 0.6641630901287554 0.014442916093535076 0.006974248927038627
4 0.9243466299862448 0.6673819742489271 0.014442916093535076 0.006974248927038627
4 0.3672627235213205 0.7808476394849786 0.009628610729023384 0.013948497854077254
23 0.9257221458046767 0.6727467811158798 0.014442916093535076 0.006974248927038627
4 0.968707015130674 0.664431330472103 0.009628610729023384 0.012875536480686695
23 0.9425722145804677 0.6692596566523605 0.013067400275103164 0.006437768240343348
4 0.2668500687757909 0.8017703862660944 0.008940852819807428 0.013412017167381975
4 0.8662310866574966 0.6858905579399142 0.0171939477303989 0.008047210300429184
4 0.4501375515818432 0.7674356223175965 0.01031636863823934 0.013412017167381975
23 0.9267537826685007 0.6773068669527897 0.01581843191196699 0.006974248927038627
4 0.5976616231086658 0.7414163090128756 0.009628610729023384 0.012875536480686695
23 0.22902338376891335 0.8135729613733905 0.0068775790921595595 0.011802575107296138
23 0.23555708390646493 0.8125 0.008940852819807428 0.011266094420600859
4 0.9449793672627235 0.674892703862661 0.015130674002751032 0.006974248927038627
4 0.9068088033012379 0.6834763948497854 0.016506189821182942 0.0075107296137339056
23 0.9284731774415406 0.6832081545064378 0.014442916093535076 0.006974248927038627
4 0.9466987620357634 0.6802575107296137 0.014442916093535076 0.006974248927038627
23 0.2740715268225585 0.8114270386266095 0.013755158184319119 0.006437768240343348
4 0.9085281980742779 0.6899141630901288 0.0171939477303989 0.008047210300429184
23 0.9470426409903714 0.6856223175965666 0.015130674002751032 0.0075107296137339056
4 0.703576341127923 0.7331008583690987 0.01031636863823934 0.012875536480686695
23 0.9308803301237965 0.6904506437768241 0.016506189821182942 0.0075107296137339056
23 0.9105914718019257 0.6955472103004292 0.014442916093535076 0.006974248927038627
23 0.9329436038514443 0.6966201716738197 0.014442916093535076 0.006974248927038627
23 0.951856946354883 0.6936695278969958 0.019944979367262722 0.009656652360515022
23 0.8696698762035764 0.7121781115879828 0.015130674002751032 0.006974248927038627
4 0.8858321870701513 0.7092274678111588 0.01581843191196699 0.006974248927038627
4 0.9556396148555708 0.6993025751072961 0.016506189821182942 0.0075107296137339056
30 0.34731774415405775 0.0713519313304721 0.11416781292984869 0.07618025751072961
23 0.8713892709766162 0.7175429184549357 0.014442916093535076 0.006437768240343348
4 0.8875515818431912 0.7148605150214592 0.0171939477303989 0.008047210300429184
23 0.9178129298486932 0.7113733905579399 0.016506189821182942 0.006974248927038627
23 0.23486932599724897 0.8457618025751072 0.008940852819807428 0.012339055793991416
23 0.24140302613480055 0.8444206008583691 0.009628610729023384 0.011802575107296138
23 0.2482806052269601 0.8430793991416309 0.009628610729023384 0.011802575107296138
23 0.9188445667125172 0.716469957081545 0.016506189821182942 0.0075107296137339056
23 0.9009628610729024 0.7255901287553648 0.01581843191196699 0.0075107296137339056
4 0.16162310866574967 0.8693669527896996 0.01031636863823934 0.013412017167381975
23 0.9391334250343879 0.7186158798283262 0.014442916093535076 0.005901287553648069
4 0.17056396148555708 0.868293991416309 0.01031636863823934 0.015021459227467811
23 0.17778541953232463 0.8672210300429185 0.009628610729023384 0.012875536480686695
23 0.19325997248968363 0.8642703862660944 0.008940852819807428 0.012339055793991416
23 0.1997936726272352 0.8629291845493562 0.01031636863823934 0.012339055793991416
23 0.18535075653370015 0.8658798283261803 0.008940852819807428 0.012875536480686695
23 0.2297111416781293 0.8589055793991416 0.01031636863823934 0.013948497854077254
23 0.9398211829436038 0.7229077253218884 0.014442916093535076 0.006437768240343348
23 0.9425722145804677 0.7290772532188842 0.01581843191196699 0.0075107296137339056
23 0.8820495185694636 0.7435622317596566 0.017881705639614855 0.008583690987124463
23 0.17537826685006877 0.8833154506437768 0.009628610729023384 0.012339055793991416
23 0.16643741403026135 0.8849248927038627 0.009628610729023384 0.012875536480686695
23 0.8830811554332875 0.7489270386266095 0.016506189821182942 0.006974248927038627
30 0.21492434662998625 0.8827789699570815 0.061898211829436035 0.03648068669527897
23 0.8937414030261348 0.7561695278969958 0.008940852819807428 0.012339055793991416
23 0.17606602475928473 0.9012875536480687 0.009628610729023384 0.011802575107296138
23 0.16884456671251719 0.9034334763948498 0.009628610729023384 0.011802575107296138
23 0.2568775790921596 0.8927038626609443 0.01031636863823934 0.013412017167381975
30 0.22386519944979366 0.9136266094420601 0.061898211829436035 0.03648068669527897
30 0.23005502063273728 0.9678111587982833 0.023383768913342505 0.016630901287553648
30 0.25103163686382396 0.9648605150214592 0.02269601100412655 0.013412017167381975
23 0.7310866574965612 0.8774141630901288 0.013755158184319119 0.006437768240343348
23 0.23521320495185694 0.9771995708154506 0.015130674002751032 0.0075107296137339056
4 0.312585969738652 0.9621781115879828 0.0171939477303989 0.006974248927038627
4 0.25378266850068776 0.9742489270386266 0.016506189821182942 0.0075107296137339056
4 0.732806052269601 0.8827789699570815 0.0171939477303989 0.008047210300429184
23 0.8566024759284732 0.8591738197424893 0.014442916093535076 0.006974248927038627
23 0.3139614855570839 0.9675429184549357 0.015130674002751032 0.006974248927038627
23 0.23555708390646493 0.9833690987124464 0.014442916093535076 0.006437768240343348
23 0.2568775790921596 0.9790772532188842 0.0171939477303989 0.006974248927038627
23 0.22077028885832187 0.9860515021459227 0.015130674002751032 0.006974248927038627
4 0.8418156808803301 0.8664163090128756 0.0171939477303989 0.008047210300429184
23 0.8579779917469051 0.8631974248927039 0.013755158184319119 0.006437768240343348
15 0.2857634112792297 0.9761266094420601 0.04264099037138927 0.02682403433476395
23 0.8792984869325997 0.8613197424892703 0.016506189821182942 0.006974248927038627
23 0.31636863823933975 0.9742489270386266 0.016506189821182942 0.0075107296137339056
23 0.8803301237964236 0.8666845493562232 0.013755158184319119 0.005901287553648069
4 0.8607290233837689 0.8704399141630901 0.016506189821182942 0.008047210300429184
4 0.31808803301237965 0.9798819742489271 0.016506189821182942 0.0075107296137339056
23 0.8617606602475929 0.8758047210300429 0.014442916093535076 0.006974248927038627
23 0.8820495185694636 0.8723175965665236 0.01581843191196699 0.008047210300429184
23 0.8627922971114168 0.8811695278969958 0.014442916093535076 0.006974248927038627
15 0.28198074277854196 0.10005364806866952 0.04126547455295736 0.02628755364806867
23 0.27888583218707014 0.9949034334763949 0.01031636863823934 0.009120171673819743
23 0.2716643741403026 0.9957081545064378 0.009628610729023384 0.0075107296137339056
23 0.936726272352132 0.871244635193133 0.009628610729023384 0.012875536480686695
23 0.9305364511691885 0.8731223175965666 0.009628610729023384 0.011802575107296138
23 0.8651994497936726 0.8868025751072961 0.014442916093535076 0.006974248927038627
23 0.8579779917469051 0.9042381974248928 0.014442916093535076 0.006437768240343348
23 0.8837689133425034 0.8996781115879828 0.016506189821182942 0.008047210300429184
4 0.17881705639614856 0.12285407725321888 0.018569463548830812 0.009656652360515022
4 0.859697386519945 0.9093347639484979 0.017881705639614855 0.008583690987124463
4 0.8872077028885832 0.910675965665236 0.016506189821182942 0.008047210300429184
23 0.8913342503438789 0.9171137339055794 0.02063273727647868 0.0101931330472103
23 0.8060522696011004 0.9447424892703863 0.008253094910591471 0.011266094420600859
23 0.7995185694635488 0.9466201716738197 0.0068775790921595595 0.01072961373390558
23 0.8473177441540578 0.9372317596566524 0.007565337001375516 0.01072961373390558
4 0.7929848693259972 0.9484978540772532 0.01031636863823934 0.013412017167381975
23 0.8535075653370013 0.9366952789699571 0.008940852819807428 0.012875536480686695
23 0.8335625859697386 0.9404506437768241 0.008253094910591471 0.012339055793991416
23 0.07737276478679504 0.14860515021459228 0.009628610729023384 0.012339055793991416
23 0.09044016506189821 0.14619098712446352 0.009628610729023384 0.011802575107296138
4 0.08321870701513068 0.14753218884120173 0.008253094910591471 0.012339055793991416
23 0.10557083906464924 0.14377682403433475 0.008253094910591471 0.012339055793991416
4 0.20598349381017883 0.13197424892703863 0.009628610729023384 0.012339055793991416
23 0.12379642365887207 0.16335836909871246 0.01581843191196699 0.0075107296137339056
4 0.1265474552957359 0.17221030042918456 0.015130674002751032 0.006974248927038627
4 0.016162310866574967 0.20386266094420602 0.015130674002751032 0.006974248927038627
23 0.13514442916093536 0.19715665236051502 0.015130674002751032 0.008583690987124463
30 0.11588720770288859 0.2030579399141631 0.02269601100412655 0.017703862660944206
15 0.048143053645116916 0.21968884120171675 0.04264099037138927 0.04130901287553648
23 0.13651994497936726 0.2030579399141631 0.014442916093535076 0.006974248927038627
4 0.07668500687757909 0.22183476394849785 0.015130674002751032 0.006974248927038627
4 0.1265474552957359 0.21593347639484978 0.009628610729023384 0.012875536480686695
4 0.07874828060522696 0.226931330472103 0.01581843191196699 0.006437768240343348
23 0.14167812929848694 0.22398068669527896 0.016506189821182942 0.0075107296137339056
23 0.1499312242090784 0.23202789699570817 0.007565337001375516 0.01072961373390558
23 0.15474552957359008 0.24490343347639484 0.009628610729023384 0.011802575107296138
23 0.14786795048143053 0.25670600858369097 0.014442916093535076 0.006437768240343348
23 0.12998624484181567 0.2601931330472103 0.015130674002751032 0.006974248927038627
15 0.06499312242090784 0.2770922746781116 0.035075653370013754 0.017703862660944206
23 0.14958734525447043 0.26180257510729615 0.012379642365887207 0.006437768240343348
23 0.15130674002751032 0.26716738197424894 0.015130674002751032 0.008047210300429184
4 0.07702888583218707 0.2832618025751073 0.01581843191196699 0.006974248927038627
4 0.05811554332874828 0.28782188841201717 0.01581843191196699 0.006974248927038627
23 0.15337001375515819 0.2717274678111588 0.013755158184319119 0.006437768240343348
23 0.13686382393397525 0.27548283261802575 0.01581843191196699 0.0075107296137339056
23 0.13927097661623108 0.2805793991416309 0.013755158184319119 0.006437768240343348
23 0.15405777166437415 0.27762875536480686 0.012379642365887207 0.006437768240343348
23 0.14030261348005502 0.28567596566523606 0.014442916093535076 0.006437768240343348
23 0.15646492434662998 0.2832618025751073 0.014442916093535076 0.006974248927038627
23 0.13651994497936726 0.2921137339055794 0.015130674002751032 0.006437768240343348
4 0.15990371389270977 0.2880901287553648 0.016506189821182942 0.0075107296137339056
23 0.1499312242090784 0.2937231759656652 0.007565337001375516 0.01072961373390558
23 0.13823933975240715 0.29721030042918456 0.014442916093535076 0.006974248927038627
4 0.16162310866574967 0.29318669527896996 0.014442916093535076 0.006437768240343348
15 0.08218707015130675 0.3151824034334764 0.04332874828060523 0.04130901287553648
4 0.13548830811554333 0.31089055793991416 0.009628610729023384 0.012875536480686695
4 0.16884456671251719 0.3178648068669528 0.015130674002751032 0.0075107296137339056
30 0.15268225584594222 0.32644849785407726 0.024071526822558458 0.017167381974248927
4 0.17125171939477304 0.3229613733905579 0.01581843191196699 0.005901287553648069
23 0.17228335625859698 0.3283261802575107 0.013755158184319119 0.006974248927038627
23 0.15508940852819808 0.33717811158798283 0.01581843191196699 0.006974248927038627
23 0.1733149931224209 0.3334227467811159 0.013067400275103164 0.006437768240343348
15 0.09250343878954607 0.3540772532188841 0.04332874828060523 0.040236051502145924
4 0.15680880330123798 0.3417381974248927 0.01581843191196699 0.006974248927038627
4 0.17572214580467677 0.33905579399141633 0.013755158184319119 0.006437768240343348
23 0.1592159559834938 0.34737124463519314 0.014442916093535076 0.006974248927038627
23 0.17606602475928473 0.3446888412017167 0.015130674002751032 0.006974248927038627
23 0.17847317744154056 0.3497854077253219 0.013067400275103164 0.005901287553648069
23 0.18775790921595598 0.3572961373390558 0.007565337001375516 0.009656652360515022
23 0.19154057771664373 0.36909871244635195 0.007565337001375516 0.011266094420600859
15 0.12414030261348005 0.43106223175965663 0.07152682255845942 0.05686695278969957
4 0.08046767537826685 0.4511802575107296 0.016506189821182942 0.009120171673819743