21 0.18765984654731457 0.22740384615384615 0.09782608695652174 0.07884615384615384
21 0.5585038363171355 0.13317307692307692 0.460997442455243 0.2
28 0.23561381074168797 0.25576923076923075 0.024936061381074168 0.038461538461538464
28 0.17039641943734016 0.28221153846153846 0.02557544757033248 0.0375
28 0.24104859335038364 0.2903846153846154 0.024936061381074168 0.03365384615384615
7 0.30914322250639387 0.2759615384615385 0.05051150895140665 0.04807692307692308
20 0.7800511508951407 0.1389423076923077 0.037723785166240406 0.03461538461538462
31 0.8078644501278772 0.13076923076923078 0.010230179028132993 0.015384615384615385
28 0.1745524296675192 0.31682692307692306 0.026214833759590793 0.038461538461538464
21 0.20875959079283887 0.3105769230769231 0.05754475703324808 0.13365384615384615
31 0.8072250639386189 0.14951923076923077 0.010230179028132993 0.021153846153846155
31 0.8017902813299232 0.1519230769230769 0.00639386189258312 0.015384615384615385
5 0.7452046035805626 0.16923076923076924 0.005115089514066497 0.009615384615384616
31 0.7717391304347826 0.16298076923076923 0.00639386189258312 0.0125
31 0.7842071611253197 0.16009615384615383 0.008312020460358057 0.013461538461538462
6 0.7595907928388747 0.17115384615384616 0.017263427109974423 0.03076923076923077
28 0.24552429667519182 0.3230769230769231 0.024296675191815855 0.03365384615384615
24 0.7471227621483376 0.18221153846153845 0.007033248081841432 0.013461538461538462
28 0.1793478260869565 0.3485576923076923 0.026854219948849106 0.0375
31 0.7755754475703325 0.1798076923076923 0.00639386189258312 0.006730769230769231
31 0.782608695652174 0.17884615384615385 0.005754475703324808 0.011538461538461539
31 0.8104219948849105 0.17451923076923076 0.016624040920716114 0.032692307692307694
31 0.795076726342711 0.1798076923076923 0.00959079283887468 0.025
31 0.7953964194373402 0.19903846153846153 0.010869565217391304 0.008653846153846154
20 0.295076726342711 0.3485576923076923 0.011508951406649617 0.026923076923076925
31 0.8037084398976982 0.20096153846153847 0.005754475703324808 0.013461538461538462
5 0.46675191815856776 0.30096153846153845 0.01854219948849105 0.016346153846153847
31 0.7963554987212276 0.20721153846153847 0.010869565217391304 0.009615384615384616
20 0.31297953964194375 0.34951923076923075 0.017902813299232736 0.01730769230769231
5 0.7503196930946292 0.23173076923076924 0.00639386189258312 0.007692307692307693
15 0.77653452685422 0.22596153846153846 0.03644501278772379 0.07403846153846154
20 0.31521739130434784 0.3629807692307692 0.017263427109974423 0.016346153846153847
5 0.4804987212276215 0.3153846153846154 0.011508951406649617 0.025961538461538463
5 0.45812020460358055 0.32211538461538464 0.00959079283887468 0.027884615384615386
15 0.4686700767263427 0.3192307692307692 0.017902813299232736 0.026923076923076925
31 0.8145780051150895 0.22115384615384615 0.008951406649616368 0.009615384615384616
5 0.7960358056265985 0.22932692307692307 0.00639386189258312 0.0125
5 0.7464833759590793 0.24471153846153845 0.015345268542199489 0.013461538461538462
5 0.8069053708439897 0.2298076923076923 0.010230179028132993 0.025
24 0.6863810741687979 0.27403846153846156 0.01854219948849105 0.028846153846153848
5 0.5927109974424553 0.30480769230769234 0.0159846547314578 0.04230769230769231
5 0.7519181585677749 0.26346153846153847 0.008312020460358057 0.023076923076923078
20 0.6994884910485933 0.2846153846153846 0.010869565217391304 0.027884615384615386
5 0.7605498721227621 0.26875 0.010230179028132993 0.02403846153846154
5 0.5495524296675192 0.33221153846153845 0.0159846547314578 0.025961538461538463
21 0.21355498721227623 0.43365384615384617 0.10421994884910486 0.14711538461538462
28 0.15025575447570333 0.45528846153846153 0.02557544757033248 0.038461538461538464
31 0.315537084398977 0.4081730769230769 0.00959079283887468 0.025961538461538463
5 0.3510230179028133 0.39855769230769234 0.010230179028132993 0.026923076923076925
5 0.657608695652174 0.3105769230769231 0.017263427109974423 0.015384615384615385
5 0.6080562659846548 0.3264423076923077 0.00959079283887468 0.025
5 0.3756393861892583 0.39615384615384613 0.017902813299232736 0.014423076923076924
5 0.6262787723785166 0.3245192307692308 0.00959079283887468 0.022115384615384617
5 0.7551150895140665 0.28942307692307695 0.00959079283887468 0.023076923076923078
31 0.6023017902813299 0.33557692307692305 0.005754475703324808 0.011538461538461539
5 0.30434782608695654 0.4254807692307692 0.0159846547314578 0.014423076923076924
16 0.7723785166240409 0.28894230769230766 0.026214833759590793 0.02403846153846154
31 0.5930306905370843 0.3423076923076923 0.005115089514066497 0.010576923076923078
5 0.6505754475703325 0.33221153846153845 0.00959079283887468 0.02403846153846154
5 0.6697570332480819 0.32884615384615384 0.017263427109974423 0.026923076923076925
31 0.6166879795396419 0.34951923076923075 0.008951406649616368 0.023076923076923078
5 0.3820332480818414 0.42740384615384613 0.01854219948849105 0.015384615384615385
31 0.6441815856777494 0.3591346153846154 0.015345268542199489 0.0125
31 0.6086956521739131 0.3697115384615385 0.015345268542199489 0.0125
31 0.6643222506393862 0.35384615384615387 0.016624040920716114 0.0125
5 0.6835038363171355 0.3485576923076923 0.017263427109974423 0.014423076923076924
5 0.3078644501278772 0.45865384615384613 0.017902813299232736 0.01730769230769231
5 0.3836317135549872 0.4394230769230769 0.017263427109974423 0.015384615384615385
31 0.645460358056266 0.36923076923076925 0.008312020460358057 0.007692307692307693
31 0.6540920716112532 0.36682692307692305 0.008312020460358057 0.007692307692307693
31 0.6633631713554987 0.3639423076923077 0.008312020460358057 0.007692307692307693
31 0.6355498721227621 0.37259615384615385 0.00639386189258312 0.006730769230769231
31 0.6039002557544757 0.38846153846153847 0.005754475703324808 0.010576923076923078
31 0.6205242966751918 0.38509615384615387 0.0159846547314578 0.0125
31 0.6742327365728901 0.36923076923076925 0.005754475703324808 0.011538461538461539
5 0.6857416879795396 0.3658653846153846 0.016624040920716114 0.014423076923076924
15 0.4881713554987212 0.42403846153846153 0.13171355498721227 0.20384615384615384
5 0.4319053708439898 0.44519230769230766 0.010869565217391304 0.025
31 0.6342710997442456 0.3894230769230769 0.008312020460358057 0.007692307692307693
31 0.6464194373401535 0.3855769230769231 0.0076726342710997444 0.007692307692307693
28 0.2688618925831202 0.4980769230769231 0.02557544757033248 0.03653846153846154
31 0.670076726342711 0.3870192307692308 0.005754475703324808 0.011538461538461539
28 0.2020460358056266 0.5245192307692308 0.02557544757033248 0.03461538461538462
5 0.31361892583120204 0.49182692307692305 0.016624040920716114 0.014423076923076924
31 0.6582480818414322 0.39134615384615384 0.005754475703324808 0.011538461538461539
31 0.6643222506393862 0.38990384615384616 0.005115089514066497 0.011538461538461539
31 0.6470588235294118 0.3951923076923077 0.0076726342710997444 0.007692307692307693
31 0.6767902813299232 0.3903846153846154 0.005115089514066497 0.010576923076923078
31 0.6211636828644501 0.4115384615384615 0.016624040920716114 0.014423076923076924
5 0.6934143222506394 0.3903846153846154 0.017263427109974423 0.016346153846153847
31 0.6365089514066496 0.4076923076923077 0.0076726342710997444 0.023076923076923078
5 0.38938618925831203 0.48028846153846155 0.017902813299232736 0.016346153846153847
31 0.6566496163682864 0.4096153846153846 0.015345268542199489 0.0125
31 0.6445012787723785 0.41346153846153844 0.005115089514066497 0.010576923076923078
31 0.67806905370844 0.40384615384615385 0.0076726342710997444 0.007692307692307693
31 0.6090153452685422 0.42403846153846153 0.004475703324808184 0.010576923076923078
31 0.6620843989769821 0.4173076923076923 0.007033248081841432 0.007692307692307693
31 0.6796675191815856 0.41201923076923075 0.0076726342710997444 0.007692307692307693
28 0.27237851662404094 0.53125 0.024296675191815855 0.03653846153846154
31 0.7014066496163683 0.40625 0.0159846547314578 0.0125
5 0.3945012787723785 0.4971153846153846 0.010230179028132993 0.025961538461538463
5 0.3868286445012788 0.49951923076923077 0.00959079283887468 0.025
5 0.3209718670076726 0.5211538461538462 0.008951406649616368 0.02403846153846154
5 0.36508951406649615 0.5100961538461538 0.012148337595907928 0.026923076923076925
5 0.33024296675191817 0.520673076923077 0.010230179028132993 0.025961538461538463
28 0.20684143222506393 0.5572115384615385 0.026214833759590793 0.038461538461538464
5 0.35262148337595906 0.5144230769230769 0.00959079283887468 0.025961538461538463
5 0.3781969309462916 0.5072115384615384 0.011508951406649617 0.026923076923076925
31 0.6297953964194374 0.4360576923076923 0.0076726342710997444 0.0125
31 0.6633631713554987 0.4264423076923077 0.0076726342710997444 0.006730769230769231
31 0.6809462915601023 0.4216346153846154 0.00639386189258312 0.007692307692307693
31 0.6102941176470589 0.44326923076923075 0.008312020460358057 0.011538461538461539
21 0.24168797953964194 0.5524038461538462 0.058184143222506396 0.1346153846153846
5 0.5623401534526854 0.46153846153846156 0.011508951406649617 0.025961538461538463
31 0.6467391304347826 0.4403846153846154 0.0159846547314578 0.013461538461538462
31 0.6643222506393862 0.4355769230769231 0.0159846547314578 0.0125
31 0.6819053708439897 0.4307692307692308 0.0159846547314578 0.0125
15 0.8283248081841432 0.39903846153846156 0.1336317135549872 0.20288461538461539
28 0.2774936061381074 0.5644230769230769 0.026214833759590793 0.0375
24 0.7129156010230179 0.43846153846153846 0.017902813299232736 0.015384615384615385
31 0.6160485933503836 0.46778846153846154 0.015345268542199489 0.0125
31 0.6835038363171355 0.4485576923076923 0.008951406649616368 0.023076923076923078
31 0.6608056265984654 0.4567307692307692 0.008312020460358057 0.02403846153846154
28 0.21195652173913043 0.5903846153846154 0.02557544757033248 0.03942307692307692
28 0.3631713554987212 0.5475961538461539 0.023017902813299233 0.03365384615384615
31 0.6975703324808185 0.45240384615384616 0.015345268542199489 0.0125
5 0.33088235294117646 0.5605769230769231 0.014066496163682864 0.03942307692307692
5 0.3174552429667519 0.5649038461538461 0.0159846547314578 0.03942307692307692
20 0.4686700767263427 0.5216346153846154 0.017263427109974423 0.01730769230769231
24 0.5 0.5125 0.017263427109974423 0.016346153846153847
31 0.6512148337595908 0.4721153846153846 0.008312020460358057 0.023076923076923078
5 0.6278772378516624 0.48173076923076924 0.008951406649616368 0.023076923076923078
31 0.6962915601023018 0.4716346153846154 0.0159846547314578 0.0125
31 0.7135549872122762 0.46634615384615385 0.015345268542199489 0.0125
31 0.6822250639386189 0.48365384615384616 0.00959079283887468 0.025
12 0.6566496163682864 0.49230769230769234 0.017263427109974423 0.014423076923076924
31 0.7007672634271099 0.48365384615384616 0.015345268542199489 0.013461538461538462
24 0.6000639386189258 0.5173076923076924 0.017902813299232736 0.01730769230769231
5 0.5588235294117647 0.5302884615384615 0.026854219948849106 0.025
5 0.5095907928388747 0.55 0.010230179028132993 0.025
31 0.5297314578005116 0.5442307692307692 0.034526854219948847 0.041346153846153845
28 0.7257033248081841 0.4894230769230769 0.02237851662404092 0.03653846153846154
12 0.7071611253196931 0.4951923076923077 0.0159846547314578 0.013461538461538462
5 0.6016624040920716 0.5302884615384615 0.017902813299232736 0.015384615384615385
5 0.6889386189258312 0.5134615384615384 0.00959079283887468 0.023076923076923078
6 0.6684782608695652 0.5259615384615385 0.03388746803069054 0.04038461538461539
5 0.5332480818414322 0.5677884615384615 0.017902813299232736 0.014423076923076924
5 0.6470588235294118 0.5355769230769231 0.00959079283887468 0.025
12 0.7033248081841432 0.520673076923077 0.010230179028132993 0.023076923076923078
28 0.5639386189258312 0.5634615384615385 0.026214833759590793 0.038461538461538464
5 0.8529411764705882 0.49278846153846156 0.026214833759590793 0.022115384615384617
28 0.4539641943734015 0.6096153846153847 0.024936061381074168 0.038461538461538464
21 0.24552429667519182 0.6735576923076924 0.100383631713555 0.13365384615384615
28 0.40569053708439895 0.6302884615384615 0.024936061381074168 0.04038461538461539
24 0.6703964194373402 0.5557692307692308 0.017263427109974423 0.016346153846153847
28 0.7864450127877238 0.5336538461538461 0.024296675191815855 0.03653846153846154
24 0.8190537084398977 0.5245192307692308 0.00959079283887468 0.025
24 0.8014705882352942 0.53125 0.010230179028132993 0.026923076923076925
5 0.8107416879795396 0.5288461538461539 0.00959079283887468 0.025
28 0.8417519181585678 0.5235576923076923 0.024296675191815855 0.03942307692307692
20 0.6742327365728901 0.5774038461538461 0.028132992327365727 0.02980769230769231
20 0.6528132992327366 0.5846153846153846 0.00959079283887468 0.025961538461538463
28 0.8724424552429667 0.5225961538461539 0.02557544757033248 0.03653846153846154
28 0.43638107416879796 0.65 0.023657289002557546 0.035576923076923075
30 0.8938618925831202 0.5211538461538462 0.021099744245524295 0.0375
28 0.717391304347826 0.575 0.024296675191815855 0.03653846153846154
5 0.8369565217391305 0.5509615384615385 0.017902813299232736 0.01730769230769231
28 0.801150895140665 0.5706730769230769 0.023657289002557546 0.035576923076923075
28 0.6671994884910486 0.6115384615384616 0.024936061381074168 0.0375
24 0.8385549872122762 0.5634615384615385 0.017902813299232736 0.016346153846153847
28 0.17774936061381075 0.7581730769230769 0.021099744245524295 0.03076923076923077
21 0.19757033248081843 0.7528846153846154 0.026854219948849106 0.07115384615384615
28 0.47122762148337594 0.6745192307692308 0.024296675191815855 0.04038461538461539
24 0.8938618925831202 0.5591346153846154 0.010230179028132993 0.023076923076923078
24 0.9044117647058824 0.5567307692307693 0.010869565217391304 0.022115384615384617
28 0.3356777493606138 0.7278846153846154 0.023657289002557546 0.03653846153846154
30 0.8721227621483376 0.5826923076923077 0.021099744245524295 0.03942307692307692
5 0.8529411764705882 0.5894230769230769 0.010869565217391304 0.025961538461538463
30 0.8120204603580563 0.6091346153846153 0.027493606138107418 0.032692307692307694
28 0.8379156010230179 0.6024038461538461 0.026214833759590793 0.041346153846153845
30 0.784846547314578 0.6298076923076923 0.03260869565217391 0.05961538461538462
24 0.7471227621483376 0.6413461538461539 0.00959079283887468 0.023076923076923078
24 0.7647058823529411 0.6360576923076923 0.00959079283887468 0.025
24 0.7557544757033248 0.6403846153846153 0.008951406649616368 0.023076923076923078
28 0.3398337595907928 0.7620192307692307 0.023657289002557546 0.035576923076923075
5 0.7378516624040921 0.6461538461538462 0.0076726342710997444 0.02403846153846154
21 0.4437340153452685 0.7322115384615384 0.08695652173913043 0.06826923076923076
28 0.2797314578005115 0.79375 0.024296675191815855 0.03653846153846154
21 0.31074168797953966 0.7942307692307692 0.06010230179028133 0.16442307692307692
28 0.34494884910485935 0.79375 0.024936061381074168 0.0375
13 0.875 0.6418269230769231 0.0639386189258312 0.06153846153846154
30 0.8257672634271099 0.6576923076923077 0.0370843989769821 0.06153846153846154
28 0.6748721227621484 0.7048076923076924 0.026214833759590793 0.035576923076923075
28 0.2835677749360614 0.8264423076923076 0.02557544757033248 0.03942307692307692
28 0.4750639386189258 0.775 0.026854219948849106 0.03942307692307692
24 0.7666240409207161 0.6903846153846154 0.00959079283887468 0.025
15 0.7973145780051151 0.6831730769230769 0.034526854219948847 0.04230769230769231
28 0.6090153452685422 0.7471153846153846 0.02557544757033248 0.03653846153846154
21 0.5783248081841432 0.7644230769230769 0.03836317135549872 0.13557692307692307
28 0.8670076726342711 0.6846153846153846 0.02237851662404092 0.03365384615384615
21 0.7087595907928389 0.7322115384615384 0.037723785166240406 0.12980769230769232
28 0.2883631713554987 0.8586538461538461 0.027493606138107418 0.0375
28 0.7647058823529411 0.7259615384615384 0.024296675191815855 0.035576923076923075
28 0.5207800511508951 0.7985576923076924 0.02557544757033248 0.03653846153846154
24 0.7902813299232737 0.7225961538461538 0.00959079283887468 0.023076923076923078
24 0.8001918158567775 0.7197115384615385 0.008951406649616368 0.02403846153846154
28 0.19597186700767263 0.8995192307692308 0.02237851662404092 0.03173076923076923
21 0.2215473145780051 0.8942307692307693 0.02557544757033248 0.06826923076923076
20 0.6476982097186701 0.775 0.10421994884910486 0.08653846153846154
28 0.8433503836317136 0.7192307692307692 0.023657289002557546 0.0375
21 0.45652173913043476 0.8442307692307692 0.0850383631713555 0.06057692307692308
21 0.8638107416879796 0.7317307692307692 0.024296675191815855 0.07211538461538461
21 0.8171355498721228 0.7456730769230769 0.023657289002557546 0.06923076923076923
28 0.5249360613810742 0.833173076923077 0.024296675191815855 0.04038461538461539
21 0.2842071611253197 0.9067307692307692 0.03964194373401535 0.05480769230769231
28 0.7931585677749361 0.7610576923076923 0.023657289002557546 0.0375
28 0.7659846547314578 0.7692307692307693 0.026854219948849106 0.0375
28 0.8395140664961637 0.7552884615384615 0.023017902813299233 0.03365384615384615