5 0.13388123011664899 0.6615566037735849 0.05408271474019088 0.04716981132075472
20 0.6983032873806999 0.7979559748427673 0.022799575821845174 0.018867924528301886
5 0.633085896076352 0.7834119496855346 0.02916224814422057 0.07783018867924528
12 0.5143160127253447 0.7625786163522013 0.012725344644750796 0.03223270440251572
5 0.18796394485683987 0.6886792452830188 0.021739130434782608 0.015723270440251572
20 0.6927359490986215 0.8223270440251572 0.02386002120890774 0.0220125786163522
7 0.8340402969247084 0.8384433962264151 0.2926829268292683 0.32154088050314467
20 0.5108695652173914 0.7955974842767296 0.013785790031813362 0.03537735849056604
15 0.18425238600212088 0.7220911949685535 0.0503711558854719 0.06761006289308176
16 0.014581124072110286 0.6808176100628931 0.02916224814422057 0.08333333333333333
8 0.11373276776246023 0.717374213836478 0.088016967126193 0.0809748427672956
20 0.6922057264050901 0.8580974842767296 0.021739130434782608 0.018867924528301886
5 0.6328207847295865 0.8486635220125787 0.05090137857900318 0.04559748427672956
7 0.2441675503711559 0.7551100628930818 0.10763520678685047 0.3867924528301887
5 0.689289501590668 0.8757861635220126 0.020678685047720042 0.018081761006289308
5 0.18027571580063625 0.7613993710691824 0.022799575821845174 0.019654088050314465
24 0.41675503711558853 0.8199685534591195 0.01855779427359491 0.01729559748427673
24 0.41542948038176036 0.8388364779874213 0.016967126193001062 0.015723270440251572
7 0.5588547189819725 0.8734276729559748 0.10922587486744433 0.25157232704402516
7 0.30434782608695654 0.8305817610062893 0.2014846235418876 0.2641509433962264
15 0.16436903499469777 0.8172169811320755 0.041357370095440084 0.07389937106918239
5 0.14050901378579003 0.8121069182389937 0.010604453870625663 0.029874213836477988
24 0.1906150583244963 0.8242924528301887 0.01007423117709438 0.02908805031446541
7 0.05328738069989396 0.8121069182389937 0.10445387062566278 0.13679245283018868
5 0.7924178154825027 0.1513364779874214 0.02916224814422057 0.07861635220125786
5 0.34994697773064687 0.059748427672955975 0.021208907741251327 0.018867924528301886
24 0.172322375397667 0.02279874213836478 0.022799575821845174 0.018867924528301886
5 0.1275185577942736 0.014150943396226415 0.012195121951219513 0.02830188679245283
24 0.1415694591728526 0.01729559748427673 0.012195121951219513 0.030660377358490566
7 0.7295864262990456 0.1690251572327044 0.06521739130434782 0.055031446540880505
7 0.9074761399787911 0.22916666666666666 0.18398727465535525 0.28852201257861637
5 0.6678154825026511 0.17138364779874213 0.021208907741251327 0.018081761006289308
24 0.6664899257688229 0.1878930817610063 0.02014846235418876 0.01650943396226415
5 0.7600742311770944 0.2319182389937107 0.02014846235418876 0.01729559748427673
5 0.6927359490986215 0.2240566037735849 0.011134676564156946 0.027515723270440252
24 0.6299045599151644 0.21029874213836477 0.011134676564156946 0.030660377358490566
8 0.6603923647932132 0.2244496855345912 0.05249204665959703 0.06289308176100629
15 0.721898197242842 0.2389937106918239 0.04984093319194061 0.06210691823899371
24 0.7590137857900318 0.2496069182389937 0.020678685047720042 0.01729559748427673
20 0.7558324496288441 0.2727987421383648 0.021739130434782608 0.015723270440251572
24 0.23647932131495228 0.17374213836477986 0.010604453870625663 0.031446540880503145
24 0.26802757158006363 0.18121069182389937 0.012725344644750796 0.030660377358490566
24 0.24734888653234358 0.17688679245283018 0.01007423117709438 0.02908805031446541
24 0.2568928950159067 0.17963836477987422 0.011134676564156946 0.031446540880503145
5 0.13149522799575822 0.15998427672955975 0.01166489925768823 0.030660377358490566
24 0.28340402969247086 0.19732704402515724 0.010604453870625663 0.02908805031446541
5 0.5662778366914104 0.26611635220125784 0.03234358430540827 0.026729559748427674
5 0.11426299045599152 0.16037735849056603 0.014846235418875928 0.03537735849056604
24 0.7200424178154825 0.3058176100628931 0.010604453870625663 0.031446540880503145
24 0.70864262990456 0.3038522012578616 0.011134676564156946 0.031446540880503145
24 0.35816542948038177 0.22248427672955975 0.021739130434782608 0.018867924528301886
20 0.5426829268292683 0.27358490566037735 0.010604453870625663 0.029874213836477988
5 0.5225344644750796 0.2696540880503145 0.012195121951219513 0.029874213836477988
5 0.49469777306468715 0.2641509433962264 0.01007423117709438 0.02908805031446541
12 0.6304347826086957 0.2971698113207547 0.031813361611876985 0.026729559748427674
5 0.5604453870625663 0.29009433962264153 0.02332979851537646 0.01650943396226415
12 0.11214209968186638 0.18907232704402516 0.032873806998939555 0.027515723270440252
31 0.5678685047720042 0.3132861635220126 0.019618239660657476 0.01729559748427673
31 0.5145811240721103 0.3011006289308176 0.020678685047720042 0.01729559748427673
5 0.616914103923648 0.3419811320754717 0.018027571580063628 0.049528301886792456
5 0.5683987274655355 0.33726415094339623 0.03340402969247084 0.02830188679245283
31 0.5042417815482503 0.32586477987421386 0.019618239660657476 0.015723270440251572
5 0.4758748674443266 0.32154088050314467 0.011134676564156946 0.031446540880503145
24 0.14130434782608695 0.2456761006289308 0.012725344644750796 0.03223270440251572
24 0.08271474019088017 0.23781446540880502 0.019618239660657476 0.015723270440251572
15 0.5018557794273595 0.3463050314465409 0.016967126193001062 0.025943396226415096
31 0.5180275715800636 0.35062893081761004 0.011134676564156946 0.02830188679245283
24 0.08006362672322376 0.25707547169811323 0.019618239660657476 0.015723270440251572
31 0.5408271474019088 0.36674528301886794 0.010604453870625663 0.02908805031446541
5 0.4392895015906681 0.345125786163522 0.019088016967126194 0.015723270440251572
5 0.4626193001060445 0.35102201257861637 0.01855779427359491 0.014937106918238994
15 0.6850477200424178 0.40408805031446543 0.11717921527041357 0.17452830188679244
5 0.5564687168610817 0.3824685534591195 0.010604453870625663 0.030660377358490566
5 0.5 0.36988993710691825 0.02014846235418876 0.01729559748427673
15 0.11055143160127254 0.2830188679245283 0.04029692470837752 0.046383647798742135
5 0.4567868504772004 0.36674528301886794 0.021208907741251327 0.018081761006289308
5 0.2971898197242842 0.35023584905660377 0.19724284199363734 0.2908805031446541
5 0.6079003181336161 0.42413522012578614 0.01855779427359491 0.0479559748427673
20 0.4941675503711559 0.3977987421383648 0.03340402969247084 0.02830188679245283
5 0.08112407211028633 0.3038522012578616 0.021739130434782608 0.018867924528301886
5 0.5307529162248145 0.4158805031446541 0.021739130434782608 0.018081761006289308
5 0.4695121951219512 0.407625786163522 0.013785790031813362 0.03223270440251572
5 0.5511664899257688 0.4308176100628931 0.01007423117709438 0.031446540880503145
24 0.10551431601272535 0.32822327044025157 0.01166489925768823 0.03223270440251572
5 0.4909862142099682 0.4233490566037736 0.019618239660657476 0.015723270440251572
12 0.6025980911983033 0.47562893081761004 0.018027571580063628 0.049528301886792456
5 0.5426829268292683 0.46658805031446543 0.019088016967126194 0.015723270440251572
7 0.8910392364793213 0.5507075471698113 0.2168610816542948 0.2869496855345912
5 0.4533404029692471 0.4461477987421384 0.020678685047720042 0.015723270440251572
5 0.5193531283138918 0.4626572327044025 0.021739130434782608 0.01650943396226415
5 0.4310710498409332 0.44261006289308175 0.02014846235418876 0.01729559748427673
7 0.03897136797454931 0.35259433962264153 0.07794273594909862 0.40644654088050314
5 0.49708377518557795 0.4626572327044025 0.021208907741251327 0.03537735849056604
24 0.6211558854718982 0.5055031446540881 0.01007423117709438 0.02830188679245283
24 0.7097030752916225 0.5361635220125787 0.010604453870625663 0.03223270440251572
12 0.7266702014846236 0.5408805031446541 0.018027571580063628 0.04874213836477988
24 0.6299045599151644 0.5188679245283019 0.012195121951219513 0.027515723270440252
24 0.6739130434782609 0.529874213836478 0.012725344644750796 0.031446540880503145
24 0.6463414634146342 0.52437106918239 0.010604453870625663 0.02908805031446541
24 0.6572110286320254 0.5279088050314465 0.009544008483563097 0.027515723270440252
24 0.6015376458112407 0.5184748427672956 0.021208907741251327 0.018867924528301886
5 0.7545068928950159 0.5593553459119497 0.030752916224814422 0.07940251572327044
24 0.3852067868504772 0.4886006289308176 0.01166489925768823 0.03223270440251572
24 0.2340933191940615 0.4854559748427673 0.01007423117709438 0.0330188679245283
5 0.7343584305408272 0.6206761006289309 0.0535524920466596 0.046383647798742135
24 0.18001060445387063 0.5078616352201258 0.019618239660657476 0.014150943396226415
24 0.1773594909862142 0.5259433962264151 0.022269353128313893 0.01729559748427673
5 0.5808589607635207 0.6407232704402516 0.010604453870625663 0.029874213836477988
5 0.555408271474019 0.6391509433962265 0.03340402969247084 0.026729559748427674
5 0.6450159066808059 0.6650943396226415 0.018027571580063628 0.015723270440251572
5 0.5978260869565217 0.654874213836478 0.016967126193001062 0.015723270440251572
16 0.07873806998939555 0.5369496855345912 0.06203605514316013 0.0880503144654088
5 0.14369034994697774 0.5538522012578616 0.0535524920466596 0.041666666666666664
15 0.6182396606574762 0.6757075471698113 0.0344644750795334 0.0660377358490566
24 0.5951749734888653 0.6709905660377359 0.019618239660657476 0.014150943396226415
24 0.6434252386002121 0.6827830188679245 0.019618239660657476 0.015723270440251572
24 0.20174973488865325 0.5817610062893082 0.012195121951219513 0.03223270440251572
24 0.6405090137857901 0.699685534591195 0.019618239660657476 0.015723270440251572
24 0.5943796394485684 0.6894654088050315 0.017497348886532343 0.01650943396226415
15 0.5668080593849417 0.6851415094339622 0.030752916224814422 0.06446540880503145
20 0.21261930010604455 0.6037735849056604 0.014316012725344645 0.03537735849056604
7 0.3995227995758218 0.060141509433962265 0.6071049840933191 0.12028301886792453
15 0.179745493107105 0.6108490566037735 0.030752916224814422 0.0330188679245283
5 0.1556203605514316 0.6065251572327044 0.02386002120890774 0.05817610062893082
5 0.6232767762460233 0.7197327044025157 0.019618239660657476 0.015723270440251572
16 0.1269883351007423 0.6041666666666666 0.0344644750795334 0.06289308176100629
8 0.5291622481442205 0.6992924528301887 0.0408271474019088 0.07468553459119497
24 0.5909331919406151 0.7138364779874213 0.019088016967126194 0.01650943396226415
24 0.22799575821845175 0.6344339622641509 0.01007423117709438 0.029874213836477988
30 0.2486744432661718 0.6407232704402516 0.031813361611876985 0.040880503144654086
20 0.7025450689289502 0.7539308176100629 0.021739130434782608 0.01729559748427673
5 0.5612407211028632 0.7213050314465409 0.021208907741251327 0.01729559748427673
24 0.58881230116649 0.7295597484276729 0.019088016967126194 0.014937106918238994
31 0.19618239660657477 0.6391509433962265 0.021739130434782608 0.0330188679245283
5 0.08960763520678686 0.6191037735849056 0.024390243902439025 0.055031446540880505
15 0.037910922587486746 0.6077044025157232 0.04188759278897137 0.06210691823899371
5 0.010339342523860021 0.6010220125786163 0.020678685047720042 0.05738993710691824
5 0.06786850477200425 0.6151729559748428 0.02332979851537646 0.05660377358490566
15 0.2812831389183457 0.6654874213836478 0.019618239660657476 0.026729559748427674
16 0.3162778366914104 0.6808176100628931 0.014316012725344645 0.02830188679245283
16 0.3340402969247084 0.6863207547169812 0.015376458112407211 0.02908805031446541
16 0.3507423117709438 0.6906446540880503 0.015376458112407211 0.026729559748427674
16 0.36823966065747615 0.6953616352201258 0.014846235418875928 0.029874213836477988
20 0.6985683987274656 0.7779088050314465 0.02545068928950159 0.020440251572327043
30 0.24443266171792152 0.6757075471698113 0.031813361611876985 0.03773584905660377
20 0.22375397667020147 0.6713836477987422 0.011134676564156946 0.031446540880503145