21 0.24806949806949807 0.08365570599613152 0.09588159588159588 0.06479690522243714
21 0.6241956241956242 0.14748549323017407 0.46653796653796653 0.13056092843326886
28 0.28925353925353925 0.13152804642166344 0.023166023166023165 0.035783365570599614
28 0.22104247104247104 0.13007736943907156 0.023809523809523808 0.03481624758220503
28 0.2882882882882883 0.16682785299806577 0.023166023166023165 0.030947775628626693
7 0.35682110682110685 0.18181818181818182 0.0489060489060489 0.041586073500967116
20 0.8375160875160875 0.24516441005802708 0.03667953667953668 0.029980657640232108
31 0.8661518661518661 0.24903288201160542 0.009652509652509652 0.014506769825918761
28 0.2187902187902188 0.16489361702127658 0.02445302445302445 0.035783365570599614
21 0.2532175032175032 0.17311411992263057 0.05019305019305019 0.12959381044487428
31 0.8616473616473617 0.26692456479690524 0.009009009009009009 0.020309477756286266
31 0.8561776061776062 0.26692456479690524 0.005148005148005148 0.015473887814313346
5 0.7982625482625483 0.2601547388781431 0.0045045045045045045 0.008704061895551257
31 0.824967824967825 0.26499032882011603 0.005791505791505791 0.012572533849129593
31 0.8375160875160875 0.2678916827852998 0.007722007722007722 0.012572533849129593
6 0.8117760617760618 0.2683752417794971 0.015444015444015444 0.029013539651837523
28 0.28635778635778636 0.20067698259187622 0.02252252252252252 0.030947775628626693
24 0.7976190476190477 0.2736943907156673 0.006435006435006435 0.013539651837524178
28 0.21782496782496782 0.19729206963249515 0.025096525096525095 0.03481624758220503
31 0.8256113256113257 0.2828820116054159 0.005791505791505791 0.005802707930367505
31 0.8326898326898327 0.28481624758220503 0.005148005148005148 0.01160541586073501
31 0.8603603603603603 0.2925531914893617 0.014800514800514801 0.031914893617021274
31 0.8445945945945946 0.2911025145067698 0.008365508365508366 0.024177949709864602
31 0.8410553410553411 0.3099613152804642 0.010296010296010296 0.006769825918762089
20 0.3297940797940798 0.24564796905222436 0.009652509652509652 0.02611218568665377
31 0.8487773487773488 0.3152804642166344 0.005148005148005148 0.013539651837524178
5 0.5045045045045045 0.2712765957446808 0.018018018018018018 0.013539651837524178
31 0.8407335907335908 0.3181818181818182 0.010939510939510939 0.007736943907156673
20 0.34684684684684686 0.25435203094777564 0.017374517374517374 0.014506769825918761
5 0.7915057915057915 0.3230174081237911 0.005791505791505791 0.006769825918762089
15 0.8182110682110683 0.32833655705996134 0.032175032175032175 0.07156673114119923
20 0.3465250965250965 0.2683752417794971 0.01673101673101673 0.013539651837524178
5 0.5151222651222651 0.29061895551257255 0.009652509652509652 0.025145067698259187
5 0.4922779922779923 0.28820116054158607 0.007722007722007722 0.02804642166344294
15 0.5032175032175032 0.28965183752417795 0.01673101673101673 0.025145067698259187
31 0.8558558558558559 0.33897485493230173 0.009009009009009009 0.008704061895551257
5 0.8362290862290862 0.33945841392649906 0.005791505791505791 0.012572533849129593
5 0.7853925353925354 0.33365570599613154 0.014800514800514801 0.01160541586073501
5 0.8468468468468469 0.34477756286266925 0.009009009009009009 0.024177949709864602
24 0.722007722007722 0.33704061895551257 0.01673101673101673 0.027079303675048357
5 0.6258043758043758 0.327852998065764 0.014157014157014158 0.04061895551257253
5 0.7873230373230373 0.3539651837524178 0.007078507078507079 0.02321083172147002
20 0.7326254826254827 0.35251450676982593 0.009009009009009009 0.027079303675048357
5 0.7947232947232947 0.36266924564796904 0.009009009009009009 0.02321083172147002
5 0.5788288288288288 0.33607350096711797 0.014800514800514801 0.024177949709864602
21 0.2351994851994852 0.29448742746615086 0.0978120978120978 0.13539651837524178
28 0.16988416988416988 0.28868471953578334 0.023809523809523808 0.035783365570599614
31 0.3384813384813385 0.3118955512572534 0.007722007722007722 0.02611218568665377
5 0.3745173745173745 0.3176982591876209 0.008365508365508366 0.02611218568665377
5 0.6872586872586872 0.3602514506769826 0.01673101673101673 0.012572533849129593
5 0.6367438867438867 0.35493230174081236 0.008365508365508366 0.024177949709864602
5 0.39864864864864863 0.3254352030947776 0.018018018018018018 0.01160541586073501
5 0.6544401544401545 0.3607350096711799 0.008365508365508366 0.02127659574468085
5 0.7857142857142857 0.38007736943907156 0.008365508365508366 0.022243713733075435
31 0.6293436293436293 0.36121856866537716 0.005148005148005148 0.01160541586073501
5 0.32464607464607464 0.3239845261121857 0.015444015444015444 0.012572533849129593
16 0.8024453024453024 0.38733075435203096 0.025096525096525095 0.020309477756286266
31 0.6190476190476191 0.3641199226305609 0.0045045045045045045 0.009671179883945842
5 0.6766409266409267 0.3781431334622824 0.008365508365508366 0.02321083172147002
5 0.6956241956241956 0.3829787234042553 0.016087516087516088 0.025145067698259187
31 0.6406048906048906 0.3805609284332689 0.007722007722007722 0.022243713733075435
5 0.3992921492921493 0.3583172147001934 0.018018018018018018 0.012572533849129593
31 0.6657014157014157 0.4018375241779497 0.015444015444015444 0.010638297872340425
31 0.629021879021879 0.3970019342359768 0.015444015444015444 0.010638297872340425
31 0.685971685971686 0.40522243713733075 0.01673101673101673 0.009671179883945842
5 0.7055984555984556 0.40764023210831724 0.017374517374517374 0.01160541586073501
5 0.32175032175032175 0.3578336557059961 0.017374517374517374 0.014506769825918761
5 0.39864864864864863 0.370889748549323 0.01673101673101673 0.012572533849129593
31 0.6647361647361647 0.4119922630560928 0.007722007722007722 0.006769825918762089
31 0.6737451737451737 0.41295938104448743 0.007722007722007722 0.006769825918762089
31 0.6833976833976834 0.4144100580270793 0.007722007722007722 0.006769825918762089
31 0.6547619047619048 0.41102514506769827 0.005791505791505791 0.005802707930367505
31 0.620978120978121 0.41295938104448743 0.005148005148005148 0.010638297872340425
31 0.638030888030888 0.41682785299806574 0.016087516087516088 0.010638297872340425
31 0.6927284427284427 0.42408123791102514 0.005148005148005148 0.01160541586073501
5 0.7046332046332047 0.425531914893617 0.016087516087516088 0.012572533849129593
15 0.5025740025740025 0.3994197292069632 0.12162162162162163 0.1895551257253385
5 0.4443371943371943 0.3965183752417795 0.009652509652509652 0.024177949709864602
31 0.6502574002574003 0.42649903288201163 0.007722007722007722 0.006769825918762089
31 0.6628056628056628 0.4284332688588008 0.007078507078507079 0.006769825918762089
28 0.2767052767052767 0.3795938104448743 0.02445302445302445 0.033849129593810444
31 0.6853281853281853 0.4395551257253385 0.005148005148005148 0.01160541586073501
28 0.2072072072072072 0.3771760154738878 0.023809523809523808 0.031914893617021274
5 0.3211068211068211 0.3921663442940039 0.01673101673101673 0.01160541586073501
31 0.6731016731016731 0.4385880077369439 0.005148005148005148 0.01160541586073501
31 0.6792149292149292 0.4395551257253385 0.0045045045045045045 0.010638297872340425
31 0.6615186615186616 0.43762088974854935 0.007078507078507079 0.006769825918762089
31 0.6911196911196911 0.44535783365570597 0.0045045045045045045 0.009671179883945842
31 0.6335263835263836 0.44294003868471954 0.01673101673101673 0.01160541586073501
5 0.7072072072072072 0.4526112185686654 0.01673101673101673 0.013539651837524178
31 0.6492921492921493 0.44535783365570597 0.006435006435006435 0.02321083172147002
5 0.3967181467181467 0.41247582205029015 0.017374517374517374 0.013539651837524178
31 0.6682754182754183 0.45551257253384914 0.015444015444015444 0.010638297872340425
31 0.6557271557271557 0.45454545454545453 0.0045045045045045045 0.009671179883945842
31 0.6901544401544402 0.4588974854932302 0.007078507078507079 0.006769825918762089
31 0.6193693693693694 0.4497098646034816 0.003861003861003861 0.009671179883945842
31 0.6718146718146718 0.46518375241779497 0.006435006435006435 0.006769825918762089
31 0.6901544401544402 0.46760154738878146 0.007078507078507079 0.006769825918762089
28 0.27413127413127414 0.41295938104448743 0.023166023166023165 0.033849129593810444
31 0.7123552123552124 0.4709864603481625 0.016087516087516088 0.010638297872340425
5 0.3983268983268983 0.4308510638297872 0.008365508365508366 0.025145067698259187
5 0.3906048906048906 0.43036750483558994 0.008365508365508366 0.024177949709864602
5 0.323037323037323 0.42311411992263054 0.007722007722007722 0.024177949709864602
5 0.36776061776061775 0.43133462282398455 0.010296010296010296 0.02611218568665377
5 0.33204633204633205 0.4269825918762089 0.008365508365508366 0.025145067698259187
28 0.2059202059202059 0.41102514506769827 0.02445302445302445 0.035783365570599614
5 0.35489060489060487 0.43036750483558994 0.007722007722007722 0.02611218568665377
5 0.38095238095238093 0.433752417794971 0.009652509652509652 0.02611218568665377
31 0.6373873873873874 0.4700193423597679 0.007078507078507079 0.01160541586073501
31 0.6718146718146718 0.47437137330754353 0.007078507078507079 0.005802707930367505
31 0.6895109395109396 0.4772727272727273 0.005791505791505791 0.006769825918762089
31 0.6171171171171171 0.468568665377176 0.007722007722007722 0.010638297872340425
21 0.24034749034749034 0.4206963249516441 0.05083655083655084 0.12959381044487428
5 0.5675675675675675 0.46663442940038685 0.009652509652509652 0.025145067698259187
31 0.6528314028314028 0.4811411992263056 0.016087516087516088 0.01160541586073501
31 0.6708494208494209 0.48404255319148937 0.016087516087516088 0.010638297872340425
31 0.6888674388674388 0.4864603481624758 0.016087516087516088 0.010638297872340425
15 0.8362290862290862 0.5169245647969052 0.1241956241956242 0.1885880077369439
28 0.2728442728442728 0.4472920696324952 0.02445302445302445 0.03481624758220503
24 0.7171814671814671 0.5067698259187621 0.017374517374517374 0.012572533849129593
31 0.618082368082368 0.4946808510638298 0.015444015444015444 0.010638297872340425
31 0.6869369369369369 0.504835589941973 0.007722007722007722 0.02321083172147002
31 0.6634491634491635 0.5029013539651838 0.007078507078507079 0.024177949709864602
28 0.20463320463320464 0.44535783365570597 0.023809523809523808 0.0367504835589942
28 0.3587516087516088 0.4671179883945841 0.021235521235521235 0.031914893617021274
31 0.6998069498069498 0.5140232108317214 0.015444015444015444 0.010638297872340425
5 0.3252895752895753 0.46566731141199225 0.011583011583011582 0.03868471953578337
5 0.31145431145431146 0.4647001934235977 0.013513513513513514 0.037717601547388784
20 0.46557271557271557 0.48549323017408125 0.01673101673101673 0.014506769825918761
24 0.49774774774774777 0.4898452611218569 0.01673101673101673 0.013539651837524178
31 0.6512226512226512 0.5135396518375241 0.007078507078507079 0.02321083172147002
5 0.6270913770913771 0.5135396518375241 0.007722007722007722 0.02321083172147002
31 0.6953024453024453 0.5319148936170213 0.016087516087516088 0.010638297872340425
31 0.7126769626769627 0.5343326885880078 0.015444015444015444 0.010638297872340425
31 0.6792149292149292 0.5377176015473888 0.007722007722007722 0.025145067698259187
12 0.6528314028314028 0.5357833655705996 0.017374517374517374 0.01160541586073501
31 0.6972329472329473 0.5454545454545454 0.015444015444015444 0.01160541586073501
24 0.5936293436293436 0.5362669245647969 0.017374517374517374 0.014506769825918761
5 0.5514800514800515 0.531431334622824 0.026383526383526385 0.02127659574468085
5 0.5003217503217503 0.5299806576402321 0.009009009009009009 0.024177949709864602
31 0.5205920205920206 0.5328820116054158 0.032818532818532815 0.0367504835589942
28 0.7203989703989704 0.561411992263056 0.02059202059202059 0.033849129593810444
12 0.7014157014157014 0.559477756286267 0.016087516087516088 0.01160541586073501
5 0.5926640926640927 0.5498065764023211 0.017374517374517374 0.012572533849129593
5 0.6805019305019305 0.5691489361702128 0.008365508365508366 0.022243713733075435
6 0.6583011583011583 0.5730174081237911 0.032175032175032175 0.0367504835589942
5 0.5196267696267697 0.5570599613152805 0.018018018018018018 0.01160541586073501
5 0.6354568854568855 0.5730174081237911 0.008365508365508366 0.024177949709864602
12 0.6927284427284427 0.5826885880077369 0.009009009009009009 0.022243713733075435
28 0.5501930501930502 0.5657640232108317 0.02445302445302445 0.035783365570599614
5 0.842985842985843 0.6179883945841392 0.02574002574002574 0.0183752417794971
28 0.43532818532818535 0.5643133462282398 0.023166023166023165 0.035783365570599614
21 0.222007722007722 0.539651837524178 0.0945945945945946 0.12282398452611218
28 0.38481338481338484 0.5643133462282398 0.023166023166023165 0.037717601547388784
24 0.6544401544401545 0.6029980657640233 0.01673101673101673 0.013539651837524178
28 0.7709137709137709 0.6295938104448743 0.02252252252252252 0.033849129593810444
24 0.8040540540540541 0.6344294003868471 0.007722007722007722 0.025145067698259187
24 0.7857142857142857 0.6334622823984526 0.008365508365508366 0.02611218568665377
5 0.7953667953667953 0.6349129593810445 0.008365508365508366 0.024177949709864602
28 0.8262548262548263 0.6431334622823984 0.02252252252252252 0.037717601547388784
20 0.6541184041184042 0.6252417794970987 0.02702702702702703 0.02611218568665377
20 0.6322393822393823 0.6233075435203095 0.007722007722007722 0.02611218568665377
28 0.8561776061776062 0.6547388781431335 0.02445302445302445 0.033849129593810444
28 0.41087516087516085 0.5962282398452611 0.021879021879021878 0.033849129593810444
30 0.8770913770913771 0.6619922630560928 0.019305019305019305 0.03481624758220503
28 0.6965894465894465 0.6407156673114119 0.02252252252252252 0.03481624758220503
5 0.8166023166023166 0.6673114119922631 0.017374517374517374 0.014506769825918761
28 0.7783140283140283 0.6716634429400387 0.021879021879021878 0.033849129593810444
28 0.6412483912483913 0.6547388781431335 0.023166023166023165 0.03481624758220503
24 0.8156370656370656 0.6803675048355899 0.017374517374517374 0.013539651837524178
28 0.1406048906048906 0.59284332688588 0.019305019305019305 0.02804642166344294
21 0.16087516087516088 0.5962282398452611 0.02252252252252252 0.06963249516441006
28 0.43983268983268986 0.6344294003868471 0.02252252252252252 0.03868471953578337
24 0.87001287001287 0.6992263056092843 0.009009009009009009 0.022243713733075435
24 0.8806306306306306 0.7011605415860735 0.009652509652509652 0.02127659574468085
28 0.2989060489060489 0.6295938104448743 0.021879021879021878 0.03481624758220503
30 0.8449163449163449 0.7127659574468085 0.01866151866151866 0.037717601547388784
5 0.824967824967825 0.7113152804642167 0.009009009009009009 0.025145067698259187
30 0.7818532818532818 0.7132495164410058 0.026383526383526385 0.029013539651837523
28 0.8079150579150579 0.7176015473887815 0.02445302445302445 0.03868471953578337
30 0.7516087516087516 0.721953578336557 0.029601029601029602 0.05609284332688588
24 0.712998712998713 0.7171179883945842 0.008365508365508366 0.022243713733075435
24 0.731016731016731 0.7195357833655706 0.008365508365508366 0.024177949709864602
24 0.7216859716859717 0.7200193423597679 0.007722007722007722 0.02321083172147002
28 0.29665379665379665 0.663926499032882 0.02252252252252252 0.03288201160541586
5 0.703024453024453 0.7180851063829787 0.006435006435006435 0.024177949709864602
21 0.40283140283140284 0.6789168278529981 0.08558558558558559 0.05609284332688588
28 0.23262548262548263 0.6697292069632496 0.023166023166023165 0.033849129593810444
21 0.2625482625482625 0.6832688588007737 0.05019305019305019 0.16150870406189555
28 0.2956885456885457 0.6968085106382979 0.023166023166023165 0.03481624758220503
13 0.8365508365508365 0.7707930367504836 0.06241956241956242 0.05319148936170213
30 0.786036036036036 0.7659574468085106 0.0341055341055341 0.058027079303675046
28 0.6315958815958816 0.7490328820116054 0.025096525096525095 0.03288201160541586
28 0.23037323037323038 0.7030947775628626 0.023809523809523808 0.0367504835589942
28 0.42503217503217505 0.7335589941972921 0.025096525096525095 0.0367504835589942
24 0.7226512226512226 0.7727272727272727 0.008365508365508366 0.024177949709864602
15 0.7538610038610039 0.7785299806576402 0.032818532818532815 0.037717601547388784
28 0.5598455598455598 0.7620889748549323 0.02445302445302445 0.033849129593810444
21 0.5267052767052767 0.7659574468085106 0.030244530244530245 0.13539651837524178
28 0.8211068211068211 0.8089941972920697 0.021235521235521235 0.031914893617021274
21 0.6592664092664092 0.7891682785299806 0.029601029601029602 0.12959381044487428
28 0.22908622908622908 0.7359767891682786 0.026383526383526385 0.033849129593810444
28 0.7142857142857143 0.8060928433268859 0.023166023166023165 0.03288201160541586
28 0.4649292149292149 0.7751450676982592 0.02445302445302445 0.033849129593810444
24 0.7397039897039897 0.8138297872340425 0.008365508365508366 0.022243713733075435
24 0.7496782496782497 0.8152804642166345 0.007722007722007722 0.024177949709864602
28 0.13223938223938225 0.7369439071566731 0.02059202059202059 0.029980657640232108
21 0.15765765765765766 0.7427466150870407 0.021879021879021878 0.06673114119922631
20 0.592020592020592 0.8051257253384912 0.10231660231660232 0.0725338491295938
28 0.7918275418275418 0.8326885880077369 0.021879021879021878 0.035783365570599614
21 0.3944658944658945 0.7925531914893617 0.08429858429858429 0.048355899419729204
21 0.8092020592020592 0.8534816247582205 0.019948519948519948 0.07156673114119923
21 0.7612612612612613 0.847678916827853 0.019305019305019305 0.06866537717601548
28 0.4626769626769627 0.8099613152804642 0.02252252252252252 0.03868471953578337
21 0.21621621621621623 0.7809477756286267 0.03732303732303732 0.05125725338491296
28 0.7355212355212355 0.8525145067698259 0.021879021879021878 0.035783365570599614
28 0.7078507078507078 0.8491295938104448 0.025096525096525095 0.03481624758220503
28 0.7812097812097812 0.8660541586073501 0.021235521235521235 0.031914893617021274