15 0.1446917808219178 0.3527397260273973 0.2893835616438356 0.4143835616438356
7 0.4092465753424658 0.08818493150684932 0.8184931506849316 0.17636986301369864
15 0.589041095890411 0.3587328767123288 0.7431506849315068 0.7174657534246576
7 0.9083904109589042 0.4058219178082192 0.1797945205479452 0.8116438356164384
7 0.08732876712328767 0.5881849315068494 0.17465753424657535 0.8202054794520548
24 0.23886986301369864 0.6198630136986302 0.059931506849315065 0.08904109589041095
24 0.2945205479452055 0.6113013698630136 0.06335616438356165 0.09417808219178082
27 0.1583904109589041 0.6806506849315068 0.16095890410958905 0.2328767123287671
5 0.3167808219178082 0.7679794520547946 0.1267123287671233 0.07876712328767123
18 0.5436643835616438 0.7123287671232876 0.11986301369863013 0.07191780821917808
18 0.5573630136986302 0.7825342465753424 0.1232876712328767 0.07363013698630137
15 0.8236301369863014 0.7363013698630136 0.3493150684931507 0.3184931506849315
10 0.2054794520547945 0.9023972602739726 0.11472602739726027 0.15753424657534246
15 0.3690068493150685 0.8835616438356164 0.1541095890410959 0.16267123287671234
18 0.577054794520548 0.8424657534246576 0.11472602739726027 0.06678082191780822
24 0.476027397260274 0.889554794520548 0.059931506849315065 0.09417808219178082
5 0.2833904109589041 0.9537671232876712 0.05650684931506849 0.09075342465753425
7 0.5881849315068494 0.9066780821917808 0.8202054794520548 0.1832191780821918