15 0.2883022774327122 0.2807153965785381 0.10300207039337474 0.12441679626749612
24 0.3563664596273292 0.29471228615863143 0.009316770186335404 0.02177293934681182
24 0.34575569358178054 0.2978227060653188 0.010351966873706004 0.02255054432348367
11 0.369824016563147 0.2927682737169518 0.020703933747412008 0.04432348367029549
17 0.4241718426501035 0.2931570762052877 0.020703933747412008 0.05754276827371695
17 0.43995859213250516 0.2896578538102644 0.022774327122153208 0.05443234836702955
17 0.4580745341614907 0.286547433903577 0.019668737060041408 0.05287713841368585
7 0.5401138716356108 0.2795489891135303 0.10559006211180125 0.07465007776049767
7 0.15993788819875776 0.3724727838258165 0.15993788819875776 0.31026438569206843
11 0.2968426501035197 0.35186625194401244 0.028985507246376812 0.03110419906687403
5 0.8167701863354038 0.25 0.009316770186335404 0.02177293934681182
5 0.6961697722567288 0.27799377916018664 0.009834368530020704 0.02177293934681182
5 0.8090062111801242 0.26127527216174184 0.010351966873706004 0.02255054432348367
5 0.7052277432712215 0.2846034214618974 0.009834368530020704 0.02332814930015552
5 0.8291925465838509 0.2639968895800933 0.016045548654244308 0.015552099533437015
5 0.6863354037267081 0.29587869362363917 0.015527950310559006 0.014774494556765163
5 0.8247929606625258 0.2776049766718507 0.016045548654244308 0.015552099533437015
5 0.6935817805383023 0.3067651632970451 0.014492753623188406 0.013996889580093312
24 0.3144409937888199 0.4432348367029549 0.010351966873706004 0.02255054432348367
18 0.3048654244306418 0.447900466562986 0.012422360248447204 0.03265940902021773
2 0.2696687370600414 0.4560653188180404 0.059006211180124224 0.07465007776049767
7 0.9389233954451346 0.3188180404354588 0.12111801242236025 0.4867807153965785
15 0.7678571428571429 0.37363919129082424 0.11853002070393374 0.1749611197511664
7 0.19798136645962733 0.5583203732503889 0.11387163561076605 0.10653188180404355
5 0.8400621118012422 0.43623639191290825 0.015010351966873706 0.013996889580093312
5 0.7088509316770186 0.4653965785381026 0.014492753623188406 0.013996889580093312
5 0.849896480331263 0.44712286158631415 0.014492753623188406 0.013996889580093312
5 0.7039337474120083 0.4782270606531882 0.014492753623188406 0.014774494556765163
5 0.7246376811594203 0.4809486780715397 0.009316770186335404 0.02255054432348367
5 0.8302277432712215 0.45917573872472783 0.009316770186335404 0.02177293934681182
24 0.817287784679089 0.4618973561430793 0.010351966873706004 0.02255054432348367
24 0.777432712215321 0.47667185069984447 0.009834368530020704 0.02255054432348367
5 0.8392857142857143 0.46695178849144636 0.010351966873706004 0.02177293934681182
5 0.717391304347826 0.49339035769828926 0.009834368530020704 0.02255054432348367
11 0.8553312629399586 0.48289269051321926 0.022256728778467908 0.04432348367029549
5 0.777432712215321 0.5143856920684292 0.009834368530020704 0.02332814930015552
5 0.787008281573499 0.5124416796267496 0.009834368530020704 0.02332814930015552
18 0.28390269151138714 0.6263608087091758 0.016045548654244308 0.03654743390357698
24 0.9070910973084886 0.49961119751166405 0.015010351966873706 0.016329704510108865
24 0.9078674948240165 0.5143856920684292 0.016045548654244308 0.014774494556765163
24 0.9099378881987578 0.5287713841368584 0.015527950310559006 0.016329704510108865
5 0.2795031055900621 0.6745723172628305 0.009834368530020704 0.02332814930015552
24 0.9112318840579711 0.5443234836702955 0.017080745341614908 0.015552099533437015
24 0.9127846790890269 0.5606531881804043 0.015527950310559006 0.016329704510108865
5 0.2668219461697723 0.7013996889580093 0.009834368530020704 0.02255054432348367
15 0.3002070393374741 0.7282270606531882 0.05124223602484472 0.10108864696734059
5 0.2691511387163561 0.7356143079315708 0.009834368530020704 0.02332814930015552
7 0.9464285714285714 0.5948678071539658 0.017080745341614908 0.029548989113530325
17 0.9233954451345756 0.6014774494556765 0.03364389233954451 0.03343701399688958
7 0.5530538302277432 0.6881804043545878 0.07194616977225674 0.10653188180404355
5 0.27251552795031053 0.7608864696734059 0.009834368530020704 0.02332814930015552
9 0.745600414078675 0.6726283048211509 0.32608695652173914 0.24494556765163297
7 0.19798136645962733 0.7908242612752722 0.16407867494824016 0.3297045101088647
17 0.2857142857142857 0.8192068429237948 0.025879917184265012 0.05054432348367029
18 0.4943064182194617 0.7807153965785381 0.013975155279503106 0.03421461897356143
18 0.5240683229813664 0.7744945567651633 0.012422360248447204 0.03421461897356143
18 0.3775879917184265 0.8059875583203733 0.013457556935817806 0.034992223950233284
18 0.4365942028985507 0.7935458786936236 0.011904761904761904 0.03265940902021773
18 0.4663561076604555 0.7881026438569206 0.013975155279503106 0.034992223950233284
18 0.40683229813664595 0.8009331259720062 0.013457556935817806 0.03576982892690513
18 0.3501552795031056 0.8133748055987559 0.012939958592132506 0.03343701399688958
18 0.3219461697722567 0.8195956454121306 0.016045548654244308 0.034992223950233284
7 0.9539337474120083 0.7013996889580093 0.09109730848861283 0.17418351477449456
27 0.8931159420289855 0.7978227060653188 0.050724637681159424 0.12674961119751166
27 0.7041925465838509 0.838646967340591 0.049689440993788817 0.12363919129082426
27 0.7507763975155279 0.828538102643857 0.04813664596273292 0.12208398133748057
27 0.7983954451345756 0.8184292379471229 0.050724637681159424 0.12363919129082426
27 0.6089544513457557 0.859253499222395 0.05124223602484472 0.12363919129082426
27 0.8467908902691511 0.8098755832037325 0.049689440993788817 0.12441679626749612
27 0.5623706004140787 0.8709175738724728 0.049689440993788817 0.12441679626749612
27 0.6563146997929606 0.8510886469673405 0.04813664596273292 0.12286158631415241
2 0.5007763975155279 0.8876360808709176 0.04917184265010352 0.08942457231726283
2 0.43711180124223603 0.9012441679626749 0.048654244306418216 0.08864696734059098
2 0.37318840579710144 0.916407465007776 0.049689440993788817 0.09020217729393468
2 0.3103002070393375 0.9304043545878694 0.049689440993788817 0.09253499222395023
7 0.692287784679089 0.07037325038880249 0.32142857142857145 0.14074650077760498
7 0.34265010351966874 0.12091757387247279 0.32039337474120083 0.19906687402799378
5 0.5214803312629399 0.09331259720062209 0.015010351966873706 0.014774494556765163
15 0.5253623188405797 0.11702954898911352 0.016045548654244308 0.02021772939346812
24 0.527432712215321 0.13919129082426127 0.014492753623188406 0.014774494556765163
17 0.8245341614906833 0.09836702954898911 0.03674948240165631 0.03576982892690513
7 0.8493788819875776 0.09331259720062209 0.018115942028985508 0.03265940902021773
7 0.5305383022774327 0.1792379471228616 0.09575569358178054 0.04665629860031104
15 0.7368012422360248 0.13763608087091758 0.046583850931677016 0.06842923794712286
7 0.4314182194616977 0.20762052877138415 0.03571428571428571 0.03343701399688958
11 0.36438923395445133 0.22783825816485226 0.021739130434782608 0.042768273716951785
11 0.3442028985507246 0.23211508553654744 0.021739130434782608 0.04354587869362364