23 0.5806666666666667 0.22234042553191488 0.06 0.07234042553191489
24 0.5253333333333333 0.2074468085106383 0.03866666666666667 0.03829787234042553
5 0.3606666666666667 0.18936170212765957 0.056 0.11914893617021277
17 0.062 0.09787234042553192 0.050666666666666665 0.12127659574468085
17 0.096 0.1127659574468085 0.050666666666666665 0.12340425531914893
20 0.8686666666666667 0.3648936170212766 0.26 0.3382978723404255
24 0.5193333333333333 0.2648936170212766 0.04 0.036170212765957444
5 0.156 0.1723404255319149 0.076 0.08085106382978724
5 0.22733333333333333 0.19787234042553192 0.07066666666666667 0.0851063829787234
10 0.296 0.23617021276595745 0.06133333333333333 0.06595744680851064
7 0.05733333333333333 0.1723404255319149 0.037333333333333336 0.06382978723404255
7 0.08933333333333333 0.18829787234042553 0.04133333333333333 0.06170212765957447
28 0.354 0.2723404255319149 0.03866666666666667 0.06382978723404255
24 0.6893333333333334 0.3861702127659574 0.02266666666666667 0.06170212765957447
24 0.7106666666666667 0.3925531914893617 0.024 0.06170212765957447
28 0.034666666666666665 0.22446808510638297 0.025333333333333333 0.05319148936170213
5 0.26866666666666666 0.33297872340425533 0.05333333333333334 0.11702127659574468
15 0.17933333333333334 0.30638297872340425 0.15466666666666667 0.20638297872340425
5 0.3393333333333333 0.35851063829787233 0.052 0.11914893617021277
16 0.6906666666666667 0.4723404255319149 0.032 0.05319148936170213
24 0.6653333333333333 0.46808510638297873 0.02 0.06382978723404255
23 0.9 0.55 0.06266666666666666 0.07446808510638298
15 0.798 0.5212765957446809 0.05466666666666667 0.06170212765957447
18 0.7326666666666667 0.5106382978723404 0.04 0.03829787234042553
5 0.07 0.3148936170212766 0.05466666666666667 0.11702127659574468
24 0.942 0.6191489361702127 0.037333333333333336 0.03829787234042553
15 0.79 0.5787234042553191 0.05733333333333333 0.06595744680851064
30 0.68 0.5595744680851064 0.04933333333333333 0.07872340425531915
28 0.09533333333333334 0.3829787234042553 0.016 0.04042553191489362
7 0.722 0.5851063829787234 0.044 0.10851063829787234
7 0.017333333333333333 0.3702127659574468 0.034666666666666665 0.15319148936170213
24 0.938 0.6542553191489362 0.03866666666666667 0.03829787234042553
15 0.49733333333333335 0.5212765957446809 0.33466666666666667 0.5340425531914894
5 0.326 0.475531914893617 0.05333333333333334 0.1148936170212766
24 0.046 0.3882978723404255 0.03866666666666667 0.0425531914893617
5 0.18466666666666667 0.4340425531914894 0.076 0.08085106382978724
10 0.27066666666666667 0.46382978723404256 0.06133333333333333 0.07234042553191489
28 0.12066666666666667 0.42021276595744683 0.02 0.04893617021276596
7 0.528 0.12659574468085105 0.9413333333333334 0.2531914893617021
24 0.9326666666666666 0.6882978723404255 0.04133333333333333 0.036170212765957444
7 0.9753333333333334 0.7042553191489361 0.04666666666666667 0.3617021276595745
24 0.6766666666666666 0.6127659574468085 0.04533333333333334 0.0425531914893617
18 0.04066666666666666 0.42446808510638295 0.04133333333333333 0.03404255319148936
23 0.7793333333333333 0.6553191489361702 0.06266666666666666 0.07021276595744681
24 0.9286666666666666 0.7223404255319149 0.04133333333333333 0.04042553191489362
20 0.694 0.6702127659574468 0.044 0.04468085106382979
20 0.6913333333333334 0.7053191489361702 0.044 0.04468085106382979
5 0.24266666666666667 0.575531914893617 0.05333333333333334 0.11914893617021277
5 0.312 0.5968085106382979 0.05333333333333334 0.1148936170212766
15 0.15066666666666667 0.548936170212766 0.16 0.2127659574468085
20 0.6366666666666667 0.7095744680851064 0.029333333333333333 0.07021276595744681
5 0.04533333333333334 0.5425531914893617 0.05466666666666667 0.1148936170212766
24 0.6866666666666666 0.7425531914893617 0.042666666666666665 0.03829787234042553
5 0.015333333333333332 0.5329787234042553 0.030666666666666665 0.12127659574468085
24 0.682 0.7755319148936171 0.03866666666666667 0.036170212765957444
20 0.63 0.7734042553191489 0.025333333333333333 0.06170212765957447
15 0.85 0.8457446808510638 0.16133333333333333 0.2851063829787234
23 0.24666666666666667 0.6691489361702128 0.06266666666666666 0.07021276595744681
28 0.04933333333333333 0.6191489361702127 0.028 0.027659574468085105
28 0.15466666666666667 0.6659574468085107 0.02 0.04680851063829787
8 0.015333333333333332 0.6414893617021277 0.030666666666666665 0.10425531914893617
20 0.622 0.8372340425531914 0.025333333333333333 0.06382978723404255
28 0.9506666666666667 0.9414893617021277 0.013333333333333334 0.05531914893617021
24 0.45466666666666666 0.7893617021276595 0.03866666666666667 0.036170212765957444
18 0.21466666666666667 0.7393617021276596 0.02266666666666667 0.06808510638297872
23 0.65 0.8797872340425532 0.03333333333333333 0.06170212765957447
27 0.7233333333333334 0.9 0.10266666666666667 0.19574468085106383
18 0.18266666666666667 0.7393617021276596 0.02 0.06170212765957447
18 0.294 0.7776595744680851 0.024 0.07021276595744681
18 0.202 0.75 0.02 0.06170212765957447
18 0.21933333333333332 0.7553191489361702 0.021333333333333333 0.06382978723404255
18 0.276 0.7734042553191489 0.021333333333333333 0.06382978723404255
23 0.5046666666666667 0.8436170212765958 0.06266666666666666 0.07234042553191489
18 0.258 0.7680851063829788 0.02266666666666667 0.06170212765957447
18 0.31066666666666665 0.7851063829787234 0.025333333333333333 0.06595744680851064
6 0.37666666666666665 0.8106382978723404 0.11333333333333333 0.16808510638297872
24 0.44733333333333336 0.8468085106382979 0.03866666666666667 0.03829787234042553
11 0.11066666666666666 0.75 0.10533333333333333 0.16170212765957448
7 0.024 0.7510638297872341 0.04 0.09574468085106383
24 0.44066666666666665 0.9063829787234042 0.04 0.036170212765957444
7 0.4686666666666667 0.8904255319148936 0.9373333333333334 0.2148936170212766
24 0.5333333333333333 0.14148936170212767 0.03866666666666667 0.036170212765957444
7 0.112 0.030851063829787233 0.04 0.06170212765957447
11 0.19533333333333333 0.07872340425531915 0.124 0.1574468085106383
2 0.7153333333333334 0.24361702127659574 0.07066666666666667 0.17872340425531916
2 0.6613333333333333 0.22872340425531915 0.07066666666666667 0.18085106382978725
6 0.458 0.17340425531914894 0.11333333333333333 0.16808510638297872