15 0.18448275862068966 0.2543103448275862 0.2689655172413793 0.38275862068965516
7 0.5310344827586206 0.04913793103448276 0.8793103448275862 0.09827586206896552
15 0.6293103448275862 0.3905172413793103 0.656896551724138 0.6603448275862069
7 0.9517241379310345 0.5379310344827586 0.09310344827586207 0.8827586206896552
7 0.041379310344827586 0.47413793103448276 0.08275862068965517 0.8827586206896552
24 0.20862068965517241 0.5456896551724137 0.04655172413793104 0.08620689655172414
24 0.2646551724137931 0.5543103448275862 0.05 0.0896551724137931
27 0.11293103448275862 0.5784482758620689 0.12758620689655173 0.2206896551724138
5 0.23706896551724138 0.7112068965517241 0.12241379310344827 0.0603448275862069
18 0.4706896551724138 0.728448275862069 0.11551724137931034 0.05344827586206897
18 0.46293103448275863 0.8 0.11896551724137931 0.056896551724137934
15 0.7482758620689656 0.843103448275862 0.35 0.2689655172413793
10 0.08793103448275862 0.8060344827586207 0.09310344827586207 0.1482758620689655
15 0.2508620689655172 0.8387931034482758 0.13448275862068965 0.14655172413793102
18 0.46293103448275863 0.8637931034482759 0.11206896551724138 0.04827586206896552
24 0.35172413793103446 0.8775862068965518 0.04655172413793104 0.0896551724137931
5 0.14655172413793102 0.878448275862069 0.04310344827586207 0.08620689655172414
7 0.46206896551724136 0.9577586206896552 0.8862068965517241 0.08103448275862069