23 0.47635135135135137 0.1584051724137931 0.05945945945945946 0.06896551724137931
24 0.42027027027027025 0.17349137931034483 0.03918918918918919 0.036637931034482756
5 0.2581081081081081 0.2413793103448276 0.05405405405405406 0.11853448275862069
17 0.007432432432432433 0.30926724137931033 0.014864864864864866 0.1271551724137931
20 0.7837837837837838 0.15193965517241378 0.26216216216216215 0.30387931034482757
24 0.42567567567567566 0.23168103448275862 0.03918918918918919 0.034482758620689655
5 0.05878378378378379 0.3329741379310345 0.07567567567567568 0.07543103448275862
5 0.13175675675675674 0.32004310344827586 0.07027027027027027 0.07974137931034483
10 0.20608108108108109 0.32112068965517243 0.060810810810810814 0.0625
7 0.010135135135135136 0.38469827586206895 0.02027027027027027 0.0625
28 0.2689189189189189 0.3254310344827586 0.03648648648648649 0.0625
24 0.6135135135135135 0.25754310344827586 0.021621621621621623 0.0603448275862069
24 0.6358108108108108 0.25323275862068967 0.022972972972972974 0.0625
5 0.19932432432432431 0.42780172413793105 0.051351351351351354 0.11637931034482758
15 0.10878378378378378 0.44935344827586204 0.1527027027027027 0.20043103448275862
5 0.27297297297297296 0.41487068965517243 0.05 0.11853448275862069
16 0.6331081081081081 0.3394396551724138 0.031081081081081083 0.05387931034482758
24 0.6081081081081081 0.3480603448275862 0.01891891891891892 0.06465517241379311
23 0.85 0.30387931034482757 0.060810810810810814 0.07327586206896551
15 0.7466216216216216 0.3297413793103448 0.05405405405405406 0.05818965517241379
18 0.6810810810810811 0.35344827586206895 0.04054054054054054 0.036637931034482756
5 0.01756756756756757 0.5140086206896551 0.03513513513513514 0.11853448275862069
24 0.904054054054054 0.34698275862068967 0.03783783783783784 0.034482758620689655
15 0.75 0.3890086206896552 0.05675675675675676 0.0625
30 0.6412162162162162 0.42780172413793105 0.04864864864864865 0.07543103448275862
28 0.04391891891891892 0.5678879310344828 0.014864864864864866 0.040948275862068964
7 0.6864864864864865 0.43103448275862066 0.04054054054054054 0.10775862068965517
24 0.9081081081081082 0.38362068965517243 0.03918918918918919 0.036637931034482756
15 0.4581081081081081 0.48814655172413796 0.327027027027027 0.521551724137931
5 0.28378378378378377 0.5344827586206896 0.051351351351351354 0.11422413793103449
24 0.010135135135135136 0.5969827586206896 0.016216216216216217 0.036637931034482756
5 0.14054054054054055 0.5689655172413793 0.07567567567567568 0.07758620689655173
10 0.22905405405405405 0.5517241379310345 0.060810810810810814 0.06896551724137931
28 0.07567567567567568 0.5894396551724138 0.01891891891891892 0.04741379310344827
7 0.47162162162162163 0.07974137931034483 0.9432432432432433 0.15948275862068967
24 0.9094594594594595 0.4191810344827586 0.04054054054054054 0.034482758620689655
7 0.9675675675675676 0.40625 0.062162162162162166 0.3728448275862069
24 0.6486486486486487 0.4816810344827586 0.04594594594594595 0.03879310344827586
18 0.01418918918918919 0.6336206896551724 0.016216216216216217 0.02586206896551724
23 0.7560810810810811 0.4676724137931034 0.062162162162162166 0.0668103448275862
24 0.9128378378378378 0.4536637931034483 0.041891891891891894 0.03879310344827586
20 0.677027027027027 0.5280172413793104 0.043243243243243246 0.04310344827586207
20 0.6824324324324325 0.5625 0.0445945945945946 0.040948275862068964
5 0.225 0.6734913793103449 0.051351351351351354 0.11853448275862069
5 0.2959459459459459 0.6573275862068966 0.051351351351351354 0.11422413793103449
15 0.13108108108108107 0.697198275862069 0.15675675675675677 0.20474137931034483
20 0.6304054054054054 0.5948275862068966 0.02837837837837838 0.06896551724137931
5 0.03445945945945946 0.7456896551724138 0.0445945945945946 0.11422413793103449
24 0.6851351351351351 0.6002155172413793 0.041891891891891894 0.034482758620689655
24 0.6871621621621622 0.634698275862069 0.03783783783783784 0.034482758620689655
20 0.6371621621621621 0.6594827586206896 0.024324324324324326 0.0625
15 0.8628378378378379 0.6131465517241379 0.15675675675675677 0.2801724137931034
23 0.24797297297297297 0.7618534482758621 0.062162162162162166 0.0668103448275862
28 0.04932432432432433 0.8178879310344828 0.02837837837837838 0.02586206896551724
28 0.15945945945945947 0.8071120689655172 0.01891891891891892 0.04525862068965517
20 0.6425675675675676 0.7252155172413793 0.024324324324324326 0.06465517241379311
28 0.9858108108108108 0.6476293103448276 0.025675675675675677 0.0625
24 0.4722972972972973 0.7672413793103449 0.03783783783783784 0.034482758620689655
18 0.23243243243243245 0.8448275862068966 0.02027027027027027 0.0668103448275862
23 0.6783783783783783 0.7510775862068966 0.032432432432432434 0.0603448275862069
27 0.7533783783783784 0.7381465517241379 0.09864864864864865 0.20474137931034483
18 0.20202702702702702 0.8631465517241379 0.01891891891891892 0.0625
18 0.31554054054054054 0.8405172413793104 0.021621621621621623 0.06896551724137931
18 0.2222972972972973 0.8620689655172413 0.01891891891891892 0.0625
18 0.24054054054054055 0.8588362068965517 0.02027027027027027 0.0625
18 0.297972972972973 0.8459051724137931 0.02027027027027027 0.0625
23 0.5317567567567567 0.7931034482758621 0.062162162162162166 0.06896551724137931
18 0.2797297297297297 0.8512931034482759 0.021621621621621623 0.0603448275862069
18 0.3331081081081081 0.8383620689655172 0.024324324324324326 0.0668103448275862
6 0.40202702702702703 0.8286637931034483 0.11081081081081082 0.16379310344827586
24 0.4777027027027027 0.8265086206896551 0.03918918918918919 0.036637931034482756
11 0.13513513513513514 0.9105603448275862 0.10270270270270271 0.15732758620689655
7 0.05202702702702703 0.9525862068965517 0.03918918918918919 0.09051724137931035
24 0.4837837837837838 0.8868534482758621 0.03918918918918919 0.034482758620689655
7 0.518918918918919 0.8954741379310345 0.9594594594594594 0.20474137931034483
24 0.4141891891891892 0.10560344827586207 0.03783783783783784 0.034482758620689655
11 0.075 0.2122844827586207 0.12027027027027028 0.1724137931034483
2 0.6094594594594595 0.10775862068965517 0.06621621621621622 0.1788793103448276
2 0.5547297297297298 0.1206896551724138 0.06756756756756757 0.1810344827586207
6 0.34864864864864864 0.17564655172413793 0.11081081081081082 0.16379310344827586