21 0.630965005302227 0.29093799682034976 0.10604453870625663 0.058823529411764705
7 0.8457051961823966 0.38195548489666137 0.05885471898197243 0.15977742448330684
7 0.7746553552492047 0.3871224165341812 0.053022269353128315 0.12400635930047695
21 0.6975079533404029 0.4177265500794913 0.03923647932131495 0.1589825119236884
21 0.5463944856839873 0.39069952305246425 0.03817603393425239 0.15818759936406995
15 0.6216861081654295 0.404610492845787 0.10816542948038176 0.16057233704292528
7 0.4209968186638388 0.3942766295707472 0.05461293743372216 0.3799682034976153
21 0.612407211028632 0.5166931637519873 0.10498409331919406 0.05802861685214626
7 0.810710498409332 0.5596184419713831 0.04294803817603393 0.1971383147853736
31 0.6129374337221634 0.5945945945945946 0.011134676564156946 0.028616852146263912
31 0.598356309650053 0.5918124006359301 0.012195121951219513 0.02782193958664547
7 0.637592788971368 0.6005564387917329 0.02916224814422057 0.08823529411764706
6 0.5744962884411453 0.589825119236884 0.029692470837751856 0.08744038155802862
7 0.6100212089077413 0.6315580286168522 0.027571580063626724 0.02782193958664547
17 0.5840402969247084 0.6275834658187599 0.028101802757158005 0.02702702702702703
7 0.5959703075291622 0.7178060413354531 0.2550371155885472 0.08585055643879173
7 0.8295334040296924 0.7945151033386327 0.11558854718981973 0.2503974562798092
7 0.3589607635206787 0.7094594594594594 0.11399787910922587 0.2503974562798092
5 0.5511664899257688 0.7937201907790143 0.018027571580063628 0.016693163751987282
17 0.7128844114528102 0.8434022257551669 0.02863202545068929 0.0246422893481717
15 0.5869565217391305 0.8211446740858506 0.05620360551431601 0.06677265500794913
7 0.45625662778366916 0.8068362480127186 0.030222693531283137 0.04292527821939587
24 0.528101802757158 0.8223370429252782 0.011134676564156946 0.028616852146263912
5 0.6333510074231177 0.8426073131955485 0.012195121951219513 0.028616852146263912
5 0.5389713679745494 0.8251192368839427 0.011134676564156946 0.029411764705882353
5 0.6222163308589608 0.8406200317965024 0.01166489925768823 0.029411764705882353
5 0.644220572640509 0.8445945945945946 0.012195121951219513 0.029411764705882353
5 0.5501060445387063 0.8271065182829889 0.01166489925768823 0.028616852146263912
17 0.7104984093319194 0.8640699523052464 0.028101802757158005 0.0246422893481717
5 0.5524920466595971 0.8628775834658188 0.019088016967126194 0.018282988871224166
5 0.532608695652174 0.8593004769475358 0.01855779427359491 0.018282988871224166
5 0.5750265111346765 0.8676470588235294 0.019088016967126194 0.017488076311605722
24 0.6015376458112407 0.8728139904610492 0.019088016967126194 0.017488076311605722
18 0.6299045599151644 0.9228934817170111 0.026511134676564158 0.023052464228934817
7 0.4424708377518558 0.8891096979332274 0.2046659597030753 0.06120826709062003
18 0.6004772004241782 0.9181240063593005 0.026511134676564158 0.023052464228934817
18 0.5718451749734889 0.9129570747217806 0.02386002120890774 0.021462639109697933
18 0.6577412513255567 0.9288553259141494 0.02704135737009544 0.025437201907790145
18 0.7439024390243902 0.9455484896661367 0.02704135737009544 0.025437201907790145
18 0.7727995758218452 0.9507154213036566 0.028101802757158005 0.025437201907790145
18 0.7144750795334041 0.9399841017488076 0.027571580063626724 0.0246422893481717
18 0.6866383881230117 0.9356120826709062 0.027571580063626724 0.026232114467408585
2 0.8077942735949099 0.9634340222575517 0.039766702014846236 0.06915739268680444
2 0.39262990455991514 0.949523052464229 0.0408271474019088 0.06915739268680444
2 0.5477200424178155 0.9709856915739269 0.041357370095440084 0.05643879173290938
2 0.7036055143160127 0.985691573926868 0.043478260869565216 0.02702702702702703
2 0.44300106044538706 0.9602543720190779 0.0408271474019088 0.06995230524642289
2 0.6513785790031813 0.9817170111287759 0.04188759278897137 0.034976152623211444
2 0.4960233297985154 0.9670111287758346 0.0408271474019088 0.0643879173290938
2 0.7571580063626723 0.9908585055643879 0.041357370095440084 0.016693163751987282
2 0.6007423117709438 0.9769475357710652 0.04029692470837752 0.04451510333863275
5 0.478525980911983 0.10214626391096979 0.018027571580063628 0.016693163751987282
7 0.4244432661717922 0.09300476947535771 0.06362672322375397 0.057233704292527825
5 0.4766702014846235 0.12082670906200318 0.018027571580063628 0.01589825119236884
7 0.6603923647932132 0.17170111287758347 0.2545068928950159 0.08585055643879173
7 0.47030752916224816 0.13910969793322733 0.016967126193001062 0.022257551669316374
24 0.5116648992576882 0.1554054054054054 0.019088016967126194 0.016693163751987282
7 0.8589607635206787 0.22098569157392686 0.057794273594909865 0.16057233704292528
7 0.4676564156945917 0.15779014308426073 0.016967126193001062 0.02066772655007949
15 0.42073170731707316 0.1554054054054054 0.0535524920466596 0.06120826709062003
18 0.5100742311770944 0.17368839427662958 0.024920466595970307 0.02066772655007949
5 0.45227995758218453 0.1685214626391097 0.010604453870625663 0.028616852146263912
17 0.4628844114528102 0.18402225755166932 0.020678685047720042 0.04292527821939587