21 0.587742980561555 0.22168284789644013 0.1079913606911447 0.06310679611650485
7 0.8150647948164147 0.2261326860841424 0.061555075593952485 0.1634304207119741
7 0.7462203023758099 0.2593042071197411 0.055615550755939526 0.12702265372168284
21 0.6754859611231101 0.3199838187702265 0.042116630669546434 0.16181229773462782
21 0.5221382289416847 0.35315533980582525 0.04103671706263499 0.1610032362459547
15 0.5985421166306696 0.33697411003236244 0.11123110151187905 0.16585760517799353
7 0.39956803455723544 0.40614886731391586 0.05993520518358531 0.38673139158576053
21 0.609341252699784 0.4506472491909385 0.10691144708423327 0.061488673139158574
7 0.8120950323974082 0.4146440129449838 0.0458963282937365 0.20064724919093851
31 0.6236501079913607 0.5271035598705501 0.011879049676025918 0.02912621359223301
31 0.6085313174946004 0.5303398058252428 0.012419006479481642 0.02831715210355987
7 0.6487580993520519 0.5234627831715211 0.03023758099352052 0.09061488673139159
6 0.5847732181425486 0.537621359223301 0.030777537796976243 0.08980582524271845
7 0.6271598272138229 0.5647249190938511 0.028617710583153346 0.02912621359223301
17 0.6009719222462203 0.5711974110032363 0.028617710583153346 0.02831715210355987
7 0.6285097192224622 0.6549352750809061 0.2591792656587473 0.09385113268608414
7 0.8717602591792657 0.6383495145631068 0.11987041036717062 0.25728155339805825
7 0.3938984881209503 0.7402912621359223 0.11825053995680346 0.2564724919093851
5 0.5980021598272138 0.747168284789644 0.0183585313174946 0.01699029126213592
17 0.765658747300216 0.7326051779935275 0.029157667386609073 0.025889967637540454
15 0.6376889848812095 0.7601132686084142 0.05777537796976242 0.06957928802588997
7 0.5067494600431965 0.7977346278317152 0.03131749460043196 0.04449838187702265
24 0.5801835853131749 0.7847896440129449 0.011879049676025918 0.02912621359223301
5 0.6870950323974082 0.7629449838187702 0.012958963282937365 0.02912621359223301
5 0.5915226781857451 0.7831715210355987 0.011879049676025918 0.029935275080906147
5 0.6760259179265659 0.7653721682847896 0.012419006479481642 0.029935275080906147
5 0.6984341252699784 0.7605177993527508 0.012958963282937365 0.029935275080906147
5 0.6025917926565875 0.7807443365695793 0.012419006479481642 0.02912621359223301
17 0.7670086393088553 0.7532362459546925 0.028617710583153346 0.025889967637540454
5 0.6112311015118791 0.8147249190938511 0.019438444924406047 0.019417475728155338
5 0.5909827213822895 0.8191747572815534 0.018898488120950324 0.0186084142394822
5 0.6344492440604752 0.8106796116504854 0.019438444924406047 0.0186084142394822
24 0.6611771058315334 0.8050161812297735 0.019438444924406047 0.0186084142394822
18 0.6978941684665226 0.843042071197411 0.0275377969762419 0.023462783171521034
7 0.5075593952483801 0.8838996763754046 0.20788336933045357 0.06715210355987054
18 0.6681965442764579 0.8503236245954693 0.0275377969762419 0.023462783171521034
18 0.6393088552915767 0.8563915857605178 0.024838012958963283 0.022653721682847898
18 0.7262419006479481 0.8377831715210357 0.0275377969762419 0.025889967637540454
18 0.8142548596112311 0.8203883495145631 0.0275377969762419 0.025889967637540454
18 0.8434125269978402 0.813915857605178 0.028617710583153346 0.02669902912621359
18 0.7842872570194385 0.8264563106796117 0.028077753779697623 0.025889967637540454
18 0.755939524838013 0.8333333333333334 0.028077753779697623 0.02750809061488673
2 0.8798596112311015 0.8131067961165048 0.04103671706263499 0.07119741100323625
2 0.46922246220302377 0.9631877022653722 0.042116630669546434 0.07119741100323625
2 0.6271598272138229 0.9308252427184466 0.04265658747300216 0.07362459546925566
2 0.7853671706263499 0.8972491909385113 0.044816414686825054 0.07281553398058252
2 0.5207883369330454 0.9538834951456311 0.042116630669546434 0.07200647249190939
2 0.732451403887689 0.9093851132686084 0.04265658747300216 0.0703883495145631
2 0.574244060475162 0.9425566343042071 0.042116630669546434 0.07281553398058252
2 0.839902807775378 0.8867313915857605 0.04265658747300216 0.07281553398058252
2 0.6806155507559395 0.9211165048543689 0.04103671706263499 0.07281553398058252
5 0.40496760259179265 0.09587378640776699 0.0183585313174946 0.01699029126213592
7 0.34989200863930886 0.10841423948220065 0.06533477321814254 0.059870550161812294
5 0.4060475161987041 0.11529126213592233 0.0183585313174946 0.016181229773462782
7 0.5958423326133909 0.09263754045307443 0.25863930885529157 0.09385113268608414
7 0.4030777537796976 0.13551779935275082 0.017278617710583154 0.023462783171521034
24 0.44681425485961124 0.13551779935275082 0.019438444924406047 0.01779935275080906
7 0.7999460043196545 0.07281553398058252 0.06101511879049676 0.14563106796116504
7 0.4038876889848812 0.15493527508090615 0.017278617710583154 0.021844660194174758
15 0.357451403887689 0.1715210355987055 0.0550755939524838 0.06310679611650485
18 0.4484341252699784 0.15372168284789645 0.025377969762419007 0.021844660194174758
5 0.390658747300216 0.1715210355987055 0.011339092872570195 0.02912621359223301
17 0.4036177105831533 0.18284789644012944 0.02159827213822894 0.043689320388349516