17 0.6398565573770492 0.34978991596638653 0.03944672131147541 0.023109243697478993
20 0.6042520491803278 0.3438375350140056 0.014344262295081968 0.018907563025210083
27 0.7246413934426229 0.37324929971988796 0.11168032786885246 0.0819327731092437
27 0.4551741803278688 0.3329831932773109 0.06352459016393443 0.0742296918767507
24 0.6011782786885246 0.3802521008403361 0.019979508196721313 0.014005602240896359
24 0.6001536885245902 0.3911064425770308 0.019979508196721313 0.014005602240896359
24 0.6444672131147541 0.41491596638655465 0.018954918032786885 0.012605042016806723
24 0.5986168032786885 0.4072128851540616 0.019979508196721313 0.014005602240896359
20 0.4989754098360656 0.3960084033613445 0.015368852459016393 0.018207282913165267
17 0.5356045081967213 0.4023109243697479 0.03637295081967213 0.022408963585434174
11 0.6214139344262295 0.43067226890756305 0.012807377049180328 0.03991596638655462
18 0.3360655737704918 0.38340336134453784 0.01639344262295082 0.025210084033613446
24 0.3212090163934426 0.38165266106442575 0.011270491803278689 0.037815126050420166
5 0.6636782786885246 0.4415266106442577 0.00973360655737705 0.0273109243697479
5 0.6997950819672131 0.4474789915966387 0.009221311475409836 0.025910364145658265
5 0.6849385245901639 0.44572829131652664 0.009221311475409836 0.025910364145658265
24 0.6380635245901639 0.43977591036414565 0.00973360655737705 0.0273109243697479
24 0.6485655737704918 0.44362745098039214 0.00973360655737705 0.0273109243697479
7 0.08043032786885246 0.3553921568627451 0.03278688524590164 0.14355742296918766
5 0.725922131147541 0.46603641456582634 0.0194672131147541 0.01330532212885154
11 0.7441086065573771 0.47829131652661067 0.0117827868852459 0.037815126050420166
11 0.6019467213114754 0.4579831932773109 0.025102459016393443 0.01610644257703081
11 0.46746926229508196 0.4373249299719888 0.0117827868852459 0.03851540616246499
5 0.43775614754098363 0.44012605042016806 0.009221311475409836 0.025910364145658265
11 0.3614241803278688 0.42822128851540614 0.012807377049180328 0.03991596638655462
5 0.40804303278688525 0.4373249299719888 0.009221311475409836 0.02661064425770308
5 0.4208504098360656 0.43942577030812324 0.009221311475409836 0.02661064425770308
5 0.3921618852459016 0.43592436974789917 0.010245901639344262 0.02661064425770308
24 0.37218237704918034 0.4341736694677871 0.008709016393442622 0.02661064425770308
5 0.6006659836065574 0.4723389355742297 0.018954918032786885 0.01330532212885154
2 0.32838114754098363 0.42822128851540614 0.03278688524590164 0.04551820728291316
11 0.579405737704918 0.47163865546218486 0.012295081967213115 0.03991596638655462
24 0.7950819672131147 0.5178571428571429 0.0194672131147541 0.012605042016806723
28 0.5981045081967213 0.48739495798319327 0.014344262295081968 0.02030812324929972
11 0.48616803278688525 0.47093837535014005 0.012295081967213115 0.03991596638655462
5 0.4956454918032787 0.4737394957983193 0.00973360655737705 0.0273109243697479
5 0.5673668032786885 0.48599439775910364 0.00973360655737705 0.0273109243697479
15 0.5327868852459017 0.4807422969187675 0.06608606557377049 0.09103641456582633
24 0.7938012295081968 0.5329131652661064 0.0194672131147541 0.01330532212885154
5 0.3360655737704918 0.4632352941176471 0.0194672131147541 0.01330532212885154
5 0.7922643442622951 0.5490196078431373 0.018954918032786885 0.012605042016806723
24 0.335297131147541 0.47724089635854344 0.018954918032786885 0.01330532212885154
7 0.9006147540983607 0.5742296918767507 0.19774590163934427 0.3599439775910364
5 0.7405225409836066 0.5465686274509803 0.019979508196721313 0.014005602240896359
24 0.8142930327868853 0.5626750700280112 0.010245901639344262 0.01050420168067227
15 0.6693135245901639 0.540266106442577 0.11782786885245902 0.1638655462184874
5 0.5960553278688525 0.5294117647058824 0.018954918032786885 0.012605042016806723
7 0.14190573770491804 0.4534313725490196 0.050204918032786885 0.27521008403361347
7 0.22361680327868852 0.4677871148459384 0.050204918032786885 0.27521008403361347
11 0.788422131147541 0.5647759103641457 0.025102459016393443 0.01610644257703081
5 0.7392418032786885 0.5605742296918768 0.0194672131147541 0.014705882352941176
24 0.7894467213114754 0.5808823529411765 0.0194672131147541 0.012605042016806723
5 0.59375 0.5532212885154062 0.0194672131147541 0.014005602240896359
5 0.3319672131147541 0.5098039215686274 0.018442622950819672 0.01330532212885154
5 0.48155737704918034 0.5399159663865546 0.018954918032786885 0.01330532212885154
24 0.7886782786885246 0.5955882352941176 0.018442622950819672 0.012605042016806723
15 0.4067622950819672 0.5371148459383753 0.11987704918032786 0.16526610644257703
5 0.4797643442622951 0.5525210084033614 0.0194672131147541 0.01330532212885154
5 0.3301741803278688 0.5280112044817927 0.018442622950819672 0.011904761904761904
11 0.7359118852459017 0.5973389355742297 0.025102459016393443 0.01680672268907563
2 0.5210040983606558 0.5647759103641457 0.031762295081967214 0.04341736694677871
28 0.5896516393442623 0.5871848739495799 0.015368852459016393 0.02100840336134454
5 0.7320696721311475 0.6123949579831933 0.018442622950819672 0.012605042016806723
11 0.32838114754098363 0.5479691876750701 0.025614754098360656 0.01610644257703081
11 0.47873975409836067 0.5812324929971989 0.025614754098360656 0.01610644257703081
7 0.06531762295081968 0.530812324929972 0.03278688524590164 0.14145658263305322
24 0.5863217213114754 0.6190476190476191 0.008709016393442622 0.02661064425770308
24 0.5750512295081968 0.6169467787114846 0.008709016393442622 0.02661064425770308
24 0.6567622950819673 0.6334033613445378 0.009221311475409836 0.0273109243697479
5 0.6365266393442623 0.6302521008403361 0.00973360655737705 0.02661064425770308
5 0.6465163934426229 0.6320028011204482 0.009221311475409836 0.02661064425770308
5 0.6675204918032787 0.6355042016806722 0.009221311475409836 0.025210084033613446
5 0.688780737704918 0.6390056022408963 0.009221311475409836 0.025910364145658265
11 0.6037397540983607 0.6253501400560224 0.011270491803278689 0.0350140056022409
5 0.6780225409836066 0.6379551820728291 0.009221311475409836 0.02661064425770308
24 0.6247438524590164 0.6288515406162465 0.010245901639344262 0.028011204481792718
5 0.47515368852459017 0.6095938375350141 0.0194672131147541 0.01330532212885154
11 0.7085040983606558 0.6498599439775911 0.025102459016393443 0.01610644257703081
5 0.7074795081967213 0.6666666666666666 0.018442622950819672 0.012605042016806723
11 0.6828893442622951 0.6642156862745098 0.02459016393442623 0.015406162464985995
24 0.7991803278688525 0.6855742296918768 0.010758196721311475 0.036414565826330535
18 0.7589651639344263 0.6796218487394958 0.015881147540983607 0.025210084033613446
11 0.3368340163934426 0.6158963585434174 0.02459016393442623 0.01610644257703081
5 0.37679303278688525 0.6260504201680672 0.009221311475409836 0.025910364145658265
5 0.3583504098360656 0.6228991596638656 0.009221311475409836 0.02661064425770308
5 0.39036885245901637 0.6285014005602241 0.008709016393442622 0.025910364145658265
5 0.4026639344262295 0.6302521008403361 0.009221311475409836 0.025910364145658265
24 0.43212090163934425 0.636204481792717 0.008709016393442622 0.02661064425770308
11 0.6360143442622951 0.6701680672268907 0.024077868852459015 0.015406162464985995
11 0.4487704918032787 0.6446078431372549 0.012807377049180328 0.0392156862745098
5 0.4177766393442623 0.6400560224089635 0.009221311475409836 0.025910364145658265
24 0.6388319672131147 0.6834733893557423 0.019979508196721313 0.01330532212885154
24 0.5811987704918032 0.6750700280112045 0.0194672131147541 0.012605042016806723
11 0.7710040983606558 0.7125350140056023 0.033299180327868855 0.02661064425770308
5 0.7261782786885246 0.7065826330532213 0.009221311475409836 0.025910364145658265
5 0.6396004098360656 0.6971288515406162 0.018954918032786885 0.014005602240896359
24 0.6091188524590164 0.6988795518207283 0.0194672131147541 0.01330532212885154
31 0.7407786885245902 0.72093837535014 0.02920081967213115 0.14705882352941177
23 0.31787909836065575 0.6530112044817927 0.028688524590163935 0.03081232492997199
15 0.6864754098360656 0.7167366946778712 0.06608606557377049 0.09103641456582633
28 0.6429303278688525 0.7125350140056023 0.01485655737704918 0.018907563025210083
5 0.6075819672131147 0.711484593837535 0.018954918032786885 0.012605042016806723
28 0.26383196721311475 0.6593137254901961 0.02305327868852459 0.031512605042016806
2 0.47105532786885246 0.6946778711484594 0.033299180327868855 0.04551820728291316
18 0.7528176229508197 0.7478991596638656 0.014344262295081968 0.025910364145658265
28 0.641905737704918 0.7296918767507002 0.01485655737704918 0.01750700280112045
5 0.09707991803278689 0.6404061624649859 0.009221311475409836 0.025910364145658265
11 0.7225922131147541 0.7461484593837535 0.011270491803278689 0.03571428571428571
18 0.3949795081967213 0.6918767507002801 0.01639344262295082 0.024509803921568627
18 0.3770491803278688 0.6897759103641457 0.01639344262295082 0.024509803921568627
18 0.41162909836065575 0.6953781512605042 0.01639344262295082 0.024509803921568627
18 0.4295594262295082 0.6985294117647058 0.01639344262295082 0.024509803921568627
11 0.10604508196721311 0.646358543417367 0.012295081967213115 0.0350140056022409
23 0.31429303278688525 0.688375350140056 0.028688524590163935 0.03081232492997199
6 0.6055327868852459 0.7391456582633054 0.03637295081967213 0.04551820728291316
24 0.5737704918032787 0.7345938375350141 0.008709016393442622 0.02661064425770308
28 0.6403688524590164 0.7464985994397759 0.014344262295081968 0.018907563025210083
24 0.7756147540983607 0.7699579831932774 0.025614754098360656 0.014705882352941176
18 0.4264856557377049 0.7254901960784313 0.01639344262295082 0.024509803921568627
18 0.39190573770491804 0.7202380952380952 0.01639344262295082 0.024509803921568627
18 0.37474385245901637 0.717436974789916 0.01639344262295082 0.024509803921568627
18 0.4093237704918033 0.7233893557422969 0.01639344262295082 0.024509803921568627
24 0.6923668032786885 0.7720588235294118 0.0194672131147541 0.01330532212885154
24 0.6708504098360656 0.7699579831932774 0.022028688524590164 0.015406162464985995
18 0.7497438524590164 0.7874649859943977 0.01485655737704918 0.024509803921568627
24 0.9305840163934426 0.8200280112044818 0.018954918032786885 0.012605042016806723
24 0.23565573770491804 0.7076330532212886 0.0194672131147541 0.01330532212885154
23 0.31121926229508196 0.7237394957983193 0.028688524590163935 0.03081232492997199
24 0.5701844262295082 0.7699579831932774 0.009221311475409836 0.0273109243697479
24 0.9287909836065574 0.8357843137254902 0.018954918032786885 0.012605042016806723
18 0.38985655737704916 0.748249299719888 0.01639344262295082 0.024509803921568627
18 0.4067622950819672 0.7510504201680672 0.01639344262295082 0.024509803921568627
18 0.4239241803278688 0.7538515406162465 0.01639344262295082 0.024509803921568627
18 0.37218237704918034 0.7457983193277311 0.01639344262295082 0.024509803921568627
24 0.2341188524590164 0.7233893557422969 0.0194672131147541 0.01330532212885154
24 0.7622950819672131 0.8137254901960784 0.025614754098360656 0.014705882352941176
28 0.49436475409836067 0.7692577030812325 0.02151639344262295 0.028711484593837534
23 0.3078893442622951 0.7598039215686274 0.028688524590163935 0.03081232492997199
18 0.4047131147540984 0.7797619047619048 0.01639344262295082 0.024509803921568627
18 0.36962090163934425 0.7738095238095238 0.01639344262295082 0.024509803921568627
18 0.38729508196721313 0.7766106442577031 0.01639344262295082 0.024509803921568627
18 0.4223872950819672 0.782563025210084 0.01639344262295082 0.024509803921568627
7 0.8511782786885246 0.867296918767507 0.24026639344262296 0.10224089635854341
7 0.1759733606557377 0.7573529411764706 0.08401639344262295 0.04201680672268908
24 0.7461577868852459 0.8792016806722689 0.019979508196721313 0.01330532212885154
22 0.5581454918032787 0.8532913165266106 0.052766393442622954 0.07212885154061624
27 0.6805840163934426 0.8739495798319328 0.11219262295081968 0.0819327731092437
7 0.34195696721311475 0.8389355742296919 0.07274590163934426 0.03081232492997199
7 0.16931352459016394 0.8154761904761905 0.1173155737704918 0.0469187675070028
7 0.8632172131147541 0.9474789915966386 0.1915983606557377 0.10364145658263306
24 0.5845286885245902 0.09243697478991597 0.009221311475409836 0.021708683473389355
24 0.5673668032786885 0.08928571428571429 0.007684426229508197 0.0196078431372549
15 0.5991290983606558 0.09698879551820729 0.015368852459016393 0.018207282913165267
24 0.5558401639344263 0.09033613445378151 0.009221311475409836 0.02661064425770308
24 0.6559938524590164 0.10784313725490197 0.00819672131147541 0.02661064425770308
24 0.6452356557377049 0.10609243697478991 0.009221311475409836 0.02661064425770308
24 0.7438524590163934 0.12254901960784313 0.010758196721311475 0.03571428571428571
24 0.7556352459016393 0.12464985994397759 0.011270491803278689 0.03711484593837535
18 0.7123463114754098 0.11799719887955182 0.01485655737704918 0.0196078431372549
28 0.5335553278688525 0.09208683473389356 0.012807377049180328 0.02030812324929972
28 0.7763831967213115 0.13445378151260504 0.015368852459016393 0.022408963585434174
7 0.23744877049180327 0.050070028011204484 0.11834016393442623 0.047619047619047616
28 0.5007684426229508 0.09943977591036414 0.02151639344262295 0.028711484593837534
11 0.5968237704918032 0.12745098039215685 0.045081967213114756 0.02661064425770308
11 0.7407786885245902 0.15371148459383754 0.04456967213114754 0.029411764705882353
11 0.6762295081967213 0.14565826330532214 0.0466188524590164 0.03081232492997199
5 0.6362704918032787 0.148109243697479 0.009221311475409836 0.025910364145658265
5 0.5430327868852459 0.13690476190476192 0.00973360655737705 0.02661064425770308
7 0.8181352459016393 0.1873249299719888 0.060450819672131145 0.0819327731092437
11 0.48411885245901637 0.13690476190476192 0.04610655737704918 0.028711484593837534
7 0.23206967213114754 0.10364145658263306 0.08709016393442623 0.047619047619047616
11 0.5202356557377049 0.15826330532212884 0.022028688524590164 0.05392156862745098
27 0.9572233606557377 0.242296918767507 0.08452868852459017 0.10364145658263306
15 0.5737704918032787 0.18557422969187676 0.09118852459016394 0.10364145658263306
15 0.6944159836065574 0.20798319327731093 0.09784836065573771 0.10434173669467788
11 0.6352459016393442 0.20098039215686275 0.015881147540983607 0.04341736694677871
15 0.7610143442622951 0.23774509803921567 0.0389344262295082 0.0784313725490196
11 0.34246926229508196 0.17436974789915966 0.03944672131147541 0.03081232492997199
24 0.16623975409836064 0.14775910364145659 0.0194672131147541 0.01330532212885154
7 0.47822745901639346 0.20203081232492998 0.07223360655737705 0.03081232492997199
24 0.16495901639344263 0.16211484593837536 0.018954918032786885 0.012605042016806723
11 0.5166495901639344 0.234593837535014 0.0117827868852459 0.0392156862745098
5 0.5281762295081968 0.23879551820728293 0.009221311475409836 0.025210084033613446
11 0.5660860655737705 0.25280112044817926 0.05584016393442623 0.036414565826330535
11 0.6816086065573771 0.27240896358543415 0.06096311475409836 0.0392156862745098
30 0.623719262295082 0.265406162464986 0.04918032786885246 0.04831932773109244
20 0.47950819672131145 0.25175070028011204 0.009221311475409836 0.025910364145658265
7 0.8078893442622951 0.3074229691876751 0.05942622950819672 0.0819327731092437
15 0.4636270491803279 0.2503501400560224 0.015881147540983607 0.02661064425770308
24 0.4395491803278688 0.24719887955182074 0.008709016393442622 0.02661064425770308
24 0.44979508196721313 0.24894957983193278 0.008709016393442622 0.02661064425770308
7 0.9633709016393442 0.37289915966386555 0.07223360655737705 0.0819327731092437
7 0.39395491803278687 0.2846638655462185 0.035860655737704916 0.17507002801120447
7 0.3242827868852459 0.27380952380952384 0.035860655737704916 0.17507002801120447