21 0.4581976112920738 0.4387982195845697 0.04234527687296417 0.03412462908011869
21 0.5352877307274702 0.4681008902077151 0.024429967426710098 0.1298219584569733
21 0.05347448425624322 0.5433976261127597 0.048317046688382194 0.29154302670623145
21 0.14087947882736157 0.530786350148368 0.048317046688382194 0.29821958456973297
21 0.25 0.576780415430267 0.04071661237785016 0.028189910979228485
21 0.4576547231270358 0.6149851632047477 0.07003257328990228 0.034866468842729974
21 0.38219326818675353 0.68026706231454 0.05646036916395222 0.07566765578635015
21 0.6707383279044516 0.6468842729970327 0.10912052117263844 0.09050445103857567
21 0.5678610206297503 0.6728486646884273 0.06297502714440825 0.028189910979228485
7 0.24239956568946797 0.740727002967359 0.04017372421281216 0.19287833827893175
7 0.31813246471226925 0.7318249258160238 0.03908794788273615 0.19362017804154302
21 0.9128664495114006 0.6728486646884273 0.06623235613463627 0.09050445103857567
7 0.758686210640608 0.7195845697329377 0.06677524429967427 0.09272997032640949
21 0.40635179153094464 0.8238130563798219 0.07654723127035831 0.03412462908011869
21 0.9150380021715526 0.7993323442136498 0.09011943539630836 0.11053412462908012
27 0.9861563517915309 0.7937685459940653 0.026601520086862108 0.04896142433234421
7 0.14169381107491857 0.9169139465875371 0.09229098805646037 0.05118694362017804
7 0.7679153094462541 0.8471810089020771 0.0722041259500543 0.0897626112759644
7 0.1452225841476656 0.9736646884272997 0.12975027144408252 0.05118694362017804
21 0.46199782844733983 0.9410237388724035 0.018458197611292075 0.025222551928783383
21 0.7214983713355049 0.9046735905044511 0.016286644951140065 0.026706231454005934
7 0.09011943539630836 0.16135014836795253 0.12920738327904452 0.055637982195845696
21 0.2725298588490771 0.14094955489614244 0.0749185667752443 0.02596439169139466
21 0.8289902280130294 0.0663946587537092 0.13083604777415853 0.05934718100890208
21 0.501900108577633 0.1327893175074184 0.05808903365906623 0.06083086053412463
21 0.6311074918566775 0.11795252225519288 0.11020629750271443 0.0956973293768546
7 0.09364820846905537 0.22106824925816024 0.09120521172638436 0.04896142433234421
21 0.8325190010857764 0.12388724035608309 0.09446254071661238 0.05415430267062315
21 0.5895765472312704 0.2678041543026706 0.01737242128121607 0.057863501483679525
21 0.40689467969598264 0.2978486646884273 0.04071661237785016 0.03115727002967359
21 0.6938110749185668 0.28041543026706234 0.03040173724212812 0.16023738872403562