7 0.02096273291925466 0.4918555240793201 0.04192546583850932 0.1536827195467422
21 0.474120082815735 0.38420679886685555 0.04192546583850932 0.03895184135977337
21 0.5496894409937888 0.3976628895184136 0.035196687370600416 0.12322946175637393
21 0.10222567287784678 0.5563031161473088 0.07298136645962733 0.2762039660056657
21 0.1834886128364389 0.5283286118980169 0.07401656314699794 0.28257790368271957
21 0.2908902691511387 0.5524079320113314 0.03985507246376811 0.03328611898016997
7 0.04787784679089027 0.6657223796033994 0.04710144927536232 0.14943342776203966
21 0.4906832298136646 0.5506373937677054 0.06728778467908902 0.04461756373937677
21 0.42598343685300205 0.6260623229461756 0.05952380952380952 0.08002832861189801
21 0.6948757763975155 0.5421388101983002 0.10869565217391304 0.10339943342776203
21 0.6004140786749482 0.5853399433427762 0.06055900621118013 0.037535410764872525
7 0.2994306418219462 0.7085694050991501 0.05641821946169772 0.18413597733711048
7 0.3703416149068323 0.6866147308781869 0.054865424430641824 0.1848441926345609
21 0.9259834368530021 0.5226628895184136 0.06987577639751552 0.09560906515580736
7 0.7849378881987578 0.5945467422096318 0.07039337474120083 0.09773371104815864
21 0.46247412008281574 0.7574362606232294 0.07349896480331262 0.0453257790368272
21 0.9402173913043478 0.6416430594900849 0.09368530020703934 0.11827195467422097
7 0.22179089026915114 0.8934135977337111 0.08954451345755693 0.06373937677053824
7 0.8061594202898551 0.7138810198300283 0.07505175983436853 0.09560906515580736
7 0.23110766045548653 0.9500708215297451 0.12422360248447205 0.07861189801699717
21 0.5263975155279503 0.8580028328611898 0.019668737060041408 0.026912181303116147
21 0.7681159420289855 0.7765580736543909 0.017598343685300208 0.02762039660056657
7 0.09963768115942029 0.18838526912181303 0.12370600414078675 0.07507082152974505
21 0.26992753623188404 0.1363314447592068 0.07142857142857142 0.03824362606232295
21 0.4855072463768116 0.08675637393767706 0.059006211180124224 0.06657223796033994
21 0.6063664596273292 0.051699716713881017 0.11128364389233955 0.10339943342776203
7 0.10869565217391304 0.2443342776203966 0.08850931677018634 0.06161473087818697
21 0.7968426501035196 0.026203966005665724 0.09265010351966874 0.05240793201133145
21 0.5815217391304348 0.19830028328611898 0.021739130434782608 0.056657223796033995
21 0.41200828157349895 0.25991501416430596 0.040372670807453416 0.03611898016997167
21 0.6811594202898551 0.19157223796033995 0.04399585921325052 0.1529745042492918