17 0.6162046908315565 0.3403790087463557 0.04051172707889126 0.02040816326530612
20 0.5788912579957356 0.33782798833819244 0.013859275053304905 0.018221574344023325
27 0.7052238805970149 0.3564139941690962 0.11353944562899787 0.07507288629737609
27 0.4232409381663113 0.34110787172011664 0.06343283582089553 0.07215743440233237
24 0.5772921108742004 0.37572886297376096 0.02025586353944563 0.013119533527696793
24 0.5770255863539445 0.38739067055393583 0.02025586353944563 0.013119533527696793
24 0.6242004264392325 0.4074344023323615 0.019722814498933903 0.011661807580174927
24 0.576226012793177 0.4041545189504373 0.02025586353944563 0.013119533527696793
20 0.4722814498933902 0.40233236151603496 0.014925373134328358 0.01749271137026239
17 0.5106609808102346 0.40524781341107874 0.03731343283582089 0.02040816326530612
11 0.6010127931769723 0.4263848396501458 0.011194029850746268 0.04081632653061224
18 0.3025053304904051 0.40561224489795916 0.015991471215351813 0.02478134110787172
24 0.287046908315565 0.40524781341107874 0.010127931769722815 0.038629737609329445
5 0.6455223880597015 0.4329446064139942 0.00906183368869936 0.027696793002915453
5 0.6833688699360341 0.4358600583090379 0.008528784648187633 0.02696793002915452
5 0.667910447761194 0.4354956268221574 0.008528784648187633 0.02696793002915452
24 0.6188699360341151 0.43403790087463556 0.008528784648187633 0.028425655976676383
24 0.6300639658848614 0.4369533527696793 0.008528784648187633 0.028425655976676383
7 0.03571428571428571 0.40160349854227406 0.027185501066098083 0.14868804664723032
5 0.7116204690831557 0.4522594752186589 0.019722814498933903 0.01239067055393586
11 0.7308102345415778 0.46319241982507287 0.010660980810234541 0.038629737609329445
11 0.5823560767590619 0.45626822157434405 0.0255863539445629 0.013848396501457727
11 0.44163113006396587 0.44825072886297374 0.010660980810234541 0.03935860058309038
5 0.4109808102345416 0.45408163265306123 0.008528784648187633 0.02696793002915452
11 0.3310234541577825 0.44934402332361517 0.011194029850746268 0.04081632653061224
5 0.3800639658848614 0.45408163265306123 0.008528784648187633 0.027696793002915453
5 0.39339019189765456 0.4551749271137026 0.008528784648187633 0.027696793002915453
5 0.36353944562899787 0.4544460641399417 0.009594882729211088 0.02696793002915452
24 0.3427505330490405 0.4544460641399417 0.007995735607675906 0.027696793002915453
5 0.5818230277185501 0.4715743440233236 0.019189765458422176 0.01239067055393586
2 0.296908315565032 0.45262390670553937 0.031982942430703626 0.04446064139941691
11 0.5597014925373134 0.47303206997084546 0.010660980810234541 0.04081632653061224
24 0.7862473347547975 0.49927113702623904 0.02025586353944563 0.011661807580174927
28 0.579957356076759 0.48760932944606417 0.013859275053304905 0.01967930029154519
11 0.4626865671641791 0.4814139941690962 0.010660980810234541 0.04081632653061224
5 0.4728144989339019 0.483600583090379 0.00906183368869936 0.027696793002915453
5 0.5479744136460555 0.48870262390670555 0.00906183368869936 0.027696793002915453
15 0.511727078891258 0.4868804664723032 0.0650319829424307 0.08965014577259475
24 0.7854477611940298 0.5153061224489796 0.019722814498933903 0.01239067055393586
5 0.30676972281449894 0.48833819241982507 0.019722814498933903 0.01239067055393586
5 0.7849147121535182 0.532069970845481 0.019722814498933903 0.011661807580174927
24 0.30676972281449894 0.5029154518950437 0.019189765458422176 0.01239067055393586
7 0.9016524520255863 0.5470116618075802 0.19562899786780383 0.35932944606413997
5 0.7308102345415778 0.5346209912536443 0.02025586353944563 0.013119533527696793
24 0.8083688699360341 0.5440962099125365 0.010660980810234541 0.01020408163265306
15 0.6567164179104478 0.5353498542274052 0.11567164179104478 0.16034985422740525
5 0.579957356076759 0.5313411078717201 0.019722814498933903 0.011661807580174927
7 0.1044776119402985 0.4970845481049563 0.037846481876332626 0.2857142857142857
7 0.19029850746268656 0.5040087463556852 0.037846481876332626 0.2857142857142857
11 0.7814498933901919 0.548469387755102 0.0255863539445629 0.013848396501457727
5 0.7302771855010661 0.549198250728863 0.019722814498933903 0.013848396501457727
24 0.7835820895522388 0.565597667638484 0.02025586353944563 0.011661807580174927
5 0.5788912579957356 0.5561224489795918 0.019722814498933903 0.013119533527696793
5 0.3049040511727079 0.5371720116618076 0.018656716417910446 0.01239067055393586
5 0.4616204690831556 0.5535714285714286 0.019189765458422176 0.01239067055393586
24 0.7835820895522388 0.5809037900874635 0.019189765458422176 0.011661807580174927
15 0.38406183368869934 0.5579446064139941 0.11780383795309168 0.16253644314868804
5 0.4605543710021322 0.5666909620991254 0.019722814498933903 0.01239067055393586
5 0.3041044776119403 0.5561224489795918 0.019189765458422176 0.010932944606413994
11 0.7289445628997868 0.5878279883381924 0.0255863539445629 0.014577259475218658
2 0.5039978678038379 0.5754373177842566 0.0314498933901919 0.043002915451895045
28 0.5764925373134329 0.5914723032069971 0.014925373134328358 0.02040816326530612
5 0.7254797441364605 0.6038629737609329 0.019189765458422176 0.011661807580174927
11 0.3033049040511727 0.577259475218659 0.026119402985074626 0.013848396501457727
11 0.4610874200426439 0.5965743440233237 0.026119402985074626 0.013848396501457727
7 0.029051172707889126 0.5852769679300291 0.026652452025586353 0.14650145772594753
24 0.5746268656716418 0.625 0.007995735607675906 0.027696793002915453
24 0.5628997867803838 0.624271137026239 0.007995735607675906 0.027696793002915453
24 0.6487206823027718 0.6333819241982507 0.007995735607675906 0.028425655976676383
5 0.6273987206823027 0.6315597667638484 0.00906183368869936 0.02696793002915452
5 0.6380597014925373 0.6326530612244898 0.008528784648187633 0.027696793002915453
5 0.6599147121535182 0.6341107871720116 0.008528784648187633 0.026239067055393587
5 0.6820362473347548 0.6355685131195336 0.008528784648187633 0.02696793002915452
11 0.5932835820895522 0.6301020408163265 0.009594882729211088 0.03571428571428571
5 0.6708422174840085 0.6355685131195336 0.008528784648187633 0.027696793002915453
24 0.6151385927505331 0.6315597667638484 0.00906183368869936 0.028425655976676383
5 0.458955223880597 0.6260932944606414 0.019722814498933903 0.01239067055393586
11 0.7030916844349681 0.6450437317784257 0.0255863539445629 0.013848396501457727
5 0.7030916844349681 0.6625364431486881 0.019189765458422176 0.011661807580174927
11 0.6775053304904051 0.6621720116618076 0.025053304904051173 0.013848396501457727
24 0.7993070362473348 0.6731049562682215 0.009594882729211088 0.037900874635568516
18 0.7571961620469083 0.6709183673469388 0.015458422174840085 0.02478134110787172
11 0.31556503198294245 0.6465014577259475 0.025053304904051173 0.014577259475218658
5 0.357409381663113 0.6534256559766763 0.008528784648187633 0.02696793002915452
5 0.3382196162046908 0.6519679300291545 0.008528784648187633 0.027696793002915453
5 0.3718017057569296 0.6541545189504373 0.007995735607675906 0.02696793002915452
5 0.3845948827292111 0.6552478134110787 0.008528784648187633 0.02696793002915452
24 0.4155117270788913 0.6581632653061225 0.007995735607675906 0.027696793002915453
11 0.6289978678038379 0.673469387755102 0.024520255863539446 0.013848396501457727
11 0.43336886993603413 0.6654518950437318 0.011727078891257996 0.04008746355685131
5 0.40085287846481876 0.6636297376093294 0.008528784648187633 0.02696793002915452
24 0.6327292110874201 0.6869533527696793 0.02025586353944563 0.01239067055393586
24 0.5724946695095949 0.6840379008746356 0.02025586353944563 0.011661807580174927
11 0.7713219616204691 0.7040816326530612 0.03411513859275053 0.02478134110787172
5 0.7244136460554371 0.702259475218659 0.008528784648187633 0.02696793002915452
5 0.6343283582089553 0.700801749271137 0.019189765458422176 0.013119533527696793
24 0.6026119402985075 0.7059037900874635 0.019722814498933903 0.01239067055393586
31 0.740405117270789 0.7157434402332361 0.022921108742004266 0.152332361516035
23 0.2979744136460554 0.6869533527696793 0.028784648187633263 0.02988338192419825
15 0.6839019189765458 0.7168367346938775 0.0650319829424307 0.08965014577259475
28 0.6385927505330491 0.7164723032069971 0.014392324093816631 0.018221574344023325
5 0.601545842217484 0.7190233236151603 0.019722814498933903 0.011661807580174927
28 0.2420042643923241 0.6989795918367347 0.022388059701492536 0.030612244897959183
2 0.4592217484008529 0.7153790087463557 0.03251599147121535 0.04446064139941691
18 0.7545309168443497 0.7423469387755102 0.013859275053304905 0.025510204081632654
28 0.6383262260127932 0.7346938775510204 0.014925373134328358 0.016763848396501458
5 0.06823027718550106 0.6960641399416909 0.008528784648187633 0.02696793002915452
11 0.7228144989339019 0.7438046647230321 0.010127931769722815 0.03644314868804665
18 0.3800639658848614 0.7197521865889213 0.015991471215351813 0.024052478134110787
18 0.36140724946695096 0.7193877551020408 0.015991471215351813 0.024052478134110787
18 0.3976545842217484 0.7219387755102041 0.015991471215351813 0.024052478134110787
18 0.4163113006396588 0.7230320699708455 0.015991471215351813 0.024052478134110787
11 0.07755863539445629 0.7011661807580175 0.010660980810234541 0.03571428571428571
23 0.2961087420042644 0.7241253644314869 0.028784648187633263 0.02988338192419825
6 0.6010127931769723 0.7481778425655977 0.03571428571428571 0.04446064139941691
24 0.5679637526652452 0.7463556851311953 0.007995735607675906 0.027696793002915453
28 0.6375266524520256 0.7521865889212828 0.013859275053304905 0.018221574344023325
24 0.779317697228145 0.7631195335276968 0.026652452025586353 0.013119533527696793
18 0.4144456289978678 0.7514577259475219 0.015991471215351813 0.024052478134110787
18 0.3784648187633262 0.7496355685131195 0.015991471215351813 0.024052478134110787
18 0.3603411513859275 0.7481778425655977 0.015991471215351813 0.024052478134110787
18 0.39632196162046907 0.7510932944606414 0.015991471215351813 0.024052478134110787
24 0.6929637526652452 0.7736880466472303 0.019722814498933903 0.01239067055393586
24 0.6705756929637526 0.7736880466472303 0.022388059701492536 0.013848396501457727
18 0.7534648187633263 0.7838921282798834 0.014392324093816631 0.024052478134110787
24 0.9426972281449894 0.7995626822157434 0.019722814498933903 0.011661807580174927
24 0.21535181236673773 0.7518221574344023 0.019722814498933903 0.01239067055393586
23 0.2945095948827292 0.7612973760932945 0.028784648187633263 0.02988338192419825
24 0.5660980810234542 0.7835276967930029 0.007995735607675906 0.028425655976676383
24 0.9416311300639659 0.8163265306122449 0.019722814498933903 0.011661807580174927
18 0.3776652452025586 0.7787900874635568 0.015991471215351813 0.024052478134110787
18 0.39525586353944564 0.7798833819241983 0.015991471215351813 0.024052478134110787
18 0.4133795309168444 0.7813411078717201 0.015991471215351813 0.024052478134110787
18 0.3590085287846482 0.7780612244897959 0.015991471215351813 0.024052478134110787
24 0.21481876332622601 0.7685860058309038 0.019722814498933903 0.01239067055393586
24 0.7678571428571429 0.8097667638483965 0.026652452025586353 0.013119533527696793
28 0.48720682302771856 0.7904518950437318 0.021321961620469083 0.028425655976676383
23 0.2931769722814499 0.799198250728863 0.028784648187633263 0.02988338192419825
18 0.3947228144989339 0.8097667638483965 0.015991471215351813 0.024052478134110787
18 0.35794243070362475 0.8072157434402333 0.015991471215351813 0.024052478134110787
18 0.3765991471215352 0.8086734693877551 0.015991471215351813 0.024052478134110787
18 0.4133795309168444 0.8112244897959183 0.015991471215351813 0.024052478134110787
7 0.863272921108742 0.8567784256559767 0.2484008528784648 0.08309037900874636
7 0.15618336886993603 0.8097667638483965 0.08635394456289978 0.03571428571428571
24 0.7545309168443497 0.8793731778425656 0.02025586353944563 0.01239067055393586
22 0.5578358208955224 0.8713556851311953 0.051705756929637525 0.0706997084548105
27 0.6860341151385928 0.880466472303207 0.1140724946695096 0.07507288629737609
7 0.3328891257995736 0.8779154518950437 0.07515991471215352 0.02478134110787172
7 0.15218550106609807 0.8706268221574344 0.12153518123667377 0.037900874635568516
7 0.880863539445629 0.9460641399416909 0.19456289978678037 0.10641399416909621
24 0.545042643923241 0.07835276967930029 0.008528784648187633 0.021865889212827987
24 0.5269189765458422 0.07725947521865889 0.006929637526652452 0.02040816326530612
15 0.5602345415778252 0.08163265306122448 0.014925373134328358 0.01749271137026239
24 0.5151918976545842 0.07908163265306123 0.008528784648187633 0.027696793002915453
24 0.6199360341151386 0.08746355685131195 0.007462686567164179 0.027696793002915453
24 0.6087420042643923 0.08673469387755102 0.008528784648187633 0.027696793002915453
24 0.7118869936034116 0.09402332361516035 0.009594882729211088 0.03717201166180758
24 0.7241471215351812 0.09511661807580175 0.010127931769722815 0.037900874635568516
18 0.6788379530916845 0.09256559766763849 0.014392324093816631 0.018950437317784258
28 0.4920042643923241 0.08345481049562682 0.012260127931769723 0.02040816326530612
28 0.746268656716418 0.10313411078717201 0.014925373134328358 0.021865889212827987
7 0.18230277185501065 0.06924198250728864 0.12260127931769722 0.038629737609329445
28 0.4584221748400853 0.09402332361516035 0.021321961620469083 0.028425655976676383
11 0.5597014925373134 0.11370262390670553 0.04584221748400853 0.023323615160349854
11 0.7102878464818764 0.12682215743440234 0.04584221748400853 0.026239067055393587
11 0.6431236673773987 0.125 0.04797441364605544 0.028425655976676383
5 0.601545842217484 0.1315597667638484 0.008528784648187633 0.02696793002915452
5 0.5039978678038379 0.12864431486880468 0.00906183368869936 0.02696793002915452
7 0.7923773987206824 0.15379008746355685 0.059168443496801705 0.08017492711370262
11 0.4429637526652452 0.13447521865889212 0.04744136460554371 0.026239067055393587
7 0.17963752665245203 0.12536443148688048 0.08901918976545842 0.04154518950437318
11 0.48187633262260127 0.15342565597667637 0.02025586353944563 0.05466472303206997
27 0.9485607675906184 0.19533527696793002 0.10181236673773987 0.09766763848396501
15 0.5386460554371002 0.17638483965014579 0.0906183368869936 0.09985422740524781
15 0.6652452025586354 0.18768221574344024 0.09754797441364606 0.09985422740524781
11 0.603411513859275 0.18622448979591838 0.014392324093816631 0.04446064139941691
15 0.7358742004264393 0.21173469387755103 0.036780383795309166 0.07871720116618076
11 0.2979744136460554 0.18768221574344024 0.03997867803837953 0.028425655976676383
24 0.11353944562899787 0.17747813411078717 0.019722814498933903 0.01239067055393586
7 0.44029850746268656 0.20298833819241982 0.07462686567164178 0.02478134110787172
24 0.11300639658848614 0.19278425655976678 0.019722814498933903 0.011661807580174927
11 0.48187633262260127 0.23287172011661808 0.010660980810234541 0.04008746355685131
5 0.494136460554371 0.23615160349854228 0.008528784648187633 0.026239067055393587
11 0.5343816631130064 0.24708454810495628 0.0570362473347548 0.03279883381924198
11 0.6551172707889126 0.25583090379008744 0.062366737739872065 0.03498542274052478
30 0.5948827292110874 0.2543731778425656 0.04957356076759062 0.04591836734693878
20 0.44429637526652455 0.2543731778425656 0.008528784648187633 0.02696793002915452
7 0.7881130063965884 0.27988338192419826 0.05810234541577825 0.08017492711370262
15 0.427771855010661 0.25473760932944606 0.015458422174840085 0.026239067055393587
24 0.4027185501066098 0.2536443148688047 0.007995735607675906 0.027696793002915453
24 0.4133795309168444 0.2543731778425656 0.007995735607675906 0.027696793002915453
7 0.9576226012793176 0.33126822157434405 0.08049040511727079 0.07798833819241982
7 0.35714285714285715 0.29701166180758015 0.028251599147121536 0.1814868804664723
7 0.2843816631130064 0.2926384839650146 0.028251599147121536 0.1814868804664723