7 0.41255040322580644 0.5246062992125984 0.11189516129032258 0.0610236220472441
7 0.48185483870967744 0.036909448818897635 0.03679435483870968 0.07086614173228346
24 0.1953125 0.5408464566929134 0.015120967741935484 0.01968503937007874
24 0.14566532258064516 0.5526574803149606 0.015625 0.01968503937007874
15 0.16733870967741934 0.5615157480314961 0.021169354838709676 0.023622047244094488
24 0.19556451612903225 0.5605314960629921 0.015120967741935484 0.018700787401574805
7 0.048639112903225805 0.5880905511811023 0.05846774193548387 0.11318897637795275
24 0.17515120967741934 0.5910433070866141 0.010080645161290322 0.03051181102362205
15 0.6131552419354839 0.577755905511811 0.2857862903225806 0.47244094488188976
7 0.7789818548387096 0.5723425196850394 0.04284274193548387 0.23228346456692914
11 0.1970766129032258 0.6048228346456693 0.017137096774193547 0.058070866141732284
7 0.4153225806451613 0.610236220472441 0.11743951612903226 0.051181102362204724
7 0.9380040322580645 0.593503937007874 0.12298387096774194 0.22244094488188976
5 0.1003024193548387 0.6220472440944882 0.009072580645161291 0.031496062992125984
15 0.14163306451612903 0.6323818897637795 0.053931451612903226 0.09153543307086615
15 0.21370967741935484 0.6309055118110236 0.019153225806451613 0.04429133858267716
5 0.11013104838709678 0.6353346456692913 0.009576612903225807 0.03740157480314961
24 0.45413306451612906 0.04773622047244094 0.018145161290322582 0.060039370078740155
5 0.08492943548387097 0.640255905511811 0.009576612903225807 0.03051181102362205
5 0.2295866935483871 0.6353346456692913 0.009576612903225807 0.02952755905511811
5 0.2396673387096774 0.6348425196850394 0.008568548387096774 0.031496062992125984
16 0.09753024193548387 0.6466535433070866 0.015625 0.01673228346456693
5 0.1852318548387097 0.6486220472440944 0.009576612903225807 0.02952755905511811
7 0.4112903225806452 0.6791338582677166 0.1123991935483871 0.05610236220472441
5 0.1454133064516129 0.6963582677165354 0.015625 0.018700787401574805
5 0.1272681451612903 0.7017716535433071 0.010080645161290322 0.03051181102362205
24 0.5418346774193549 0.05265748031496063 0.008568548387096774 0.03051181102362205
7 0.047379032258064516 0.7258858267716536 0.059475806451612906 0.1141732283464567
11 0.18296370967741934 0.7244094488188977 0.05897177419354839 0.10728346456692914
5 0.2835181451612903 0.749507874015748 0.03377016129032258 0.03248031496062992
5 0.3482862903225806 0.7770669291338582 0.017641129032258066 0.06791338582677166
8 0.3180443548387097 0.7928149606299213 0.021169354838709676 0.07578740157480315
24 0.2391633064516129 0.8110236220472441 0.009576612903225807 0.03051181102362205
20 0.24873991935483872 0.8105314960629921 0.009576612903225807 0.031496062992125984
5 0.2290826612903226 0.8125 0.008568548387096774 0.03051181102362205
5 0.26537298387096775 0.8139763779527559 0.008568548387096774 0.03051181102362205
11 0.18119959677419356 0.8228346456692913 0.059475806451612906 0.09055118110236221
17 0.4067540322580645 0.8341535433070866 0.026713709677419355 0.07086614173228346
24 0.2923387096774194 0.8375984251968503 0.017137096774193547 0.07874015748031496
7 0.4274193548387097 0.8341535433070866 0.014112903225806451 0.07086614173228346
24 0.2283266129032258 0.8499015748031497 0.010584677419354838 0.03051181102362205
15 0.2530241935483871 0.8499015748031497 0.026713709677419355 0.0344488188976378
8 0.14188508064516128 0.859744094488189 0.02217741935483871 0.07578740157480315
7 0.5559475806451613 0.8503937007874016 0.03679435483870968 0.07874015748031496
28 0.47757056451612906 0.8622047244094488 0.026713709677419355 0.04429133858267716
24 0.2366431451612903 0.8779527559055118 0.015625 0.017716535433070866
7 0.9387600806451613 0.8646653543307087 0.12147177419354839 0.22736220472440946
5 0.2626008064516129 0.8873031496062992 0.010584677419354838 0.03051181102362205
7 0.06653225806451613 0.8966535433070866 0.12147177419354839 0.17618110236220472
5 0.4012096774193548 0.8863188976377953 0.008568548387096774 0.03051181102362205
16 0.34274193548387094 0.8892716535433071 0.05846774193548387 0.10334645669291338
5 0.4128024193548387 0.890748031496063 0.010584677419354838 0.03641732283464567
7 0.1849798387096774 0.9015748031496063 0.034274193548387094 0.07874015748031496
20 0.23084677419354838 0.9030511811023622 0.008568548387096774 0.031496062992125984
30 0.2920866935483871 0.922736220472441 0.039818548387096774 0.0610236220472441
20 0.23513104838709678 0.9291338582677166 0.015625 0.017716535433070866
28 0.4407762096774194 0.9261811023622047 0.028729838709677418 0.04330708661417323
20 0.6595262096774194 0.9256889763779528 0.16481854838709678 0.12696850393700787
28 0.4816028225806452 0.9335629921259843 0.028225806451612902 0.04330708661417323
27 0.5652721774193549 0.9340551181102362 0.023185483870967742 0.08464566929133858
28 0.19959677419354838 0.9867125984251969 0.028225806451612902 0.024606299212598427
28 0.17061491935483872 0.9881889763779528 0.029737903225806453 0.021653543307086614
18 0.10181451612903226 0.09793307086614174 0.015120967741935484 0.01673228346456693
7 0.9339717741935484 0.09153543307086615 0.12600806451612903 0.1830708661417323
17 0.4380040322580645 0.10039370078740158 0.012600806451612902 0.04232283464566929
17 0.47681451612903225 0.09891732283464567 0.015120967741935484 0.0531496062992126
17 0.45060483870967744 0.10088582677165354 0.012600806451612902 0.04625984251968504
17 0.4632056451612903 0.10039370078740158 0.012600806451612902 0.04625984251968504
5 0.5221774193548387 0.09940944881889764 0.01310483870967742 0.008858267716535433
17 0.3492943548387097 0.11023622047244094 0.018145161290322582 0.0718503937007874
7 0.3941532258064516 0.10875984251968504 0.07560483870967742 0.051181102362204724
17 0.3230846774193548 0.11220472440944881 0.018145161290322582 0.0718503937007874
27 0.04485887096774194 0.12155511811023623 0.04939516129032258 0.09645669291338582
17 0.296875 0.1141732283464567 0.018145161290322582 0.0718503937007874
17 0.30997983870967744 0.11368110236220473 0.018145161290322582 0.0718503937007874
17 0.33568548387096775 0.11269685039370078 0.018145161290322582 0.0718503937007874
15 0.5040322580645161 0.11023622047244094 0.010080645161290322 0.021653543307086614
7 0.6003024193548387 0.11072834645669291 0.12348790322580645 0.04133858267716536
24 0.1015625 0.12746062992125984 0.016129032258064516 0.018700787401574805
7 0.15297379032258066 0.14468503937007873 0.03377016129032258 0.08562992125984252
24 0.10181451612903226 0.15600393700787402 0.015625 0.01968503937007874
7 0.23084677419354838 0.1579724409448819 0.03679435483870968 0.12401574803149606
18 0.10105846774193548 0.2076771653543307 0.016129032258064516 0.018700787401574805
7 0.1537298387096774 0.2234251968503937 0.03477822580645161 0.07578740157480315
27 0.043850806451612906 0.23622047244094488 0.04939516129032258 0.09448818897637795
24 0.10131048387096774 0.2372047244094488 0.016129032258064516 0.01673228346456693
24 0.3419858870967742 0.23868110236220472 0.010080645161290322 0.03051181102362205
24 0.35408266129032256 0.23917322834645668 0.009576612903225807 0.03051181102362205
24 0.10080645161290322 0.2687007874015748 0.015625 0.018700787401574805
7 0.2313508064516129 0.27312992125984253 0.03679435483870968 0.09940944881889764
7 0.15347782258064516 0.3001968503937008 0.036290322580645164 0.07677165354330709
18 0.10105846774193548 0.3218503937007874 0.015625 0.01968503937007874
27 0.04334677419354839 0.35236220472440943 0.049899193548387094 0.09547244094488189
24 0.10131048387096774 0.3513779527559055 0.015625 0.017716535433070866
7 0.9354838709677419 0.32726377952755903 0.12701612903225806 0.21948818897637795
28 0.6466733870967742 0.017716535433070866 0.028225806451612902 0.03543307086614173
28 0.6875 0.01673228346456693 0.028225806451612902 0.03346456692913386
24 0.10131048387096774 0.38188976377952755 0.015625 0.017716535433070866
2 0.2729334677419355 0.028543307086614175 0.04485887096774194 0.04232283464566929
17 0.19606854838709678 0.04084645669291338 0.03578629032258065 0.06200787401574803
28 0.5733366935483871 0.02066929133858268 0.026713709677419355 0.04133858267716536
28 0.15725806451612903 0.3956692913385827 0.029737903225806453 0.04232283464566929
18 0.1003024193548387 0.43700787401574803 0.01663306451612903 0.018700787401574805
7 0.41381048387096775 0.4547244094488189 0.11340725806451613 0.05905511811023622
27 0.04359879032258065 0.468503937007874 0.049899193548387094 0.09448818897637795
24 0.10105846774193548 0.4675196850393701 0.015625 0.018700787401574805
5 0.2048891129032258 0.49015748031496065 0.011088709677419355 0.0344488188976378
24 0.10080645161290322 0.49803149606299213 0.016129032258064516 0.01968503937007874
7 0.2540322580645161 0.5073818897637795 0.038306451612903226 0.1732283464566929
24 0.19480846774193547 0.5201771653543307 0.014616935483870967 0.018700787401574805
5 0.17464717741935484 0.5260826771653543 0.009576612903225807 0.031496062992125984