7 0.4085117227319062 0.5437375745526839 0.11518858307849134 0.0805168986083499
7 0.45718654434250766 0.041749502982107355 0.040774719673802244 0.0775347912524851
24 0.1906218144750255 0.5974155069582505 0.0163098878695209 0.02186878727634195
24 0.140927624872579 0.6177932405566601 0.016819571865443424 0.02186878727634195
15 0.16335372069317022 0.6227634194831014 0.022426095820591234 0.0268389662027833
24 0.19164118246687054 0.617296222664016 0.0163098878695209 0.020874751491053677
7 0.04485219164118247 0.6704771371769384 0.063710499490316 0.12326043737574553
24 0.17252803261977573 0.6510934393638171 0.011213047910295617 0.032803180914512925
15 0.6151885830784913 0.5621272365805169 0.30835881753312944 0.5228628230616302
7 0.7798165137614679 0.5288270377733598 0.053516819571865444 0.24055666003976142
11 0.19317023445463813 0.6560636182902585 0.019877675840978593 0.06063618290258449
7 0.4120795107033639 0.6257455268389662 0.11569826707441386 0.07654075546719682
7 0.9367991845056065 0.5218687872763419 0.12538226299694188 0.24453280318091453
5 0.0983690112130479 0.6953280318091452 0.010193679918450561 0.033797216699801194
15 0.14067278287461774 0.6988071570576541 0.0581039755351682 0.10039761431411531
5 0.10881753312945973 0.7062624254473161 0.011213047910295617 0.039761431411530816
15 0.21330275229357798 0.6848906560636183 0.02089704383282365 0.04771371769383698
24 0.42940876656472987 0.05666003976143141 0.02089704383282365 0.06262425447316103
5 0.0835881753312946 0.7152087475149106 0.010703363914373088 0.032803180914512925
5 0.22910295616717635 0.6863817097415507 0.010703363914373088 0.03180914512922465
5 0.2392966360856269 0.6843936381709742 0.009683995922528032 0.032803180914512925
16 0.09683995922528033 0.7206759443339961 0.016819571865443424 0.018886679920477135
5 0.18527013251783894 0.7072564612326043 0.010703363914373088 0.03180914512922465
5 0.19699286442405708 0.7052683896620279 0.0127420998980632 0.036779324055666
7 0.41437308868501527 0.6993041749502982 0.11518858307849134 0.07554671968190854
5 0.1472986748216106 0.7624254473161034 0.016819571865443424 0.020874751491053677
5 0.1297145769622834 0.7708747514910537 0.011213047910295617 0.032803180914512925
7 0.04969418960244648 0.8091451292246521 0.06472986748216106 0.12524850894632206
11 0.186289500509684 0.7842942345924453 0.06422018348623854 0.1172962226640159
5 0.2887359836901121 0.7922465208747514 0.035168195718654434 0.03876739562624255
5 0.35524974515800206 0.808648111332008 0.02089704383282365 0.0705765407554672
8 0.3256880733944954 0.8295228628230616 0.024974515800203875 0.07952286282306163
28 0.2443934760448522 0.11182902584493042 0.030071355759429153 0.04970178926441352
24 0.24694189602446484 0.8618290258449304 0.010703363914373088 0.032803180914512925
20 0.2563710499490316 0.8598409542743539 0.010703363914373088 0.033797216699801194
5 0.23674821610601426 0.8648111332007953 0.009683995922528032 0.032803180914512925
5 0.2734454638124363 0.860337972166998 0.009683995922528032 0.032803180914512925
11 0.1890927624872579 0.8836978131212724 0.063710499490316 0.10139165009940358
17 0.4166666666666667 0.8558648111332008 0.030071355759429153 0.07554671968190854
24 0.30173292558613657 0.8797216699801192 0.02089704383282365 0.08151093439363817
7 0.43756371049949033 0.852882703777336 0.017329255861365953 0.073558648111332
24 0.23776758409785934 0.9025844930417495 0.011722731906218144 0.032803180914512925
15 0.2627420998980632 0.8986083499005965 0.02803261977573904 0.03876739562624255
8 0.15086646279306828 0.9274353876739563 0.02599388379204893 0.07952286282306163
7 0.5677879714576962 0.8469184890656064 0.040774719673802244 0.08548707753479125
28 0.4877675840978593 0.8742544731610338 0.030071355759429153 0.048707753479125246
24 0.24745158002038736 0.9294234592445328 0.016819571865443424 0.019880715705765408
7 0.9439347604485219 0.7947316103379721 0.1111111111111111 0.24950298210735586
5 0.27370030581039756 0.9343936381709742 0.011722731906218144 0.032803180914512925
7 0.08078491335372069 0.9383697813121272 0.12385321100917432 0.12127236580516898
5 0.4133537206931702 0.9095427435387674 0.009683995922528032 0.032803180914512925
16 0.3547400611620795 0.9224652087475149 0.06320081549439348 0.11332007952286283
5 0.42533129459734964 0.9120278330019881 0.012232415902140673 0.03876739562624255
7 0.1967380224260958 0.9592445328031809 0.03873598369011213 0.07952286282306163
20 0.24260958205912334 0.955765407554672 0.009683995922528032 0.032803180914512925
24 0.25178389398572887 0.9547713717693836 0.009683995922528032 0.032803180914512925
30 0.3053007135575943 0.9647117296222664 0.04281345565749235 0.06858846918489066
20 0.24821610601427116 0.981610337972167 0.016819571865443424 0.019880715705765408
28 0.4905708460754332 0.9348906560636183 0.030071355759429153 0.04970178926441352
28 0.4551478083588175 0.9428429423459245 0.03058103975535168 0.048707753479125246
20 0.6755861365953109 0.904572564612326 0.1712538226299694 0.1550695825049702
27 0.5815494393476045 0.929920477137177 0.027522935779816515 0.08846918489065607
18 0.07619775739041794 0.1679920477137177 0.0163098878695209 0.018886679920477135
7 0.9133537206931702 0.060139165009940355 0.1345565749235474 0.12027833001988071
17 0.4151376146788991 0.11282306163021869 0.014271151885830785 0.04473161033797217
17 0.4541284403669725 0.10437375745526839 0.017329255861365953 0.05666003976143141
17 0.44087665647298674 0.10834990059642147 0.014780835881753314 0.04970178926441352
17 0.4278797145769623 0.11083499005964215 0.014780835881753314 0.048707753479125246
5 0.4997451580020387 0.09741550695825049 0.013761467889908258 0.011928429423459244
27 0.023700305810397553 0.20129224652087474 0.047400611620795105 0.10636182902584493
17 0.32619775739041795 0.13767395626242546 0.021406727828746176 0.07455268389662027
7 0.37130479102956165 0.12872763419483102 0.0779816513761468 0.0636182902584493
17 0.30045871559633025 0.1441351888667992 0.021406727828746176 0.07455268389662027
17 0.27370030581039756 0.15059642147117297 0.021406727828746176 0.07455268389662027
17 0.286697247706422 0.1481113320079523 0.021406727828746176 0.07455268389662027
17 0.31269113149847094 0.1426441351888668 0.021406727828746176 0.07455268389662027
15 0.48267074413863403 0.11083499005964215 0.011213047910295617 0.02385685884691849
7 0.5792558613659531 0.09493041749502983 0.12589194699286443 0.06262425447316103
24 0.077217125382263 0.1978131212723658 0.017329255861365953 0.020874751491053677
7 0.12996941896024464 0.2062624254473161 0.0382262996941896 0.09145129224652088
24 0.07874617737003058 0.22664015904572565 0.016819571865443424 0.02186878727634195
7 0.2089704383282365 0.20576540755467196 0.04281345565749235 0.1312127236580517
18 0.08053007135575943 0.2783300198807157 0.017329255861365953 0.020874751491053677
7 0.13430173292558614 0.2852882703777336 0.03873598369011213 0.08250497017892644
27 0.025739041794087664 0.31660039761431413 0.05147808358817533 0.10437375745526839
24 0.08231396534148827 0.3076540755467197 0.016819571865443424 0.018886679920477135
24 0.3244138634046891 0.2678926441351889 0.011213047910295617 0.032803180914512925
24 0.3366462793068298 0.2664015904572565 0.010703363914373088 0.032803180914512925
24 0.0828236493374108 0.3394632206759443 0.016819571865443424 0.020874751491053677
7 0.2145769622833843 0.3215705765407555 0.04128440366972477 0.10636182902584493
7 0.1373598369011213 0.36232604373757454 0.040265035677879715 0.08349900596421471
18 0.08588175331294598 0.39314115308151093 0.016819571865443424 0.02186878727634195
27 0.0290519877675841 0.43339960238568587 0.05402650356778797 0.10437375745526839
24 0.08741080530071356 0.4224652087475149 0.016819571865443424 0.019880715705765408
7 0.9260958205912334 0.2554671968190855 0.1365953109072375 0.24254473161033796
28 0.6215596330275229 0.006958250497017893 0.030071355759429153 0.013916500994035786
28 0.06600407747196738 0.1058648111332008 0.03211009174311927 0.04473161033797217
24 0.08843017329255862 0.4532803180914513 0.016819571865443424 0.019880715705765408
17 0.16870540265035677 0.09493041749502983 0.03873598369011213 0.06660039761431412
2 0.24592252803261977 0.06908548707753479 0.047400611620795105 0.048707753479125246
28 0.5481651376146789 0.016401590457256462 0.0290519877675841 0.032803180914512925
28 0.23980632008154945 0.4363817097415507 0.029561671763506627 0.0437375745526839
28 0.2089704383282365 0.4438369781312127 0.03058103975535168 0.04771371769383698
28 0.14551478083588176 0.4577534791252485 0.03160040774719674 0.04771371769383698
18 0.0899592252803262 0.5089463220675944 0.01783893985728848 0.020874751491053677
7 0.40672782874617736 0.4731610337972167 0.11671763506625892 0.07852882703777336
27 0.034403669724770644 0.5506958250497018 0.05402650356778797 0.10337972166998012
24 0.09225280326197757 0.5397614314115308 0.016819571865443424 0.020874751491053677
24 0.09378185524974515 0.570079522862823 0.017329255861365953 0.02186878727634195
7 0.24821610601427116 0.5536779324055666 0.046381243628950054 0.18091451292246521
24 0.18883792048929662 0.5765407554671969 0.01580020387359837 0.020874751491053677
5 0.16896024464831805 0.5859840954274353 0.010703363914373088 0.033797216699801194