7 0.3803995680345572 0.5184599156118144 0.12149028077753779 0.08122362869198312
7 0.4373650107991361 0.016877637130801686 0.03995680345572354 0.022151898734177215
24 0.1490280777537797 0.5675105485232067 0.017278617710583154 0.023206751054852322
24 0.09638228941684665 0.5870253164556962 0.017818574514038878 0.023206751054852322
15 0.11987041036717062 0.5933544303797469 0.023758099352051837 0.028481012658227847
24 0.15010799136069114 0.5886075949367089 0.01673866090712743 0.022151898734177215
7 0.014848812095032398 0.6360759493670886 0.026457883369330453 0.12341772151898735
24 0.12931965442764579 0.6239451476793249 0.011879049676025918 0.03481012658227848
15 0.5969222462203023 0.5458860759493671 0.3228941684665227 0.5453586497890295
7 0.7737580993520519 0.5158227848101266 0.05453563714902808 0.2542194092827004
11 0.15334773218142547 0.635548523206751 0.020518358531317494 0.06434599156118144
7 0.38660907127429806 0.6091772151898734 0.12688984881209503 0.07172995780590717
7 0.9370950323974082 0.515295358649789 0.12473002159827214 0.2542194092827004
5 0.05048596112311015 0.6677215189873418 0.01079913606911447 0.03481012658227848
15 0.09530237580993521 0.6729957805907173 0.06101511879049676 0.10548523206751055
15 0.1722462203023758 0.6608649789029536 0.022138228941684664 0.049578059071729956
5 0.061555075593952485 0.6809071729957806 0.011339092872570195 0.04113924050632911
24 0.40766738660907126 0.024261603375527425 0.020518358531317494 0.024261603375527425
5 0.034827213822894165 0.689873417721519 0.011339092872570195 0.03375527426160337
5 0.1892548596112311 0.6635021097046413 0.011339092872570195 0.03270042194092827
5 0.19978401727861772 0.6613924050632911 0.010259179265658747 0.03481012658227848
16 0.04859611231101512 0.694620253164557 0.017278617710583154 0.020042194092827006
5 0.14227861771058314 0.6840717299578059 0.011339092872570195 0.03270042194092827
7 0.3852591792656587 0.6835443037974683 0.12203023758099352 0.0759493670886076
5 0.10151187904967603 0.740506329113924 0.017278617710583154 0.022151898734177215
5 0.08234341252699784 0.7494725738396625 0.011879049676025918 0.03481012658227848
24 0.5013498920086393 0.006329113924050633 0.010259179265658747 0.012658227848101266
7 0.020248380129589634 0.7837552742616034 0.02429805615550756 0.12447257383966245
11 0.14281857451403887 0.765295358649789 0.06695464362850972 0.12341772151898735
5 0.25107991360691145 0.7774261603375527 0.03725701943844492 0.04008438818565401
5 0.32154427645788336 0.7974683544303798 0.02159827213822894 0.07489451476793249
8 0.28995680345572356 0.8185654008438819 0.025377969762419007 0.08333333333333333
24 0.20626349892008639 0.8496835443037974 0.011339092872570195 0.03375527426160337
20 0.21652267818574514 0.8481012658227848 0.011339092872570195 0.03481012658227848
5 0.19546436285097193 0.8528481012658228 0.010259179265658747 0.03375527426160337
5 0.234341252699784 0.8491561181434599 0.010259179265658747 0.03375527426160337
11 0.1447084233261339 0.8707805907172996 0.066414686825054 0.10548523206751055
17 0.38606911447084236 0.8496835443037974 0.03131749460043196 0.07911392405063292
24 0.26403887688984884 0.8707805907172996 0.02159827213822894 0.08649789029535865
7 0.408207343412527 0.8470464135021097 0.017818574514038878 0.07805907172995781
24 0.1962742980561555 0.8929324894514767 0.012419006479481642 0.03481012658227848
15 0.2224622030237581 0.8892405063291139 0.029697624190064796 0.04008438818565401
8 0.10394168466522678 0.9161392405063291 0.026457883369330453 0.08333333333333333
7 0.5464362850971922 0.8459915611814346 0.04265658747300216 0.08966244725738397
28 0.46301295896328293 0.8697257383966245 0.03023758099352052 0.05063291139240506
24 0.20626349892008639 0.9219409282700421 0.017278617710583154 0.02109704641350211
7 0.943304535637149 0.804324894514768 0.11231101511879049 0.25843881856540085
5 0.23407127429805616 0.9277426160337553 0.012419006479481642 0.03481012658227848
7 0.054265658747300216 0.9309071729957806 0.07937365010799136 0.1360759493670886
5 0.38228941684665224 0.9066455696202531 0.010259179265658747 0.03375527426160337
16 0.3199244060475162 0.9182489451476793 0.066414686825054 0.11919831223628692
5 0.39470842332613393 0.9098101265822784 0.012419006479481642 0.04113924050632911
7 0.15172786177105832 0.9546413502109705 0.03995680345572354 0.08966244725738397
20 0.20086393088552915 0.9493670886075949 0.010259179265658747 0.03481012658227848
30 0.26700863930885527 0.9614978902953587 0.044816414686825054 0.07172995780590717
20 0.20653347732181426 0.9767932489451476 0.017278617710583154 0.02109704641350211
28 0.42602591792656586 0.9435654008438819 0.032397408207343416 0.05063291139240506
20 0.6598272138228942 0.9092827004219409 0.1808855291576674 0.1571729957805907
28 0.47003239740820735 0.945675105485232 0.03185745140388769 0.05063291139240506
27 0.5593952483801296 0.9335443037974683 0.028077753779697623 0.0938818565400844
18 0.03212742980561555 0.10759493670886076 0.01673866090712743 0.020042194092827006
7 0.9173866090712743 0.04272151898734177 0.12958963282937366 0.08544303797468354
17 0.39146868250539957 0.06118143459915612 0.01511879049676026 0.04746835443037975
17 0.4327753779697624 0.05379746835443038 0.0183585313174946 0.05907172995780591
17 0.40496760259179265 0.060126582278481014 0.01511879049676026 0.05168776371308017
17 0.41846652267818574 0.05748945147679325 0.01511879049676026 0.05168776371308017
5 0.4813714902807775 0.047995780590717296 0.014578833693304536 0.011603375527426161
17 0.2972462203023758 0.084915611814346 0.022138228941684664 0.07911392405063292
7 0.34503239740820735 0.07647679324894514 0.0826133909287257 0.06540084388185655
17 0.2691684665226782 0.09071729957805907 0.022138228941684664 0.07911392405063292
17 0.24136069114470843 0.09651898734177215 0.022138228941684664 0.07911392405063292
17 0.2551295896328294 0.0938818565400844 0.022138228941684664 0.07911392405063292
17 0.28266738660907126 0.08913502109704641 0.022138228941684664 0.07911392405063292
15 0.46247300215982723 0.061708860759493674 0.011879049676025918 0.02531645569620253
7 0.5653347732181425 0.04852320675105485 0.132829373650108 0.06223628691983123
24 0.032937365010799136 0.13924050632911392 0.017818574514038878 0.022151898734177215
7 0.08855291576673865 0.14978902953586498 0.03941684665226782 0.09599156118143459
24 0.034287257019438445 0.169831223628692 0.017818574514038878 0.023206751054852322
7 0.1722462203023758 0.15242616033755274 0.04427645788336933 0.13818565400843882
18 0.035637149028077755 0.22468354430379747 0.017818574514038878 0.022151898734177215
7 0.09233261339092873 0.23417721518987342 0.03995680345572354 0.08649789029535865
27 0.0021598272138228943 0.26054852320675104 0.004319654427645789 0.10337552742616034
24 0.036987041036717065 0.2563291139240506 0.017818574514038878 0.020042194092827006
24 0.2940064794816415 0.22257383966244726 0.011879049676025918 0.03481012658227848
24 0.3069654427645788 0.22151898734177214 0.011339092872570195 0.03375527426160337
24 0.037526997840172785 0.290084388185654 0.017278617710583154 0.022151898734177215
7 0.1771058315334773 0.2758438818565401 0.04265658747300216 0.11181434599156118
7 0.09503239740820735 0.3159282700421941 0.041576673866090715 0.08755274261603375
18 0.03995680345572354 0.34651898734177217 0.017818574514038878 0.023206751054852322
27 0.004319654427645789 0.38449367088607594 0.008639308855291577 0.10443037974683544
24 0.04130669546436285 0.37816455696202533 0.017278617710583154 0.02109704641350211
7 0.9271058315334774 0.23154008438818566 0.13390928725701945 0.2510548523206751
24 0.0423866090712743 0.4108649789029536 0.017278617710583154 0.02109704641350211
28 0.10286177105831533 0.4177215189873418 0.032937365010799136 0.049578059071729956
18 0.043466522678185744 0.4699367088607595 0.0183585313174946 0.022151898734177215
7 0.3793196544276458 0.44356540084388185 0.12311015118790497 0.07911392405063292
27 0.0064794816414686825 0.509493670886076 0.012958963282937365 0.10337552742616034
24 0.04535637149028078 0.5026371308016878 0.017278617710583154 0.022151898734177215
5 0.1573974082073434 0.5121308016877637 0.012958963282937365 0.039029535864978905
24 0.046166306695464364 0.5353375527426161 0.0183585313174946 0.023206751054852322
7 0.21058315334773217 0.5232067510548524 0.047516198704103674 0.1909282700421941
24 0.14767818574514038 0.5453586497890295 0.016198704103671708 0.02109704641350211
5 0.1263498920086393 0.554324894514768 0.011339092872570195 0.03481012658227848