7 0.4007936507936508 0.5232558139534884 0.11061507936507936 0.06395348837209303
7 0.4816468253968254 0.050872093023255814 0.03670634920634921 0.07073643410852713
24 0.18700396825396826 0.5174418604651163 0.015376984126984126 0.01937984496124031
24 0.13764880952380953 0.5237403100775194 0.015873015873015872 0.01937984496124031
15 0.1589781746031746 0.5348837209302325 0.02132936507936508 0.023255813953488372
24 0.18675595238095238 0.5368217054263565 0.015376984126984126 0.018410852713178296
7 0.04141865079365079 0.5494186046511628 0.05853174603174603 0.11337209302325581
24 0.16592261904761904 0.564437984496124 0.00992063492063492 0.031007751937984496
15 0.5964781746031746 0.5959302325581395 0.28521825396825395 0.4738372093023256
7 0.7596726190476191 0.6070736434108527 0.0441468253968254 0.23062015503875968
11 0.18675595238095238 0.5804263565891473 0.017361111111111112 0.05717054263565891
7 0.40128968253968256 0.6075581395348837 0.11607142857142858 0.05426356589147287
7 0.9265873015873016 0.6438953488372093 0.1453373015873016 0.2238372093023256
5 0.09151785714285714 0.5876937984496124 0.008928571428571428 0.03197674418604651
15 0.13194444444444445 0.6017441860465116 0.05357142857142857 0.09205426356589147
15 0.20287698412698413 0.6075581395348837 0.019345238095238096 0.0436046511627907
5 0.10069444444444445 0.6017441860465116 0.009424603174603174 0.0377906976744186
24 0.45436507936507936 0.05862403100775194 0.018353174603174604 0.05910852713178295
5 0.07564484126984126 0.6036821705426356 0.009424603174603174 0.031007751937984496
5 0.21800595238095238 0.6133720930232558 0.009424603174603174 0.030038759689922482
5 0.2279265873015873 0.6143410852713178 0.008432539682539682 0.03197674418604651
16 0.08804563492063493 0.6114341085271318 0.015873015873015872 0.016472868217054265
5 0.17410714285714285 0.622093023255814 0.009424603174603174 0.030038759689922482
7 0.39558531746031744 0.6753875968992248 0.1111111111111111 0.05910852713178295
5 0.13368055555555555 0.6652131782945736 0.015873015873015872 0.018410852713178296
5 0.1158234126984127 0.6686046511627907 0.00992063492063492 0.031007751937984496
24 0.5404265873015873 0.07218992248062016 0.008432539682539682 0.031007751937984496
7 0.03670634920634921 0.684593023255814 0.05952380952380952 0.11434108527131782
11 0.16989087301587302 0.6967054263565892 0.059027777777777776 0.10755813953488372
5 0.2681051587301587 0.7315891472868217 0.033234126984126984 0.03294573643410853
5 0.33110119047619047 0.7650193798449613 0.017857142857142856 0.06686046511627906
8 0.3010912698412698 0.7771317829457365 0.021825396825396824 0.07461240310077519
24 0.22296626984126985 0.7873062015503876 0.009424603174603174 0.031007751937984496
20 0.23239087301587302 0.7882751937984496 0.009424603174603174 0.03197674418604651
5 0.2130456349206349 0.7877906976744186 0.008432539682539682 0.031007751937984496
5 0.24851190476190477 0.7931201550387597 0.008432539682539682 0.031007751937984496
11 0.16567460317460317 0.7931201550387597 0.059027777777777776 0.09108527131782945
17 0.3869047619047619 0.8270348837209303 0.026785714285714284 0.07073643410852713
24 0.2743055555555556 0.8192829457364341 0.017857142857142856 0.07751937984496124
7 0.4072420634920635 0.8289728682170543 0.014384920634920634 0.07073643410852713
24 0.2113095238095238 0.8246124031007752 0.010416666666666666 0.031007751937984496
15 0.23561507936507936 0.8270348837209303 0.02628968253968254 0.03488372093023256
8 0.1259920634920635 0.8255813953488372 0.022817460317460316 0.07461240310077519
7 0.533234126984127 0.8580426356589147 0.03720238095238095 0.07848837209302326
28 0.4558531746031746 0.8614341085271318 0.026785714285714284 0.044573643410852716
24 0.21875 0.8531976744186046 0.015873015873015872 0.01744186046511628
7 0.9213789682539683 0.8977713178294574 0.1463293650793651 0.20251937984496124
5 0.24379960317460317 0.8643410852713178 0.010416666666666666 0.031007751937984496
7 0.056051587301587304 0.8541666666666666 0.11210317460317461 0.17926356589147288
5 0.37996031746031744 0.877906976744186 0.008432539682539682 0.031007751937984496
16 0.3226686507936508 0.875 0.05853174603174603 0.10368217054263566
5 0.3913690476190476 0.8832364341085271 0.010416666666666666 0.03682170542635659
7 0.1671626984126984 0.8711240310077519 0.034722222222222224 0.07848837209302326
20 0.2123015873015873 0.876937984496124 0.008432539682539682 0.03197674418604651
30 0.2718253968253968 0.9021317829457365 0.03968253968253968 0.06201550387596899
20 0.21577380952380953 0.9035852713178295 0.015873015873015872 0.01744186046511628
28 0.41790674603174605 0.9210271317829457 0.028273809523809524 0.0436046511627907
20 0.6329365079365079 0.937984496124031 0.1636904761904762 0.12209302325581395
28 0.45808531746031744 0.9326550387596899 0.027777777777777776 0.0436046511627907
27 0.5401785714285714 0.9408914728682171 0.023809523809523808 0.08430232558139535
28 0.17906746031746032 0.9607558139534884 0.027281746031746032 0.03488372093023256
28 0.1505456349206349 0.9597868217054264 0.028769841269841268 0.03294573643410853
24 0.09176587301587301 0.9651162790697675 0.015376984126984126 0.013565891472868217
18 0.07316468253968254 0.9641472868217055 0.015376984126984126 0.013565891472868217
18 0.10664682539682539 0.07267441860465117 0.015376984126984126 0.016472868217054265
7 0.9308035714285714 0.13468992248062014 0.13740079365079366 0.21705426356589147
17 0.43700396825396826 0.10901162790697674 0.01240079365079365 0.04263565891472868
17 0.4751984126984127 0.11143410852713179 0.015376984126984126 0.05329457364341085
17 0.4494047619047619 0.11046511627906977 0.012896825396825396 0.046511627906976744
17 0.4618055555555556 0.11143410852713179 0.012896825396825396 0.046511627906976744
5 0.5198412698412699 0.11627906976744186 0.012896825396825396 0.009689922480620155
17 0.34970238095238093 0.10949612403100775 0.018353174603174604 0.07073643410852713
7 0.39384920634920634 0.11288759689922481 0.07490079365079365 0.05232558139534884
17 0.3239087301587302 0.10901162790697674 0.018353174603174604 0.07073643410852713
27 0.05009920634920635 0.09011627906976744 0.049107142857142856 0.09593023255813954
17 0.29811507936507936 0.10804263565891473 0.018353174603174604 0.07073643410852713
17 0.31101190476190477 0.10901162790697674 0.018353174603174604 0.07073643410852713
17 0.33630952380952384 0.11046511627906977 0.018353174603174604 0.07073643410852713
15 0.5017361111111112 0.125 0.010416666666666666 0.022286821705426358
7 0.5964781746031746 0.13517441860465115 0.12152777777777778 0.044573643410852716
24 0.1056547619047619 0.10174418604651163 0.01636904761904762 0.018410852713178296
7 0.15575396825396826 0.12354651162790697 0.03422619047619048 0.08527131782945736
24 0.10515873015873016 0.1298449612403101 0.015873015873015872 0.01937984496124031
7 0.23189484126984128 0.14437984496124032 0.03720238095238095 0.12306201550387597
18 0.10317460317460317 0.18023255813953487 0.01636904761904762 0.018410852713178296
7 0.1545138888888889 0.2010658914728682 0.03521825396825397 0.0755813953488372
27 0.046130952380952384 0.20251937984496124 0.049107142857142856 0.0939922480620155
24 0.10267857142857142 0.20930232558139536 0.01636904761904762 0.016472868217054265
24 0.33903769841269843 0.23498062015503876 0.00992063492063492 0.031007751937984496
24 0.3509424603174603 0.2369186046511628 0.009424603174603174 0.031007751937984496
24 0.10119047619047619 0.24031007751937986 0.015873015873015872 0.018410852713178296
7 0.22941468253968253 0.25775193798449614 0.03670634920634921 0.09883720930232558
7 0.15203373015873015 0.2766472868217054 0.03670634920634921 0.07655038759689922
18 0.1001984126984127 0.2921511627906977 0.015873015873015872 0.01937984496124031
27 0.04265873015873016 0.31637596899224807 0.0496031746031746 0.09496124031007752
24 0.09970238095238096 0.32122093023255816 0.015873015873015872 0.01744186046511628
7 0.9280753968253969 0.38275193798449614 0.14285714285714285 0.22286821705426357
28 0.6440972222222222 0.044573643410852716 0.026785714285714284 0.041666666666666664
28 0.6842757936507936 0.04796511627906977 0.027281746031746032 0.03972868217054264
24 0.09871031746031746 0.35125968992248063 0.015873015873015872 0.01744186046511628
2 0.2767857142857143 0.02131782945736434 0.0441468253968254 0.04263565891472868
17 0.20089285714285715 0.028585271317829456 0.03670634920634921 0.05717054263565891
28 0.5721726190476191 0.04263565891472868 0.025793650793650792 0.04263565891472868
28 0.15327380952380953 0.3706395348837209 0.029265873015873016 0.04263565891472868
18 0.09623015873015874 0.4055232558139535 0.016865079365079364 0.018410852713178296
7 0.40401785714285715 0.45445736434108525 0.11210317460317461 0.06201550387596899
27 0.03968253968253968 0.4307170542635659 0.0496031746031746 0.0939922480620155
24 0.09623015873015874 0.43556201550387597 0.015873015873015872 0.018410852713178296
5 0.19791666666666666 0.4685077519379845 0.010912698412698412 0.03488372093023256
24 0.09499007936507936 0.46560077519379844 0.01636904761904762 0.01937984496124031
7 0.24553571428571427 0.4903100775193798 0.039186507936507936 0.17151162790697674
24 0.18675595238095238 0.49709302325581395 0.01488095238095238 0.018410852713178296
5 0.16691468253968253 0.500484496124031 0.009424603174603174 0.03197674418604651