7 0.39361702127659576 0.48118811881188117 0.11550151975683891 0.10495049504950495
7 0.5225430597771024 0.040594059405940595 0.044072948328267476 0.08118811881188119
24 0.17983789260385005 0.3940594059405941 0.017223910840932118 0.024752475247524754
24 0.12968591691995948 0.3816831683168317 0.017223910840932118 0.024752475247524754
15 0.14994934143870314 0.400990099009901 0.02330293819655522 0.031683168316831684
24 0.17755825734549138 0.41336633663366334 0.016717325227963525 0.023762376237623763
7 0.03318135764944276 0.3707920792079208 0.06636271529888552 0.13564356435643565
24 0.15374873353596757 0.43316831683168316 0.012664640324214792 0.033663366336633666
15 0.5845997973657548 0.6297029702970297 0.3292806484295846 0.5782178217821782
7 0.7449341438703141 0.7019801980198019 0.0668693009118541 0.24455445544554455
11 0.17249240121580547 0.450990099009901 0.022796352583586626 0.06336633663366337
7 0.3829787234042553 0.560891089108911 0.1160081053698075 0.10198019801980197
7 0.9057750759878419 0.8014851485148515 0.16058763931104356 0.2742574257425743
5 0.07700101317122594 0.4282178217821782 0.0121580547112462 0.034653465346534656
15 0.1160081053698075 0.45792079207920794 0.06231003039513678 0.11089108910891089
5 0.0848530901722391 0.44455445544554456 0.013171225937183385 0.040594059405940595
15 0.18667679837892603 0.4905940594059406 0.02330293819655522 0.0504950495049505
24 0.4939209726443769 0.036138613861386136 0.0243161094224924 0.06534653465346535
5 0.05977710233029382 0.4376237623762376 0.012664640324214792 0.033663366336633666
5 0.2013677811550152 0.5024752475247525 0.0121580547112462 0.032673267326732675
5 0.21124620060790272 0.5069306930693069 0.01165146909827761 0.034653465346534656
16 0.07117527862208713 0.450990099009901 0.017223910840932118 0.02277227722772277
5 0.15653495440729484 0.49455445544554455 0.0121580547112462 0.032673267326732675
5 0.16793313069908813 0.4995049504950495 0.014184397163120567 0.03861386138613861
7 0.3731003039513678 0.6316831683168317 0.11550151975683891 0.100990099009901
5 0.11170212765957446 0.5217821782178218 0.017223910840932118 0.024752475247524754
5 0.09371833839918946 0.5188118811881188 0.012664640324214792 0.033663366336633666
7 0.024062816616008106 0.505940594059406 0.04812563323201621 0.13663366336633664
11 0.14463019250253292 0.5673267326732673 0.06889564336372847 0.12871287128712872
5 0.23961499493414387 0.6396039603960396 0.0364741641337386 0.04554455445544554
5 0.2993920972644377 0.697029702970297 0.0243161094224924 0.07326732673267326
8 0.267983789260385 0.698019801980198 0.028875379939209727 0.08217821782178218
24 0.1887031408308004 0.6787128712871288 0.012664640324214792 0.033663366336633666
20 0.19807497467071936 0.6826732673267327 0.012664640324214792 0.034653465346534656
5 0.17882472137791286 0.6752475247524753 0.01165146909827761 0.033663366336633666
5 0.21403242147923 0.694059405940594 0.01165146909827761 0.033663366336633666
11 0.13095238095238096 0.6628712871287129 0.0673758865248227 0.11287128712871287
17 0.34929078014184395 0.7806930693069307 0.033941236068895646 0.0801980198019802
24 0.2373353596757852 0.7301980198019802 0.025329280648429583 0.08316831683168317
7 0.36955420466058764 0.7905940594059406 0.021783181357649443 0.07524752475247524
24 0.17350557244174267 0.7113861386138614 0.013171225937183385 0.034653465346534656
15 0.19756838905775076 0.7232673267326732 0.029381965552178316 0.04455445544554455
8 0.08789260385005065 0.6797029702970298 0.02988855116514691 0.08316831683168317
7 0.4929078014184397 0.8678217821782178 0.044579533941236066 0.09207920792079208
28 0.41312056737588654 0.843069306930693 0.031914893617021274 0.053465346534653464
24 0.17806484295845998 0.7430693069306931 0.017223910840932118 0.023762376237623763
7 0.8743667679837892 0.9633663366336633 0.16210739614994935 0.07128712871287128
5 0.20212765957446807 0.7638613861386139 0.013171225937183385 0.034653465346534656
7 0.03976697061803445 0.6846534653465347 0.0795339412360689 0.21683168316831683
5 0.3373860182370821 0.8292079207920792 0.01165146909827761 0.033663366336633666
16 0.2801418439716312 0.803960396039604 0.06788247213779129 0.12475247524752475
5 0.3482776089159068 0.8391089108910891 0.014184397163120567 0.040594059405940595
7 0.12462006079027356 0.7410891089108911 0.04204660587639311 0.09108910891089109
20 0.1691995947315096 0.7643564356435644 0.01165146909827761 0.034653465346534656
24 0.17806484295845998 0.7693069306930693 0.01165146909827761 0.033663366336633666
30 0.22644376899696048 0.8123762376237624 0.04559270516717325 0.07623762376237624
20 0.1702127659574468 0.7920792079207921 0.017223910840932118 0.023762376237623763
28 0.40577507598784196 0.9014851485148515 0.031914893617021274 0.054455445544554455
28 0.3710739614994934 0.8871287128712871 0.03242147922998987 0.053465346534653464
20 0.5845997973657548 0.9465346534653465 0.1752786220871327 0.10495049504950495
27 0.49240121580547114 0.9534653465346534 0.03242147922998987 0.09108910891089109
28 0.1281661600810537 0.8316831683168316 0.029381965552178316 0.03663366336633663
28 0.09954407294832827 0.8198019801980198 0.03090172239108409 0.034653465346534656
24 0.04027355623100304 0.8024752475247525 0.015704154002026342 0.01089108910891089
18 0.021529888551165145 0.7940594059405941 0.015704154002026342 0.01089108910891089
7 0.9422492401215805 0.299009900990099 0.11448834853090173 0.25742574257425743
17 0.47112462006079026 0.0797029702970297 0.016717325227963525 0.046534653465346534
17 0.5091185410334347 0.09653465346534654 0.020263424518743668 0.05841584158415842
17 0.49620060790273557 0.09207920792079208 0.017223910840932118 0.05148514851485148
17 0.48328267477203646 0.08613861386138613 0.017223910840932118 0.0504950495049505
5 0.5534447821681864 0.1188118811881188 0.013677811550151976 0.01485148514851485
17 0.3834853090172239 0.04702970297029703 0.025329280648429583 0.07722772277227723
7 0.42730496453900707 0.06683168316831684 0.0790273556231003 0.0801980198019802
17 0.35840932117527863 0.03811881188118812 0.025835866261398176 0.07623762376237624
17 0.33206686930091184 0.032673267326732675 0.025835866261398176 0.06534653465346535
17 0.34473150962512666 0.03564356435643564 0.025835866261398176 0.07128712871287128
17 0.3700607902735562 0.043069306930693066 0.025329280648429583 0.07722772277227723
15 0.5349544072948328 0.12029702970297029 0.0121580547112462 0.02574257425742574
7 0.6281661600810537 0.16683168316831684 0.12462006079027356 0.09108910891089109
7 0.18768996960486323 0.018316831683168316 0.04305977710233029 0.03663366336633663
7 0.2619047619047619 0.05297029702970297 0.04964539007092199 0.10594059405940594
18 0.12943262411347517 0.023762376237623763 0.01773049645390071 0.024752475247524754
7 0.17857142857142858 0.06435643564356436 0.04204660587639311 0.08811881188118811
27 0.07041540020263425 0.040594059405940595 0.05876393110435663 0.08118811881188119
24 0.12588652482269502 0.05297029702970297 0.01773049645390071 0.02277227722772277
24 0.3601823708206687 0.16881188118811882 0.012664640324214792 0.033663366336633666
24 0.3720871327254306 0.17524752475247524 0.012664640324214792 0.033663366336633666
24 0.12132725430597771 0.08316831683168317 0.017223910840932118 0.024752475247524754
7 0.24822695035460993 0.1495049504950495 0.04660587639311044 0.11188118811881188
7 0.16869300911854104 0.13910891089108912 0.044072948328267476 0.0900990099009901
18 0.11524822695035461 0.13514851485148516 0.017223910840932118 0.024752475247524754
27 0.05521783181357649 0.13762376237623763 0.05876393110435663 0.11287128712871287
24 0.11170212765957446 0.16435643564356436 0.017223910840932118 0.023762376237623763
7 0.9270516717325228 0.5410891089108911 0.14488348530901723 0.2742574257425743
28 0.6851570415400202 0.09356435643564356 0.03090172239108409 0.05148514851485148
28 0.725177304964539 0.11287128712871287 0.03090172239108409 0.04950495049504951
24 0.10764944275582573 0.19405940594059407 0.017223910840932118 0.023762376237623763
28 0.6132218844984803 0.06435643564356436 0.02988855116514691 0.05148514851485148
28 0.25278622087132724 0.2737623762376238 0.03090172239108409 0.04950495049504951
28 0.22264437689969604 0.2608910891089109 0.03242147922998987 0.053465346534653464
28 0.16058763931104356 0.23415841584158417 0.03343465045592705 0.053465346534653464
18 0.09979736575481256 0.24752475247524752 0.0182370820668693 0.024752475247524754
7 0.4034954407294833 0.41386138613861384 0.11702127659574468 0.10396039603960396
27 0.041033434650455926 0.251980198019802 0.05825734549138804 0.11287128712871287
24 0.09675785207700101 0.27722772277227725 0.017223910840932118 0.024752475247524754
24 0.09321175278622088 0.3074257425742574 0.01773049645390071 0.02574257425742574
7 0.24113475177304963 0.3891089108910891 0.05572441742654509 0.18514851485148515
24 0.18161094224924013 0.37376237623762376 0.016210739614994935 0.023762376237623763
5 0.16134751773049646 0.3693069306930693 0.012664640324214792 0.034653465346534656