15 0.6513831967213115 0.32256297918948523 0.15471311475409835 0.16812705366922234
15 0.31019467213114754 0.3310514786418401 0.2028688524590164 0.1429353778751369
5 0.13345286885245902 0.3622672508214677 0.056864754098360656 0.02792990142387733
24 0.4756659836065574 0.3877327491785323 0.02612704918032787 0.061883899233296825
5 0.5079405737704918 0.3880065717415115 0.027663934426229508 0.06352683461117196
5 0.8491290983606558 0.3910186199342826 0.024077868852459015 0.060240963855421686
21 0.03278688524590164 0.45180722891566266 0.06557377049180328 0.8587075575027382
21 0.9403176229508197 0.4424972617743702 0.07633196721311475 0.8576122672508215
24 0.2640881147540984 0.4846659364731654 0.05737704918032787 0.03176341730558598
24 0.2635758196721312 0.52026286966046 0.056864754098360656 0.03176341730558598
24 0.2635758196721312 0.5208105147864184 0.05891393442622951 0.03066812705366922
6 0.1518954918032787 0.524644030668127 0.10706967213114754 0.12705366922234393
5 0.29072745901639346 0.6067907995618839 0.03483606557377049 0.0755750273822563
15 0.8043032786885246 0.6180175246440307 0.09067622950819672 0.15826944140197152
15 0.48155737704918034 0.6295180722891566 0.3135245901639344 0.3389923329682366
5 0.21875 0.7472617743702081 0.03381147540983607 0.07667031763417305
5 0.8573258196721312 0.8225629791894852 0.056864754098360656 0.029572836801752465
5 0.7108094262295082 0.8269441401971522 0.03227459016393443 0.0755750273822563
5 0.6713627049180327 0.8283132530120482 0.03381147540983607 0.07667031763417305
5 0.7451331967213115 0.8288608981380066 0.02817622950819672 0.06462212486308871
15 0.7868852459016393 0.8480284775465499 0.04610655737704918 0.04326396495071194
5 0.5663422131147541 0.8581599123767798 0.027151639344262294 0.061883899233296825
5 0.5975922131147541 0.8576122672508215 0.028688524590163935 0.061883899233296825
5 0.6273053278688525 0.8581599123767798 0.02612704918032787 0.0624315443592552
5 0.8598872950819673 0.8619934282584885 0.0701844262295082 0.038335158817086525
7 0.6662397540983607 0.07639649507119387 0.1880122950819672 0.15279299014238773
21 0.5307377049180327 0.9370208105147865 0.8867827868852459 0.08817086527929902
15 0.46260245901639346 0.09090909090909091 0.07274590163934426 0.05805038335158817
16 0.3719262295081967 0.09309967141292443 0.07325819672131148 0.08159912376779847
24 0.5245901639344263 0.09200438116100766 0.030737704918032786 0.06133625410733844
5 0.3145491803278688 0.0963855421686747 0.035860655737704916 0.07502738225629792
17 0.17033811475409835 0.10295728368017525 0.10348360655737705 0.07119386637458927
7 0.24308401639344263 0.10706462212486309 0.04610655737704918 0.05914567360350493
5 0.7866290983606558 0.12924424972617743 0.02971311475409836 0.06352683461117196
24 0.5102459016393442 0.14978094194961664 0.057889344262295084 0.03066812705366922
24 0.3588627049180328 0.17935377875136913 0.05942622950819672 0.02792990142387733
24 0.42059426229508196 0.1799014238773275 0.057889344262295084 0.03231106243154436
24 0.5097336065573771 0.17935377875136913 0.05635245901639344 0.03176341730558598
7 0.8534836065573771 0.20700985761226726 0.043545081967213115 0.2634173055859803
15 0.5089651639344263 0.26478641840087624 0.08913934426229508 0.12595837897042717
6 0.7809938524590164 0.2965498357064622 0.08247950819672131 0.2579408543263965