30 0.7386122881355932 0.32432432432432434 0.01641949152542373 0.02066772655007949
18 0.10672669491525423 0.14069952305246422 0.015360169491525424 0.015103338632750398
7 0.14433262711864406 0.1518282988871224 0.0958686440677966 0.29411764705882354
7 0.1819385593220339 0.16414944356120828 0.013771186440677966 0.02066772655007949
18 0.10513771186440678 0.1538155802861685 0.015360169491525424 0.014308426073131956
24 0.7415254237288136 0.3430047694753577 0.007415254237288136 0.014308426073131956
7 0.17929025423728814 0.18124006359300476 0.013771186440677966 0.022257551669316374
18 0.7322563559322034 0.3449920508744038 0.009004237288135594 0.021462639109697933
5 0.2073622881355932 0.19276629570747217 0.01059322033898305 0.010333863275039745
5 0.22404661016949154 0.19833068362480127 0.010063559322033898 0.010333863275039745
7 0.3908898305084746 0.24721780604133545 0.014300847457627119 0.031001589825119236
11 0.5664724576271186 0.2992845786963434 0.03336864406779661 0.03815580286168521
11 0.2759533898305085 0.21701112877583467 0.02754237288135593 0.033386327503974564
18 0.1038135593220339 0.16812400635930047 0.014830508474576272 0.015103338632750398
7 0.7510593220338984 0.35771065182829886 0.019597457627118644 0.0739268680445151
11 0.8180614406779662 0.3847376788553259 0.04290254237288135 0.06756756756756757
11 0.22828389830508475 0.215818759936407 0.02701271186440678 0.026232114467408585
18 0.1014300847457627 0.1820349761526232 0.015360169491525424 0.014308426073131956
24 0.2264300847457627 0.22019077901430842 0.006355932203389831 0.013513513513513514
24 0.2311970338983051 0.22138314785373608 0.005296610169491525 0.014308426073131956
24 0.2364936440677966 0.22297297297297297 0.006885593220338983 0.015103338632750398
5 0.604343220338983 0.3310810810810811 0.006355932203389831 0.013513513513513514
27 0.7004766949152542 0.3600953895071542 0.05455508474576271 0.075516693163752
27 0.644332627118644 0.34459459459459457 0.07097457627118645 0.08028616852146264
7 0.7801906779661016 0.3914944356120827 0.05614406779661017 0.1534181240063593
7 0.4494173728813559 0.2957074721780604 0.03389830508474576 0.05087440381558029
7 0.4909957627118644 0.3080286168521463 0.03389830508474576 0.05087440381558029
6 0.4091631355932203 0.28974562798092207 0.056673728813559324 0.08505564387917329
7 0.5315148305084746 0.32710651828298887 0.03336864406779661 0.050079491255961846
7 0.573093220338983 0.33982511923688397 0.03389830508474576 0.05087440381558029
5 0.196239406779661 0.23648648648648649 0.007944915254237288 0.01589825119236884
15 0.2322563559322034 0.24761526232114467 0.01059322033898305 0.026232114467408585
17 0.5966631355932204 0.35731319554848967 0.014830508474576272 0.03259141494435612
5 0.2386122881355932 0.25516693163751986 0.006355932203389831 0.013513513513513514
23 0.2685381355932203 0.26987281399046104 0.009004237288135594 0.011128775834658187
23 0.2817796610169492 0.27344992050874406 0.009004237288135594 0.01192368839427663
23 0.2947563559322034 0.2774244833068362 0.009004237288135594 0.012718600953895072
24 0.2232521186440678 0.26232114467408585 0.009004237288135594 0.009538950715421303
24 0.2131885593220339 0.2599364069952305 0.007944915254237288 0.009538950715421303
5 0.19385593220338984 0.2591414944356121 0.006885593220338983 0.013513513513513514
24 0.21239406779661016 0.2670906200317965 0.009533898305084746 0.010333863275039745
23 0.3479872881355932 0.307631160572337 0.007944915254237288 0.015103338632750398
7 0.9329978813559322 0.48171701112877585 0.1329449152542373 0.32273449920508746
18 0.8130296610169492 0.4447535771065183 0.009533898305084746 0.023052464228934817
7 0.5929555084745762 0.3815580286168522 0.012182203389830509 0.019077901430842606
5 0.533103813559322 0.36486486486486486 0.015360169491525424 0.01589825119236884
5 0.4086334745762712 0.3298887122416534 0.012711864406779662 0.010333863275039745
5 0.6366525423728814 0.3990461049284579 0.006355932203389831 0.015103338632750398
2 0.836864406779661 0.4606518282988871 0.045021186440677964 0.04451510333863275
17 0.171875 0.2674880763116057 0.02754237288135593 0.026232114467408585
11 0.574947033898305 0.3875198728139905 0.025953389830508475 0.026232114467408585
5 0.2354343220338983 0.28855325914149443 0.010063559322033898 0.011128775834658187
24 0.8032309322033898 0.4546899841017488 0.006885593220338983 0.014308426073131956
5 0.20577330508474576 0.28060413354531 0.00847457627118644 0.009538950715421303
5 0.5532309322033898 0.38513513513513514 0.011122881355932203 0.0246422893481717
23 0.345603813559322 0.3263116057233704 0.007415254237288136 0.014308426073131956
18 0.809322033898305 0.47297297297297297 0.007944915254237288 0.02066772655007949
7 0.8670550847457628 0.4912559618441971 0.024364406779661018 0.034976152623211444
23 0.3432203389830508 0.3449920508744038 0.007944915254237288 0.013513513513513514
5 0.1875 0.3004769475357711 0.006355932203389831 0.013513513513513514
5 0.19279661016949154 0.3016693163751987 0.006885593220338983 0.015103338632750398
5 0.3879766949152542 0.3612877583465819 0.015360169491525424 0.01589825119236884
5 0.6557203389830508 0.44435612082670906 0.006885593220338983 0.014308426073131956
5 0.598781779661017 0.42845786963434024 0.006355932203389831 0.012718600953895072
11 0.7457627118644068 0.47297297297297297 0.03283898305084746 0.028616852146263912
2 0.8310381355932204 0.5011923688394276 0.04396186440677966 0.04531001589825119
2 0.7796610169491526 0.4868839427662957 0.045550847457627115 0.046104928457869634
5 0.7028601694915254 0.46701112877583467 0.006355932203389831 0.014308426073131956
5 0.611228813559322 0.43998410174880764 0.006355932203389831 0.012718600953895072
7 0.671875 0.4594594594594595 0.014830508474576272 0.033386327503974564
23 0.3408368644067797 0.3628775834658188 0.007944915254237288 0.013513513513513514
15 0.6260593220338984 0.4467408585055644 0.029661016949152543 0.034976152623211444
24 0.6422139830508474 0.4523052464228935 0.006355932203389831 0.013513513513513514
24 0.23066737288135594 0.33306836248012717 0.006885593220338983 0.013513513513513514
5 0.5971927966101694 0.43998410174880764 0.006355932203389831 0.012718600953895072
6 0.1877648305084746 0.3239268680445151 0.0614406779661017 0.04769475357710652
5 0.715042372881356 0.48012718600953896 0.009004237288135594 0.019077901430842606
7 0.043697033898305086 0.28656597774244835 0.04766949152542373 0.07313195548489666
5 0.3834745762711864 0.39467408585055647 0.015889830508474576 0.01589825119236884
23 0.3376588983050847 0.38235294117647056 0.007415254237288136 0.015103338632750398
24 0.07574152542372882 0.3139904610492846 0.005826271186440678 0.012718600953895072
24 0.6393008474576272 0.47893481717011127 0.006355932203389831 0.013513513513513514
15 0.7709216101694916 0.5238473767885533 0.015889830508474576 0.0246422893481717
23 0.3358050847457627 0.40103338632750396 0.00847457627118644 0.014308426073131956
7 0.10805084745762712 0.33465818759936405 0.036546610169491525 0.05087440381558029
7 0.6692266949152542 0.4984101748807631 0.025953389830508475 0.037360890302066775
11 0.8440148305084746 0.5508744038155803 0.04184322033898305 0.05961844197138315
18 0.06885593220338983 0.32869634340222575 0.014830508474576272 0.022257551669316374
7 0.7415254237288136 0.5349761526232114 0.01641949152542373 0.03418124006359301
17 0.1721398305084746 0.37042925278219396 0.023834745762711863 0.02384737678855326
24 0.07176906779661017 0.3449920508744038 0.006355932203389831 0.013513513513513514
7 0.18802966101694915 0.3847376788553259 0.015889830508474576 0.034976152623211444
24 0.6864406779661016 0.5317965023847376 0.005826271186440678 0.015103338632750398
5 0.753707627118644 0.5528616852146264 0.013771186440677966 0.029411764705882353
24 0.6901483050847458 0.5353736089030207 0.005296610169491525 0.013513513513513514
5 0.7007415254237288 0.5381558028616852 0.006355932203389831 0.013513513513513514
24 0.663135593220339 0.5282193958664547 0.005826271186440678 0.013513513513513514
24 0.6676377118644068 0.5294117647058824 0.005826271186440678 0.014308426073131956
5 0.6771716101694916 0.5321939586645469 0.005826271186440678 0.013513513513513514
24 0.6822033898305084 0.5337837837837838 0.005296610169491525 0.012718600953895072
24 0.6729343220338984 0.5310015898251192 0.006885593220338983 0.015103338632750398
17 0.1694915254237288 0.3859300476947536 0.025423728813559324 0.023052464228934817
8 0.7084216101694916 0.5437201907790143 0.020127118644067795 0.015103338632750398
15 0.5752118644067796 0.5071542130365659 0.034427966101694914 0.046104928457869634
7 0.03469279661016949 0.3505564387917329 0.048199152542372885 0.07233704292527822
11 0.8389830508474576 0.589825119236884 0.038135593220338986 0.037360890302066775
15 0.4592161016949153 0.48171701112877585 0.17478813559322035 0.26232114467408585
7 0.16922669491525424 0.40421303656597773 0.024364406779661018 0.021462639109697933
15 0.7645656779661016 0.5779014308426074 0.015889830508474576 0.02384737678855326
7 0.614406779661017 0.5365659777424483 0.034427966101694914 0.06279809220985691
17 0.6477754237288136 0.5472972972972973 0.013241525423728813 0.033386327503974564
24 0.07680084745762712 0.38076311605723373 0.009533898305084746 0.009538950715421303
5 0.14698093220338984 0.4018282988871224 0.00847457627118644 0.009538950715421303
5 0.15572033898305085 0.4050079491255962 0.009004237288135594 0.010333863275039745
5 0.7921080508474576 0.5949920508744038 0.02065677966101695 0.021462639109697933
24 0.07574152542372882 0.3883147853736089 0.009533898305084746 0.009538950715421303
5 0.5421080508474576 0.5246422893481717 0.014830508474576272 0.015103338632750398
7 0.10010593220338983 0.39705882352941174 0.036016949152542374 0.05087440381558029
5 0.3726165254237288 0.47893481717011127 0.01641949152542373 0.016693163751987282
24 0.07494703389830508 0.39467408585055647 0.009004237288135594 0.009538950715421303
15 0.19941737288135594 0.43402225755166934 0.0323093220338983 0.026232114467408585
24 0.5376059322033898 0.5337837837837838 0.00847457627118644 0.008744038155802861
6 0.149364406779661 0.4205087440381558 0.059322033898305086 0.04292527821939587
24 0.07388771186440678 0.40262321144674085 0.009533898305084746 0.009538950715421303
15 0.5699152542372882 0.5480922098569158 0.03389830508474576 0.046104928457869634
24 0.536281779661017 0.541335453100159 0.007944915254237288 0.007154213036565978
15 0.678760593220339 0.5862480127186009 0.06567796610169492 0.09618441971383147
24 0.07309322033898305 0.4093799682034976 0.009004237288135594 0.009538950715421303
5 0.734375 0.6033386327503975 0.010063559322033898 0.010333863275039745
11 0.862552966101695 0.6430842607313195 0.04184322033898305 0.06120826709062003
7 0.4883474576271186 0.5361685214626392 0.07415254237288135 0.1422893481717011
24 0.07203389830508475 0.4165341812400636 0.009533898305084746 0.009538950715421303
18 0.030190677966101694 0.40540540540540543 0.058792372881355935 0.06279809220985691
15 0.9054555084745762 0.6605723370429253 0.024364406779661018 0.04292527821939587
7 0.7616525423728814 0.6216216216216216 0.023834745762711863 0.023052464228934817
5 0.12420550847457627 0.4356120826709062 0.010063559322033898 0.015103338632750398
7 0.6358580508474576 0.5882352941176471 0.025953389830508475 0.05961844197138315
12 0.0725635593220339 0.42567567567567566 0.012182203389830509 0.01192368839427663
5 0.7229872881355932 0.6160572337042926 0.006885593220338983 0.013513513513513514
5 0.3675847457627119 0.5131160572337043 0.01641949152542373 0.016693163751987282
15 0.9409427966101694 0.6868044515103339 0.059322033898305086 0.09300476947535771
30 0.6080508474576272 0.5906200317965024 0.03072033898305085 0.05405405405405406
5 0.885593220338983 0.6732909379968204 0.014830508474576272 0.030206677265500796
24 0.7627118644067796 0.6383147853736089 0.006355932203389831 0.013513513513513514
5 0.3654661016949153 0.5254372019077902 0.015889830508474576 0.016693163751987282
5 0.8953919491525424 0.6848171701112877 0.01059322033898305 0.010333863275039745
5 0.826271186440678 0.6673290937996821 0.014830508474576272 0.030206677265500796
15 0.5651483050847458 0.5918124006359301 0.03336864406779661 0.04531001589825119
23 0.3185911016949153 0.525039745627981 0.006885593220338983 0.014308426073131956
5 0.3641419491525424 0.5397456279809221 0.01641949152542373 0.017488076311605722
23 0.0916313559322034 0.465818759936407 0.01641949152542373 0.0246422893481717
7 0.736228813559322 0.6589825119236884 0.03866525423728814 0.022257551669316374
11 0.7621822033898306 0.6673290937996821 0.017478813559322032 0.03815580286168521
5 0.8829449152542372 0.7054848966613673 0.014830508474576272 0.030206677265500796
11 0.8527542372881356 0.6999205087440381 0.02754237288135593 0.05961844197138315
15 0.8988347457627118 0.7150238473767886 0.022775423728813558 0.04054054054054054
23 0.3159427966101695 0.5461049284578696 0.006885593220338983 0.013513513513513514
5 0.6726694915254238 0.6542130365659777 0.019067796610169493 0.038950715421303655
5 0.6549258474576272 0.6498410174880763 0.018538135593220338 0.03656597774244833
15 0.1596927966101695 0.5067567567567568 0.1027542372881356 0.12559618441971382
23 0.08898305084745763 0.4900635930047695 0.01641949152542373 0.0246422893481717
5 0.9271716101694916 0.735691573926868 0.0211864406779661 0.021462639109697933
5 0.9465042372881356 0.7428457869634341 0.019067796610169493 0.022257551669316374
5 0.3702330508474576 0.5763116057233705 0.006885593220338983 0.014308426073131956
5 0.375 0.5779014308426074 0.005826271186440678 0.013513513513513514
5 0.470603813559322 0.6065182829888712 0.015360169491525424 0.015103338632750398
15 0.8146186440677966 0.7082670906200318 0.015889830508474576 0.02384737678855326
5 0.8040254237288136 0.7062798092209857 0.01059322033898305 0.009538950715421303
7 0.7396716101694916 0.6872019077901431 0.03919491525423729 0.0492845786963434
7 0.04263771186440678 0.48370429252782193 0.08527542372881355 0.11844197138314785
15 0.7815148305084746 0.7003179650238474 0.01694915254237288 0.0246422893481717
23 0.3135593220338983 0.564785373608903 0.007415254237288136 0.015103338632750398
15 0.631885593220339 0.6613672496025437 0.03072033898305085 0.03418124006359301
5 0.5932203389830508 0.651033386327504 0.014830508474576272 0.01589825119236884
11 0.5474046610169492 0.6474562798092209 0.02489406779661017 0.05564387917329094
5 0.7981991525423728 0.722972972972973 0.02065677966101695 0.022257551669316374
5 0.5654131355932204 0.6565977742448331 0.006355932203389831 0.012718600953895072
17 0.9555084745762712 0.7706677265500795 0.014830508474576272 0.03418124006359301
5 0.5913665254237288 0.6645468998410174 0.014830508474576272 0.01589825119236884
5 0.4427966101694915 0.6216216216216216 0.010063559322033898 0.023052464228934817
23 0.3111758474576271 0.5834658187599364 0.006885593220338983 0.013513513513513514
5 0.647510593220339 0.6824324324324325 0.006355932203389831 0.012718600953895072
5 0.652542372881356 0.6836248012718601 0.006355932203389831 0.012718600953895072
7 0.715042372881356 0.7019077901430842 0.015360169491525424 0.06120826709062003
7 0.6922669491525424 0.6987281399046105 0.04978813559322034 0.1232114467408585
5 0.5328389830508474 0.654610492845787 0.010063559322033898 0.011128775834658187
15 0.08977754237288135 0.5262321144674086 0.03283898305084746 0.05643879173290938
7 0.4096927966101695 0.6228139904610492 0.0323093220338983 0.0492845786963434
7 0.3673199152542373 0.6112877583465819 0.03336864406779661 0.05087440381558029
5 0.5897775423728814 0.6784578696343402 0.014830508474576272 0.015103338632750398
20 0.6186440677966102 0.6883942766295708 0.00847457627118644 0.018282988871224166
7 0.7301377118644068 0.7217806041335453 0.025953389830508475 0.03656597774244833
5 0.6490995762711864 0.6991255961844197 0.012182203389830509 0.012718600953895072
11 0.7523834745762712 0.7297297297297297 0.01694915254237288 0.038950715421303655
7 0.6676377118644068 0.705087440381558 0.014830508474576272 0.03577106518282989
11 0.8479872881355932 0.7587440381558028 0.04290254237288135 0.06836248012718601
15 0.890625 0.7718600953895072 0.023834745762711863 0.0397456279809221
23 0.3079978813559322 0.6025437201907791 0.007415254237288136 0.013513513513513514
5 0.5879237288135594 0.690779014308426 0.014830508474576272 0.015103338632750398
23 0.3072033898305085 0.6188394276629571 0.007944915254237288 0.013513513513513514
11 0.8013771186440678 0.764308426073132 0.02489406779661017 0.057233704292527825
24 0.04051906779661017 0.544912559618442 0.006885593220338983 0.014308426073131956
5 0.8723516949152542 0.787758346581876 0.015360169491525424 0.030206677265500796
15 0.9279661016949152 0.8036565977742448 0.05826271186440678 0.09379968203497616
11 0.7754237288135594 0.7603338632750397 0.03972457627118644 0.05961844197138315
15 0.10354872881355932 0.564785373608903 0.01694915254237288 0.021462639109697933
15 0.8511652542372882 0.7845786963434023 0.03972457627118644 0.06995230524642289
5 0.8816207627118644 0.7992845786963434 0.011122881355932203 0.010333863275039745
15 0.15121822033898305 0.6005564387917329 0.058792372881355935 0.0739268680445151
24 0.2285487288135593 0.629570747217806 0.01694915254237288 0.015103338632750398
5 0.868114406779661 0.8203497615262321 0.015360169491525424 0.03179650238473768
15 0.8842690677966102 0.8275039745627981 0.02489406779661017 0.04213036565977742
11 0.8384533898305084 0.814785373608903 0.025953389830508475 0.057233704292527825
11 0.8151483050847458 0.8080286168521462 0.025423728813559324 0.05802861685214626
20 0.10063559322033898 0.5997615262321144 0.011652542372881356 0.02384737678855326
5 0.21927966101694915 0.6383147853736089 0.007415254237288136 0.00794912559618442
5 0.23596398305084745 0.643879173290938 0.009533898305084746 0.010333863275039745
1 0.6790254237288136 0.775039745627981 0.046610169491525424 0.05246422893481717
2 0.7304025423728814 0.791335453100159 0.046610169491525424 0.04689984101748808
15 0.1864406779661017 0.6375198728139905 0.013771186440677966 0.0246422893481717
5 0.9115466101694916 0.8501589825119237 0.02065677966101695 0.022257551669316374
7 0.20391949152542374 0.6442766295707473 0.023305084745762712 0.03179650238473768
18 0.7555614406779662 0.8052464228934817 0.009533898305084746 0.023052464228934817
20 0.7815148305084746 0.8135930047694754 0.036546610169491525 0.046104928457869634
5 0.9311440677966102 0.8573131955484896 0.02065677966101695 0.021462639109697933
24 0.1003707627118644 0.6156597774244833 0.009004237288135594 0.009538950715421303
12 0.10090042372881355 0.624006359300477 0.012711864406779662 0.01192368839427663
5 0.08951271186440678 0.6319554848966613 0.01059322033898305 0.02384737678855326
12 0.030190677966101694 0.6148648648648649 0.009004237288135594 0.01987281399046105
17 0.1988877118644068 0.6665341812400636 0.028601694915254237 0.026232114467408585
7 0.2600635593220339 0.690779014308426 0.03336864406779661 0.051669316375198726
7 0.3019067796610169 0.7038950715421304 0.03336864406779661 0.05246422893481717
5 0.835010593220339 0.8593004769475358 0.019067796610169493 0.02066772655007949
7 0.3440148305084746 0.7170111287758346 0.03177966101694915 0.10810810810810811
9 0.4936440677966102 0.760731319554849 0.3426906779661017 0.2655007949125596
15 0.8622881355932204 0.8775834658187599 0.01694915254237288 0.026232114467408585
2 0.6742584745762712 0.8247217806041336 0.04078389830508475 0.04531001589825119
2 0.7240466101694916 0.839825119236884 0.045021186440677964 0.04372019077901431
2 0.7754237288135594 0.8557233704292527 0.046610169491525424 0.04769475357710652
11 0.9006885593220338 0.8978537360890302 0.03866525423728814 0.038950715421303655
18 0.6972987288135594 0.8386327503974563 0.010063559322033898 0.022257551669316374
7 0.022775423728813558 0.6371224165341812 0.045550847457627115 0.23767885532591415
18 0.7486758474576272 0.8545310015898251 0.010063559322033898 0.022257551669316374
6 0.21875 0.7007154213036566 0.034427966101694914 0.09538950715421304
18 0.800582627118644 0.8712241653418124 0.009004237288135594 0.022257551669316374
15 0.13983050847457626 0.6848171701112877 0.09057203389830508 0.10095389507154214
5 0.873146186440678 0.9026232114467408 0.014830508474576272 0.03179650238473768
5 0.08792372881355932 0.6736883942766295 0.010063559322033898 0.010333863275039745
5 0.8633474576271186 0.9058028616852146 0.006885593220338983 0.016693163751987282
20 0.7714512711864406 0.8990461049284578 0.036546610169491525 0.04451510333863275
11 0.6747881355932204 0.8716216216216216 0.03866525423728814 0.037360890302066775
11 0.8983050847457628 0.9375993640699523 0.045550847457627115 0.058823529411764705
15 0.8577860169491526 0.9284578696343402 0.01641949152542373 0.025437201907790145
12 0.02198093220338983 0.6860095389507154 0.012182203389830509 0.01192368839427663
2 0.7182203389830508 0.8899046104928457 0.045550847457627115 0.04689984101748808
18 0.7428495762711864 0.904610492845787 0.009533898305084746 0.023052464228934817
20 0.225635593220339 0.8263116057233705 0.19385593220338984 0.08744038155802862
11 0.2198093220338983 0.06041335453100159 0.03177966101694915 0.028616852146263912
7 0.9284957627118644 0.2786168521462639 0.04766949152542373 0.06756756756756757
18 0.9947033898305084 0.29968203497615264 0.009533898305084746 0.033386327503974564
18 0.9830508474576272 0.2953100158982512 0.014830508474576272 0.012718600953895072
17 0.20709745762711865 0.07909379968203498 0.025953389830508475 0.028616852146263912
7 0.2245762711864407 0.08505564387917329 0.013771186440677966 0.01987281399046105
7 0.3577860169491525 0.1271860095389507 0.2611228813559322 0.1589825119236884
18 0.981197033898305 0.3092209856915739 0.014300847457627119 0.013513513513513514
7 0.6141419491525424 0.20270270270270271 0.2579449152542373 0.15659777424483307
7 0.7595338983050848 0.25 0.0413135593220339 0.1287758346581876
24 0.9957627118644068 0.3203497615262321 0.007415254237288136 0.011128775834658187
27 0.9329978813559322 0.3032591414944356 0.07097457627118645 0.1518282988871224
7 0.993114406779661 0.3322734499205087 0.012711864406779662 0.02066772655007949
18 0.908103813559322 0.31120826709062005 0.013771186440677966 0.012718600953895072
18 0.11414194915254237 0.08465818759936407 0.015889830508474576 0.015103338632750398
17 0.7756885593220338 0.2833863275039746 0.013241525423728813 0.034976152623211444
18 0.11228813559322035 0.0985691573926868 0.015360169491525424 0.014308426073131956
17 0.21345338983050846 0.1379173290937997 0.018538135593220338 0.034976152623211444
18 0.1104343220338983 0.11248012718600954 0.01694915254237288 0.016693163751987282
7 0.18352754237288135 0.1478537360890302 0.014830508474576272 0.01987281399046105
18 0.10858050847457627 0.12678855325914148 0.015889830508474576 0.014308426073131956
7 0.21239406779661016 0.1625596184419714 0.013241525423728813 0.018282988871224166
7 0.19465042372881355 0.15818759936406995 0.028601694915254237 0.11764705882352941