30 0.6829567779960707 0.23269513991163476 0.014734774066797643 0.017673048600883652
18 0.0906188605108055 0.34241531664212077 0.01424361493123772 0.012518409425625921
7 0.12573673870333987 0.33578792341678937 0.07760314341846758 0.26877761413843887
7 0.16159135559921414 0.33100147275405006 0.012278978388998035 0.018409425625920472
18 0.09184675834970531 0.3549337260677467 0.0137524557956778 0.011782032400589101
24 0.6890962671905697 0.24779086892488955 0.0063850687622789785 0.012518409425625921
7 0.16232809430255402 0.34683357879234167 0.012278978388998035 0.019882179675994108
18 0.681237721021611 0.2536818851251841 0.0073673870333988214 0.01914580265095729
5 0.1893418467583497 0.3449926362297496 0.009332023575638507 0.008836524300441826
5 0.20505893909626718 0.3427835051546392 0.008840864440078585 0.008836524300441826
7 0.3614931237721022 0.31406480117820323 0.011787819253438114 0.027982326951399118
11 0.5262770137524558 0.2846097201767305 0.029960707269155205 0.03313696612665685
11 0.2546660117878193 0.33689248895434465 0.02455795677799607 0.028718703976435934
18 0.09332023575638507 0.36782032400589104 0.0137524557956778 0.012518409425625921
7 0.7003929273084479 0.25699558173784975 0.015225933202357564 0.06848306332842416
11 0.7647347740667977 0.25184094256259204 0.03732809430255403 0.05964653902798233
11 0.21218074656188604 0.35640648011782033 0.02455795677799607 0.022091310751104567
18 0.093811394891945 0.38107511045655373 0.0137524557956778 0.011782032400589101
24 0.21144400785854617 0.36082474226804123 0.0054027504911591355 0.012518409425625921
24 0.21586444007858546 0.3600883652430044 0.0044204322200392925 0.013254786450662739
24 0.22077603143418467 0.3593519882179676 0.005893909626719057 0.013254786450662739
5 0.5660609037328095 0.2963917525773196 0.0054027504911591355 0.012518409425625921
27 0.656188605108055 0.280559646539028 0.04862475442043222 0.06553755522827688
27 0.6036345776031434 0.29086892488954347 0.06385068762278978 0.06848306332842416
7 0.7323182711198428 0.27393225331369664 0.04616895874263261 0.13991163475699558
7 0.4223968565815324 0.3317378497790869 0.029469548133595286 0.04491899852724595
7 0.46144400785854617 0.3247422680412371 0.029960707269155205 0.04491899852724595
6 0.38580550098231825 0.3438880706921944 0.04960707269155206 0.0743740795287187
7 0.5009823182711198 0.3240058910162003 0.029469548133595286 0.044182621502209134
7 0.5400294695481336 0.3173784977908689 0.029469548133595286 0.04491899852724595
5 0.1881139489194499 0.38843888070692195 0.0068762278978389 0.013991163475699559
15 0.22175834970530453 0.38291605301914583 0.008840864440078585 0.023564064801178203
17 0.5640962671905697 0.3229013254786451 0.012278978388998035 0.029455081001472753
5 0.2288801571709234 0.3865979381443299 0.0054027504911591355 0.012518409425625921
23 0.2581041257367387 0.3865979381443299 0.007858546168958742 0.009572901325478646
23 0.27038310412573674 0.38438880706921946 0.007858546168958742 0.010309278350515464
23 0.2824165029469548 0.38217967599410896 0.007858546168958742 0.011045655375552283
24 0.21660117878192534 0.39948453608247425 0.008349705304518664 0.008100147275405008
24 0.2075147347740668 0.4016936671575847 0.0073673870333988214 0.008100147275405008
5 0.19032416502946956 0.40942562592047127 0.005893909626719057 0.011782032400589101
24 0.20800589390962673 0.40832106038291605 0.008349705304518664 0.008836524300441826
23 0.33521611001964635 0.3854933726067747 0.0068762278978389 0.013254786450662739
7 0.8909626719056974 0.28424153166421207 0.12573673870333987 0.29013254786450665
18 0.7716110019646365 0.30670103092783507 0.007858546168958742 0.020618556701030927
7 0.5655697445972495 0.34536082474226804 0.01031434184675835 0.016936671575846832
5 0.5095776031434185 0.35640648011782033 0.01424361493123772 0.013254786450662739
5 0.3931728880157171 0.3796023564064801 0.011787819253438114 0.008836524300441826
5 0.6073182711198428 0.34241531664212077 0.0054027504911591355 0.013991163475699559
2 0.7956777996070727 0.31038291605301915 0.04076620825147348 0.03755522827687776
17 0.17239685658153242 0.4259941089837997 0.02504911591355599 0.022091310751104567
11 0.5508349705304518 0.3586156111929308 0.023575638506876228 0.022091310751104567
5 0.23231827111984282 0.4171575846833579 0.008840864440078585 0.009572901325478646
24 0.7647347740667977 0.31995581737849776 0.005893909626719057 0.012518409425625921
5 0.20481335952848723 0.4230486008836524 0.007858546168958742 0.008100147275405008
5 0.531188605108055 0.36597938144329895 0.009332023575638507 0.022091310751104567
23 0.33668958742632615 0.40316642120765833 0.0063850687622789785 0.012518409425625921
18 0.7738212180746562 0.3332106038291605 0.0063850687622789785 0.01914580265095729
7 0.8280943025540275 0.3247422680412371 0.021611001964636542 0.030927835051546393
23 0.3381630648330059 0.420839469808542 0.0068762278978389 0.011782032400589101
5 0.1925343811394892 0.4484536082474227 0.0054027504911591355 0.012518409425625921
5 0.19720039292730845 0.4473490427098675 0.005893909626719057 0.013254786450662739
5 0.38089390962671904 0.41568483063328426 0.01424361493123772 0.013254786450662739
5 0.6326129666011788 0.374079528718704 0.005893909626719057 0.012518409425625921
5 0.5795677799607073 0.38438880706921946 0.0054027504911591355 0.011782032400589101
11 0.7175834970530451 0.3604565537555228 0.029960707269155205 0.023564064801178203
2 0.7983791748526523 0.3486745213549337 0.039783889980353634 0.03829160530191458
2 0.7502455795677799 0.3582474226804124 0.0412573673870334 0.0390279823269514
5 0.6787819253438114 0.37371134020618557 0.0054027504911591355 0.013254786450662739
5 0.5928290766208252 0.3895434462444772 0.0054027504911591355 0.011782032400589101
7 0.650049115913556 0.3803387334315169 0.012770137524557957 0.030191458026509573
23 0.3393909626719057 0.4374079528718704 0.0068762278978389 0.011782032400589101
15 0.6073182711198428 0.38917525773195877 0.026522593320235755 0.030191458026509573
24 0.6222986247544204 0.3869661266568483 0.0054027504911591355 0.012518409425625921
24 0.23673870333988212 0.4587628865979381 0.005893909626719057 0.011782032400589101
5 0.5805500982318271 0.3954344624447717 0.0054027504911591355 0.011782032400589101
6 0.19720039292730845 0.4690721649484536 0.055992141453831044 0.0390279823269514
5 0.6920432220039293 0.3799705449189985 0.007858546168958742 0.016936671575846832
7 0.06286836935166994 0.49815905743740796 0.04174852652259332 0.06480117820324006
5 0.3833497053045187 0.4473490427098675 0.014734774066797643 0.013254786450662739
23 0.3406188605108055 0.45581737849779086 0.0063850687622789785 0.013254786450662739
24 0.0962671905697446 0.508100147275405 0.004911591355599214 0.011782032400589101
24 0.625 0.4116347569955817 0.0054027504911591355 0.012518409425625921
15 0.7497544204322201 0.3946980854197349 0.0137524557956778 0.022091310751104567
23 0.3423379174852652 0.4734904270986745 0.0073673870333988214 0.012518409425625921
7 0.12892927308447938 0.5125184094256259 0.03241650294695481 0.04491899852724595
7 0.6549607072691552 0.41568483063328426 0.023084479371316306 0.03313696612665685
11 0.8192534381139489 0.3869661266568483 0.03683693516699411 0.05228276877761414
18 0.09332023575638507 0.524300441826215 0.013261296660117878 0.019882179675994108
7 0.7256876227897839 0.4167893961708395 0.01424361493123772 0.030927835051546393
17 0.19204322200392926 0.5165684830633285 0.021611001964636542 0.019882179675994108
24 0.0987229862475442 0.5375552282768777 0.0054027504911591355 0.012518409425625921
7 0.20898821218074656 0.522459499263623 0.0137524557956778 0.03166421207658321
24 0.6765717092337917 0.4377761413843888 0.004911591355599214 0.013991163475699559
5 0.7399312377210217 0.4274668630338733 0.011787819253438114 0.026509572901325478
24 0.6805009823182712 0.43924889543446244 0.0044204322200392925 0.012518409425625921
5 0.6903241650294696 0.4374079528718704 0.0054027504911591355 0.012518409425625921
24 0.6552062868369352 0.44477172312223856 0.004911591355599214 0.012518409425625921
24 0.6596267190569745 0.44403534609720174 0.004911591355599214 0.013254786450662739
5 0.668467583497053 0.4421944035346097 0.004911591355599214 0.012518409425625921
24 0.6733791748526523 0.4414580265095729 0.0044204322200392925 0.011782032400589101
24 0.6645383104125737 0.4429307805596465 0.005893909626719057 0.013254786450662739
17 0.19277996070726916 0.5312960235640648 0.023084479371316306 0.01914580265095729
8 0.6984282907662083 0.43888070692194403 0.018172888015717092 0.011782032400589101
15 0.5736738703339882 0.4642857142857143 0.030451866404715127 0.04050073637702504
7 0.06728880157170923 0.5581737849779087 0.04273084479371316 0.06406480117820323
11 0.8222003929273084 0.42378497790868924 0.03487229862475442 0.03166421207658321
15 0.46660117878192536 0.49116347569955815 0.1537328094302554 0.23122238586156113
7 0.1962180746561886 0.5478645066273933 0.022102161100196464 0.017673048600883652
15 0.7544204322200393 0.44513991163475697 0.0137524557956778 0.021354933726067747
7 0.6141944990176817 0.4731222385861561 0.029960707269155205 0.055964653902798235
17 0.6453831041257367 0.4679675994108984 0.011296660117878193 0.030191458026509573
24 0.1100196463654224 0.5666421207658321 0.008840864440078585 0.008100147275405008
5 0.17583497053045186 0.5552282768777614 0.007858546168958742 0.008100147275405008
5 0.18418467583497053 0.5544918998527246 0.007858546168958742 0.008836524300441826
5 0.781679764243615 0.4480854197349043 0.018664047151277015 0.017673048600883652
24 0.11075638506876227 0.5740058910162003 0.008840864440078585 0.008100147275405008
5 0.5478880157170923 0.49337260677466865 0.0137524557956778 0.012518409425625921
7 0.13359528487229863 0.571060382916053 0.03192534381139489 0.04491899852724595
5 0.38973477406679763 0.5261413843888071 0.014734774066797643 0.013991163475699559
24 0.1112475442043222 0.5798969072164949 0.008349705304518664 0.008100147275405008
15 0.22838899803536344 0.561119293078056 0.029469548133595286 0.021354933726067747
24 0.5459233791748527 0.5033136966126657 0.007858546168958742 0.007363770250368188
6 0.18172888015717092 0.5703240058910162 0.054027504911591355 0.03460972017673049
24 0.11173870333988212 0.5868924889543446 0.008840864440078585 0.008100147275405008
15 0.5768664047151277 0.5022091310751104 0.029960707269155205 0.039764359351988215
24 0.5459233791748527 0.5106774668630338 0.0073673870333988214 0.005891016200294551
15 0.6802554027504911 0.4889543446244477 0.05795677799607073 0.08468335787923417
24 0.11222986247544205 0.593519882179676 0.008349705304518664 0.008100147275405008
5 0.7325638506876228 0.4801178203240059 0.008840864440078585 0.008836524300441826
11 0.8531434184675835 0.46023564064801176 0.03683693516699411 0.05375552282768778
7 0.5027013752455796 0.5268777614138439 0.06385068762278978 0.12739322533136965
24 0.11272102161100196 0.6001472754050073 0.008840864440078585 0.008100147275405008
18 0.06753438113948919 0.6093519882179675 0.06385068762278978 0.05522827687776141
15 0.8944007858546169 0.4569219440353461 0.021611001964636542 0.03829160530191458
7 0.7600687622789783 0.4849042709867452 0.021611001964636542 0.01914580265095729
5 0.16232809430255402 0.5946244477172312 0.008840864440078585 0.013254786450662739
7 0.6426817288801572 0.5092047128129602 0.021611001964636542 0.05375552282768778
12 0.11493123772102161 0.6078792341678939 0.010805500982318271 0.009572901325478646
5 0.724950884086444 0.4963181148748159 0.005893909626719057 0.011782032400589101
5 0.3919449901768173 0.5585419734904271 0.014734774066797643 0.013991163475699559
15 0.9307465618860511 0.4653902798232695 0.05206286836935167 0.08247422680412371
30 0.618614931237721 0.5235640648011782 0.026522593320235755 0.04786450662739323
5 0.8791748526522594 0.47680412371134023 0.012770137524557957 0.026509572901325478
24 0.7642436149312377 0.4988954344624448 0.0054027504911591355 0.012518409425625921
5 0.3924361493123772 0.5703240058910162 0.01424361493123772 0.013991163475699559
5 0.8899803536345776 0.48306332842415317 0.009332023575638507 0.008836524300441826
5 0.8258840864440079 0.49705449189985274 0.012770137524557957 0.026509572901325478
15 0.581286836935167 0.5430780559646539 0.029469548133595286 0.0390279823269514
23 0.35093320235756387 0.5898379970544919 0.005893909626719057 0.012518409425625921
5 0.393909626719057 0.5832106038291606 0.014734774066797643 0.014727540500736377
23 0.13948919449901767 0.6354933726067746 0.014734774066797643 0.021354933726067747
7 0.7448428290766208 0.5283505154639175 0.03536345776031434 0.017673048600883652
11 0.769155206286837 0.5246686303387335 0.014734774066797643 0.03460972017673049
5 0.8831041257367387 0.5066273932253313 0.012770137524557957 0.026509572901325478
11 0.8555992141453831 0.5147275405007363 0.023575638506876228 0.05375552282768778
15 0.8990667976424361 0.508100147275405 0.019646365422396856 0.03608247422680412
23 0.3526522593320236 0.6093519882179675 0.005893909626719057 0.011782032400589101
5 0.68786836935167 0.5515463917525774 0.016208251473477406 0.03460972017673049
5 0.6711689587426326 0.5552282768777614 0.015717092337917484 0.03313696612665685
15 0.20726915520628683 0.6421207658321061 0.09184675834970531 0.10824742268041238
23 0.14169941060903732 0.6579528718703976 0.01424361493123772 0.022091310751104567
5 0.9277996070726916 0.5139911634756995 0.019155206286836934 0.017673048600883652
5 0.9464636542239686 0.5121502209131075 0.01669941060903733 0.01914580265095729
5 0.406434184675835 0.6130338733431517 0.005893909626719057 0.012518409425625921
5 0.4106090373280943 0.6122974963181149 0.004911591355599214 0.012518409425625921
5 0.50049115913556 0.5964653902798233 0.01424361493123772 0.012518409425625921
15 0.8234282907662083 0.5382916053019146 0.01424361493123772 0.021354933726067747
5 0.8136051080550099 0.5408689248895434 0.009823182711198428 0.008100147275405008
7 0.7531925343811395 0.5519145802650958 0.03487229862475442 0.04344624447717231
7 0.08963654223968566 0.6748895434462445 0.093811394891945 0.10235640648011782
15 0.7927308447937131 0.5456553755522827 0.015225933202357564 0.021354933726067747
23 0.35412573673870335 0.6270250368188512 0.0063850687622789785 0.013254786450662739
15 0.6532416502946955 0.5758468335787923 0.0275049115913556 0.029455081001472753
5 0.6171414538310412 0.5832106038291606 0.0137524557956778 0.013254786450662739
11 0.5758840864440079 0.5994108983799705 0.02111984282907662 0.050073637702503684
5 0.8116404715127702 0.5585419734904271 0.018172888015717092 0.01914580265095729
5 0.593811394891945 0.5997790868924889 0.0054027504911591355 0.011782032400589101
17 0.9594793713163065 0.5327687776141384 0.012770137524557957 0.030927835051546393
5 0.6181237721021611 0.595360824742268 0.0137524557956778 0.013254786450662739
5 0.47888015717092336 0.6218703976435935 0.008349705304518664 0.021354933726067747
23 0.35535363457760316 0.644698085419735 0.005893909626719057 0.011782032400589101
5 0.6709233791748527 0.5872606774668631 0.0054027504911591355 0.011782032400589101
5 0.6758349705304518 0.5861561119293078 0.0054027504911591355 0.011782032400589101
7 0.7342829076620825 0.5754786450662739 0.011787819253438114 0.05670103092783505
7 0.7136542239685658 0.5824742268041238 0.04174852652259332 0.11192930780559647
5 0.5645874263261297 0.6119293078055965 0.008840864440078585 0.009572901325478646
15 0.14931237721021612 0.6892488954344624 0.02848722986247544 0.050073637702503684
7 0.449901768172888 0.6369661266568483 0.02848722986247544 0.04344624447717231
7 0.41036345776031435 0.644698085419735 0.028978388998035363 0.04491899852724595
5 0.619351669941061 0.6086156111929307 0.0137524557956778 0.012518409425625921
20 0.6466110019646365 0.6049337260677466 0.0068762278978389 0.016200294550810016
7 0.7514734774066798 0.5865243004418262 0.023084479371316306 0.03166421207658321
5 0.6755893909626719 0.6012518409425626 0.010805500982318271 0.010309278350515464
11 0.7725933202357563 0.5839469808541974 0.01424361493123772 0.035346097201767304
7 0.6932711198428291 0.5986745213549337 0.012278978388998035 0.03240058910162003
11 0.862475442043222 0.5684830633284241 0.03781925343811395 0.060382916053019146
15 0.9025049115913556 0.5618556701030928 0.0206286836935167 0.035346097201767304
23 0.3565815324165029 0.6631075110456554 0.0063850687622789785 0.011782032400589101
5 0.6200884086444007 0.6203976435935199 0.0137524557956778 0.012518409425625921
23 0.35854616895874264 0.6774668630338734 0.0068762278978389 0.011782032400589101
11 0.8224459724950884 0.593519882179676 0.02111984282907662 0.05228276877761414
24 0.10928290766208251 0.7268041237113402 0.005893909626719057 0.012518409425625921
5 0.8892436149312377 0.5832106038291606 0.013261296660117878 0.027245949926362298
15 0.9415520628683693 0.5736377025036818 0.05108055009823183 0.08247422680412371
11 0.7986247544204322 0.6008836524300442 0.03487229862475442 0.05228276877761414
15 0.16895874263261296 0.71759941089838 0.014734774066797643 0.018409425625920472
15 0.8700884086444007 0.5898379970544919 0.0343811394891945 0.0625920471281296
5 0.899803536345776 0.5894698085419735 0.01031434184675835 0.008100147275405008
15 0.21782907662082515 0.7286450662739322 0.05255402750491159 0.06406480117820323
24 0.2915029469548134 0.7209131075110456 0.015225933202357564 0.013254786450662739
5 0.8919449901768173 0.614138438880707 0.013261296660117878 0.028718703976435934
15 0.9076620825147348 0.6134020618556701 0.021611001964636542 0.036818851251840944
11 0.8646856581532416 0.6218703976435935 0.022102161100196464 0.05154639175257732
11 0.8428290766208252 0.625920471281296 0.021611001964636542 0.05228276877761414
20 0.1731335952848723 0.7492636229749632 0.009823182711198428 0.021354933726067747
5 0.28487229862475444 0.7323269513991163 0.0068762278978389 0.007363770250368188
5 0.3005893909626719 0.7304860088365243 0.008349705304518664 0.008836524300441826
1 0.7166011787819253 0.6553755522827688 0.04223968565815324 0.04491899852724595
2 0.7649803536345776 0.6476435935198822 0.04223968565815324 0.039764359351988215
15 0.25589390962671904 0.7459499263622975 0.011787819253438114 0.021354933726067747
5 0.9359037328094303 0.6215022091310751 0.018172888015717092 0.01914580265095729
7 0.2725933202357564 0.7444771723122239 0.0206286836935167 0.027245949926362298
18 0.7897838899803536 0.6491163475699558 0.007858546168958742 0.020618556701030927
20 0.8143418467583498 0.6454344624447718 0.03241650294695481 0.039764359351988215
5 0.9545677799607073 0.6196612665684831 0.018664047151277015 0.018409425625920472
24 0.1755893909626719 0.7636229749631811 0.008349705304518664 0.008100147275405008
12 0.17779960707269155 0.770618556701031 0.011296660117878193 0.010309278350515464
5 0.1694499017681729 0.7827687776141384 0.008840864440078585 0.022091310751104567
12 0.1137033398821218 0.7930780559646539 0.007858546168958742 0.017673048600883652
17 0.2723477406679764 0.7658321060382917 0.026031434184675836 0.022091310751104567
7 0.33079567779960706 0.7610456553755522 0.028978388998035363 0.045655375552282766
7 0.3703339882121807 0.7544182621502209 0.029469548133595286 0.04639175257731959
5 0.8700884086444007 0.6627393225331369 0.01719056974459725 0.017673048600883652
7 0.40987229862475444 0.748159057437408 0.02504911591355599 0.09941089837997054
9 0.550343811394892 0.7223858615611193 0.31335952848722987 0.21649484536082475
15 0.8975933202357563 0.6671575846833578 0.014734774066797643 0.022827687776141383
2 0.7217583497053045 0.7010309278350515 0.03683693516699411 0.03829160530191458
2 0.768664047151277 0.6932989690721649 0.04076620825147348 0.036818851251840944
2 0.8170432220039293 0.6848306332842415 0.04223968565815324 0.04050073637702504
11 0.9354125736738703 0.6682621502209131 0.03487229862475442 0.03313696612665685
18 0.7448428290766208 0.7036082474226805 0.008349705304518664 0.020618556701030927
7 0.07514734774066797 0.8276877761413843 0.1055992141453831 0.22164948453608246
18 0.7932220039292731 0.695139911634757 0.008349705304518664 0.020618556701030927
6 0.2964145383104126 0.7875552282768777 0.02848722986247544 0.08762886597938144
18 0.8420923379174853 0.6877761413843888 0.0073673870333988214 0.019882179675994108
15 0.2237229862475442 0.8074374079528719 0.08153241650294696 0.0861561119293078
5 0.9120825147347741 0.6844624447717231 0.012770137524557957 0.027982326951399118
5 0.17583497053045186 0.8199558173784978 0.008840864440078585 0.008836524300441826
5 0.9042239685658153 0.6910898379970545 0.0054027504911591355 0.015463917525773196
20 0.8217092337917485 0.7249631811487481 0.032907662082514735 0.03829160530191458
11 0.7310903732809431 0.7422680412371134 0.03536345776031434 0.03166421207658321
11 0.9408153241650294 0.7043446244477173 0.04076620825147348 0.05154639175257732
15 0.9034872298624754 0.7135493372606775 0.01424361493123772 0.022827687776141383
12 0.12008840864440079 0.8593519882179675 0.010805500982318271 0.009572901325478646
2 0.7730844793713163 0.7396907216494846 0.0412573673870334 0.039764359351988215
18 0.7973968565815324 0.741899852724595 0.007858546168958742 0.020618556701030927
20 0.32662082514734775 0.8954344624447718 0.18025540275049115 0.0625920471281296
11 0.17485265225933203 0.22312223858615612 0.028978388998035363 0.024300441826215022
7 0.8416011787819253 0.11082474226804123 0.04223968565815324 0.05891016200294551
18 0.906188605108055 0.09941089837997054 0.011296660117878193 0.029455081001472753
18 0.8929273084479371 0.10198821796759941 0.013261296660117878 0.010309278350515464
17 0.1674852652259332 0.24521354933726067 0.023084479371316306 0.024300441826215022
7 0.18393909626719057 0.24300441826215022 0.011787819253438114 0.017673048600883652
7 0.3094302554027505 0.22275405007363772 0.2411591355599214 0.12371134020618557
18 0.894155206286837 0.11524300441826216 0.012770137524557957 0.011045655375552283
7 0.549852652259332 0.1793078055964654 0.2382121807465619 0.12150220913107511
7 0.68737721021611 0.15832106038291605 0.03339882121807466 0.11782032400589101
24 0.9101178781925344 0.11818851251840942 0.008349705304518664 0.008836524300441826
27 0.850196463654224 0.13070692194403535 0.060903732809430254 0.13696612665684832
7 0.9096267190569745 0.12997054491899854 0.011787819253438114 0.017673048600883652
17 0.9209233791748527 0.13033873343151695 0.0137524557956778 0.03313696612665685
18 0.8300589390962672 0.148379970544919 0.012278978388998035 0.011045655375552283
18 0.08644400785854617 0.28976435935198824 0.01424361493123772 0.012518409425625921
17 0.7080058939096268 0.18041237113402062 0.011296660117878193 0.03166421207658321
18 0.08742632612966601 0.30301914580265094 0.0137524557956778 0.011782032400589101
17 0.18418467583497053 0.29418262150220914 0.016208251473477406 0.030927835051546393
18 0.08865422396856582 0.3159057437407953 0.015225933202357564 0.013991163475699559
7 0.1598722986247544 0.31553755522827687 0.012770137524557957 0.017673048600883652
18 0.08963654223968566 0.329160530191458 0.01424361493123772 0.011782032400589101
7 0.1881139489194499 0.3162739322533137 0.011787819253438114 0.016200294550810016
7 0.17141453831041256 0.31995581737849776 0.022102161100196464 0.10898379970544919