15 0.6818675352877307 0.24912891986062718 0.18729641693811075 0.20267131242741
15 0.3262757871878393 0.31881533101045295 0.23344191096634093 0.18466898954703834
5 0.1460369163952226 0.3826945412311266 0.06351791530944625 0.038908246225319396
24 0.50814332247557 0.34872241579558655 0.03691639522258415 0.06910569105691057
5 0.5420738327904452 0.3434959349593496 0.03854505971769816 0.07084785133565621
5 0.8995656894679696 0.2860046457607433 0.03420195439739414 0.06678281068524972
21 0.07763300760043432 0.5177119628339141 0.15526601520086863 0.8681765389082462
24 0.30184581976112923 0.4878048780487805 0.06460369163952226 0.0429732868757259
24 0.30673181324647125 0.5252613240418118 0.06406080347448426 0.0429732868757259
24 0.30700325732899025 0.525842044134727 0.06623235613463627 0.042392566782810684
6 0.19055374592833876 0.5493612078977933 0.13083604777415853 0.15098722415795587
5 0.3485342019543974 0.6112078977932637 0.048317046688382194 0.08478513356562137
15 0.8878935939196525 0.5319396051103368 0.11889250814332247 0.18118466898954705
15 0.5518458197611292 0.6010452961672473 0.3789359391965255 0.4088269454123113
5 0.2950597176981542 0.7709059233449478 0.04723127035830619 0.0859465737514518
5 0.9712269272529859 0.7366434378629501 0.05646036916395222 0.04123112659698026
5 0.8224755700325733 0.7671312427409989 0.04560260586319218 0.08478513356562137
5 0.7812160694896851 0.7752613240418118 0.04723127035830619 0.0859465737514518
5 0.8585776330076005 0.7630662020905923 0.039630836047774155 0.07200929152148665
15 0.9052660152008686 0.7755516840882695 0.054831704668838216 0.052845528455284556
5 0.6758957654723127 0.8252032520325203 0.038002171552660155 0.06910569105691057
5 0.7087404994571118 0.8191056910569106 0.039630836047774155 0.06968641114982578
5 0.739685124864278 0.8144599303135889 0.03691639522258415 0.06968641114982578
5 0.9717698154180239 0.7775842044134728 0.05537459283387622 0.053426248548199766
7 0.6634093376764386 0.042682926829268296 0.21064060803474485 0.08536585365853659
21 0.5909337676438654 0.8992450638792102 0.8170466883821933 0.20034843205574912
15 0.44842562432138977 0.040360046457607435 0.08469055374592833 0.07375145180023229
16 0.3545059717698154 0.06097560975609756 0.08849077090119435 0.09407665505226481
24 0.5138436482084691 0.03281068524970964 0.041802388707926165 0.06562137049941928
5 0.2945168295331162 0.07229965156794425 0.0494028230184582 0.08478513356562137
17 0.1444082519001086 0.10481997677119628 0.11889250814332247 0.09291521486643438
7 0.22122692725298587 0.09610917537746806 0.057003257328990226 0.06968641114982578
5 0.7937024972855592 0.029616724738675958 0.04125950054288816 0.059233449477351915
24 0.507328990228013 0.09349593495934959 0.06514657980456026 0.042392566782810684
24 0.3536916395222584 0.15127758420441348 0.06623235613463627 0.03948896631823461
24 0.4182953311617807 0.14111498257839722 0.06514657980456026 0.04413472706155633
24 0.511400651465798 0.12456445993031359 0.06351791530944625 0.0429732868757259
7 0.8756786102062974 0.11701509872241579 0.08686210640608034 0.23403019744483158
15 0.5238870792616721 0.21428571428571427 0.11237785016286644 0.14692218350754935
6 0.8137893593919653 0.1991869918699187 0.1259500542888165 0.28281068524970965