31 0.495 0.21967213114754097 0.041666666666666664 0.02459016393442623
7 0.3275 0.24754098360655738 0.095 0.05573770491803279
20 0.41083333333333333 0.24016393442622952 0.04 0.02459016393442623
20 0.4116666666666667 0.2614754098360656 0.041666666666666664 0.021311475409836064
5 0.7983333333333333 0.24180327868852458 0.043333333333333335 0.02459016393442623
20 0.415 0.2827868852459016 0.04 0.021311475409836064
31 0.7058333333333333 0.2581967213114754 0.023333333333333334 0.040983606557377046
31 0.38666666666666666 0.2967213114754098 0.021666666666666667 0.03770491803278689
31 0.5441666666666667 0.2975409836065574 0.023333333333333334 0.03934426229508197
31 0.20666666666666667 0.3319672131147541 0.04 0.02459016393442623
31 0.5441666666666667 0.33852459016393444 0.03833333333333333 0.021311475409836064
5 0.6833333333333333 0.34098360655737703 0.10833333333333334 0.07049180327868852
31 0.4583333333333333 0.36311475409836064 0.028333333333333332 0.03934426229508197
21 0.0375 0.4278688524590164 0.075 0.3475409836065574
5 0.5766666666666667 0.3844262295081967 0.043333333333333335 0.07540983606557378
31 0.49083333333333334 0.40491803278688526 0.04 0.02622950819672131
31 0.37833333333333335 0.4163934426229508 0.04 0.022950819672131147
31 0.495 0.4245901639344262 0.03833333333333333 0.022950819672131147
24 0.42833333333333334 0.4377049180327869 0.021666666666666667 0.03934426229508197
31 0.31833333333333336 0.46885245901639344 0.023333333333333334 0.03770491803278689
31 0.25416666666666665 0.48688524590163934 0.021666666666666667 0.036065573770491806
24 0.4325 0.4737704918032787 0.023333333333333334 0.036065573770491806
16 0.525 0.4663934426229508 0.03 0.05737704918032787
31 0.5041666666666667 0.4704918032786885 0.023333333333333334 0.03934426229508197
16 0.37416666666666665 0.48442622950819675 0.03 0.054098360655737705
30 0.73 0.45491803278688525 0.05 0.04426229508196721
31 0.32916666666666666 0.49508196721311476 0.03833333333333333 0.022950819672131147
31 0.4058333333333333 0.5065573770491804 0.03833333333333333 0.019672131147540985
24 0.48083333333333333 0.5008196721311475 0.04 0.022950819672131147
5 0.44333333333333336 0.5049180327868853 0.03666666666666667 0.02459016393442623
24 0.7308333333333333 0.4967213114754098 0.041666666666666664 0.022950819672131147
31 0.5516666666666666 0.5131147540983606 0.041666666666666664 0.027868852459016394
31 0.5091666666666667 0.521311475409836 0.025 0.03934426229508197
24 0.435 0.5344262295081967 0.025 0.03770491803278689
31 0.3516666666666667 0.5434426229508197 0.041666666666666664 0.02459016393442623
24 0.775 0.5237704918032787 0.02 0.040983606557377046
24 0.8016666666666666 0.5237704918032787 0.023333333333333334 0.03770491803278689
7 0.4725 0.07377049180327869 0.945 0.14754098360655737
24 0.5133333333333333 0.5598360655737705 0.02666666666666667 0.040983606557377046
31 0.44 0.5704918032786885 0.02666666666666667 0.036065573770491806
24 0.3591666666666667 0.5827868852459016 0.04 0.022950819672131147
31 0.29083333333333333 0.5942622950819673 0.02666666666666667 0.03934426229508197
31 0.42333333333333334 0.6065573770491803 0.023333333333333334 0.03934426229508197
31 0.5991666666666666 0.6098360655737705 0.02666666666666667 0.03934426229508197
31 0.465 0.6360655737704918 0.023333333333333334 0.03770491803278689
7 0.059166666666666666 0.6959016393442623 0.07666666666666666 0.14918032786885246
5 0.5458333333333333 0.7073770491803278 0.07166666666666667 0.10491803278688525
24 0.355 0.7737704918032787 0.023333333333333334 0.040983606557377046
24 0.38916666666666666 0.7729508196721312 0.02666666666666667 0.04426229508196721
24 0.5333333333333333 0.7745901639344263 0.04 0.02459016393442623
5 0.8166666666666667 0.7836065573770492 0.105 0.07213114754098361
31 0.5941666666666666 0.8057377049180328 0.023333333333333334 0.036065573770491806
15 0.5441666666666667 0.8131147540983606 0.06 0.05573770491803279
31 0.49583333333333335 0.8270491803278689 0.02666666666666667 0.03934426229508197
7 0.5275 0.9295081967213115 0.9416666666666667 0.1377049180327869