31 0.5645973154362416 0.2268976897689769 0.0436241610738255 0.028052805280528052
7 0.39429530201342283 0.2136963696369637 0.09899328859060402 0.06105610561056106
20 0.4773489932885906 0.2268976897689769 0.04194630872483222 0.026402640264026403
20 0.47231543624161076 0.24752475247524752 0.04194630872483222 0.024752475247524754
5 0.8548657718120806 0.320957095709571 0.04530201342281879 0.028052805280528052
20 0.4697986577181208 0.26897689768976896 0.040268456375838924 0.0231023102310231
31 0.7609060402684564 0.31518151815181517 0.026845637583892617 0.0429042904290429
31 0.4395973154362416 0.2755775577557756 0.02348993288590604 0.037953795379537955
31 0.5922818791946308 0.31518151815181517 0.025167785234899327 0.041254125412541254
31 0.2550335570469799 0.26732673267326734 0.04194630872483222 0.026402640264026403
31 0.5830536912751678 0.35396039603960394 0.03859060402684564 0.0231023102310231
5 0.7181208053691275 0.39026402640264024 0.11241610738255034 0.07755775577557755
31 0.49328859060402686 0.3580858085808581 0.030201342281879196 0.041254125412541254
21 0.057885906040268456 0.3184818481848185 0.11241610738255034 0.34983498349834985
5 0.6031879194630873 0.4075907590759076 0.04865771812080537 0.07755775577557755
31 0.514261744966443 0.40594059405940597 0.04194630872483222 0.028052805280528052
31 0.401006711409396 0.3910891089108911 0.04194630872483222 0.024752475247524754
31 0.5134228187919463 0.4265676567656766 0.040268456375838924 0.024752475247524754
24 0.44546979865771813 0.4240924092409241 0.02348993288590604 0.039603960396039604
31 0.3296979865771812 0.4273927392739274 0.025167785234899327 0.039603960396039604
31 0.2634228187919463 0.4298679867986799 0.02348993288590604 0.036303630363036306
24 0.44043624161073824 0.45957095709570955 0.025167785234899327 0.037953795379537955
16 0.5318791946308725 0.4752475247524752 0.03355704697986577 0.0594059405940594
31 0.5109060402684564 0.4744224422442244 0.025167785234899327 0.041254125412541254
16 0.3808724832214765 0.45627062706270627 0.03355704697986577 0.056105610561056105
30 0.735738255033557 0.5123762376237624 0.053691275167785234 0.04785478547854786
31 0.3338926174496644 0.45544554455445546 0.040268456375838924 0.024752475247524754
31 0.40604026845637586 0.48514851485148514 0.03859060402684564 0.02145214521452145
24 0.48070469798657717 0.4975247524752475 0.04194630872483222 0.024752475247524754
5 0.4437919463087248 0.49257425742574257 0.03859060402684564 0.026402640264026403
24 0.7256711409395973 0.5536303630363036 0.0436241610738255 0.026402640264026403
31 0.5469798657718121 0.5264026402640264 0.0436241610738255 0.03135313531353135
31 0.5033557046979866 0.5247524752475248 0.026845637583892617 0.041254125412541254
24 0.4278523489932886 0.5198019801980198 0.026845637583892617 0.039603960396039604
31 0.34395973154362414 0.5082508250825083 0.0436241610738255 0.028052805280528052
24 0.7625838926174496 0.5907590759075908 0.02348993288590604 0.041254125412541254
24 0.7885906040268457 0.5965346534653465 0.025167785234899327 0.039603960396039604
7 0.5385906040268457 0.09158415841584158 0.9194630872483222 0.18316831683168316
24 0.4983221476510067 0.5635313531353136 0.030201342281879196 0.0429042904290429
31 0.4236577181208054 0.5561056105610561 0.028523489932885907 0.037953795379537955
24 0.3414429530201342 0.5486798679867987 0.04194630872483222 0.024752475247524754
31 0.27181208053691275 0.5437293729372937 0.028523489932885907 0.041254125412541254
31 0.39848993288590606 0.5866336633663366 0.025167785234899327 0.041254125412541254
31 0.5696308724832215 0.6328382838283828 0.028523489932885907 0.041254125412541254
31 0.4320469798657718 0.6262376237623762 0.025167785234899327 0.039603960396039604
7 0.031879194630872486 0.5874587458745875 0.06375838926174497 0.1551155115511551
5 0.49328859060402686 0.7153465346534653 0.07885906040268456 0.10891089108910891
24 0.2902684563758389 0.7343234323432343 0.026845637583892617 0.0429042904290429
24 0.3238255033557047 0.7417491749174917 0.030201342281879196 0.0462046204620462
24 0.46476510067114096 0.778052805280528 0.04194630872483222 0.026402640264026403
5 0.738255033557047 0.8547854785478548 0.10906040268456375 0.07920792079207921
31 0.5159395973154363 0.8226072607260726 0.025167785234899327 0.037953795379537955
15 0.46560402684563756 0.8176567656765676 0.06208053691275168 0.0594059405940594
31 0.41442953020134227 0.8201320132013201 0.028523489932885907 0.041254125412541254
7 0.4546979865771812 0.9133663366336634 0.9093959731543624 0.16996699669966997