31 0.5821678321678322 0.20086206896551725 0.045454545454545456 0.029310344827586206
7 0.40559440559440557 0.1810344827586207 0.1048951048951049 0.06724137931034482
20 0.49125874125874125 0.19741379310344828 0.043706293706293704 0.029310344827586206
20 0.486013986013986 0.2189655172413793 0.045454545454545456 0.02586206896551724
5 0.8811188811188811 0.3086206896551724 0.0472027972027972 0.03103448275862069
20 0.4825174825174825 0.2413793103448276 0.043706293706293704 0.02586206896551724
31 0.7832167832167832 0.3 0.027972027972027972 0.04482758620689655
31 0.45017482517482516 0.24741379310344827 0.026223776223776224 0.041379310344827586
31 0.6083916083916084 0.29310344827586204 0.027972027972027972 0.04310344827586207
31 0.25786713286713286 0.23103448275862068 0.043706293706293704 0.029310344827586206
31 0.597027972027972 0.33448275862068966 0.04195804195804196 0.02586206896551724
5 0.736013986013986 0.3767241379310345 0.11888111888111888 0.08448275862068966
31 0.5034965034965035 0.33448275862068966 0.033216783216783216 0.04310344827586207
21 0.05944055944055944 0.2810344827586207 0.11888111888111888 0.36551724137931035
5 0.6162587412587412 0.3905172413793103 0.05244755244755245 0.08103448275862069
31 0.5236013986013986 0.38620689655172413 0.043706293706293704 0.03103448275862069
31 0.40646853146853146 0.36637931034482757 0.043706293706293704 0.027586206896551724
31 0.5218531468531469 0.4077586206896552 0.04195804195804196 0.027586206896551724
24 0.45104895104895104 0.4017241379310345 0.026223776223776224 0.04310344827586207
31 0.3304195804195804 0.4017241379310345 0.027972027972027972 0.041379310344827586
31 0.26136363636363635 0.4017241379310345 0.026223776223776224 0.039655172413793106
24 0.44405594405594406 0.4396551724137931 0.027972027972027972 0.039655172413793106
16 0.5393356643356644 0.4586206896551724 0.03671328671328671 0.06206896551724138
31 0.5174825174825175 0.45689655172413796 0.027972027972027972 0.04310344827586207
16 0.381993006993007 0.4336206896551724 0.03671328671328671 0.05862068965517241
30 0.75 0.5051724137931034 0.055944055944055944 0.05172413793103448
31 0.3339160839160839 0.43103448275862066 0.04195804195804196 0.027586206896551724
31 0.40821678321678323 0.4646551724137931 0.04195804195804196 0.02413793103448276
24 0.48513986013986016 0.48017241379310344 0.043706293706293704 0.027586206896551724
5 0.44667832167832167 0.47413793103448276 0.04020979020979021 0.029310344827586206
24 0.7386363636363636 0.5474137931034483 0.045454545454545456 0.027586206896551724
31 0.5524475524475524 0.5129310344827587 0.045454545454545456 0.032758620689655175
31 0.5078671328671329 0.5094827586206897 0.02972027972027972 0.04310344827586207
24 0.4291958041958042 0.5017241379310344 0.02972027972027972 0.041379310344827586
31 0.34265734265734266 0.4862068965517241 0.045454545454545456 0.029310344827586206
24 0.7744755244755245 0.5879310344827586 0.024475524475524476 0.04310344827586207
24 0.8015734265734266 0.5948275862068966 0.027972027972027972 0.041379310344827586
7 0.5454545454545454 0.08620689655172414 0.9055944055944056 0.1724137931034483
24 0.5008741258741258 0.5491379310344827 0.03146853146853147 0.04482758620689655
31 0.42395104895104896 0.5387931034482759 0.03146853146853147 0.039655172413793106
24 0.3382867132867133 0.528448275862069 0.043706293706293704 0.027586206896551724
31 0.26573426573426573 0.5206896551724138 0.03146853146853147 0.04310344827586207
31 0.395979020979021 0.5706896551724138 0.027972027972027972 0.04310344827586207
31 0.5725524475524476 0.6241379310344828 0.03146853146853147 0.04310344827586207
31 0.43006993006993005 0.6129310344827587 0.027972027972027972 0.041379310344827586
7 0.026223776223776224 0.5594827586206896 0.05244755244755245 0.16379310344827586
5 0.49038461538461536 0.7077586206896552 0.08566433566433566 0.11551724137931034
24 0.27797202797202797 0.7206896551724138 0.027972027972027972 0.04482758620689655
24 0.3120629370629371 0.7293103448275862 0.033216783216783216 0.04827586206896552
24 0.458041958041958 0.7724137931034483 0.043706293706293704 0.029310344827586206
5 0.7403846153846154 0.8620689655172413 0.11538461538461539 0.08620689655172414
31 0.5096153846153846 0.8206896551724138 0.027972027972027972 0.039655172413793106
15 0.458041958041958 0.8137931034482758 0.06643356643356643 0.06379310344827586
31 0.40384615384615385 0.8146551724137931 0.03146853146853147 0.04310344827586207
7 0.4554195804195804 0.9025862068965518 0.9108391608391608 0.19137931034482758