21 0.1395656779661017 0.40869565217391307 0.0625 0.10652173913043478
21 0.048199152542372885 0.4246376811594203 0.04766949152542373 0.043478260869565216
21 0.9671610169491526 0.35434782608695653 0.038135593220338986 0.15507246376811595
21 0.15889830508474576 0.5054347826086957 0.03177966101694915 0.07391304347826087
21 0.2041843220338983 0.5101449275362319 0.024364406779661018 0.06159420289855073
21 0.9361758474576272 0.43623188405797103 0.02754237288135593 0.036231884057971016
21 0.8919491525423728 0.46847826086956523 0.0614406779661017 0.07608695652173914
21 0.8188559322033898 0.48079710144927534 0.0614406779661017 0.07608695652173914
24 0.9359110169491526 0.4822463768115942 0.00847457627118644 0.018115942028985508
21 0.9427966101694916 0.49927536231884057 0.025953389830508475 0.036231884057971016
21 0.9788135593220338 0.5072463768115942 0.02701271186440678 0.0963768115942029
21 0.863082627118644 0.5550724637681159 0.10805084745762712 0.08478260869565217
21 0.9467690677966102 0.5550724637681159 0.026483050847457626 0.034782608695652174
21 0.760593220338983 0.5978260869565217 0.03760593220338983 0.15579710144927536
21 0.9536546610169492 0.6202898550724638 0.026483050847457626 0.034782608695652174
21 0.988082627118644 0.6340579710144928 0.022775423728813558 0.09420289855072464
21 0.052701271186440676 0.08949275362318841 0.014830508474576272 0.020289855072463767
21 0.873146186440678 0.6608695652173913 0.05031779661016949 0.10797101449275362
21 0.8236228813559322 0.6692028985507247 0.025953389830508475 0.10144927536231885
21 0.9229343220338984 0.6521739130434783 0.02754237288135593 0.10289855072463767
21 0.9570974576271186 0.6699275362318841 0.026483050847457626 0.036231884057971016
21 0.9642478813559322 0.7543478260869565 0.026483050847457626 0.036231884057971016
21 0.9928495762711864 0.7615942028985507 0.013241525423728813 0.09710144927536232
21 0.9692796610169492 0.8101449275362319 0.029661016949152543 0.05434782608695652
21 0.6223516949152542 0.8692028985507246 0.3866525423728814 0.11811594202898551
21 0.2735699152542373 0.981159420289855 0.10646186440677965 0.036231884057971016
7 0.918167372881356 0.02318840579710145 0.08421610169491525 0.0463768115942029
24 0.8620233050847458 0.0018115942028985507 0.013241525423728813 0.0036231884057971015
21 0.03866525423728814 0.17065217391304346 0.03125 0.06594202898550725
21 0.894332627118644 0.058695652173913045 0.01641949152542373 0.050724637681159424
21 0.023569915254237288 0.23659420289855074 0.047139830508474576 0.24710144927536232
21 0.1027542372881356 0.25507246376811593 0.05190677966101695 0.1463768115942029
21 0.04978813559322034 0.2894927536231884 0.0323093220338983 0.06739130434782609
21 0.9520656779661016 0.18007246376811595 0.03760593220338983 0.15434782608695652