21 0.1611328125 0.4642857142857143 0.0615234375 0.10213618157543392
21 0.077880859375 0.4869826435246996 0.04541015625 0.043391188251001335
21 0.919677734375 0.34145527369826434 0.0419921875 0.14352469959946595
21 0.18359375 0.5514018691588785 0.03271484375 0.07009345794392523
21 0.225341796875 0.5520694259012016 0.02490234375 0.05740987983978638
21 0.89501953125 0.41955941255006673 0.02685546875 0.035380507343124167
21 0.85595703125 0.4529372496662216 0.05908203125 0.07409879839786382
21 0.789306640625 0.4706275033377837 0.05908203125 0.07409879839786382
24 0.89697265625 0.46194926568758343 0.00830078125 0.017356475300400534
21 0.904052734375 0.47696929238985314 0.025390625 0.035380507343124167
21 0.9375 0.4809746328437917 0.02880859375 0.08945260347129506
21 0.833251953125 0.5350467289719626 0.1015625 0.08611481975967958
21 0.910400390625 0.5277036048064085 0.025390625 0.03404539385847797
21 0.7412109375 0.5834445927903872 0.04150390625 0.14419225634178906
21 0.919677734375 0.5871161548731643 0.025390625 0.03404539385847797
21 0.953857421875 0.5964619492656876 0.02880859375 0.08744993324432576
21 0.06640625 0.17857142857142858 0.01416015625 0.019359145527369826
21 0.847412109375 0.6315086782376502 0.05078125 0.10213618157543392
21 0.802490234375 0.6435246995994659 0.02880859375 0.09412550066755675
21 0.89306640625 0.6191588785046729 0.02978515625 0.09546061415220294
21 0.92529296875 0.6325100133511349 0.02587890625 0.035380507343124167
21 0.935546875 0.709279038718291 0.02587890625 0.035380507343124167
21 0.969482421875 0.7126168224299065 0.0302734375 0.08945260347129506
21 0.94287109375 0.760347129506008 0.029296875 0.0520694259012016
21 0.626708984375 0.8451268357810414 0.35498046875 0.14152202937249667
21 0.3115234375 0.9783044058744993 0.0986328125 0.04205607476635514
24 0.817626953125 0.012349799732977304 0.01025390625 0.018024032042723633
24 0.830078125 0.015020026702269693 0.01123046875 0.012683578104138851
7 0.857666015625 0.03271028037383177 0.08154296875 0.06542056074766354
24 0.80615234375 0.021361815754339118 0.01220703125 0.014018691588785047
21 0.05712890625 0.2546728971962617 0.03173828125 0.06275033377837116
21 0.838623046875 0.07610146862483311 0.017578125 0.04739652870493992
21 0.045166015625 0.31608811748998666 0.05615234375 0.22696929238985314
21 0.1201171875 0.32610146862483314 0.05419921875 0.13684913217623498
21 0.072998046875 0.36248331108144194 0.03271484375 0.06341789052069426
21 0.897705078125 0.1829105473965287 0.04150390625 0.14285714285714285
21 0.080810546875 0.1321762349799733 0.02978515625 0.06408544726301736