5 0.6569940476190477 0.36974219810040704 0.016865079365079364 0.032564450474898234
21 0.6748511904761905 0.36702849389416553 0.017361111111111112 0.04952510176390773
21 0.8365575396825397 0.3402306648575305 0.04662698412698413 0.1044776119402985
21 0.05828373015873016 0.5278154681139756 0.04017857142857143 0.030529172320217096
21 0.683531746031746 0.439280868385346 0.018353174603174604 0.05088195386702849
5 0.21651785714285715 0.5905698778833107 0.010912698412698412 0.010854816824966078
21 0.8489583333333334 0.4406377204884668 0.03422619047619048 0.09090909090909091
7 0.9107142857142857 0.42774762550881956 0.05704365079365079 0.19674355495251017
21 0.17063492063492064 0.1248303934871099 0.040674603174603176 0.04613297150610583
21 0.3236607142857143 0.08853459972862958 0.04017857142857143 0.042740841248303935
21 0.2482638888888889 0.11024423337856173 0.08680555555555555 0.04748982360922659
21 0.8581349206349206 0.5149253731343284 0.039186507936507936 0.05359565807327001
21 0.1158234126984127 0.7550881953867028 0.04563492063492063 0.12347354138398914
21 0.14508928571428573 0.748303934871099 0.032242063492063495 0.0773405698778833
21 0.9010416666666666 0.5905698778833107 0.017361111111111112 0.04952510176390773
21 0.7338789682539683 0.025440976933514246 0.07093253968253968 0.05088195386702849
24 0.8975694444444444 0.649932157394844 0.011408730158730158 0.018317503392130258
20 0.9206349206349206 0.6445047489823609 0.011408730158730158 0.021709633649932156
24 0.8856646825396826 0.6597693351424695 0.01240079365079365 0.012890094979647219
24 0.9097222222222222 0.6540027137042063 0.012896825396825396 0.014246947082767978
7 0.9377480158730159 0.6478968792401628 0.07936507936507936 0.11058344640434192
21 0.12053571428571429 0.8768656716417911 0.02976190476190476 0.06377204884667571
21 0.9174107142857143 0.7170963364993216 0.016865079365079364 0.051560379918588875
21 0.10441468253968254 0.9104477611940298 0.056051587301587304 0.17774762550881953
21 0.18328373015873015 0.9409769335142469 0.05505952380952381 0.11668928086838534
21 0.1341765873015873 0.9762550881953868 0.03125 0.04613297150610583
21 0.25223214285714285 0.1451831750339213 0.057539682539682536 0.046811397557666216
21 0.9747023809523809 0.8225915875169606 0.04117063492063492 0.14111261872455902
5 0.10987103174603174 0.1855495251017639 0.018353174603174604 0.03867028493894165
5 0.3940972222222222 0.11906377204884667 0.016865079365079364 0.03459972862957938
21 0.7973710317460317 0.030529172320217096 0.052083333333333336 0.06105834464043419
21 0.5305059523809523 0.09226594301221167 0.0882936507936508 0.1621438263229308
21 0.8256448412698413 0.09226594301221167 0.057539682539682536 0.08955223880597014
7 0.029265873015873016 0.29511533242876525 0.029265873015873016 0.13772048846675713
21 0.814484126984127 0.16587516960651288 0.03968253968253968 0.05495251017639077
5 0.6391369047619048 0.2225237449118046 0.016865079365079364 0.035278154681139755
21 0.65625 0.21913161465400272 0.017857142857142856 0.05223880597014925
21 0.7366071428571429 0.20115332428765265 0.07341269841269842 0.06716417910447761
5 0.6750992063492064 0.23236092265943012 0.01636904761904762 0.03324287652645862
21 0.041666666666666664 0.3914518317503392 0.039186507936507936 0.027137042062415198
21 0.7170138888888888 0.24932157394843962 0.04017857142857143 0.027815468113975575
21 0.8234126984126984 0.2394843962008141 0.03720238095238095 0.09090909090909091
7 0.8841765873015873 0.22896879240162823 0.057539682539682536 0.1960651289009498
7 0.045882936507936505 0.43113975576662145 0.028769841269841268 0.02103120759837178
21 0.6644345238095238 0.29138398914518315 0.017361111111111112 0.048846675712347354