10 0.1560590631364562 0.37047353760445684 0.019348268839103868 0.01532033426183844
5 0.6262729124236253 0.3373955431754875 0.010692464358452138 0.009749303621169917
5 0.2209775967413442 0.36664345403899723 0.01374745417515275 0.012534818941504178
30 0.25636456211812625 0.37186629526462395 0.016293279022403257 0.02437325905292479
5 0.2431262729124236 0.3725626740947075 0.008655804480651732 0.0201949860724234
5 0.1909368635437882 0.3812674094707521 0.007128309572301426 0.014623955431754874
5 0.1810081466395112 0.38474930362116994 0.008655804480651732 0.019498607242339833
23 0.7912423625254582 0.34192200557103064 0.014256619144602852 0.022284122562674095
11 0.6173625254582484 0.3568941504178273 0.03767820773930754 0.02298050139275766
10 0.15631364562118127 0.3906685236768802 0.019348268839103868 0.01532033426183844
5 0.24490835030549898 0.38997214484679665 0.009164969450101833 0.008356545961002786
24 0.8082993890020367 0.34958217270194986 0.008146639511201629 0.019498607242339833
5 0.26323828920570264 0.38997214484679665 0.01883910386965377 0.013927576601671309
15 0.7530549898167006 0.3555013927576602 0.03665987780040733 0.07311977715877438
5 0.7780040733197556 0.35863509749303624 0.008146639511201629 0.018105849582172703
14 0.5224032586558045 0.37848189415041783 0.10437881873727088 0.1977715877437326
5 0.24490835030549898 0.4025069637883008 0.010692464358452138 0.009749303621169917
15 0.21690427698574338 0.4052924791086351 0.04175152749490835 0.06824512534818941
5 0.1840631364562118 0.4091225626740947 0.006109979633401222 0.012534818941504178
24 0.16522403258655805 0.4115598885793872 0.008146639511201629 0.020891364902506964
24 0.17540733197556008 0.41086350974930363 0.007637474541751527 0.018105849582172703
5 0.2640020366598778 0.4052924791086351 0.01883910386965377 0.013927576601671309
5 0.6545315682281059 0.3788300835654596 0.009164969450101833 0.0201949860724234
11 0.6186354378818737 0.38614206128133705 0.03818737270875764 0.022284122562674095
23 0.7970977596741344 0.3732590529247911 0.014765784114052953 0.022284122562674095
5 0.2454175152749491 0.415041782729805 0.009674134419551934 0.010445682451253482
5 0.3230651731160896 0.40947075208913647 0.003564154786150713 0.012534818941504178
28 0.19170061099796334 0.4216573816155989 0.007637474541751527 0.010445682451253482
24 0.8095723014256619 0.3816155988857939 0.007637474541751527 0.016713091922005572
24 0.17566191446028515 0.431058495821727 0.008146639511201629 0.018105849582172703
24 0.1659877800407332 0.43454038997214484 0.008146639511201629 0.019498607242339833
5 0.18482688391038696 0.43419220055710306 0.00560081466395112 0.012534818941504178
30 0.25865580448065173 0.42862116991643456 0.015784114052953158 0.02437325905292479
5 0.24592668024439918 0.43036211699164345 0.008655804480651732 0.018802228412256268
5 0.6278004073319755 0.4049442896935933 0.01374745417515275 0.012534818941504178
11 0.2953156822810591 0.43036211699164345 0.054989816700611 0.0766016713091922
5 0.780040733197556 0.3983286908077994 0.008655804480651732 0.018802228412256268
5 0.19271894093686354 0.44045961002785516 0.0050916496945010185 0.013231197771587743
23 0.7935336048879837 0.4035515320334262 0.01374745417515275 0.020891364902506964
15 0.5969959266802444 0.4206128133704735 0.048879837067209775 0.04317548746518106
5 0.6285641547861507 0.4188718662952646 0.014765784114052953 0.012534818941504178
24 0.8207739307535642 0.40598885793871864 0.008146639511201629 0.018105849582172703
24 0.810081466395112 0.4073816155988858 0.008655804480651732 0.017409470752089137
20 0.2214867617107943 0.4543871866295265 0.007637474541751527 0.016713091922005572
5 0.24643584521384929 0.4533426183844011 0.008146639511201629 0.019498607242339833
24 0.21334012219959267 0.45647632311977715 0.008655804480651732 0.019498607242339833
24 0.20315682281059064 0.4578690807799443 0.008655804480651732 0.019498607242339833
24 0.1929735234215886 0.45856545961002787 0.009164969450101833 0.0201949860724234
24 0.18329938900203666 0.4592618384401114 0.008655804480651732 0.02158774373259053
7 0.9236252545824847 0.407033426183844 0.037169042769857434 0.0201949860724234
11 0.25865580448065173 0.45647632311977715 0.015274949083503055 0.029944289693593314
5 0.630091649694501 0.4334958217270195 0.010183299389002037 0.00766016713091922
7 0.700356415478615 0.43279944289693595 0.07077393075356415 0.26323119777158777
23 0.7945519348268839 0.42653203342618384 0.014256619144602852 0.02158774373259053
15 0.755346232179226 0.4300139275766017 0.03615071283095723 0.07242339832869081
5 0.31771894093686354 0.46413649025069637 0.007128309572301426 0.005571030640668524
20 0.914714867617108 0.42409470752089135 0.01374745417515275 0.012534818941504178
24 0.929989816700611 0.42374651810584957 0.014765784114052953 0.013231197771587743
10 0.159877800407332 0.4832869080779944 0.01883910386965377 0.013231197771587743
5 0.7805498981670062 0.43941504178272983 0.008655804480651732 0.018802228412256268
24 0.17769857433808553 0.48259052924791085 0.014256619144602852 0.011838440111420613
11 0.6209266802443992 0.45229805013927576 0.03767820773930754 0.02576601671309192
11 0.6512219959266803 0.4516016713091922 0.02189409368635438 0.022284122562674095
5 0.3179735234215886 0.4752785515320334 0.008146639511201629 0.006963788300835654
5 0.24465376782077394 0.4895543175487465 0.008655804480651732 0.0201949860724234
5 0.23447046843177188 0.49059888579387184 0.008655804480651732 0.019498607242339833
24 0.2629837067209776 0.4899025069637883 0.017820773930753563 0.014623955431754874
15 0.20977596741344195 0.4958217270194986 0.03767820773930754 0.04596100278551532
10 0.16064154786150714 0.5041782729805014 0.018329938900203666 0.013231197771587743
24 0.17846232179226068 0.5034818941504178 0.013238289205702648 0.011142061281337047
11 0.29786150712830956 0.5076601671309192 0.0560081466395112 0.07103064066852367
11 0.5695010183299389 0.4881615598885794 0.03818737270875764 0.025069637883008356
5 0.23523421588594703 0.5118384401114207 0.008655804480651732 0.018802228412256268
5 0.2454175152749491 0.5111420612813371 0.008146639511201629 0.018802228412256268
5 0.6015784114052953 0.4878133704735376 0.0050916496945010185 0.011838440111420613
5 0.6588594704684317 0.48363509749303624 0.006619144602851324 0.012534818941504178
24 0.790224032586558 0.47493036211699163 0.01374745417515275 0.011838440111420613
24 0.2645112016293279 0.5132311977715878 0.01883910386965377 0.01532033426183844
10 0.1614052953156823 0.5243732590529248 0.018329938900203666 0.014623955431754874
24 0.17922606924643583 0.5236768802228412 0.01374745417515275 0.009749303621169917
5 0.19679226069246436 0.532033426183844 0.009164969450101833 0.019498607242339833
24 0.790224032586558 0.4895543175487465 0.01374745417515275 0.011838440111420613
11 0.2135947046843177 0.5309888579387186 0.021384928716904276 0.020891364902506964
24 0.17871690427698575 0.536908077994429 0.013238289205702648 0.011838440111420613
11 0.5697556008146639 0.5104456824512534 0.038696537678207736 0.02437325905292479
5 0.23319755600814665 0.5358635097493036 0.01374745417515275 0.013231197771587743
15 0.6313645621181263 0.508008356545961 0.048879837067209775 0.08356545961002786
5 0.839867617107943 0.49512534818941506 0.008655804480651732 0.018802228412256268
11 0.8561608961303462 0.4947771587743733 0.02189409368635438 0.022284122562674095
11 0.2525458248472505 0.5386490250696379 0.02189409368635438 0.0201949860724234
5 0.8312118126272913 0.4972144846796657 0.006619144602851324 0.014623955431754874
10 0.16216904276985744 0.5452646239554317 0.018329938900203666 0.014623955431754874
20 0.8854378818737271 0.4996518105849582 0.032586558044806514 0.04317548746518106
5 0.6028513238289206 0.5233286908077994 0.006619144602851324 0.014623955431754874
5 0.2158859470468432 0.5511838440111421 0.014256619144602852 0.013231197771587743
5 0.20010183299389003 0.552924791086351 0.01374745417515275 0.011838440111420613
7 0.10208757637474541 0.5598885793871866 0.1094704684317719 0.20612813370473537
11 0.5524439918533605 0.0483983286908078 0.038696537678207736 0.02437325905292479
5 0.6606415478615071 0.5275069637883009 0.006109979633401222 0.013231197771587743
18 0.9424643584521385 0.508008356545961 0.010692464358452138 0.026462395543175487
18 0.9312627291242362 0.5094011142061281 0.01120162932790224 0.027158774373259052
18 0.9195519348268839 0.5104456824512534 0.01120162932790224 0.026462395543175487
5 0.9068228105906314 0.5125348189415042 0.01120162932790224 0.008356545961002786
24 0.18024439918533605 0.5654596100278552 0.01374745417515275 0.011142061281337047
5 0.29938900203665986 0.5602367688022284 0.010692464358452138 0.009749303621169917
5 0.2209775967413442 0.07381615598885793 0.014256619144602852 0.012534818941504178
5 0.26578411405295316 0.07033426183844012 0.01374745417515275 0.011142061281337047
5 0.23574338085539714 0.07277158774373259 0.014256619144602852 0.012534818941504178
5 0.2510183299389002 0.07137883008356546 0.01374745417515275 0.012534818941504178
5 0.2805498981670061 0.06928969359331476 0.01374745417515275 0.011838440111420613
5 0.29633401221995925 0.06824512534818941 0.014256619144602852 0.012534818941504178
5 0.32637474541751527 0.06615598885793872 0.01374745417515275 0.012534818941504178
24 0.780295315682281 0.5351671309192201 0.01374745417515275 0.011838440111420613
5 0.31109979633401225 0.06789693593314763 0.01374745417515275 0.011838440111420613
24 0.8846741344195519 0.5316852367688022 0.008146639511201629 0.018105849582172703
5 0.24236252545824846 0.5776462395543176 0.009674134419551934 0.019498607242339833
24 0.8744908350305499 0.5323816155988857 0.008655804480651732 0.018802228412256268
5 0.8607433808553971 0.5362116991643454 0.014765784114052953 0.012534818941504178
10 0.16369653767820774 0.5866991643454039 0.01883910386965377 0.013231197771587743
24 0.1815173116089613 0.5863509749303621 0.01374745417515275 0.011838440111420613
24 0.9322810590631364 0.5344707520891365 0.009164969450101833 0.018802228412256268
24 0.9210794297352343 0.5355153203342619 0.009164969450101833 0.018802228412256268
5 0.909877800407332 0.5362116991643454 0.009164969450101833 0.018802228412256268
24 0.9439918533604889 0.5344707520891365 0.010183299389002037 0.019498607242339833
16 0.8976578411405295 0.5403899721448467 0.014256619144602852 0.02924791086350975
15 0.21486761710794297 0.5908774373259053 0.04226069246435845 0.06754874651810584
5 0.26578411405295316 0.5873955431754875 0.00560081466395112 0.01532033426183844
5 0.7823319755600815 0.5508356545961003 0.010183299389002037 0.009052924791086351
15 0.8195010183299389 0.549791086350975 0.06415478615071284 0.0905292479108635
5 0.8571792260692465 0.5483983286908078 0.010183299389002037 0.009749303621169917
15 0.29582484725050917 0.5891364902506964 0.053462321792260695 0.05153203342618384
5 0.8834012219959266 0.549791086350975 0.01374745417515275 0.011142061281337047
5 0.7808044806517311 0.5623259052924791 0.013238289205702648 0.013231197771587743
10 0.1644602851323829 0.6068941504178273 0.019348268839103868 0.014623955431754874
24 0.18228105906313646 0.6065459610027855 0.01374745417515275 0.011142061281337047
15 0.6593686354378818 0.5731197771587744 0.014256619144602852 0.019498607242339833
5 0.659877800407332 0.5860027855153204 0.009674134419551934 0.00766016713091922
15 0.7046843177189409 0.5884401114206128 0.053462321792260695 0.05153203342618384
10 0.16522403258655805 0.6277855153203342 0.019348268839103868 0.01532033426183844
24 0.18304480651731161 0.6274373259052924 0.01374745417515275 0.011838440111420613
5 0.9348268839103869 0.5748607242339833 0.03360488798370672 0.03064066852367688
5 0.23981670061099797 0.6323119777158774 0.010692464358452138 0.009052924791086351
5 0.8342668024439919 0.5981894150417827 0.014256619144602852 0.011838440111420613
24 0.7940427698574338 0.6016713091922006 0.009164969450101833 0.018802228412256268
15 0.21486761710794297 0.6431058495821727 0.03615071283095723 0.033426183844011144
23 0.17158859470468432 0.6469359331476323 0.015274949083503055 0.02158774373259053
5 0.8133910386965377 0.6044568245125348 0.00560081466395112 0.014623955431754874
22 0.5962321792260692 0.054317548746518104 0.03411405295315682 0.04387186629526462
24 0.8357942973523421 0.6117688022284122 0.003054989816700611 0.008356545961002786
24 0.8424134419551935 0.612116991643454 0.004073319755600814 0.009749303621169917
5 0.13925661914460286 0.6639972144846796 0.014256619144602852 0.011838440111420613
5 0.7046843177189409 0.6260445682451253 0.008655804480651732 0.0201949860724234
5 0.8263747454175153 0.6180362116991643 0.0050916496945010185 0.013927576601671309
11 0.6736252545824847 0.6291782729805014 0.02189409368635438 0.02158774373259053
6 0.7484725050916496 0.6236072423398329 0.0814663951120163 0.08983286908077995
24 0.7942973523421588 0.621866295264624 0.008146639511201629 0.019498607242339833
22 0.7517820773930753 0.04456824512534819 0.035641547861507125 0.04387186629526462
5 0.8391038696537678 0.6229108635097493 0.009164969450101833 0.00766016713091922
5 0.15733197556008147 0.6723537604456824 0.006109979633401222 0.01532033426183844
24 0.1659877800407332 0.6730501392757661 0.007637474541751527 0.018802228412256268
16 0.11074338085539714 0.6772284122562674 0.014765784114052953 0.02924791086350975
24 0.18380855397148677 0.6727019498607242 0.008655804480651732 0.0201949860724234
8 0.20010183299389003 0.6713091922005571 0.015784114052953158 0.02158774373259053
8 0.2189409368635438 0.66991643454039 0.01680244399185336 0.02158774373259053
24 0.12296334012219959 0.6789693593314763 0.009164969450101833 0.020891364902506964
5 0.0985234215885947 0.6814066852367688 0.009164969450101833 0.019498607242339833
5 0.14231160896130346 0.6810584958217271 0.01985743380855397 0.014623955431754874
5 0.840122199592668 0.6326601671309192 0.006619144602851324 0.005571030640668524
5 0.8271384928716904 0.6382311977715878 0.006109979633401222 0.013927576601671309
5 0.1519857433808554 0.6908077994428969 0.010692464358452138 0.009749303621169917
24 0.8373217922606925 0.6431058495821727 0.004073319755600814 0.009749303621169917
24 0.8434317718940937 0.6427576601671309 0.004073319755600814 0.010445682451253482
5 0.7978615071283096 0.645891364902507 0.013238289205702648 0.012534818941504178
7 0.9068228105906314 0.6431058495821727 0.11914460285132383 0.12604456824512536
5 0.17515274949083504 0.6977715877437326 0.009164969450101833 0.006963788300835654
20 0.7591649694501018 0.6605153203342619 0.010692464358452138 0.010445682451253482
24 0.7983706720977597 0.6598189415041783 0.013238289205702648 0.012534818941504178
20 0.1239816700610998 0.7096100278551533 0.009674134419551934 0.020891364902506964
5 0.8441955193482689 0.6580779944289693 0.006619144602851324 0.013231197771587743
17 0.10743380855397149 0.7116991643454039 0.016293279022403257 0.03690807799442897
24 0.17718940936863545 0.7134401114206128 0.008146639511201629 0.019498607242339833
6 0.14638492871690428 0.7172701949860725 0.031059063136456212 0.04526462395543175
5 0.834775967413442 0.66991643454039 0.010692464358452138 0.02576601671309192
24 0.19017311608961304 0.716225626740947 0.014765784114052953 0.013927576601671309
10 0.8240835030549898 0.6713091922005571 0.010183299389002037 0.025069637883008356
5 0.7556008146639511 0.6782729805013927 0.014765784114052953 0.012534818941504178
16 0.7958248472505092 0.6782729805013927 0.020366598778004074 0.018802228412256268
24 0.125 0.7311977715877437 0.008146639511201629 0.0201949860724234
7 0.1815173116089613 0.09192200557103064 0.06008146639511202 0.08495821727019498
24 0.19017311608961304 0.7301532033426184 0.013238289205702648 0.011838440111420613
7 0.109979633401222 0.7378133704735376 0.012729124236252547 0.016016713091922007
24 0.16776985743380857 0.7343314763231198 0.008146639511201629 0.016713091922005572
24 0.17846232179226068 0.7343314763231198 0.008146639511201629 0.018105849582172703
16 0.7744399185336049 0.692200557103064 0.021384928716904276 0.04596100278551532
24 0.7566191446028513 0.6935933147632312 0.015274949083503055 0.013231197771587743
5 0.799643584521385 0.6960306406685237 0.01374745417515275 0.013231197771587743
5 0.8439409368635438 0.6942896935933147 0.008655804480651732 0.018802228412256268
24 0.8342668024439919 0.6949860724233984 0.008655804480651732 0.019498607242339833
5 0.8240835030549898 0.6956824512534819 0.008655804480651732 0.019498607242339833
5 0.17769857433808553 0.7489554317548747 0.010183299389002037 0.008356545961002786
5 0.7568737270875764 0.7096100278551533 0.014256619144602852 0.013231197771587743
5 0.1260183299389002 0.7562674094707521 0.008655804480651732 0.018802228412256268
24 0.14969450101832993 0.7552228412256268 0.009674134419551934 0.019498607242339833
24 0.24185336048879838 0.7493036211699164 0.008655804480651732 0.019498607242339833
24 0.2209775967413442 0.7506963788300836 0.009164969450101833 0.020891364902506964
24 0.2525458248472505 0.7486072423398329 0.008655804480651732 0.019498607242339833
24 0.23217922606924643 0.75 0.008655804480651732 0.020891364902506964
5 0.16318737270875763 0.7555710306406686 0.006109979633401222 0.014623955431754874
16 0.13823828920570264 0.7587047353760445 0.014765784114052953 0.028551532033426183
11 0.804735234215886 0.7186629526462396 0.02189409368635438 0.02158774373259053
11 0.8309572301425662 0.7169220055710307 0.02189409368635438 0.0201949860724234
15 0.17922606924643583 0.7649721448467967 0.01680244399185336 0.023676880222841225
5 0.155040733197556 0.7722841225626741 0.010183299389002037 0.009052924791086351
11 0.7678207739307535 0.729108635097493 0.035641547861507125 0.023676880222841225
7 0.30015274949083504 0.7667130919220055 0.07077393075356415 0.266016713091922
11 0.5534623217922607 0.06998607242339833 0.03818737270875764 0.02298050139275766
7 0.08273930753564154 0.7872562674094707 0.07484725050916496 0.10167130919220056
5 0.18457230142566192 0.7813370473537604 0.009674134419551934 0.008356545961002786
10 0.8920570264765784 0.7367688022284122 0.019348268839103868 0.01532033426183844
24 0.8589613034623218 0.7399025069637883 0.01374745417515275 0.011142061281337047
24 0.8742362525458248 0.7388579387186629 0.013238289205702648 0.011142061281337047
24 0.17209775967413443 0.7893454038997214 0.008146639511201629 0.018802228412256268
11 0.7925152749490835 0.054317548746518104 0.038696537678207736 0.025069637883008356
5 0.3406313645621181 0.7827298050139275 0.006109979633401222 0.016016713091922007
5 0.1955193482688391 0.7931754874651811 0.01985743380855397 0.016016713091922007
5 0.40020366598778007 0.7799442896935933 0.007128309572301426 0.013231197771587743
6 0.1494399185336049 0.8004874651810585 0.031059063136456212 0.04805013927576602
15 0.3709266802443992 0.7938718662952646 0.04938900203665988 0.08426183844011143
24 0.859725050916497 0.7587047353760445 0.013238289205702648 0.011838440111420613
24 0.8744908350305499 0.7583565459610028 0.01374745417515275 0.011838440111420613
10 0.8918024439918534 0.7569637883008357 0.019348268839103868 0.016016713091922007
24 0.17286150712830958 0.8091922005571031 0.009164969450101833 0.018802228412256268
10 0.19577393075356417 0.8084958217270195 0.020875763747454174 0.016016713091922007
5 0.25432790224032586 0.8057103064066853 0.014256619144602852 0.011838440111420613
5 0.12830957230142567 0.8224233983286908 0.008655804480651732 0.0201949860724234
7 0.9378818737270875 0.7649721448467967 0.07026476578411406 0.116991643454039
24 0.8403767820773931 0.774025069637883 0.014256619144602852 0.022284122562674095
5 0.8602342158859471 0.7733286908077994 0.01374745417515275 0.011838440111420613
5 0.19933808553971485 0.8227715877437326 0.014256619144602852 0.012534818941504178
5 0.25483706720977595 0.8196378830083565 0.01374745417515275 0.011838440111420613
24 0.15631364562118127 0.8293871866295265 0.015784114052953158 0.013231197771587743
30 0.8767820773930753 0.7785515320334262 0.014765784114052953 0.02158774373259053
5 0.3419042769857434 0.8182451253481894 0.007128309572301426 0.016016713091922007
30 0.8966395112016293 0.7785515320334262 0.014256619144602852 0.023676880222841225
5 0.4009674134419552 0.8147632311977716 0.007128309572301426 0.01532033426183844
30 0.440173116089613 0.814066852367688 0.016293279022403257 0.02158774373259053
17 0.11227087576374746 0.8415738161559888 0.01883910386965377 0.036211699164345405
20 0.12907331975560082 0.8419220055710307 0.009164969450101833 0.019498607242339833
13 0.8673625254582484 0.8001392757660167 0.04480651731160896 0.026462395543175487
5 0.8968940936863544 0.8001392757660167 0.014256619144602852 0.011838440111420613
5 0.35616089613034624 0.8436629526462396 0.010183299389002037 0.009749303621169917
5 0.34394093686354377 0.8457520891364902 0.007637474541751527 0.019498607242339833
24 0.12907331975560082 0.8628133704735376 0.010183299389002037 0.020891364902506964
30 0.44119144602851323 0.8408774373259053 0.016293279022403257 0.02158774373259053
15 0.24592668024439918 0.8558495821727019 0.03615071283095723 0.059192200557103065
7 0.11532586558044806 0.8659470752089137 0.01374745417515275 0.016713091922005572
7 0.125 0.11002785515320335 0.059063136456211814 0.10863509749303621
15 0.3566700610997963 0.8582869080779945 0.013238289205702648 0.019498607242339833
11 0.8637983706720977 0.8241643454038997 0.02240325865580448 0.02158774373259053
15 0.840122199592668 0.8339136490250696 0.024439918533604887 0.05013927576601671
30 0.4417006109979633 0.8680362116991643 0.017311608961303463 0.022284122562674095
24 0.09241344195519348 0.8931058495821727 0.014256619144602852 0.011838440111420613
30 0.109979633401222 0.8976323119777159 0.016293279022403257 0.02158774373259053
24 0.8632892057026477 0.8513231197771588 0.013238289205702648 0.011838440111420613
10 0.8953665987780041 0.8488857938718662 0.020875763747454174 0.016713091922005572
24 0.8785641547861507 0.8502785515320335 0.013238289205702648 0.012534818941504178
23 0.09292260692464359 0.9174791086350975 0.014765784114052953 0.020891364902506964
5 0.8469959266802444 0.8649025069637883 0.009674134419551934 0.008356545961002786
30 0.4432281059063136 0.8951949860724234 0.01680244399185336 0.022284122562674095
5 0.27953156822810593 0.9084261838440112 0.01374745417515275 0.011142061281337047
5 0.3090631364562118 0.9063370473537604 0.01374745417515275 0.011838440111420613
24 0.11125254582484725 0.9220055710306406 0.01374745417515275 0.012534818941504178
10 0.8958757637474541 0.866991643454039 0.01985743380855397 0.014623955431754874
24 0.8785641547861507 0.8690807799442897 0.013238289205702648 0.011838440111420613
24 0.8635437881873728 0.870125348189415 0.013238289205702648 0.012534818941504178
11 0.3434317718940937 0.9108635097493036 0.021384928716904276 0.020891364902506964
7 0.9432281059063137 0.8753481894150418 0.07026476578411406 0.1149025069637883
5 0.8645621181262729 0.8840529247910863 0.01374745417515275 0.011838440111420613
21 0.844704684317719 0.8875348189415042 0.014256619144602852 0.02158774373259053
24 0.09419551934826884 0.9411559888579387 0.013238289205702648 0.011838440111420613
30 0.44373727087576376 0.9223537604456824 0.017311608961303463 0.022284122562674095
30 0.8811099796334012 0.891016713091922 0.015784114052953158 0.022284122562674095
30 0.899949083503055 0.8896239554317549 0.015274949083503055 0.023676880222841225
24 0.675152749490835 0.0786908077994429 0.12118126272912423 0.12186629526462396
15 0.30473523421588594 0.9394150417827298 0.0539714867617108 0.05222841225626741
24 0.09470468431771895 0.9564763231197771 0.01374745417515275 0.011838440111420613
13 0.8721995926680245 0.9126044568245125 0.04378818737270876 0.023676880222841225
5 0.9007128309572301 0.9112116991643454 0.01374745417515275 0.011838440111420613
7 0.07484725050916496 0.9484679665738162 0.032586558044806514 0.10167130919220056
30 0.444755600814664 0.9488161559888579 0.01680244399185336 0.022284122562674095
11 0.8683808553971487 0.9338440111420613 0.020875763747454174 0.020891364902506964
30 0.44577393075356414 0.9766713091922006 0.01680244399185336 0.022284122562674095
5 0.15860488798370673 0.9979108635097493 0.014765784114052953 0.002785515320334262
5 0.24872708757637474 0.9947771587743732 0.014765784114052953 0.009052924791086351
20 0.8077902240325866 0.9728412256267409 0.014765784114052953 0.011142061281337047
8 0.8251018329938901 0.9728412256267409 0.017820773930753563 0.009052924791086351
11 0.6079429735234216 0.0988857938718663 0.03818737270875764 0.02437325905292479
7 0.3727087576374745 0.11664345403899722 0.04175152749490835 0.15389972144846797
7 0.4185336048879837 0.11385793871866295 0.04480651731160896 0.15459610027855153
11 0.7433808553971487 0.09122562674094707 0.03767820773930754 0.025069637883008356
7 0.27825865580448067 0.12813370473537605 0.12780040733197556 0.09331476323119778
5 0.18635437881873726 0.13962395543175488 0.014256619144602852 0.011838440111420613
5 0.20264765784114053 0.1392757660167131 0.012729124236252547 0.011142061281337047
5 0.6168533604887984 0.11838440111420613 0.01374745417515275 0.012534818941504178
24 0.6351832993890021 0.11733983286908078 0.014256619144602852 0.012534818941504178
5 0.7339613034623218 0.1107242339832869 0.010183299389002037 0.009052924791086351
24 0.7176680244399185 0.11211699164345404 0.013238289205702648 0.011838440111420613
24 0.19119144602851323 0.1573816155988858 0.007637474541751527 0.018802228412256268
15 0.5863034623217923 0.1333565459610028 0.04786150712830957 0.04317548746518106
16 0.20366598778004075 0.1615598885793872 0.015274949083503055 0.028551532033426183
24 0.6351832993890021 0.13126740947075208 0.01374745417515275 0.011838440111420613
5 0.6178716904276986 0.13231197771587744 0.014256619144602852 0.012534818941504178
5 0.734979633401222 0.12465181058495822 0.013238289205702648 0.011838440111420613
24 0.7176680244399185 0.12674094707520892 0.01374745417515275 0.011838440111420613
15 0.7680753564154786 0.12291086350974931 0.04989816700610998 0.04317548746518106
28 0.9124236252545825 0.11350974930362116 0.007128309572301426 0.009749303621169917
5 0.13009164969450102 0.1772284122562674 0.008655804480651732 0.018802228412256268
5 0.18762729124236252 0.17444289693593315 0.013238289205702648 0.011142061281337047
5 0.619653767820774 0.1469359331476323 0.009674134419551934 0.006963788300835654
24 0.6356924643584522 0.14589136490250695 0.013238289205702648 0.011142061281337047
24 0.7181771894093686 0.13997214484679665 0.013238289205702648 0.011838440111420613
5 0.7359979633401222 0.13857938718662952 0.013238289205702648 0.011142061281337047
5 0.6563136456211812 0.1469359331476323 0.008146639511201629 0.018105849582172703
5 0.6838085539714868 0.14589136490250695 0.008146639511201629 0.018105849582172703
5 0.6705702647657841 0.1469359331476323 0.008146639511201629 0.019498607242339833
5 0.6975560081466395 0.14484679665738162 0.008655804480651732 0.018105849582172703
28 0.9139511201629328 0.1368384401114206 0.007637474541751527 0.009749303621169917
5 0.22454175152749492 0.18837047353760444 0.01374745417515275 0.011838440111420613
5 0.23981670061099797 0.18802228412256267 0.013238289205702648 0.011838440111420613
5 0.314918533604888 0.18279944289693592 0.01374745417515275 0.011838440111420613
5 0.25509164969450104 0.18697771587743733 0.01374745417515275 0.012534818941504178
5 0.27036659877800406 0.18593314763231197 0.01374745417515275 0.012534818941504178
5 0.30015274949083504 0.18384401114206128 0.01374745417515275 0.012534818941504178
5 0.28487780040733196 0.18488857938718664 0.01374745417515275 0.013231197771587743
5 0.33019348268839105 0.1817548746518106 0.014256619144602852 0.013231197771587743
11 0.610488798370672 0.16504178272980502 0.038696537678207736 0.02437325905292479
11 0.7469450101832994 0.1573816155988858 0.03513238289205703 0.02158774373259053
27 0.08324847250509165 0.20473537604456823 0.05295315682281059 0.09540389972144847
13 0.11278004073319756 0.20403899721448468 0.0274949083503055 0.08635097493036212
24 0.13085539714867617 0.2078690807799443 0.009674134419551934 0.018802228412256268
16 0.1614052953156823 0.20612813370473537 0.048879837067209775 0.0947075208913649
14 0.515020366598778 0.18523676880222842 0.10081466395112017 0.1977715877437326
14 0.8419042769857433 0.16434540389972144 0.10488798370672098 0.20055710306406685
28 0.914714867617108 0.16051532033426183 0.007637474541751527 0.010445682451253482
30 0.20162932790224034 0.21727019498607242 0.032586558044806514 0.06824512534818941
11 0.6117617107942973 0.19428969359331477 0.037169042769857434 0.023676880222841225
11 0.2634928716904277 0.2214484679665738 0.020875763747454174 0.059192200557103065
11 0.7469450101832994 0.18662952646239556 0.037169042769857434 0.02298050139275766
11 0.23294297352342158 0.22353760445682452 0.02189409368635438 0.055710306406685235
11 0.3245926680244399 0.2176183844011142 0.021384928716904276 0.057103064066852366
11 0.2945519348268839 0.22040389972144847 0.020875763747454174 0.057103064066852366
5 0.13161914460285132 0.23990250696378831 0.008655804480651732 0.018105849582172703
28 0.915224032586558 0.1834958217270195 0.007128309572301426 0.009749303621169917
5 0.6211812627291242 0.21309192200557103 0.01374745417515275 0.011838440111420613
5 0.7375254582484725 0.20612813370473537 0.014256619144602852 0.012534818941504178
15 0.5896130346232179 0.22876044568245124 0.048879837067209775 0.04456824512534819
5 0.6216904276985743 0.2277158774373259 0.013238289205702648 0.011142061281337047
15 0.7706211812627292 0.21692200557103064 0.050407331975560084 0.04387186629526462
5 0.7390529531568228 0.2200557103064067 0.01374745417515275 0.011838440111420613
28 0.9159877800407332 0.2078690807799443 0.007637474541751527 0.009749303621169917
5 0.3179735234215886 0.25835654596100277 0.004073319755600814 0.012534818941504178
5 0.6232179226069247 0.2416434540389972 0.009164969450101833 0.00766016713091922
5 0.7390529531568228 0.233983286908078 0.01374745417515275 0.011838440111420613
28 0.9175152749490835 0.23154596100278552 0.007128309572301426 0.009749303621169917
11 0.17973523421588594 0.2865598885793872 0.06008146639511202 0.0807799442896936
11 0.29124236252545826 0.2799442896935933 0.054480651731160894 0.0766016713091922
11 0.23574338085539714 0.28447075208913647 0.057535641547861505 0.07729805013927576
11 0.6135437881873728 0.25974930362116994 0.037169042769857434 0.02298050139275766
11 0.7489816700610998 0.2520891364902507 0.038696537678207736 0.02576601671309192
24 0.3189918533604888 0.3008356545961003 0.004073319755600814 0.012534818941504178
11 0.6148167006109979 0.29108635097493035 0.03818737270875764 0.023676880222841225
5 0.31237270875763745 0.31337047353760444 0.008655804480651732 0.006963788300835654
11 0.8016802443991853 0.28168523676880225 0.03513238289205703 0.023676880222841225
7 0.920061099796334 0.2733286908077994 0.03665987780040733 0.02576601671309192
10 0.15427698574338086 0.3286908077994429 0.01883910386965377 0.01532033426183844
5 0.3128818737270876 0.3245125348189415 0.009164969450101833 0.00766016713091922
24 0.17922606924643583 0.33530640668523676 0.008146639511201629 0.0201949860724234
24 0.2090122199592668 0.3332172701949861 0.009164969450101833 0.018802228412256268
24 0.19959266802443992 0.3346100278551532 0.008655804480651732 0.019498607242339833
24 0.1894093686354379 0.33530640668523676 0.009164969450101833 0.0201949860724234
13 0.2380346232179226 0.3325208913649025 0.04531568228105906 0.02924791086350975
24 0.914969450101833 0.2876044568245125 0.014256619144602852 0.010445682451253482
5 0.6247454175152749 0.30919220055710306 0.014256619144602852 0.011838440111420613
5 0.2668024439918534 0.33530640668523676 0.008146639511201629 0.019498607242339833
10 0.155040733197556 0.3488857938718663 0.01985743380855397 0.016016713091922007
7 0.09470468431771895 0.354108635097493 0.10845213849287169 0.20403899721448468
5 0.7375254582484725 0.3112813370473538 0.009164969450101833 0.019498607242339833
5 0.2230142566191446 0.3516713091922006 0.01985743380855397 0.014623955431754874
15 0.5931771894093686 0.32520891364902504 0.04786150712830957 0.04317548746518106
24 0.24439918533604887 0.3502785515320334 0.01985743380855397 0.016016713091922007
5 0.6247454175152749 0.3245125348189415 0.01374745417515275 0.013231197771587743
30 0.7907331975560081 0.31754874651810583 0.015784114052953158 0.02158774373259053
24 0.8060081466395111 0.3161559888579387 0.009164969450101833 0.018802228412256268
5 0.7759674134419552 0.3185933147632312 0.009674134419551934 0.019498607242339833
24 0.8279022403258656 0.3147632311977716 0.009674134419551934 0.0201949860724234
24 0.8167006109979633 0.3161559888579387 0.009164969450101833 0.018802228412256268
24 0.17973523421588594 0.36246518105849584 0.009164969450101833 0.018802228412256268
24 0.19042769857433808 0.36246518105849584 0.008146639511201629 0.0201949860724234
24 0.20010183299389003 0.36176880222841223 0.008655804480651732 0.020891364902506964
7 0.9205702647657841 0.3102367688022284 0.025458248472505093 0.014623955431754874
11 0.2935336048879837 0.35584958217270196 0.054480651731160894 0.07311977715877438
20 0.20926680244399185 0.36385793871866295 0.007128309572301426 0.018105849582172703