5 0.6995341614906833 0.3980169971671388 0.014492753623188406 0.031161473087818695
21 0.718167701863354 0.39907932011331443 0.012422360248447204 0.049575070821529746
21 0.8881987577639752 0.40793201133144474 0.03778467908902691 0.10269121813031161
21 0.06366459627329192 0.4274079320113314 0.040372670807453416 0.023371104815864022
21 0.7186853002070394 0.47556657223796034 0.013457556935817806 0.05099150141643059
5 0.21920289855072464 0.5272662889518414 0.010351966873706004 0.009206798866855524
21 0.8889751552795031 0.5141643059490085 0.025362318840579712 0.09135977337110482
7 0.9541925465838509 0.5145184135977338 0.037267080745341616 0.20113314447592068
21 0.22748447204968944 0.036827195467422094 0.038302277432712216 0.04036827195467422
21 0.3894927536231884 0.03364022662889518 0.038302277432712216 0.036827195467422094
21 0.30926501035196685 0.039305949008498584 0.08850931677018634 0.031161473087818695
21 0.8894927536231884 0.5927762039660056 0.03571428571428571 0.04886685552407932
21 0.09575569358178054 0.6745750708215298 0.034161490683229816 0.12393767705382436
21 0.12681159420289856 0.6738668555240793 0.025362318840579712 0.0764872521246459
21 0.9246894409937888 0.6802407932011332 0.012422360248447204 0.049575070821529746
21 0.8219461697722568 0.042492917847025496 0.06625258799171843 0.07507082152974505
24 0.9140786749482401 0.7407932011331445 0.009834368530020704 0.0169971671388102
20 0.9384057971014492 0.7404390934844193 0.009834368530020704 0.020538243626062325
24 0.9006211180124224 0.748229461756374 0.011904761904761904 0.010623229461756374
24 0.9259834368530021 0.7475212464589235 0.011904761904761904 0.012039660056657223
7 0.9554865424430642 0.7475212464589235 0.07246376811594203 0.10127478753541076
21 0.08618012422360248 0.8009915014164306 0.024327122153209108 0.06303116147308782
21 0.9265010351966874 0.8140934844192634 0.011904761904761904 0.051699716713881017
21 0.06237060041407867 0.8590651558073654 0.03157349896480331 0.2358356940509915
21 0.1415631469979296 0.8923512747875354 0.04192546583850932 0.13739376770538245
21 0.08695652173913043 0.9164305949008499 0.025362318840579712 0.06303116147308782
21 0.30926501035196685 0.07613314447592068 0.056935817805383024 0.037535410764872525
21 0.9728260869565217 0.9259915014164306 0.026397515527950312 0.12464589235127478
5 0.15760869565217392 0.08604815864022664 0.015010351966873706 0.037535410764872525
5 0.4583333333333333 0.08109065155807366 0.013975155279503106 0.03328611898016997
21 0.8858695652173914 0.0708215297450425 0.046583850931677016 0.07294617563739376
21 0.6024844720496895 0.08392351274787535 0.07556935817805382 0.1558073654390935
21 0.9065734989648033 0.14943342776203966 0.05124223602484472 0.08427762039660057
7 0.06159420289855073 0.18094900849858356 0.014492753623188406 0.14305949008498584
21 0.8863871635610766 0.22308781869688385 0.036231884057971016 0.05028328611898017
5 0.6984989648033126 0.24220963172804533 0.013975155279503106 0.0339943342776204
21 0.7166149068322981 0.24256373937677053 0.012939958592132506 0.05240793201133145
21 0.8015010351966874 0.24220963172804533 0.07142857142857142 0.05524079320113314
5 0.734472049689441 0.26062322946175637 0.013975155279503106 0.03186968838526912
21 0.06288819875776397 0.28293201133144474 0.03881987577639751 0.019830028328611898
21 0.775879917184265 0.2871813031161473 0.03985507246376811 0.020538243626062325
21 0.8866459627329193 0.3009915014164306 0.028985507246376812 0.0906515580736544
7 0.9505693581780539 0.3038243626062323 0.03778467908902691 0.19971671388101983
7 0.06237060041407867 0.3247167138810198 0.028467908902691512 0.016288951841359773
21 0.7166149068322981 0.3190509915014164 0.012422360248447204 0.04886685552407932