5 0.31654676258992803 0.11495176848874598 0.03147482014388489 0.05305466237942122
24 0.9469424460431655 0.15755627009646303 0.05575539568345324 0.05144694533762058
24 0.989658273381295 0.16157556270096463 0.018884892086330936 0.05305466237942122
15 0.2221223021582734 0.12540192926045016 0.039568345323741004 0.08842443729903537
6 0.09532374100719425 0.13585209003215434 0.14658273381294964 0.12057877813504823
5 0.8219424460431655 0.182475884244373 0.029676258992805755 0.05305466237942122
24 0.4590827338129496 0.16318327974276528 0.02877697841726619 0.10771704180064309
5 0.9829136690647482 0.2765273311897106 0.03237410071942446 0.07395498392282958
5 0.13264388489208634 0.227491961414791 0.06205035971223022 0.04501607717041801
5 0.03462230215827338 0.22427652733118972 0.06025179856115108 0.04662379421221865
5 0.8705035971223022 0.2845659163987138 0.029676258992805755 0.05144694533762058
5 0.5660971223021583 0.2821543408360129 0.03237410071942446 0.05627009646302251
5 0.908273381294964 0.3520900321543408 0.03237410071942446 0.04983922829581994
5 0.9815647482014388 0.40192926045016075 0.03507194244604316 0.07717041800643087
5 0.9806654676258992 0.5120578778135049 0.03776978417266187 0.06591639871382636
15 0.7162769784172662 0.5096463022508039 0.38039568345323743 0.6736334405144695
15 0.27967625899280574 0.48633440514469456 0.22931654676258992 0.5337620578778135
7 0.047661870503597124 0.4734726688102894 0.09532374100719425 0.18167202572347266
7 0.13084532374100719 0.5008038585209004 0.07733812949640288 0.18488745980707397
5 0.5175359712230215 0.5916398713826366 0.030575539568345324 0.05787781350482315
5 0.9788669064748201 0.637459807073955 0.0368705035971223 0.06913183279742766
7 0.5035971223021583 0.06109324758842444 0.9910071942446043 0.12218649517684887
5 0.13534172661870503 0.6294212218649518 0.03237410071942446 0.04501607717041801
5 0.5463129496402878 0.6736334405144695 0.029676258992805755 0.05305466237942122
5 0.864658273381295 0.7483922829581994 0.030575539568345324 0.05466237942122187
24 0.9658273381294964 0.7717041800643086 0.02787769784172662 0.1045016077170418
7 0.012140287769784174 0.7130225080385852 0.024280575539568347 0.11736334405144695
15 0.0737410071942446 0.7258842443729904 0.09892086330935251 0.1157556270096463
5 0.595773381294964 0.7660771704180064 0.02787769784172662 0.05466237942122187
24 0.15782374100719423 0.7813504823151125 0.02697841726618705 0.10128617363344052
24 0.5328237410071942 0.8054662379421221 0.06025179856115108 0.04662379421221865
24 0.8295863309352518 0.8416398713826366 0.02787769784172662 0.10610932475884244
5 0.3839928057553957 0.8344051446945338 0.0341726618705036 0.06109324758842444
24 0.21492805755395683 0.8263665594855305 0.05755395683453238 0.04501607717041801
5 0.9743705035971223 0.8834405144694534 0.03597122302158273 0.06913183279742766
24 0.05350719424460432 0.8336012861736335 0.06025179856115108 0.04662379421221865
7 0.49595323741007197 0.9316720257234726 0.9919064748201439 0.13344051446945338