24 0.24140471512770137 0.21502209131075112 0.022593320235756387 0.019882179675994108
8 0.22593320235756384 0.21244477172312223 0.008349705304518664 0.020618556701030927
24 0.47838899803536344 0.25220913107511045 0.015225933202357564 0.011782032400589101
24 0.5230844793713163 0.26362297496318116 0.012770137524557957 0.011045655375552283
24 0.6141944990176817 0.27871870397643594 0.01424361493123772 0.010309278350515464
24 0.4776522593320236 0.26251840942562593 0.015717092337917484 0.011045655375552283
20 0.3695972495088409 0.24779086892488955 0.014734774066797643 0.013254786450662739
7 0.18099214145383105 0.21944035346097202 0.0756385068762279 0.12150220913107511
24 0.6137033398821218 0.28829160530191456 0.014734774066797643 0.011045655375552283
15 0.56262278978389 0.28313696612665684 0.04273084479371316 0.06480117820324006
15 0.6515225933202358 0.2971281296023564 0.061394891944990176 0.09204712812960236
5 0.5014734774066798 0.27356406480117823 0.009332023575638507 0.020618556701030927
24 0.5223477406679764 0.27835051546391754 0.0137524557956778 0.011782032400589101
24 0.24017681728880158 0.23379970544919 0.022593320235756387 0.020618556701030927
7 0.7637524557956779 0.3166421207658321 0.16011787819253437 0.19661266568483063
8 0.2244597249508841 0.23232695139911635 0.008349705304518664 0.020618556701030927
5 0.3104125736738703 0.24594992636229748 0.02455795677799607 0.021354933726067747
24 0.3693516699410609 0.25810014727540503 0.015225933202357564 0.013991163475699559
24 0.6129666011787819 0.29860088365243004 0.014734774066797643 0.011782032400589101
20 0.5211198428290766 0.28865979381443296 0.014734774066797643 0.012518409425625921
15 0.431237721021611 0.27503681885125186 0.05992141453831041 0.06995581737849779
15 0.3423379174852652 0.2617820324005891 0.028978388998035363 0.03755522827687776
15 0.2738212180746562 0.25184094256259204 0.03732809430255403 0.07731958762886598
5 0.4769155206286837 0.2853460972017673 0.015225933202357564 0.03460972017673049
5 0.36787819253438114 0.2695139911634757 0.014734774066797643 0.013991163475699559
12 0.48821218074656186 0.28865979381443296 0.009823182711198428 0.03166421207658321
24 0.22568762278978388 0.24815905743740796 0.012770137524557957 0.011782032400589101
5 0.5211198428290766 0.296759941089838 0.015225933202357564 0.011045655375552283
5 0.5 0.29418262150220914 0.01031434184675835 0.021354933726067747
5 0.30918467583497056 0.2647275405007364 0.02406679764243615 0.023564064801178203
5 0.3833497053045187 0.2772459499263623 0.008840864440078585 0.022827687776141383
24 0.39096267190569745 0.27835051546391754 0.007858546168958742 0.021354933726067747
24 0.25221021611001965 0.25883652430044185 0.009332023575638507 0.021354933726067747
20 0.36738703339882123 0.27908689248895435 0.014734774066797643 0.011782032400589101
8 0.22544204322200392 0.25846833578792344 0.0137524557956778 0.011782032400589101
24 0.6114931237721022 0.31995581737849776 0.015717092337917484 0.013991163475699559
5 0.5198919449901768 0.30633284241531666 0.014734774066797643 0.011782032400589101
24 0.36714145383104124 0.29013254786450665 0.015717092337917484 0.013991163475699559
5 0.34847740667976423 0.28792341678939615 0.014734774066797643 0.012518409425625921
5 0.3074656188605108 0.2816642120765832 0.014734774066797643 0.012518409425625921
24 0.2531925343811395 0.2930780559646539 0.015225933202357564 0.013254786450662739
5 0.6517681728880157 0.3556701030927835 0.008349705304518664 0.020618556701030927
5 0.6453831041257367 0.3549337260677467 0.0068762278978389 0.021354933726067747
24 0.6699410609037328 0.3586156111929308 0.008349705304518664 0.021354933726067747
24 0.6407170923379175 0.3541973490427099 0.0068762278978389 0.021354933726067747
24 0.6176326129666012 0.35125184094256257 0.009332023575638507 0.022827687776141383
24 0.6235265225933202 0.35198821796759944 0.0068762278978389 0.022091310751104567
24 0.6289292730844793 0.35309278350515466 0.0068762278978389 0.022091310751104567
24 0.6345776031434185 0.3538291605301915 0.0068762278978389 0.023564064801178203
5 0.6615913555992141 0.3582474226804124 0.008349705304518664 0.020618556701030927
12 0.4801080550098232 0.3324742268041237 0.01031434184675835 0.030927835051546393
12 0.47028487229862476 0.3317378497790869 0.011296660117878193 0.03240058910162003
12 0.5044204322200393 0.33689248895434465 0.011296660117878193 0.03240058910162003
5 0.49263261296660116 0.33578792341678937 0.0137524557956778 0.03608247422680412
5 0.5171905697445972 0.3398379970544919 0.015225933202357564 0.03608247422680412
12 0.5302062868369352 0.3427835051546392 0.011787819253438114 0.033873343151693665
11 0.5773575638506876 0.3538291605301915 0.02504911591355599 0.0625920471281296
8 0.1824656188605108 0.3011782032400589 0.046660117878192534 0.033873343151693665
5 0.6738703339882122 0.3799705449189985 0.014734774066797643 0.013254786450662739
12 0.6060903732809431 0.375920471281296 0.010805500982318271 0.03166421207658321
6 0.6507858546168959 0.38438880706921946 0.027013752455795677 0.03240058910162003
8 0.22838899803536344 0.32547864506627394 0.023084479371316306 0.053019145802650956
24 0.6922888015717092 0.4050073637702504 0.0137524557956778 0.011782032400589101
24 0.706041257367387 0.4072164948453608 0.0137524557956778 0.013254786450662739
24 0.6773084479371316 0.4027982326951399 0.01424361493123772 0.013991163475699559
24 0.6915520628683693 0.41605301914580267 0.013261296660117878 0.011782032400589101
24 0.7053045186640472 0.4182621502209131 0.0137524557956778 0.011045655375552283
24 0.6768172888015717 0.41384388807069217 0.014734774066797643 0.012518409425625921
15 0.325147347740668 0.3604565537555228 0.1075638506876228 0.11045655375552282
12 0.7256876227897839 0.42820324005891014 0.023084479371316306 0.019882179675994108
24 0.6773084479371316 0.42341678939617083 0.014734774066797643 0.011045655375552283
11 0.5739194499017681 0.4116347569955817 0.026031434184675836 0.061855670103092786
24 0.7193025540275049 0.4429307805596465 0.014734774066797643 0.014727540500736377
8 0.6967092337917485 0.43998527245949925 0.025540275049115914 0.023564064801178203
24 0.675343811394892 0.4374079528718704 0.014734774066797643 0.012518409425625921
8 0.22077603143418467 0.36708394698085417 0.0137524557956778 0.011782032400589101
8 0.2200392927308448 0.3788659793814433 0.014734774066797643 0.011782032400589101
20 0.6704322200392927 0.45139911634756996 0.007858546168958742 0.018409425625920472
8 0.21881139489194498 0.3913843888070692 0.014734774066797643 0.015463917525773196
8 0.16920432220039291 0.38438880706921946 0.07711198428290766 0.12150220913107511
15 0.6269646365422397 0.4639175257731959 0.07662082514734773 0.11119293078055964
5 0.393909626719057 0.43593519882179677 0.015717092337917484 0.036818851251840944
15 0.7026031434184676 0.4896907216494845 0.0550098231827112 0.08468335787923417
11 0.568516699410609 0.4723858615611193 0.02455795677799607 0.06406480117820323
15 0.47912573673870335 0.46097201767304863 0.13899803536345776 0.20839469808541974
5 0.24238703339882123 0.4267304860088365 0.02406679764243615 0.022827687776141383
5 0.29469548133595286 0.43519882179675995 0.025540275049115914 0.023564064801178203
5 0.3327603143418468 0.4410898379970545 0.025540275049115914 0.024300441826215022
7 0.787819253438114 0.5158321060382917 0.09970530451866405 0.18041237113402062
24 0.6230353634577603 0.5202503681885126 0.0137524557956778 0.012518409425625921
24 0.612475442043222 0.5213549337260678 0.0068762278978389 0.020618556701030927
24 0.6055992141453831 0.5209867452135494 0.008349705304518664 0.021354933726067747
5 0.5820235756385069 0.5283505154639175 0.03585461689587426 0.03166421207658321
20 0.6210707269155207 0.5397643593519882 0.016208251473477406 0.013991163475699559
24 0.6078094302554028 0.540500736377025 0.013261296660117878 0.012518409425625921
6 0.6407170923379175 0.551178203240059 0.021611001964636542 0.0390279823269514
5 0.3889980353634578 0.5136229749631811 0.016208251473477406 0.0390279823269514
24 0.6208251473477406 0.5500736377025037 0.014734774066797643 0.012518409425625921
11 0.662573673870334 0.561119293078056 0.023575638506876228 0.061855670103092786
5 0.6200884086444007 0.5618556701030928 0.0137524557956778 0.011782032400589101
8 0.6969548133595285 0.5791605301914581 0.04469548133595285 0.03829160530191458
15 0.3143418467583497 0.5195139911634757 0.10854616895874264 0.11266568483063329
24 0.619351669941061 0.5736377025036818 0.015225933202357564 0.013991163475699559
16 0.5788310412573674 0.5806332842415317 0.039783889980353634 0.07511045655375552
5 0.5496070726915521 0.5883652430044183 0.01424361493123772 0.03608247422680412
5 0.6716601178781926 0.6078792341678939 0.03585461689587426 0.030927835051546393
15 0.6102652259332023 0.6038291605301914 0.02504911591355599 0.03829160530191458
5 0.6345776031434185 0.6152430044182622 0.014734774066797643 0.03608247422680412
7 0.1787819253438114 0.5522827687776142 0.1144400785854617 0.18483063328424154
11 0.518172888015717 0.6056701030927835 0.04027504911591356 0.035346097201767304
24 0.4567779960707269 0.5968335787923417 0.011787819253438114 0.012518409425625921
24 0.4430255402750491 0.5946244477172312 0.0137524557956778 0.012518409425625921
12 0.5532907662082515 0.6126656848306333 0.019155206286836934 0.016936671575846832
24 0.44204322200392926 0.6071428571428571 0.013261296660117878 0.012518409425625921
24 0.4548133595284872 0.6089837997054491 0.013261296660117878 0.013254786450662739
11 0.4830550098231827 0.6163475699558174 0.023575638506876228 0.061855670103092786
20 0.5523084479371316 0.6288659793814433 0.019646365422396856 0.014727540500736377
16 0.6719056974459725 0.648379970544919 0.04174852652259332 0.05670103092783505
27 0.40103143418467585 0.6075110456553755 0.0618860510805501 0.07952871870397643
24 0.4543222003929273 0.6215022091310751 0.01424361493123772 0.012518409425625921
24 0.44081532416502944 0.6203976435935199 0.01424361493123772 0.013254786450662739
5 0.6323673870333988 0.6542709867452136 0.015717092337917484 0.03608247422680412
24 0.4398330058939096 0.6318114874815906 0.014734774066797643 0.013991163475699559
7 0.7608055009823183 0.6826215022091311 0.11345776031434185 0.12812960235640647
24 0.4535854616895874 0.634020618556701 0.0137524557956778 0.015463917525773196
5 0.5176817288801572 0.6480117820324006 0.03585461689587426 0.030191458026509573
15 0.3334970530451866 0.6211340206185567 0.026031434184675836 0.039764359351988215
15 0.6070726915520629 0.6649484536082474 0.026031434184675836 0.03755522827687776
5 0.25196463654223966 0.6134020618556701 0.02013752455795678 0.054491899852724596
16 0.2880648330058939 0.6192930780559647 0.04223968565815324 0.05891016200294551
16 0.5650785854616895 0.6634756995581738 0.050589390962671905 0.05964653902798233
5 0.3573182711198428 0.6314432989690721 0.014734774066797643 0.03608247422680412
24 0.425098231827112 0.6539027982326951 0.008349705304518664 0.022091310751104567
24 0.431237721021611 0.656480117820324 0.007858546168958742 0.022091310751104567
24 0.6495579567779961 0.6918262150220913 0.0137524557956778 0.012518409425625921
24 0.41355599214145383 0.654639175257732 0.0137524557956778 0.013254786450662739
15 0.6714145383104125 0.7025036818851251 0.025540275049115914 0.03755522827687776
24 0.6483300589390962 0.7010309278350515 0.015225933202357564 0.012518409425625921
24 0.5901277013752456 0.6925625920471281 0.009332023575638507 0.022827687776141383
5 0.3929273084479371 0.6689985272459499 0.01424361493123772 0.013254786450662739
8 0.318762278978389 0.6608983799705449 0.0275049115913556 0.0390279823269514
24 0.6225442043222004 0.7102356406480118 0.0137524557956778 0.012518409425625921
24 0.6353143418467584 0.7124447717231223 0.013261296660117878 0.014727540500736377
24 0.693762278978389 0.7223858615611193 0.01424361493123772 0.013991163475699559
5 0.6478388998035364 0.7150220913107511 0.013261296660117878 0.013254786450662739
24 0.3919449901768173 0.6815169366715759 0.01424361493123772 0.011782032400589101
24 0.6930255402750491 0.7326951399116347 0.014734774066797643 0.013254786450662739
15 0.35854616895874264 0.68519882179676 0.05157170923379175 0.05891016200294551
20 0.39219056974459726 0.6918262150220913 0.015225933202357564 0.012518409425625921
18 0.4199410609037328 0.6984536082474226 0.04027504911591356 0.06848306332842416
5 0.6964636542239686 0.7477908689248896 0.008840864440078585 0.020618556701030927
24 0.6016699410609038 0.7337997054491899 0.009823182711198428 0.022827687776141383
24 0.6362966601178782 0.7393225331369662 0.008349705304518664 0.020618556701030927
24 0.5771119842829077 0.7304860088365243 0.009332023575638507 0.022827687776141383
18 0.5650785854616895 0.7330633284241531 0.01424361493123772 0.03608247422680412
18 0.612475442043222 0.7411634756995582 0.01424361493123772 0.033873343151693665
18 0.6446463654223968 0.7463181148748159 0.015225933202357564 0.03460972017673049
18 0.5879174852652259 0.7382179675994109 0.014734774066797643 0.03460972017673049
20 0.30353634577603145 0.696980854197349 0.015225933202357564 0.013254786450662739
20 0.32146365422396855 0.6999263622974963 0.013261296660117878 0.011782032400589101
15 0.6731335952848723 0.7573637702503682 0.03880157170923379 0.039764359351988215
5 0.7057956777996071 0.7628865979381443 0.015225933202357564 0.03608247422680412
12 0.7175834970530451 0.7647275405007363 0.010805500982318271 0.03166421207658321
5 0.6949901768172888 0.7684094256259205 0.009332023575638507 0.020618556701030927
24 0.32023575638506874 0.7109720176730486 0.01424361493123772 0.011782032400589101
7 0.22470530451866405 0.7135493372606775 0.12475442043222004 0.07363770250368189
24 0.5957760314341847 0.17010309278350516 0.0137524557956778 0.011782032400589101
17 0.7689096267190569 0.20103092783505155 0.04076620825147348 0.04344624447717231
5 0.406188605108055 0.14617083946980855 0.008840864440078585 0.022091310751104567
8 0.4130648330058939 0.14727540500736377 0.007858546168958742 0.022091310751104567
17 0.7055500982318271 0.19403534609720177 0.039783889980353634 0.039764359351988215
7 0.7396856581532416 0.20029455081001474 0.022593320235756387 0.035346097201767304
5 0.5950392927308448 0.18041237113402062 0.014734774066797643 0.012518409425625921
7 0.24484282907662083 0.13181148748159058 0.05893909626719057 0.0817378497790869
2 0.5508349705304518 0.18446244477172313 0.07318271119842829 0.07142857142857142
8 0.5943025540275049 0.19145802650957292 0.01424361493123772 0.013254786450662739
2 0.4535854616895874 0.16973490427098675 0.07318271119842829 0.06848306332842416
24 0.40545186640471514 0.16605301914580264 0.008840864440078585 0.022091310751104567
8 0.7264243614931237 0.22091310751104565 0.0137524557956778 0.009572901325478646
24 0.7109528487229863 0.2187039764359352 0.011787819253438114 0.008836524300441826
24 0.6972003929273084 0.21723122238586157 0.012278978388998035 0.011782032400589101
8 0.6839390962671905 0.21575846833578793 0.0137524557956778 0.013991163475699559
12 0.6073182711198428 0.21686303387334316 0.022593320235756387 0.021354933726067747
3 0.3180255402750491 0.17304860088365243 0.08988212180746562 0.13549337260677466
24 0.650049115913556 0.2268041237113402 0.009332023575638507 0.021354933726067747
5 0.5911100196463654 0.22054491899852724 0.007858546168958742 0.01914580265095729
15 0.6640471512770137 0.23711340206185566 0.01768172888015717 0.023564064801178203
24 0.6777996070726916 0.23932253313696614 0.009332023575638507 0.022827687776141383
24 0.24140471512770137 0.1800441826215022 0.03094302554027505 0.023564064801178203
5 0.605844793713163 0.23821796759941088 0.022102161100196464 0.020618556701030927
6 0.5238212180746562 0.23195876288659795 0.02455795677799607 0.030191458026509573
5 0.4992632612966601 0.23048600883652431 0.015225933202357564 0.03755522827687776
24 0.5478880157170923 0.23969072164948454 0.0137524557956778 0.012518409425625921
5 0.24189587426326128 0.195139911634757 0.012770137524557957 0.010309278350515464
24 0.47961689587426326 0.23527245949926362 0.012770137524557957 0.011045655375552283
24 0.47888015717092336 0.24410898379970544 0.015225933202357564 0.009572901325478646
5 0.5294695481335953 0.2544182621502209 0.0137524557956778 0.011782032400589101
5 0.5169449901768173 0.25220913107511045 0.0137524557956778 0.012518409425625921
24 0.6149312377210217 0.26877761413843887 0.0137524557956778 0.011782032400589101