24 0.21020942408376964 0.2095125786163522 0.02356020942408377 0.020440251572327043
8 0.19345549738219894 0.20794025157232704 0.008376963350785341 0.0220125786163522
24 0.46335078534031415 0.23624213836477986 0.016230366492146597 0.01179245283018868
24 0.5112565445026178 0.2456761006289308 0.013612565445026177 0.0110062893081761
24 0.6089005235602094 0.25707547169811323 0.015183246073298429 0.010220125786163521
24 0.4630890052356021 0.24724842767295596 0.016753926701570682 0.0110062893081761
20 0.3473821989528796 0.23742138364779874 0.015706806282722512 0.013364779874213837
7 0.14581151832460734 0.21776729559748428 0.07801047120418848 0.12578616352201258
24 0.6083769633507854 0.26690251572327045 0.015706806282722512 0.0110062893081761
15 0.5539267015706806 0.2645440251572327 0.04397905759162304 0.06682389937106918
15 0.6489528795811519 0.27437106918238996 0.06387434554973823 0.0959119496855346
5 0.4887434554973822 0.2574685534591195 0.009424083769633508 0.02122641509433962
24 0.5109947643979058 0.2613993710691824 0.014659685863874346 0.01179245283018868
24 0.20916230366492147 0.22995283018867924 0.024083769633507852 0.02122641509433962
7 0.7691099476439791 0.28852201257861637 0.16701570680628272 0.2028301886792453
8 0.19240837696335078 0.22877358490566038 0.008376963350785341 0.0220125786163522
5 0.28429319371727746 0.2386006289308176 0.02617801047120419 0.02122641509433962
24 0.3473821989528796 0.24842767295597484 0.015706806282722512 0.014150943396226415
24 0.6078534031413613 0.27790880503144655 0.015706806282722512 0.01179245283018868
20 0.5099476439790576 0.27240566037735847 0.015706806282722512 0.012578616352201259
15 0.41387434554973823 0.26336477987421386 0.06282722513089005 0.07232704402515723
15 0.31884816753926704 0.2539308176100629 0.030366492146596858 0.03852201257861635
15 0.24581151832460732 0.24724842767295596 0.03821989528795811 0.0809748427672956
5 0.46282722513089003 0.2716194968553459 0.015706806282722512 0.036163522012578615
5 0.3463350785340314 0.2610062893081761 0.015183246073298429 0.014150943396226415
12 0.474869109947644 0.27437106918238996 0.009947643979057591 0.03380503144654088
24 0.19424083769633507 0.2456761006289308 0.013612565445026177 0.01179245283018868
5 0.5102094240837697 0.28105345911949686 0.016230366492146597 0.0110062893081761
5 0.48769633507853405 0.2794811320754717 0.010471204188481676 0.0220125786163522
5 0.2835078534031414 0.25904088050314467 0.025130890052356022 0.02358490566037736
5 0.36282722513089005 0.26808176100628933 0.008900523560209424 0.02437106918238994
24 0.3712041884816754 0.2688679245283019 0.007853403141361256 0.02279874213836478
24 0.22277486910994765 0.25589622641509435 0.009424083769633508 0.0220125786163522
20 0.3458115183246073 0.27122641509433965 0.015706806282722512 0.01179245283018868
8 0.19424083769633507 0.2566823899371069 0.014659685863874346 0.01179245283018868
24 0.6068062827225131 0.3007075471698113 0.016230366492146597 0.014150943396226415
5 0.5091623036649214 0.29127358490566035 0.015706806282722512 0.01179245283018868
24 0.3458115183246073 0.2830188679245283 0.016230366492146597 0.014150943396226415
5 0.32591623036649214 0.28144654088050314 0.015706806282722512 0.012578616352201259
5 0.28219895287958113 0.27712264150943394 0.015706806282722512 0.012578616352201259
24 0.22460732984293194 0.29205974842767296 0.016230366492146597 0.013364779874213837
5 0.6507853403141362 0.33687106918238996 0.008376963350785341 0.0220125786163522
5 0.643979057591623 0.33608490566037735 0.006806282722513089 0.02279874213836478
24 0.6701570680628273 0.3388364779874214 0.008376963350785341 0.02279874213836478
24 0.6387434554973822 0.3356918238993711 0.006806282722513089 0.02279874213836478
24 0.6143979057591623 0.33372641509433965 0.009424083769633508 0.02358490566037736
24 0.6204188481675392 0.3345125786163522 0.006806282722513089 0.02358490566037736
24 0.6261780104712041 0.3352987421383648 0.006806282722513089 0.02358490566037736
24 0.6324607329842932 0.3356918238993711 0.006806282722513089 0.025157232704402517
5 0.6612565445026178 0.3388364779874214 0.008376963350785341 0.0220125786163522
12 0.46727748691099474 0.32154088050314467 0.010471204188481676 0.03223270440251572
12 0.4568062827225131 0.3211477987421384 0.011518324607329843 0.03380503144654088
12 0.49345549738219896 0.32507861635220126 0.011518324607329843 0.03380503144654088
5 0.48089005235602095 0.324685534591195 0.013612565445026177 0.03773584905660377
5 0.5070680628272252 0.327437106918239 0.015183246073298429 0.03852201257861635
12 0.5209424083769634 0.3297955974842767 0.012041884816753926 0.03537735849056604
11 0.5714659685863874 0.3388364779874214 0.025654450261780103 0.0660377358490566
8 0.14947643979057593 0.3046383647798742 0.049214659685863874 0.03380503144654088
5 0.6748691099476439 0.36163522012578614 0.015706806282722512 0.013364779874213837
12 0.6026178010471204 0.3608490566037736 0.01099476439790576 0.0330188679245283
6 0.650523560209424 0.3675314465408805 0.028272251308900525 0.0330188679245283
8 0.19895287958115182 0.32822327044025157 0.02356020942408377 0.05581761006289308
24 0.6952879581151833 0.387185534591195 0.014659685863874346 0.01179245283018868
24 0.7099476439790576 0.38875786163522014 0.014659685863874346 0.013364779874213837
24 0.6790575916230367 0.3856132075471698 0.014659685863874346 0.014150943396226415
24 0.6947643979057592 0.39897798742138363 0.014136125654450262 0.01179245283018868
24 0.7094240837696335 0.4005503144654088 0.014659685863874346 0.0110062893081761
24 0.6790575916230367 0.39740566037735847 0.015706806282722512 0.012578616352201259
15 0.30287958115183244 0.3604559748427673 0.112565445026178 0.11242138364779874
12 0.731413612565445 0.4099842767295597 0.024083769633507852 0.019654088050314465
24 0.6795811518324607 0.407625786163522 0.015706806282722512 0.0110062893081761
11 0.569109947643979 0.4009433962264151 0.02617801047120419 0.06525157232704402
24 0.724869109947644 0.4257075471698113 0.015183246073298429 0.014937106918238994
8 0.7007853403141361 0.42413522012578614 0.026701570680628273 0.02358490566037736
24 0.6777486910994764 0.422562893081761 0.015706806282722512 0.012578616352201259
8 0.19214659685863875 0.37303459119496857 0.014659685863874346 0.01179245283018868
8 0.19136125654450262 0.3856132075471698 0.015706806282722512 0.01179245283018868
20 0.6730366492146597 0.4378930817610063 0.008376963350785341 0.019654088050314465
8 0.19031413612565445 0.39897798742138363 0.015183246073298429 0.015723270440251572
8 0.13743455497382198 0.39426100628930816 0.07958115183246073 0.12657232704402516
15 0.6269633507853403 0.45361635220125784 0.07905759162303665 0.11556603773584906
5 0.37801047120418846 0.4367138364779874 0.015706806282722512 0.03852201257861635
15 0.7083769633507854 0.4768081761006289 0.05706806282722513 0.0880503144654088
11 0.5651832460732984 0.4658018867924528 0.025130890052356022 0.06761006289308176
15 0.4693717277486911 0.4591194968553459 0.14397905759162305 0.21540880503144655
5 0.21649214659685864 0.43553459119496857 0.025654450261780103 0.02279874213836478
5 0.27225130890052357 0.4414308176100629 0.026701570680628273 0.02358490566037736
5 0.31308900523560207 0.44575471698113206 0.026701570680628273 0.02437106918238994
7 0.7997382198952879 0.5 0.10209424083769633 0.1878930817610063
24 0.6243455497382199 0.5137578616352201 0.014659685863874346 0.012578616352201259
24 0.6130890052356021 0.5157232704402516 0.006806282722513089 0.0220125786163522
24 0.6057591623036649 0.5157232704402516 0.008376963350785341 0.02279874213836478
5 0.5806282722513089 0.5251572327044025 0.03769633507853403 0.03223270440251572
20 0.6227748691099476 0.5349842767295597 0.016753926701570682 0.014150943396226415
24 0.6086387434554974 0.5365566037735849 0.014136125654450262 0.012578616352201259
6 0.643717277486911 0.5459905660377359 0.02198952879581152 0.040880503144654086
5 0.37460732984293194 0.5200471698113207 0.016230366492146597 0.040880503144654086
24 0.6227748691099476 0.5459905660377359 0.015706806282722512 0.012578616352201259
11 0.6675392670157068 0.5554245283018868 0.02356020942408377 0.06525157232704402
5 0.6222513089005236 0.5585691823899371 0.014659685863874346 0.01179245283018868
8 0.7044502617801047 0.5727201257861635 0.04712041884816754 0.03852201257861635
15 0.2955497382198953 0.5306603773584906 0.11361256544502618 0.11477987421383648
24 0.6217277486910995 0.5711477987421384 0.015706806282722512 0.014150943396226415
16 0.5785340314136126 0.5805817610062893 0.04031413612565445 0.07861635220125786
5 0.5476439790575917 0.5908018867924528 0.014136125654450262 0.03852201257861635
5 0.6782722513089006 0.6045597484276729 0.03769633507853403 0.031446540880503145
15 0.61282722513089 0.6041666666666666 0.025654450261780103 0.03930817610062893
5 0.6390052356020942 0.6147798742138365 0.014659685863874346 0.03852201257861635
7 0.1518324607329843 0.5731132075471698 0.11832460732984293 0.1918238993710692
11 0.5146596858638743 0.6112421383647799 0.042408376963350786 0.03537735849056604
24 0.4489528795811518 0.6049528301886793 0.012565445026178011 0.013364779874213837
24 0.4342931937172775 0.6033805031446541 0.014659685863874346 0.012578616352201259
12 0.5523560209424084 0.6167452830188679 0.019895287958115182 0.01729559748427673
24 0.4337696335078534 0.6167452830188679 0.014136125654450262 0.012578616352201259
24 0.44738219895287956 0.6183176100628931 0.014136125654450262 0.013364779874213837
11 0.4774869109947644 0.6246069182389937 0.02356020942408377 0.06525157232704402
20 0.5515706806282723 0.6340408805031447 0.020942408376963352 0.014937106918238994
16 0.6793193717277487 0.648191823899371 0.043455497382198956 0.05817610062893082
27 0.3900523560209424 0.6191037735849056 0.06439790575916231 0.08176100628930817
24 0.44712041884816756 0.6316823899371069 0.015183246073298429 0.012578616352201259
24 0.4324607329842932 0.6308962264150944 0.015183246073298429 0.013364779874213837
5 0.6376963350785341 0.6564465408805031 0.015706806282722512 0.03773584905660377
24 0.4319371727748691 0.6434748427672956 0.015183246073298429 0.014150943396226415
7 0.775130890052356 0.6792452830188679 0.11832460732984293 0.13128930817610063
24 0.44659685863874343 0.6450471698113207 0.014136125654450262 0.015723270440251572
5 0.5151832460732985 0.6560534591194969 0.03769633507853403 0.030660377358490566
15 0.3183246073298429 0.6375786163522013 0.026701570680628273 0.040880503144654086
15 0.6107329842931937 0.6694182389937107 0.026701570680628273 0.03852201257861635
5 0.23141361256544501 0.6340408805031447 0.020418848167539267 0.05738993710691824
16 0.2698952879581152 0.6383647798742138 0.04397905759162304 0.060534591194968554
16 0.5659685863874345 0.6702044025157232 0.05287958115183246 0.06132075471698113
5 0.34397905759162306 0.6474056603773585 0.014659685863874346 0.03852201257861635
24 0.4164921465968586 0.6678459119496856 0.008376963350785341 0.02358490566037736
24 0.4232984293193717 0.6702044025157232 0.007853403141361256 0.02358490566037736
24 0.6568062827225131 0.6953616352201258 0.014659685863874346 0.012578616352201259
24 0.40445026178010474 0.6690251572327044 0.014659685863874346 0.013364779874213837
15 0.6803664921465968 0.7055817610062893 0.02617801047120419 0.03852201257861635
24 0.6557591623036649 0.7055817610062893 0.016230366492146597 0.012578616352201259
24 0.5934554973821989 0.699685534591195 0.009424083769633508 0.02358490566037736
5 0.38272251308900523 0.6855345911949685 0.015183246073298429 0.013364779874213837
8 0.3036649214659686 0.6812106918238994 0.028272251308900525 0.04009433962264151
24 0.6285340314136125 0.7169811320754716 0.014659685863874346 0.012578616352201259
24 0.6421465968586387 0.7181603773584906 0.013612565445026177 0.014937106918238994
24 0.7047120418848167 0.72562893081761 0.014659685863874346 0.014150943396226415
5 0.6554973821989529 0.7205188679245284 0.014136125654450262 0.013364779874213837
24 0.38219895287958117 0.6988993710691824 0.015183246073298429 0.01179245283018868
24 0.7041884816753927 0.7366352201257862 0.015706806282722512 0.013364779874213837
15 0.34659685863874345 0.7044025157232704 0.05392670157068063 0.060534591194968554
20 0.38272251308900523 0.7099056603773585 0.016230366492146597 0.012578616352201259
18 0.412303664921466 0.7154088050314465 0.041361256544502616 0.07154088050314465
5 0.7081151832460733 0.752751572327044 0.008900523560209424 0.0220125786163522
24 0.6068062827225131 0.7429245283018868 0.009947643979057591 0.02358490566037736
24 0.643979057591623 0.7468553459119497 0.008376963350785341 0.0220125786163522
24 0.5806282722513089 0.7409591194968553 0.009424083769633508 0.02358490566037736
18 0.5678010471204189 0.7444968553459119 0.014136125654450262 0.03852201257861635
18 0.618586387434555 0.7503930817610063 0.014659685863874346 0.036163522012578615
18 0.6528795811518324 0.7539308176100629 0.015183246073298429 0.036949685534591194
18 0.5924083769633508 0.7484276729559748 0.014659685863874346 0.036949685534591194
20 0.2882198952879581 0.7205188679245284 0.016230366492146597 0.013364779874213837
20 0.3075916230366492 0.7224842767295597 0.014136125654450262 0.01179245283018868
15 0.6835078534031414 0.7645440251572327 0.04031413612565445 0.040880503144654086
5 0.7183246073298429 0.7680817610062893 0.015183246073298429 0.03852201257861635
12 0.7308900523560209 0.7692610062893082 0.01099476439790576 0.0330188679245283
5 0.7070680628272251 0.7747641509433962 0.009424083769633508 0.02122641509433962
24 0.30654450261780103 0.7342767295597484 0.015183246073298429 0.01179245283018868
7 0.20471204188481676 0.7425314465408805 0.1324607329842932 0.07154088050314465
24 0.5863874345549738 0.14190251572327045 0.014659685863874346 0.01179245283018868
17 0.7717277486910995 0.1650943396226415 0.042408376963350786 0.0440251572327044
5 0.38403141361256543 0.12696540880503146 0.008900523560209424 0.02358490566037736
8 0.3913612565445026 0.12775157232704404 0.007853403141361256 0.02358490566037736
17 0.7041884816753927 0.1611635220125786 0.041884816753926704 0.04009433962264151
7 0.7408376963350786 0.16588050314465408 0.02356020942408377 0.036949685534591194
5 0.5858638743455498 0.15290880503144655 0.015706806282722512 0.012578616352201259
7 0.2117801047120419 0.12067610062893082 0.0612565445026178 0.08411949685534591
2 0.5390052356020942 0.15959119496855345 0.07643979057591622 0.07311320754716981
8 0.5853403141361256 0.16470125786163523 0.015183246073298429 0.013364779874213837
2 0.4350785340314136 0.14937106918238993 0.07696335078534032 0.0699685534591195
24 0.38350785340314136 0.14819182389937108 0.008900523560209424 0.02358490566037736
8 0.7269633507853404 0.18907232704402516 0.014659685863874346 0.009433962264150943
24 0.7102094240837696 0.1871069182389937 0.012565445026178011 0.009433962264150943
24 0.6955497382198953 0.18632075471698112 0.013089005235602094 0.012578616352201259
8 0.6814136125654451 0.18553459119496854 0.014136125654450262 0.014150943396226415
12 0.6 0.1914308176100629 0.024083769633507852 0.0220125786163522
3 0.2905759162303665 0.16037735849056603 0.09267015706806282 0.14072327044025157
24 0.6458115183246074 0.19929245283018868 0.009424083769633508 0.0220125786163522
5 0.5829842931937173 0.1957547169811321 0.007853403141361256 0.020440251572327043
15 0.6609947643979057 0.2095125786163522 0.01832460732984293 0.02437106918238994
24 0.6756544502617801 0.21108490566037735 0.009424083769633508 0.02358490566037736
24 0.20916230366492147 0.172562893081761 0.032984293193717276 0.02358490566037736
5 0.5989528795811518 0.21422955974842767 0.02356020942408377 0.02122641509433962
6 0.5112565445026178 0.21187106918238993 0.025130890052356022 0.030660377358490566
5 0.4850785340314136 0.21147798742138366 0.015183246073298429 0.04009433962264151
24 0.53717277486911 0.21855345911949686 0.014659685863874346 0.012578616352201259
5 0.21020942408376964 0.18828616352201258 0.013612565445026177 0.010220125786163521
24 0.4643979057591623 0.21816037735849056 0.013612565445026177 0.0110062893081761
24 0.4638743455497382 0.2275943396226415 0.016230366492146597 0.009433962264150943
5 0.5180628272251309 0.23545597484276728 0.014659685863874346 0.01179245283018868
5 0.5044502617801047 0.23427672955974843 0.014659685863874346 0.012578616352201259
24 0.6094240837696335 0.2460691823899371 0.014659685863874346 0.01179245283018868